time,ecg,bvp,gsr,rsp,skt,emg_zygo,emg_coru,emg_trap
0,0.797,35.295,25.627,30.117,23.244,4.742,7.002,9.919
1,0.797,35.372,25.584,30.136,23.254,4.823,7.082,9.916
2,0.81,34.999,25.568,30.136,23.251,4.783,7.002,9.754
3,0.807,35.043,25.583,30.127,23.254,4.783,7.001,9.59
4,0.807,35.188,25.545,30.146,23.247,4.824,6.838,9.547
5,0.797,35.285,25.579,30.146,23.258,4.824,7.04,9.588
6,0.803,35.152,25.568,30.165,23.265,4.905,6.96,9.507
7,0.794,35.256,25.607,30.146,23.251,4.784,6.96,9.303
8,0.787,35.401,25.549,30.156,23.251,4.824,6.919,9.301
9,0.793,35.469,25.579,30.165,23.254,4.865,6.959,9.219
10,0.793,35.134,25.568,30.156,23.261,4.906,6.96,9.137
11,0.777,35.294,25.576,30.137,23.244,4.825,6.838,8.892
12,0.771,35.372,25.603,30.127,23.247,4.783,6.877,8.971
13,0.774,35.46,25.56,30.156,23.254,4.783,6.877,8.931
14,0.787,35.038,25.583,30.156,23.254,4.783,6.918,8.89
15,0.793,35.159,25.564,30.137,23.251,4.742,6.837,8.687
16,0.787,35.256,25.607,30.146,23.251,4.823,6.837,8.725
17,0.79,35.353,25.619,30.204,23.261,4.987,6.999,8.766
18,0.81,35.181,25.568,30.185,23.258,4.826,6.797,8.685
19,0.8,35.295,25.587,30.175,23.251,4.824,6.836,8.522
20,0.803,35.42,25.591,30.175,23.254,4.905,6.877,8.479
21,0.82,35.46,25.584,30.166,23.258,4.865,6.877,8.479
22,0.826,35.077,25.619,30.175,23.258,4.906,6.877,8.357
23,0.826,35.207,25.603,30.127,23.234,4.622,6.674,8.153
24,0.826,35.314,25.607,30.232,23.254,4.781,6.875,8.273
25,0.826,35.689,25.584,30.176,23.254,4.824,6.877,8.193
26,0.817,35.089,25.607,30.185,23.251,4.743,6.796,8.151
27,0.813,35.198,25.635,30.156,23.251,4.783,6.836,8.028
28,0.797,35.324,25.604,30.185,23.258,4.905,6.958,8.231
29,0.81,35.123,25.592,30.214,23.261,4.865,6.878,8.029
30,0.79,35.131,25.545,30.185,23.254,4.743,6.877,8.068
31,0.79,35.265,25.552,30.204,23.251,4.864,6.918,8.028
32,0.793,35.372,25.591,30.204,23.258,4.824,6.837,8.068
33,0.8,35.066,25.58,30.214,23.261,4.824,6.958,8.028
34,0.787,35.188,25.568,30.195,23.244,4.743,6.756,7.824
35,0.793,35.275,25.533,30.185,23.251,4.742,6.795,7.903
36,0.793,35.401,25.591,30.204,23.251,4.864,6.795,7.782
37,0.8,34.99,25.591,30.185,23.247,4.743,6.836,7.74
38,0.807,35.101,25.564,30.185,23.244,4.742,6.837,7.781
39,0.813,35.236,25.572,30.194,23.254,4.701,6.837,7.781
40,0.816,35.362,25.587,30.223,23.265,4.904,6.999,7.862
41,0.829,35.009,25.591,30.224,23.258,4.784,6.879,7.741
42,0.823,35.13,25.58,30.214,23.251,4.824,6.918,7.659
43,0.826,35.256,25.587,30.204,23.254,4.865,6.959,7.698
44,0.813,35.324,25.58,30.233,23.258,4.824,6.919,7.618
45,0.82,35.085,25.556,30.224,23.261,4.783,6.919,7.617
46,0.817,35.179,25.575,30.204,23.241,4.702,6.756,7.373
47,0.8,35.304,25.595,30.204,23.251,4.823,6.876,7.533
48,0.81,35.363,25.592,30.214,23.251,4.743,6.837,7.494
49,0.797,35.047,25.564,30.204,23.244,4.742,6.796,7.534
50,0.807,35.178,25.572,30.195,23.258,4.701,6.795,7.412
51,0.79,35.333,25.591,30.223,23.251,4.823,6.917,7.655
52,0.803,35.392,25.607,30.262,23.268,4.865,6.959,7.536
53,0.797,35.019,25.592,30.234,23.251,4.784,6.838,7.453
54,0.8,35.149,25.568,30.233,23.251,4.783,6.877,7.452
55,0.807,35.265,25.54,30.233,23.258,4.824,6.918,7.412
56,0.823,35.161,25.583,30.233,23.258,4.824,6.919,7.371
57,0.813,35.103,25.56,30.224,23.241,4.621,6.715,7.289
58,0.82,35.227,25.576,30.243,23.251,4.781,6.957,7.329
59,0.823,35.343,25.544,30.252,23.251,4.742,6.878,7.289
60,0.823,34.903,25.583,30.214,23.251,4.783,6.918,7.288
61,0.826,34.994,25.556,30.223,23.244,4.742,6.959,7.329
62,0.826,35.12,25.552,30.243,23.258,4.823,7.041,7.41
63,0.846,35.265,25.618,30.272,23.265,4.824,7.082,7.208
64,0.84,34.95,25.557,30.234,23.254,4.824,6.961,7.287
65,0.82,35.091,25.587,30.252,23.254,4.783,7.041,7.288
66,0.82,35.217,25.552,30.262,23.254,4.824,7.164,7.288
67,0.817,35.314,25.595,30.262,23.258,4.824,7.084,7.288
68,0.813,34.96,25.592,30.243,23.247,4.702,6.961,7.044
69,0.8,35.091,25.556,30.233,23.254,4.701,7.082,7.164
70,0.81,35.236,25.607,30.252,23.254,4.742,7.042,7.124
71,0.813,35.314,25.572,30.233,23.251,4.742,7.123,7.124
72,0.797,34.941,25.599,30.243,23.24,4.661,7.043,7.083
73,0.8,35.062,25.603,30.262,23.251,4.741,7.245,7.205
74,0.816,35.265,25.584,30.301,23.261,4.905,7.328,7.206
75,0.823,35.295,25.545,30.263,23.254,4.784,7.248,7.125
76,0.82,34.912,25.575,30.272,23.254,4.783,7.206,7.124
77,0.826,35.043,25.568,30.262,23.261,4.824,7.287,7.083
78,0.823,35.178,25.548,30.281,23.251,4.905,7.329,7.083
79,0.833,35.218,25.564,30.272,23.254,4.825,7.248,7.042
80,0.833,34.94,25.591,30.234,23.24,4.743,7.166,6.96
81,0.836,35.1,25.56,30.272,23.254,4.823,7.287,7.041
82,0.846,35.236,25.56,30.253,23.254,4.743,7.247,7.001
83,0.843,35.257,25.587,30.262,23.244,4.783,7.166,7.001
84,0.839,34.912,25.509,30.253,23.244,4.702,7.165,6.919
85,0.833,35.052,25.524,30.281,23.258,4.823,7.368,7.081
86,0.852,35.188,25.56,30.32,23.258,4.905,7.248,7.002
87,0.827,34.94,25.603,30.272,23.251,4.784,7.206,7.001
88,0.833,35.024,25.588,30.272,23.254,4.742,7.287,6.96
89,0.83,35.159,25.591,30.301,23.258,4.823,7.288,7.0
90,0.839,35.246,25.576,30.282,23.254,4.783,7.247,7.001
91,0.843,34.921,25.591,30.282,23.247,4.702,7.125,6.797
92,0.817,35.014,25.599,30.282,23.251,4.782,7.083,6.917
93,0.826,35.168,25.584,30.291,23.247,4.783,7.042,6.959
94,0.826,35.237,25.595,30.301,23.251,4.783,7.042,6.838
95,0.839,34.758,25.568,30.282,23.24,4.742,7.001,6.796
96,0.833,34.878,25.58,30.301,23.251,4.742,7.041,6.836
97,0.852,35.033,25.556,30.33,23.261,4.905,7.204,6.958
98,0.849,35.12,25.54,30.32,23.254,4.784,7.043,6.96
99,0.849,34.891,25.556,30.311,23.254,4.702,7.042,6.838
100,0.853,35.033,25.587,30.311,23.254,4.823,7.042,6.918
101,0.866,35.159,25.588,30.33,23.254,4.824,7.123,6.878
102,0.876,35.227,25.576,30.32,23.251,4.824,7.043,6.796
103,0.869,34.739,25.583,30.292,23.24,4.702,6.96,6.714
104,0.872,34.907,25.587,30.349,23.247,4.782,6.96,6.835
105,0.856,35.023,25.548,30.311,23.251,4.742,6.96,6.877
106,0.849,35.034,25.571,30.33,23.247,4.742,6.919,6.796
107,0.843,34.996,25.587,30.32,23.247,4.783,6.919,6.795
108,0.846,35.158,25.56,30.349,23.261,4.905,7.081,6.999
109,0.862,35.313,25.564,30.369,23.265,4.865,7.002,6.879
110,0.853,35.315,25.556,30.34,23.258,4.784,6.96,6.796
111,0.843,34.797,25.579,30.34,23.251,4.824,7.041,6.836
112,0.836,34.917,25.611,30.359,23.258,4.824,7.082,6.918
113,0.839,35.014,25.584,30.369,23.251,4.865,7.042,6.919
114,0.846,34.929,25.584,30.34,23.244,4.784,6.879,6.756
115,0.853,34.918,25.595,30.33,23.251,4.742,7.04,6.876
116,0.866,35.081,25.615,30.34,23.251,4.742,6.96,6.837
117,0.853,35.188,25.592,30.349,23.244,4.742,6.919,6.796
118,0.862,34.796,25.591,30.349,23.251,4.742,6.959,6.755
119,0.869,34.926,25.591,30.34,23.251,4.701,7.0,6.917
120,0.889,35.071,25.623,30.388,23.268,4.904,7.123,7.0
121,0.895,35.178,25.576,30.388,23.258,4.825,6.961,6.757
122,0.895,34.825,25.541,30.359,23.251,4.824,7.0,6.876
123,0.889,34.955,25.552,30.359,23.251,4.824,7.123,6.877
124,0.895,35.091,25.564,30.445,23.261,4.824,7.124,6.837
125,0.892,35.179,25.56,30.398,23.254,4.824,7.083,6.877
126,0.882,34.796,25.572,30.359,23.24,4.743,6.961,6.837
127,0.882,34.965,25.626,30.378,23.254,4.783,7.082,6.837
128,0.872,35.091,25.557,30.359,23.244,4.742,7.002,6.837
129,0.872,35.169,25.56,30.388,23.251,4.742,7.001,6.796
130,0.876,34.825,25.513,30.35,23.244,4.701,7.041,6.755
131,0.866,34.975,25.559,30.397,23.254,4.823,7.245,7.039
132,0.892,35.129,25.63,30.436,23.261,4.824,7.125,6.96
133,0.873,35.15,25.529,30.408,23.258,4.743,7.124,6.878
134,0.872,34.949,25.56,30.398,23.258,4.823,7.083,6.877
135,0.885,35.062,25.544,30.427,23.258,4.824,7.123,6.918
136,0.895,35.159,25.607,30.417,23.254,4.865,7.124,6.878
137,0.892,35.189,25.596,30.398,23.24,4.702,7.002,6.796
138,0.882,34.873,25.568,30.398,23.251,4.742,7.163,6.917
139,0.902,35.033,25.615,30.417,23.251,4.783,7.002,6.878
140,0.908,35.12,25.584,30.417,23.244,4.661,6.96,6.796
141,0.912,35.054,25.572,30.408,23.24,4.66,6.919,6.795
142,0.912,34.891,25.583,30.417,23.254,4.822,7.081,6.999
143,0.925,35.071,25.564,30.455,23.268,4.824,7.164,6.96
144,0.931,35.169,25.572,30.427,23.251,4.783,7.002,6.838
145,0.922,34.968,25.56,30.417,23.254,4.824,7.001,6.999
146,0.918,35.062,25.595,30.427,23.251,4.824,7.041,6.96
147,0.918,35.197,25.568,30.427,23.261,4.824,7.123,6.878
148,0.915,35.304,25.525,30.436,23.258,4.743,6.961,6.837
149,0.912,34.951,25.532,30.408,23.244,4.701,6.96,6.958
150,0.915,35.139,25.501,30.446,23.251,4.823,6.96,6.838
151,0.922,35.256,25.552,30.427,23.254,4.824,6.96,6.837
152,0.915,35.324,25.591,30.436,23.247,4.743,6.96,6.796
153,0.925,34.951,25.529,30.427,23.251,4.823,7.0,6.917
154,0.935,35.139,25.599,30.484,23.265,4.905,7.123,7.041
155,0.945,35.246,25.553,30.447,23.248,4.825,7.043,6.839
156,0.941,35.305,25.607,30.456,23.251,4.865,6.96,6.877
157,0.958,35.104,25.58,30.446,23.258,4.824,7.041,6.918
158,0.958,35.255,25.584,30.465,23.254,4.905,7.042,6.919
159,0.961,35.372,25.587,30.466,23.254,4.825,6.96,6.837
160,0.958,35.412,25.552,30.437,23.244,4.783,6.878,6.837
161,0.954,35.201,25.568,30.456,23.254,4.824,6.918,6.877
162,0.971,35.333,25.58,30.437,23.251,4.865,6.919,6.796
163,0.968,35.43,25.576,30.456,23.251,4.865,6.837,6.714
164,0.971,35.489,25.572,30.456,23.247,4.865,6.918,6.835
165,0.984,35.806,25.541,30.494,23.265,5.109,7.081,6.958
166,0.978,35.934,25.587,30.466,23.254,4.949,6.961,6.878
167,0.977,36.021,25.599,30.475,23.258,5.029,7.0,6.959
168,0.977,36.243,25.568,30.475,23.254,5.03,6.919,6.919
169,0.984,35.344,25.568,30.485,23.258,5.07,7.0,6.878
170,0.981,35.488,25.533,30.475,23.258,4.989,6.838,6.837
171,0.971,35.557,25.525,30.456,23.244,4.988,6.837,6.918
172,0.971,35.634,25.599,30.465,23.254,5.029,6.877,6.837
173,0.981,35.731,25.553,30.494,23.247,5.07,6.796,6.877
174,0.981,35.875,25.56,30.475,23.244,5.152,6.795,6.796
175,0.994,35.944,25.552,30.456,23.251,5.153,6.836,6.917
176,0.997,35.676,25.618,30.494,23.261,5.315,6.999,7.0
177,1.02,35.808,25.576,30.523,23.258,5.195,6.919,6.797
178,1.007,35.924,25.576,30.495,23.254,5.234,6.878,6.917
179,1.017,36.021,25.576,30.504,23.254,5.235,6.877,6.878
180,1.03,35.811,25.568,30.504,23.265,5.235,6.918,6.918
181,1.043,35.953,25.583,30.533,23.254,5.235,6.878,6.878
182,1.043,36.05,25.595,30.466,23.244,5.153,6.715,6.633
183,1.033,36.138,25.595,30.504,23.251,5.234,6.876,6.875
184,1.046,36.052,25.564,30.504,23.254,5.194,6.837,6.755
185,1.033,36.176,25.568,30.495,23.251,5.275,6.755,6.754
186,1.033,36.311,25.583,30.495,23.24,5.195,6.795,6.795
187,1.043,36.37,25.556,30.533,23.261,5.397,6.958,6.958
188,1.053,36.246,25.544,30.543,23.258,5.358,6.838,6.96
189,1.03,36.36,25.529,30.505,23.258,5.317,6.837,6.838
190,1.037,36.476,25.478,30.533,23.254,5.317,6.796,6.837
191,1.043,36.516,25.504,30.524,23.254,5.358,6.877,6.877
192,1.046,36.449,25.61,30.533,23.261,5.399,6.837,6.877
193,1.053,36.592,25.514,30.524,23.254,5.318,6.674,6.755
194,1.043,36.68,25.544,30.504,23.247,5.236,6.794,6.876
195,1.056,36.69,25.571,30.533,23.254,5.275,6.836,6.837
196,1.063,36.566,25.607,30.514,23.254,5.357,6.755,6.796
197,1.066,36.68,25.588,30.533,23.244,5.277,6.795,6.755
198,1.079,36.777,25.56,30.524,23.251,5.276,6.795,6.917
199,1.089,36.787,25.576,30.562,23.261,5.398,6.958,7.041
200,1.096,36.787,25.548,30.553,23.251,5.318,6.838,6.92
201,1.089,36.902,25.564,30.543,23.258,5.398,6.837,6.878
202,1.109,36.999,25.626,30.524,23.258,5.318,6.877,6.877
203,1.106,36.818,25.533,30.552,23.258,5.317,6.877,6.877
204,1.112,36.931,25.567,30.553,23.247,5.317,6.796,6.796
205,1.096,37.019,25.564,30.514,23.244,5.236,6.714,6.755
206,1.096,37.116,25.619,30.552,23.254,5.275,6.794,6.876
207,1.102,36.982,25.607,30.533,23.244,5.276,6.755,6.877
208,1.099,37.115,25.572,30.543,23.247,5.276,6.754,6.796
209,1.089,37.232,25.576,30.533,23.251,5.195,6.714,6.755
210,1.096,37.3,25.576,30.543,23.254,5.356,6.876,6.917
211,1.102,37.138,25.576,30.581,23.272,5.399,6.877,6.878
212,1.086,37.251,25.587,30.563,23.251,5.318,6.796,6.877
213,1.092,37.358,25.545,30.562,23.254,5.358,6.836,6.837
214,1.099,37.426,25.544,30.591,23.254,5.358,6.877,6.958
215,1.102,37.264,25.536,30.572,23.261,5.317,6.877,6.919
216,1.112,37.387,25.591,30.562,23.244,5.154,6.755,6.715
217,1.106,37.455,25.572,30.543,23.251,5.234,6.795,6.835
218,1.115,37.523,25.564,30.572,23.258,5.275,6.836,6.877
219,1.119,37.322,25.591,30.553,23.251,5.276,6.837,6.796
220,1.125,37.435,25.506,30.543,23.244,5.235,6.796,6.795
221,1.122,37.561,25.555,30.562,23.254,5.235,6.877,6.877
222,1.145,37.61,25.63,30.61,23.265,5.397,7.04,6.959
223,1.145,37.572,25.537,30.582,23.254,5.318,6.96,6.838
224,1.142,37.687,25.548,30.582,23.251,5.236,6.96,6.837
225,1.132,37.803,25.56,30.591,23.254,5.275,6.878,6.796
226,1.132,37.795,25.622,30.611,23.258,5.316,7.0,6.958
227,1.116,37.574,25.619,30.592,23.251,5.236,6.96,6.797
228,1.106,37.658,25.576,30.563,23.244,5.153,6.797,6.795
229,1.106,37.755,25.599,30.572,23.258,5.315,6.958,6.836
230,1.096,37.555,25.529,30.591,23.254,5.154,6.838,6.714
231,1.102,37.648,25.567,30.572,23.247,5.193,6.796,6.672
232,1.073,37.745,25.587,30.582,23.247,5.194,6.795,6.835
233,1.083,37.861,25.541,30.601,23.265,5.234,6.958,6.958
234,1.096,37.632,25.56,30.611,23.261,5.194,6.838,6.878
235,1.089,37.735,25.517,30.601,23.251,5.153,6.877,6.715
236,1.079,37.871,25.579,30.62,23.261,5.193,6.959,6.835
237,1.083,37.92,25.591,30.63,23.254,5.234,6.96,6.837
238,1.086,37.777,25.556,30.611,23.254,5.194,6.878,6.796
239,1.086,37.89,25.548,30.601,23.24,5.031,6.796,6.633
240,1.073,38.007,25.49,30.611,23.251,5.151,6.917,6.794
241,1.079,38.075,25.551,30.611,23.265,5.153,6.796,6.755
242,1.083,37.673,25.603,30.62,23.254,5.193,6.917,6.714
243,1.076,37.793,25.506,30.592,23.247,5.112,6.837,6.713
244,1.073,37.919,25.555,30.658,23.258,5.193,7.04,6.794
245,1.063,38.026,25.556,30.64,23.265,5.234,7.001,6.714
246,1.04,37.855,25.607,30.63,23.254,5.194,6.96,6.794
247,1.02,37.997,25.588,30.63,23.258,5.153,7.041,6.714
248,1.017,38.113,25.615,30.63,23.254,5.234,7.001,6.794
249,1.007,38.133,25.572,30.64,23.261,5.235,7.001,6.755
250,1.001,37.76,25.529,30.611,23.247,5.032,6.879,6.551
251,0.984,37.9,25.567,30.649,23.251,5.151,7.0,6.712
252,0.978,38.007,25.568,30.64,23.258,5.193,7.082,6.754
253,0.964,38.295,25.556,30.63,23.251,5.112,6.961,6.714
254,0.951,38.001,25.575,30.63,23.244,5.071,7.0,6.713
255,0.951,38.171,25.556,30.668,23.261,5.233,7.204,6.876
256,0.964,38.287,25.591,30.65,23.251,5.113,7.043,6.674
257,0.951,37.924,25.549,30.63,23.258,5.071,7.082,6.713
258,0.948,37.892,25.575,30.649,23.254,5.152,7.123,6.713
259,0.941,38.035,25.552,30.649,23.254,5.234,7.124,6.754
260,0.935,38.123,25.513,30.678,23.254,5.113,7.083,6.795
261,0.915,37.808,25.528,30.631,23.251,5.071,7.002,6.673
262,0.931,37.939,25.567,30.649,23.251,5.111,7.123,6.672
263,0.928,38.055,25.529,30.649,23.251,5.071,7.083,6.672
264,0.912,38.142,25.556,30.63,23.254,5.07,7.002,6.672
265,0.899,37.769,25.595,30.649,23.254,5.03,7.041,6.631
266,0.895,37.89,25.631,30.678,23.261,5.273,7.204,6.875
267,0.902,38.064,25.58,30.688,23.258,5.073,7.084,6.715
268,0.866,38.095,25.556,30.659,23.251,5.152,7.083,6.754
269,0.862,37.894,25.583,30.669,23.261,5.153,7.123,6.714
270,0.859,38.026,25.545,30.669,23.254,5.153,7.124,6.794
271,0.843,38.161,25.564,30.678,23.258,5.153,7.002,6.673
272,0.826,38.192,25.595,30.65,23.247,4.909,7.001,6.631
273,0.82,37.808,25.549,30.669,23.251,5.069,7.001,6.753
274,0.826,37.977,25.564,30.659,23.254,5.03,6.96,6.714
275,0.82,38.065,25.552,30.669,23.247,5.03,7.0,6.713
276,0.813,38.104,25.603,30.659,23.247,5.111,6.96,6.713
277,0.823,37.788,25.545,30.678,23.254,5.152,7.041,6.835
278,0.826,37.958,25.587,30.698,23.258,5.153,7.082,6.796
279,0.82,38.026,25.584,30.688,23.254,5.071,7.083,6.714
280,0.82,38.056,25.478,30.688,23.254,5.03,7.123,6.754
281,0.817,37.951,25.536,30.688,23.254,5.111,7.124,6.795
282,0.823,38.103,25.579,30.707,23.258,5.152,7.124,6.714
283,0.82,38.181,25.505,30.669,23.244,4.868,6.921,6.551
284,0.8,37.923,25.536,30.678,23.251,4.987,7.081,6.671
285,0.807,37.796,25.564,30.688,23.247,4.988,7.123,6.672
286,0.797,37.919,25.607,30.679,23.251,4.988,7.043,6.672
287,0.797,37.997,25.564,30.669,23.251,4.988,7.042,6.591
288,0.777,37.73,25.544,30.688,23.251,5.11,7.123,6.753
289,0.78,37.852,25.56,30.727,23.261,5.112,7.165,6.754
290,0.774,37.949,25.537,30.708,23.254,5.03,7.084,6.673
291,0.764,38.045,25.567,30.688,23.254,4.989,7.042,6.631
292,0.754,37.692,25.583,30.707,23.254,5.029,7.123,6.712
293,0.767,37.822,25.556,30.727,23.251,5.03,7.124,6.794
294,0.754,37.958,25.568,30.708,23.251,4.989,6.961,6.551
295,0.748,37.988,25.537,30.679,23.251,5.029,7.082,6.63
296,0.767,37.825,25.599,30.698,23.251,4.989,7.123,6.631
297,0.77,37.968,25.56,30.698,23.244,4.948,7.043,6.59
298,0.767,38.074,25.56,30.707,23.244,4.947,7.001,6.59
299,0.764,38.133,25.552,30.698,23.254,5.029,7.041,6.631
300,0.79,37.741,25.583,30.746,23.265,5.151,7.204,6.834
301,0.777,37.89,25.548,30.727,23.251,5.031,7.125,6.633
302,0.78,37.968,25.56,30.708,23.254,4.989,7.083,6.712
303,0.777,38.036,25.564,30.727,23.254,5.029,7.164,6.632
304,0.78,37.663,25.533,30.746,23.251,5.03,7.165,6.631
305,0.771,37.784,25.56,30.727,23.251,5.03,7.002,6.59
306,0.754,37.871,25.591,30.698,23.244,4.907,7.001,6.631
307,0.761,37.92,25.56,30.717,23.251,5.028,7.041,6.631
308,0.748,37.652,25.533,30.708,23.251,4.989,7.082,6.55
309,0.744,37.764,25.579,30.717,23.251,4.948,7.042,6.59
310,0.738,37.881,25.502,30.727,23.247,4.947,7.042,6.59
311,0.747,38.064,25.571,30.746,23.265,5.069,7.164,6.834
312,0.747,37.769,25.583,30.765,23.261,5.111,7.043,6.674
313,0.728,37.852,25.545,30.737,23.251,5.03,7.042,6.672
314,0.731,37.977,25.54,30.765,23.254,4.989,7.042,6.631
315,0.731,37.672,25.575,30.746,23.258,5.11,7.042,6.672
316,0.738,37.736,25.607,30.765,23.265,5.071,7.001,6.631
317,0.731,37.842,25.545,30.718,23.248,4.786,6.96,6.509
318,0.728,37.891,25.583,30.746,23.251,4.986,6.96,6.63
319,0.741,37.565,25.568,30.737,23.247,4.948,6.96,6.59
320,0.747,37.687,25.583,30.804,23.251,4.907,6.919,6.59
321,0.738,37.794,25.552,30.728,23.244,4.906,6.959,6.59
322,0.751,37.852,25.568,30.756,23.251,5.028,7.082,6.631
323,0.774,37.565,25.587,30.852,23.265,5.07,7.083,6.672
324,0.764,37.696,25.521,30.757,23.254,5.03,7.042,6.591
325,0.754,37.794,25.56,30.756,23.254,5.03,6.96,6.59
326,0.741,37.843,25.579,30.756,23.254,5.03,7.0,6.671
327,0.744,37.536,25.541,30.775,23.258,5.03,7.001,6.631
328,0.741,37.687,25.525,30.756,23.258,4.948,6.879,6.55
329,0.721,37.774,25.524,30.737,23.244,4.866,6.959,6.63
330,0.728,37.852,25.536,30.765,23.254,4.987,6.878,6.55
331,0.738,37.498,25.556,30.756,23.254,4.948,6.918,6.549
332,0.721,37.609,25.599,30.737,23.247,4.947,6.959,6.63
333,0.721,37.735,25.521,30.765,23.247,4.947,6.96,6.753
334,0.728,37.813,25.575,30.804,23.265,5.11,7.122,6.754
335,0.741,37.699,25.576,30.766,23.254,4.989,6.961,6.632
336,0.738,37.784,25.607,30.775,23.251,5.029,7.041,6.631
337,0.738,37.91,25.525,30.775,23.258,4.989,7.001,6.712
338,0.747,37.93,25.536,30.785,23.258,5.029,7.041,6.754
339,0.751,37.566,25.536,30.795,23.254,4.989,6.798,6.632
340,0.748,37.648,25.54,30.756,23.244,4.866,6.877,6.55
341,0.754,37.784,25.552,30.785,23.258,5.028,6.877,6.671
342,0.757,37.622,25.579,30.756,23.247,4.989,6.877,6.631
343,0.757,37.639,25.587,30.756,23.251,4.907,7.0,6.55
344,0.751,37.745,25.564,30.785,23.244,4.906,7.001,6.63
345,0.751,37.852,25.607,30.804,23.265,5.069,7.082,6.875
346,0.764,37.584,25.588,30.776,23.258,4.948,7.042,6.633
347,0.731,37.668,25.541,30.794,23.251,4.988,7.001,6.712
348,0.738,37.774,25.536,30.775,23.254,4.988,6.96,6.754
349,0.734,37.881,25.564,30.785,23.254,4.988,7.082,6.673
350,0.734,37.469,25.478,30.785,23.258,5.029,7.083,6.672
351,0.734,37.609,25.504,30.775,23.244,4.826,6.92,6.55
352,0.725,37.726,25.552,30.794,23.251,4.946,7.081,6.671
353,0.724,37.804,25.505,30.785,23.258,4.988,6.961,6.672
354,0.715,37.622,25.52,30.766,23.251,4.907,6.96,6.631
355,0.728,37.735,25.579,30.775,23.247,4.906,6.96,6.712
356,0.738,37.861,25.63,30.794,23.258,5.069,7.163,6.794
357,0.751,37.958,25.584,30.814,23.261,4.948,7.043,6.714
358,0.731,37.48,25.564,30.795,23.254,4.988,7.042,6.713
359,0.751,37.619,25.552,30.804,23.254,5.029,7.042,6.713
360,0.748,37.745,25.474,30.814,23.254,5.03,7.123,6.794
361,0.764,37.794,25.551,30.814,23.254,4.989,7.002,6.633
362,0.761,37.469,25.591,30.766,23.247,4.826,6.96,6.672
363,0.761,37.6,25.509,30.785,23.261,4.905,6.96,6.672
364,0.767,37.697,25.54,30.775,23.254,4.987,6.96,6.631
365,0.751,37.717,25.564,30.794,23.247,4.866,6.919,6.631
366,0.751,37.545,25.599,30.785,23.251,4.906,6.959,6.55
367,0.751,37.706,25.584,30.833,23.268,5.028,7.082,6.793
368,0.757,37.813,25.564,30.824,23.261,4.948,6.961,6.633
369,0.741,37.709,25.552,30.805,23.258,4.947,7.0,6.753
370,0.734,37.535,25.56,30.785,23.254,4.947,6.96,6.754
371,0.734,37.658,25.556,30.814,23.258,4.907,7.041,6.754
372,0.734,37.774,25.56,30.814,23.261,4.947,6.96,6.714
373,0.734,37.67,25.533,30.785,23.244,4.825,6.797,6.591
374,0.725,37.765,25.513,30.795,23.251,4.905,6.917,6.712
375,0.741,37.909,25.516,30.804,23.258,4.865,6.919,6.632
376,0.744,37.968,25.567,30.795,23.251,4.865,6.919,6.59
377,0.751,37.355,25.552,30.775,23.247,4.824,6.796,6.631
378,0.748,37.493,25.568,30.804,23.251,4.987,6.999,6.834
379,0.77,37.638,25.576,30.852,23.261,5.029,7.082,6.633
380,0.764,37.716,25.564,30.881,23.247,4.907,6.92,6.672
381,0.761,37.612,25.556,30.815,23.254,4.906,6.919,6.672
382,0.774,37.745,25.626,30.814,23.251,5.028,6.959,6.631
383,0.774,37.871,25.498,30.833,23.258,4.907,7.0,6.712
384,0.774,37.93,25.528,30.805,23.254,4.825,6.838,6.551
385,0.754,37.499,25.575,30.795,23.258,4.865,6.918,6.671
386,0.751,37.638,25.595,30.823,23.258,4.906,6.878,6.672
387,0.764,37.755,25.564,30.852,23.251,4.865,6.837,6.631
388,0.754,37.775,25.529,30.814,23.247,4.865,6.837,6.59
389,0.741,37.488,25.54,30.804,23.247,4.906,6.918,6.712
390,0.747,37.667,25.564,30.862,23.265,5.069,7.0,6.713
391,0.747,37.765,25.517,30.824,23.254,4.908,6.919,6.672
392,0.741,37.785,25.583,30.843,23.258,4.906,6.919,6.672
393,0.741,37.564,25.564,30.881,23.254,4.947,6.878,6.672
394,0.734,37.716,25.552,30.853,23.265,4.947,6.918,6.672
395,0.754,37.794,25.564,30.843,23.251,4.907,6.796,6.591
396,0.751,38.063,25.552,30.795,23.244,4.825,6.795,6.59
397,0.754,37.443,25.564,30.833,23.254,4.905,6.836,6.631
398,0.754,37.571,25.544,30.833,23.251,4.906,6.796,6.59
399,0.764,37.668,25.544,30.824,23.247,4.865,6.755,6.549
400,0.761,37.506,25.466,30.833,23.247,4.865,6.876,6.508
401,0.78,37.571,25.536,30.862,23.258,4.987,7.0,6.711
402,0.784,37.706,25.591,30.843,23.254,4.866,6.879,6.591
403,0.767,37.765,25.545,30.843,23.251,4.946,6.918,6.631
404,0.783,37.44,25.529,30.833,23.254,4.907,7.0,6.55
405,0.774,37.561,25.567,30.843,23.258,4.906,6.96,6.63
406,0.767,37.658,25.599,30.843,23.258,4.947,6.96,6.509
407,0.77,37.745,25.553,30.833,23.251,4.825,6.878,6.386
408,0.754,37.42,25.521,30.833,23.261,4.946,7.0,6.466
409,0.744,37.561,25.56,30.833,23.258,4.866,7.001,6.467
410,0.747,37.677,25.572,30.833,23.247,4.865,7.001,6.467
411,0.738,37.755,25.533,30.814,23.254,4.865,6.96,6.507
412,0.741,37.468,25.614,30.843,23.258,4.946,7.122,6.63
413,0.751,37.667,25.576,30.939,23.265,5.029,7.165,6.631
414,0.735,37.765,25.533,30.844,23.254,4.867,7.084,6.55
415,0.747,37.814,25.567,30.843,23.251,4.906,7.042,6.549
416,0.757,37.344,25.568,30.853,23.258,4.987,7.042,6.549
417,0.757,37.483,25.529,30.853,23.258,4.907,7.082,6.59
418,0.761,37.581,25.489,30.843,23.254,4.784,6.961,6.387
419,0.754,37.601,25.528,30.843,23.251,4.905,7.0,6.507
420,0.767,37.505,25.552,30.92,23.251,4.865,7.041,6.549
421,0.77,37.638,25.54,30.844,23.254,4.824,7.082,6.549
422,0.777,37.736,25.607,30.814,23.244,4.865,7.002,6.508
423,0.774,37.756,25.58,30.9,23.254,4.906,7.123,6.63
424,0.79,37.871,25.572,30.882,23.261,5.069,7.287,6.59
425,0.784,37.987,25.587,30.843,23.254,4.867,7.125,6.549
426,0.767,38.084,25.603,30.862,23.258,4.906,7.246,6.59
427,0.767,37.462,25.56,30.862,23.254,4.906,7.247,6.59
428,0.761,37.149,25.497,30.853,23.258,4.865,7.206,6.59
429,0.764,37.27,25.544,30.853,23.251,4.865,7.206,6.427
430,0.748,37.358,25.458,30.814,23.244,4.865,7.125,6.507
431,0.747,37.378,25.539,30.843,23.254,4.865,7.165,6.508
432,0.734,37.522,25.56,30.843,23.258,4.824,7.206,6.549
433,0.738,37.639,25.494,30.833,23.251,4.824,7.165,6.508
434,0.741,37.716,25.544,30.833,23.251,4.824,7.206,6.508
435,0.747,37.18,25.568,30.862,23.265,4.946,7.328,6.67
436,0.764,37.338,25.622,30.882,23.254,4.907,7.248,6.631
437,0.764,37.445,25.568,30.853,23.258,4.906,7.288,6.631
438,0.761,37.523,25.529,30.843,23.254,4.906,7.288,6.59
439,0.764,37.197,25.564,30.843,23.258,4.906,7.207,6.59
440,0.777,37.348,25.54,30.91,23.258,4.906,7.287,6.631
441,0.78,37.426,25.521,30.825,23.241,4.784,7.166,6.468
442,0.767,37.475,25.567,30.843,23.258,4.824,7.287,6.507
443,0.774,37.245,25.537,30.901,23.254,4.905,7.288,6.508
444,0.777,37.367,25.525,30.824,23.251,4.865,7.247,6.467
445,0.761,37.455,25.54,30.824,23.251,4.824,7.206,6.507
446,0.757,37.523,25.626,30.843,23.254,4.905,7.287,6.63
447,0.757,37.274,25.615,30.891,23.265,4.947,7.41,6.59
448,0.761,37.367,25.553,30.863,23.251,4.825,7.249,6.59
449,0.748,37.474,25.579,30.843,23.254,4.783,7.288,6.549
450,0.741,37.494,25.474,30.843,23.254,4.946,7.369,6.63
451,0.757,37.293,25.547,30.862,23.258,4.907,7.289,6.631
452,0.738,37.406,25.603,30.853,23.251,4.784,7.166,6.468
453,0.731,37.503,25.486,30.862,23.251,4.905,7.246,6.589
454,0.741,37.523,25.52,30.853,23.254,4.825,7.328,6.549
455,0.738,37.169,25.528,30.843,23.251,4.783,7.248,6.468
456,0.744,37.29,25.583,30.833,23.251,4.824,7.206,6.507
457,0.747,37.387,25.556,30.843,23.261,4.905,7.369,6.63
458,0.77,37.215,25.568,30.881,23.265,4.865,7.33,6.672
459,0.761,37.271,25.56,30.853,23.251,4.906,7.289,6.55
460,0.761,37.387,25.544,30.853,23.254,4.906,7.288,6.59
461,0.764,37.484,25.536,30.872,23.254,4.825,7.329,6.671
462,0.77,37.36,25.564,30.843,23.258,4.905,7.329,6.55
463,0.77,37.464,25.544,30.824,23.244,4.744,7.126,6.468
464,0.761,37.58,25.505,30.843,23.251,4.783,7.246,6.548
465,0.757,37.687,25.555,30.843,23.258,4.824,7.288,6.549
466,0.751,36.95,25.572,30.824,23.251,4.783,7.247,6.508
467,0.744,37.115,25.56,30.843,23.254,4.783,7.247,6.467
468,0.728,37.203,25.564,30.843,23.258,4.783,7.328,6.629
469,0.747,37.348,25.595,30.891,23.268,4.986,7.37,6.672
470,0.747,37.071,25.552,30.882,23.251,4.826,7.33,6.591
471,0.731,37.202,25.552,30.853,23.254,4.824,7.329,6.59
472,0.728,37.328,25.583,30.853,23.254,4.905,7.37,6.631
473,0.738,37.426,25.572,30.881,23.261,4.865,7.33,6.672
474,0.731,37.149,25.533,30.853,23.258,4.824,7.207,6.509
475,0.725,37.222,25.556,30.824,23.247,4.743,7.206,6.549
476,0.737,37.377,25.572,30.833,23.251,4.823,7.247,6.59
477,0.747,37.417,25.552,30.814,23.254,4.824,7.247,6.549
478,0.747,37.129,25.544,30.833,23.247,4.783,7.206,6.508
479,0.747,37.232,25.544,30.843,23.247,4.824,7.206,6.63
480,0.757,37.377,25.556,30.872,23.265,4.905,7.328,6.672
481,0.761,37.407,25.536,30.843,23.251,4.825,7.289,6.509
482,0.761,37.168,25.552,30.853,23.254,4.824,7.207,6.549
483,0.767,37.299,25.544,30.843,23.258,4.865,7.206,6.63
484,0.761,37.425,25.544,30.853,23.261,4.865,7.206,6.631
485,0.764,37.11,25.548,30.853,23.251,4.824,7.165,6.509
486,0.738,37.04,25.564,30.805,23.244,4.661,7.165,6.549
487,0.747,37.193,25.54,30.833,23.251,4.904,7.206,6.59
488,0.725,37.309,25.525,30.814,23.251,4.825,7.165,6.509
489,0.731,37.061,25.56,30.814,23.254,4.743,7.206,6.589
490,0.725,37.193,25.544,30.862,23.251,4.823,7.287,6.59
491,0.734,37.328,25.552,30.843,23.261,4.946,7.41,6.712
492,0.734,37.435,25.587,30.853,23.258,4.825,7.249,6.754
493,0.721,37.043,25.576,30.901,23.258,4.824,7.288,6.673
494,0.721,37.173,25.537,30.834,23.251,4.905,7.329,6.672
495,0.721,37.299,25.564,30.843,23.254,4.825,7.329,6.672
496,0.737,37.387,25.611,30.843,23.254,4.905,7.329,6.672
497,0.728,36.985,25.568,30.814,23.247,4.703,7.248,6.509
498,0.728,37.096,25.568,30.795,23.247,4.742,7.328,6.67
499,0.741,37.251,25.556,30.833,23.251,4.783,7.329,6.631
500,0.754,37.31,25.564,30.833,23.251,4.783,7.329,6.59
501,0.751,37.023,25.54,30.805,23.247,4.742,7.289,6.631
502,0.748,37.144,25.54,30.804,23.251,4.783,7.369,6.672
503,0.757,37.318,25.591,30.843,23.265,4.905,7.573,6.794
504,0.77,37.368,25.529,30.843,23.251,4.784,7.454,6.633
505,0.748,37.1,25.567,30.824,23.251,4.824,7.452,6.672
506,0.744,37.241,25.583,30.824,23.254,4.824,7.452,6.713
507,0.734,37.367,25.545,30.843,23.261,4.824,7.534,6.754
508,0.744,37.388,25.56,30.833,23.254,4.783,7.412,6.632
509,0.725,37.043,25.521,30.785,23.247,4.702,7.289,6.59
510,0.721,37.164,25.509,30.823,23.258,4.782,7.41,6.712
511,0.728,37.309,25.505,30.805,23.251,4.742,7.371,6.672
512,0.728,37.176,25.571,30.795,23.251,4.742,7.411,6.631
513,0.712,37.041,25.521,30.814,23.244,4.701,7.249,6.712
514,0.715,37.193,25.544,30.852,23.261,4.904,7.532,6.835
515,0.741,37.319,25.618,30.824,23.265,4.865,7.453,6.714
516,0.738,37.023,25.619,30.833,23.254,4.784,7.452,6.672
517,0.741,37.116,25.568,30.824,23.254,4.783,7.452,6.713
518,0.747,37.232,25.548,30.833,23.247,4.824,7.493,6.794
519,0.754,37.348,25.56,30.833,23.258,4.824,7.494,6.755
520,0.754,37.004,25.556,30.805,23.247,4.702,7.29,6.592
521,0.741,37.096,25.505,30.795,23.251,4.823,7.451,6.712
522,0.757,37.212,25.555,30.804,23.258,4.743,7.452,6.672
523,0.751,37.319,25.556,30.795,23.247,4.701,7.33,6.631
524,0.761,36.984,25.517,30.785,23.247,4.782,7.329,6.631
525,0.741,37.134,25.606,30.814,23.251,4.824,7.451,6.712
526,0.747,37.28,25.619,30.852,23.268,4.905,7.493,6.754
527,0.741,37.339,25.596,30.795,23.254,4.784,7.412,6.795
528,0.738,37.138,25.584,30.814,23.254,4.824,7.411,6.714
529,0.741,37.27,25.56,30.824,23.251,4.824,7.452,6.713
530,0.734,37.396,25.529,30.805,23.261,4.783,7.493,6.754
531,0.734,37.436,25.497,30.804,23.247,4.742,7.29,6.673
532,0.712,36.89,25.551,30.804,23.254,4.783,7.41,6.672
533,0.715,37.066,25.56,30.804,23.258,4.742,7.33,6.713
534,0.705,37.183,25.497,30.795,23.251,4.742,7.329,6.672
535,0.721,37.184,25.544,30.785,23.244,4.701,7.289,6.631
536,0.721,36.926,25.579,30.795,23.254,4.823,7.369,6.753
537,0.731,37.115,25.576,30.823,23.265,4.946,7.573,6.795
538,0.738,37.213,25.548,30.795,23.254,4.785,7.454,6.714
539,0.734,37.463,25.544,30.804,23.258,4.742,7.412,6.713
540,0.747,37.072,25.564,30.814,23.258,4.823,7.452,6.794
541,0.747,37.202,25.552,30.804,23.261,4.824,7.412,6.795
542,0.754,37.29,25.556,30.776,23.251,4.743,7.289,6.673
543,0.741,37.003,25.533,30.756,23.244,4.701,7.329,6.672
544,0.747,37.058,25.521,30.794,23.251,4.782,7.329,6.631
545,0.744,37.193,25.567,30.785,23.254,4.742,7.289,6.672
546,0.731,37.271,25.564,30.785,23.244,4.701,7.369,6.631
547,0.728,36.917,25.525,30.775,23.254,4.701,7.33,6.672
548,0.728,37.038,25.552,30.814,23.258,4.782,7.41,6.794
549,0.738,37.221,25.54,30.814,23.254,4.783,7.371,6.714
550,0.721,37.281,25.536,30.795,23.251,4.783,7.411,6.713
551,0.724,36.965,25.505,30.795,23.258,4.783,7.33,6.672
552,0.715,37.096,25.552,30.775,23.261,4.824,7.329,6.713
553,0.728,37.251,25.552,30.785,23.254,4.824,7.289,6.672
554,0.712,37.271,25.49,30.756,23.247,4.702,7.207,6.631
555,0.718,37.214,25.536,30.785,23.251,4.823,7.287,6.712
556,0.731,37.329,25.575,30.775,23.254,4.743,7.166,6.672
557,0.725,37.435,25.533,30.766,23.251,4.661,7.206,6.631
558,0.724,37.484,25.564,30.756,23.251,4.7,7.247,6.631
559,0.734,36.871,25.517,30.794,23.261,4.863,7.328,6.834
560,0.744,37.028,25.559,30.795,23.258,4.824,7.207,6.714
561,0.744,37.125,25.544,30.766,23.258,4.743,7.206,6.672
562,0.741,37.165,25.56,30.775,23.251,4.783,7.206,6.631
563,0.751,37.002,25.564,30.766,23.254,4.783,7.287,6.631
564,0.754,37.135,25.513,30.766,23.254,4.824,7.166,6.672
565,0.741,37.213,25.591,30.756,23.247,4.661,6.962,6.55
566,0.728,37.214,25.552,30.756,23.251,4.822,7.082,6.63
567,0.725,36.878,25.552,30.756,23.251,4.743,7.083,6.672
568,0.728,37.018,25.56,30.756,23.251,4.701,7.002,6.591
569,0.721,37.135,25.517,30.737,23.247,4.701,7.001,6.549
570,0.715,37.04,25.548,30.775,23.258,4.782,7.163,6.752
571,0.728,37.097,25.513,30.804,23.268,4.783,7.206,6.714
572,0.712,37.184,25.563,30.766,23.254,4.742,7.125,6.713
573,0.715,37.29,25.552,30.756,23.251,4.783,7.124,6.672
574,0.705,36.859,25.517,30.766,23.258,4.783,7.124,6.794
575,0.718,36.932,25.567,30.756,23.258,4.783,7.124,6.714
576,0.724,37.057,25.521,30.737,23.254,4.702,7.002,6.591
577,0.718,37.116,25.497,30.708,23.244,4.742,7.041,6.631
578,0.724,36.839,25.52,30.727,23.251,4.783,7.042,6.712
579,0.728,36.999,25.528,30.727,23.254,4.742,7.042,6.632
580,0.728,37.115,25.536,30.727,23.251,4.701,7.042,6.631
581,0.728,37.184,25.536,30.727,23.244,4.742,7.123,6.753
582,0.747,36.868,25.587,30.765,23.265,4.986,7.205,6.836
583,0.754,37.009,25.58,30.727,23.258,4.744,7.003,6.714
584,0.741,37.106,25.529,30.736,23.254,4.823,7.041,6.632
585,0.738,37.165,25.595,30.737,23.254,4.824,7.082,6.712
586,0.734,36.887,25.545,30.737,23.261,4.824,7.123,6.754
587,0.741,37.018,25.56,30.727,23.254,4.743,7.002,6.51
588,0.715,37.116,25.54,30.698,23.244,4.661,7.001,6.63
589,0.711,37.193,25.513,30.717,23.254,4.782,7.041,6.672
590,0.715,36.897,25.54,30.698,23.251,4.742,7.001,6.631
591,0.715,37.019,25.513,30.707,23.247,4.661,7.041,6.59
592,0.705,37.116,25.552,30.698,23.244,4.741,7.042,6.712
593,0.708,37.165,25.56,30.736,23.258,4.864,7.245,6.876
594,0.711,37.366,25.533,30.717,23.261,4.824,7.084,6.715
595,0.715,37.445,25.556,30.698,23.251,4.783,7.123,6.754
596,0.718,37.551,25.568,30.727,23.251,4.824,7.124,6.632
597,0.728,37.246,25.544,30.708,23.258,4.824,7.083,6.753
598,0.734,36.658,25.552,30.708,23.261,4.824,7.123,6.714
599,0.731,36.786,25.509,30.698,23.244,4.661,6.961,6.632
600,0.725,36.883,25.536,30.698,23.251,4.782,7.082,6.712
601,0.747,36.731,25.521,30.688,23.251,4.742,7.042,6.794
602,0.741,36.835,25.528,30.688,23.254,4.742,7.001,6.673
603,0.744,36.96,25.524,30.669,23.247,4.701,6.96,6.631
604,0.747,37.048,25.536,30.678,23.254,4.823,7.041,6.794
605,0.754,36.8,25.603,30.726,23.265,4.905,7.164,6.795
606,0.725,36.902,25.529,30.708,23.248,4.784,7.084,6.714
607,0.728,37.028,25.552,30.698,23.251,4.783,6.961,6.672
608,0.721,37.116,25.544,30.688,23.258,4.824,7.041,6.753
609,0.721,36.589,25.56,30.679,23.258,4.824,7.042,6.795
610,0.721,36.737,25.576,30.688,23.251,4.702,6.92,6.633
611,0.708,36.825,25.505,30.65,23.247,4.742,6.878,6.753
612,0.715,36.922,25.524,30.669,23.247,4.823,7.0,6.754
613,0.702,36.769,25.536,30.669,23.251,4.743,6.838,6.754
614,0.701,36.873,25.513,30.669,23.251,4.661,6.918,6.673
615,0.705,36.999,25.571,30.65,23.251,4.741,6.959,6.713
616,0.711,37.058,25.568,30.678,23.261,4.864,7.122,6.835
617,0.728,36.742,25.572,30.669,23.254,4.784,7.002,6.755
618,0.725,36.825,25.56,30.65,23.254,4.783,7.001,6.795
619,0.737,36.96,25.533,30.659,23.254,4.864,7.001,6.755
620,0.725,36.99,25.571,30.678,23.261,4.824,7.001,6.754
621,0.744,36.761,25.525,30.669,23.258,4.865,7.041,6.836
622,0.754,36.864,25.505,30.621,23.244,4.662,6.839,6.633
623,0.738,36.961,25.52,30.659,23.251,4.782,6.958,6.631
624,0.751,37.316,25.513,30.65,23.251,4.783,7.0,6.712
625,0.741,36.601,25.567,30.63,23.258,4.742,6.919,6.754
626,0.734,36.718,25.537,30.64,23.244,4.742,6.919,6.632
627,0.728,36.825,25.521,30.63,23.254,4.783,6.959,6.834
628,0.731,36.749,25.579,30.678,23.268,4.946,7.122,6.877
629,0.725,36.797,25.533,30.64,23.251,4.825,6.921,6.715
630,0.718,36.922,25.567,30.64,23.251,4.783,7.041,6.794
631,0.718,37.0,25.509,30.63,23.258,4.824,7.042,6.755
632,0.715,36.578,25.563,30.64,23.265,4.783,7.082,6.795
633,0.718,36.728,25.556,30.64,23.258,4.824,6.961,6.673
634,0.705,36.816,25.521,30.601,23.244,4.702,6.919,6.713
635,0.708,36.903,25.567,30.63,23.251,4.863,7.0,6.754
636,0.721,36.539,25.556,30.621,23.251,4.743,7.001,6.673
637,0.728,36.689,25.544,30.611,23.244,4.742,7.041,6.672
638,0.721,36.786,25.536,30.601,23.247,4.701,6.96,6.713
639,0.731,36.893,25.521,30.659,23.258,4.863,7.082,6.835
640,0.738,36.482,25.56,30.64,23.261,4.784,7.042,6.837
641,0.734,36.573,25.533,30.63,23.251,4.824,6.96,6.796
642,0.734,36.689,25.536,30.64,23.254,4.824,7.0,6.755
643,0.754,36.786,25.548,30.63,23.254,4.824,7.123,6.836
644,0.751,36.586,25.501,30.611,23.254,4.865,7.043,6.755
645,0.744,36.718,25.559,30.592,23.244,4.662,6.92,6.673
646,0.725,36.806,25.533,30.591,23.251,4.822,6.959,6.753
647,0.741,36.874,25.532,30.601,23.258,4.743,7.0,6.754
648,0.725,36.433,25.521,30.601,23.247,4.783,6.96,6.673
649,0.721,36.554,25.532,30.601,23.251,4.702,6.96,6.631
650,0.721,36.67,25.54,30.591,23.254,4.863,7.082,6.794
651,0.728,36.748,25.548,30.62,23.261,4.946,7.123,6.836
652,0.725,36.701,25.599,30.601,23.254,4.785,7.002,6.714
653,0.715,36.834,25.592,30.601,23.258,4.864,7.001,6.754
654,0.711,36.96,25.545,30.601,23.258,4.865,7.001,6.754
655,0.724,36.703,25.575,30.611,23.261,4.784,7.001,6.714
656,0.728,36.518,25.513,30.572,23.244,4.742,6.879,6.551
657,0.721,36.631,25.528,30.562,23.244,4.783,6.918,6.671
658,0.728,36.728,25.509,30.591,23.251,4.783,6.919,6.631
659,0.734,36.442,25.497,30.582,23.247,4.783,6.878,6.631
660,0.728,36.563,25.528,30.572,23.247,4.742,6.877,6.631
661,0.741,36.67,25.528,30.572,23.258,4.823,7.0,6.753
662,0.754,36.815,25.54,30.61,23.265,4.865,6.919,6.714
663,0.748,36.471,25.544,30.563,23.258,4.784,6.878,6.754
664,0.747,36.592,25.544,30.553,23.258,4.783,6.877,6.632
665,0.744,36.728,25.595,30.572,23.258,4.824,6.877,6.712
666,0.738,36.806,25.513,30.591,23.254,4.824,6.877,6.672
667,0.731,36.404,25.536,30.534,23.247,4.661,6.796,6.631
668,0.728,36.534,25.521,30.543,23.247,4.741,6.755,6.672
669,0.725,36.689,25.52,30.553,23.247,4.701,6.795,6.672
670,0.724,36.738,25.517,30.553,23.251,4.742,6.755,6.753
671,0.724,36.48,25.509,30.533,23.247,4.701,6.714,6.673
672,0.711,36.602,25.587,30.533,23.251,4.782,6.835,6.713
673,0.724,36.747,25.56,30.581,23.265,4.946,6.999,6.876
674,0.728,36.816,25.548,30.563,23.254,4.744,6.838,6.755
675,0.728,36.423,25.599,30.553,23.258,4.864,6.877,6.795
676,0.738,36.534,25.592,30.533,23.258,4.743,6.877,6.714
677,0.738,36.67,25.568,30.629,23.258,4.823,6.877,6.754
678,0.734,36.7,25.494,30.544,23.251,4.783,6.877,6.673
679,0.734,36.355,25.505,30.514,23.244,4.702,6.755,6.713
680,0.734,36.524,25.497,30.543,23.254,4.823,6.795,6.713
681,0.738,36.622,25.551,30.524,23.247,4.702,6.755,6.794
682,0.747,36.757,25.501,30.533,23.251,4.701,6.673,6.673
683,0.738,36.442,25.501,30.514,23.24,4.742,6.794,6.672
684,0.738,36.563,25.536,30.533,23.261,4.823,6.917,6.794
685,0.757,36.699,25.575,30.552,23.261,4.824,6.796,6.755
686,0.735,36.326,25.49,30.524,23.254,4.783,6.795,6.673
687,0.734,36.399,25.512,30.524,23.247,4.946,6.877,6.672
688,0.728,36.486,25.54,30.533,23.261,4.825,6.877,6.835
689,0.734,36.612,25.536,30.533,23.261,4.783,6.837,6.674
690,0.725,36.373,25.536,30.495,23.244,4.702,6.674,6.631
691,0.715,36.496,25.525,30.504,23.254,4.742,6.875,6.631
692,0.718,36.621,25.552,30.495,23.251,4.783,6.837,6.712
693,0.721,36.719,25.533,30.514,23.254,4.702,6.714,6.672
694,0.711,36.24,25.478,30.476,23.247,4.742,6.713,6.672
695,0.721,36.379,25.532,30.504,23.258,4.823,6.835,6.794
696,0.737,36.544,25.579,30.523,23.261,4.865,6.999,6.795
697,0.741,36.593,25.56,30.504,23.251,4.784,6.919,6.755
698,0.738,36.44,25.56,30.485,23.254,4.783,6.878,6.754
699,0.741,36.592,25.544,30.494,23.258,4.824,6.918,6.795
700,0.76,36.709,25.556,30.495,23.261,4.905,6.919,6.795
701,0.757,36.767,25.544,30.485,23.251,4.662,6.796,6.633
702,0.751,36.193,25.509,30.447,23.247,4.7,6.836,6.753
703,0.761,36.359,25.544,30.475,23.254,4.782,6.877,6.673
704,0.761,36.486,25.49,30.466,23.251,4.742,6.837,6.672
705,0.751,36.497,25.536,30.456,23.251,4.661,6.796,6.631
706,0.744,36.228,25.517,30.475,23.251,4.782,6.795,6.794
707,0.751,36.408,25.517,30.523,23.261,4.905,6.999,6.877
708,0.764,36.505,25.52,30.476,23.258,4.744,6.879,6.755
709,0.754,36.497,25.505,30.475,23.254,4.783,6.837,6.754
710,0.751,36.41,25.524,30.475,23.251,4.783,6.837,6.754
711,0.757,36.553,25.485,30.466,23.258,4.783,6.877,6.795
712,0.757,36.651,25.563,30.475,23.261,4.824,6.877,6.714
713,0.751,36.374,25.548,30.446,23.251,4.661,6.755,6.672
714,0.751,36.332,25.509,30.446,23.254,4.822,6.795,6.753
715,0.767,36.466,25.587,30.456,23.251,4.865,6.836,6.673
716,0.774,36.564,25.58,30.456,23.254,4.743,6.796,6.631
717,0.767,36.162,25.552,30.446,23.244,4.742,6.755,6.712
718,0.793,36.254,25.591,30.446,23.258,4.783,6.957,6.876
719,0.816,36.427,25.568,30.485,23.261,4.783,6.878,6.796
720,0.82,36.487,25.56,30.437,23.251,4.783,6.755,6.714
721,0.83,36.267,25.537,30.456,23.251,4.864,6.836,6.794
722,0.826,36.399,25.513,30.446,23.258,4.784,6.796,6.714
723,0.843,36.534,25.524,30.427,23.251,4.824,6.877,6.672
724,0.846,36.603,25.505,30.417,23.247,4.702,6.715,6.591
725,0.827,36.172,25.552,30.417,23.244,4.701,6.754,6.631
726,0.83,36.33,25.533,30.427,23.251,4.782,6.754,6.712
727,0.83,36.447,25.532,30.427,23.254,4.742,6.632,6.672
728,0.82,36.525,25.536,30.408,23.247,4.742,6.672,6.631
729,0.81,36.104,25.505,30.407,23.251,4.742,6.794,6.712
730,0.82,36.263,25.532,30.455,23.261,4.945,6.917,6.794
731,0.823,36.379,25.493,30.418,23.258,4.744,6.715,6.795
732,0.813,36.409,25.532,30.417,23.254,4.742,6.794,6.755
733,0.803,36.285,25.544,30.427,23.254,4.742,6.795,6.754
734,0.81,36.428,25.521,30.427,23.254,4.823,6.836,6.836
735,0.813,36.534,25.544,30.398,23.251,4.743,6.796,6.714
736,0.813,36.526,25.49,30.379,23.24,4.661,6.755,6.713
737,0.833,36.286,25.528,30.417,23.251,4.7,6.795,6.713
738,0.839,36.418,25.548,30.388,23.247,4.701,6.795,6.672
739,0.836,36.534,25.529,30.398,23.247,4.742,6.795,6.631
740,0.846,36.325,25.552,30.369,23.247,4.701,6.836,6.631
741,0.866,36.083,25.572,30.417,23.268,4.904,6.999,6.875
742,0.879,36.234,25.533,30.408,23.251,4.825,6.96,6.674
743,0.869,36.322,25.544,30.379,23.251,4.824,6.878,6.631
744,0.863,36.169,25.579,30.388,23.254,4.743,6.918,6.631
745,0.866,36.273,25.56,30.379,23.265,4.823,6.959,6.672
746,0.846,36.399,25.497,30.388,23.258,4.824,6.96,6.672
747,0.856,36.477,25.509,30.359,23.247,4.661,6.878,6.55
748,0.853,36.046,25.501,30.369,23.244,4.741,6.918,6.671
749,0.862,36.185,25.52,30.359,23.251,4.701,6.919,6.713
750,0.853,36.321,25.524,30.34,23.251,4.782,6.919,6.591
751,0.856,36.39,25.528,30.34,23.244,4.702,6.837,6.671
752,0.853,36.103,25.524,30.378,23.258,4.904,7.04,6.794
753,0.856,36.282,25.536,30.388,23.265,4.825,7.001,6.714
754,0.843,36.38,25.54,30.35,23.251,4.824,7.001,6.713
755,0.849,36.428,25.579,30.359,23.258,4.743,7.001,6.754
756,0.843,36.055,25.533,30.359,23.254,4.864,7.041,6.714
757,0.846,36.205,25.536,30.359,23.258,4.784,6.96,6.713
758,0.843,36.273,25.509,30.321,23.247,4.661,6.878,6.632
759,0.836,36.351,25.524,30.349,23.254,4.741,7.0,6.672
760,0.839,36.131,25.489,30.33,23.258,4.742,7.041,6.55
761,0.843,36.282,25.508,30.33,23.244,4.701,7.001,6.63
762,0.846,36.36,25.509,30.32,23.247,4.742,7.041,6.59
763,0.856,36.438,25.516,30.34,23.265,4.864,7.164,6.793
764,0.879,36.276,25.583,30.34,23.258,4.824,7.124,6.633
765,0.856,36.379,25.591,30.33,23.261,4.783,7.124,6.672
766,0.843,36.476,25.525,30.34,23.254,4.742,7.205,6.672
767,0.817,36.803,25.563,30.34,23.251,4.783,7.165,6.713
768,0.803,36.203,25.544,30.33,23.258,4.824,7.165,6.713
769,0.79,36.321,25.544,30.311,23.244,4.702,7.043,6.591
770,0.771,36.418,25.513,30.311,23.251,4.742,7.082,6.712
771,0.777,36.103,25.516,30.301,23.254,4.742,7.205,6.632
772,0.767,36.119,25.536,30.311,23.251,4.742,7.165,6.712
773,0.754,36.253,25.517,30.291,23.247,4.701,7.084,6.632
774,0.748,36.36,25.497,30.31,23.254,4.782,7.164,6.672
775,0.751,36.121,25.544,30.339,23.265,4.824,7.287,6.794
776,0.757,36.253,25.497,30.311,23.254,4.783,7.207,6.673
777,0.754,36.379,25.536,30.311,23.254,4.824,7.206,6.713
778,0.751,36.467,25.525,30.32,23.254,4.743,7.287,6.672
779,0.761,36.036,25.567,30.33,23.258,4.783,7.207,6.672
780,0.764,36.185,25.556,30.301,23.254,4.742,7.043,6.631
781,0.754,36.273,25.525,30.263,23.24,4.661,7.001,6.631
782,0.754,36.351,25.505,30.281,23.254,4.741,7.082,6.59
783,0.757,35.949,25.536,30.282,23.251,4.742,7.123,6.59
784,0.751,36.069,25.536,30.291,23.244,4.742,7.083,6.631
785,0.731,36.176,25.564,30.272,23.244,4.701,7.205,6.631
786,0.731,36.263,25.533,30.291,23.265,4.904,7.369,6.794
787,0.741,36.053,25.528,30.301,23.265,4.865,7.289,6.673
788,0.721,36.147,25.548,30.291,23.258,4.824,7.369,6.672
789,0.708,36.282,25.536,30.282,23.261,4.824,7.37,6.631
790,0.708,36.341,25.544,30.272,23.258,4.824,7.533,6.712
791,0.708,36.083,25.544,30.282,23.258,4.702,7.575,6.672
792,0.695,36.186,25.49,30.262,23.247,4.62,7.454,6.631
793,0.682,36.321,25.516,30.272,23.254,4.741,7.615,6.672
794,0.688,36.332,25.517,30.253,23.251,4.701,7.617,6.631
795,0.682,36.092,25.52,30.262,23.251,4.701,7.657,6.55
796,0.695,36.205,25.513,30.243,23.247,4.701,7.576,6.59
797,0.688,36.321,25.513,30.262,23.251,4.742,7.738,6.712
798,0.695,36.159,25.552,30.291,23.265,4.864,7.862,6.754
799,0.711,36.081,25.536,30.263,23.258,4.824,7.7,6.714
800,0.698,36.186,25.532,30.262,23.258,4.743,7.74,6.672
801,0.701,36.311,25.552,30.272,23.254,4.823,7.821,6.713
802,0.714,35.987,25.497,30.262,23.254,4.783,7.822,6.713
803,0.708,36.108,25.516,30.262,23.254,4.783,7.741,6.591
804,0.702,36.186,25.552,30.205,23.237,4.661,7.699,6.59
805,0.711,36.283,25.568,30.233,23.254,4.782,7.74,6.631
806,0.705,35.919,25.478,30.243,23.247,4.702,7.699,6.631
807,0.695,36.031,25.512,30.224,23.251,4.66,7.699,6.631
808,0.695,36.166,25.52,30.214,23.247,4.741,7.618,6.59
809,0.685,36.263,25.56,30.243,23.254,4.823,7.739,6.753
810,0.698,35.986,25.552,30.262,23.258,4.824,7.618,6.714
811,0.688,36.079,25.54,30.224,23.251,4.783,7.657,6.713
812,0.682,36.205,25.505,30.214,23.258,4.702,7.658,6.713
813,0.679,36.302,25.513,30.233,23.258,4.782,7.617,6.713
814,0.688,35.977,25.516,30.233,23.254,4.824,7.657,6.754
815,0.688,36.098,25.552,30.204,23.251,4.702,7.495,6.592
816,0.685,36.196,25.54,30.195,23.254,4.66,7.575,6.631
817,0.695,36.283,25.528,30.214,23.247,4.7,7.494,6.672
818,0.698,35.958,25.532,30.214,23.251,4.701,7.494,6.672
819,0.695,36.108,25.513,30.204,23.247,4.701,7.453,6.591
820,0.701,36.215,25.52,30.214,23.247,4.62,7.452,6.671
821,0.708,36.264,25.579,30.223,23.261,4.822,7.615,6.835
822,0.724,36.015,25.513,30.214,23.254,4.743,7.454,6.674
823,0.721,36.156,25.54,30.223,23.244,4.742,7.493,6.631
824,0.728,36.254,25.536,30.185,23.258,4.742,7.534,6.631
825,0.721,36.226,25.564,30.194,23.251,4.783,7.534,6.672
826,0.715,35.957,25.509,30.204,23.258,4.824,7.575,6.631
827,0.711,36.079,25.509,30.185,23.247,4.621,7.372,6.55
828,0.695,36.157,25.513,30.185,23.258,4.741,7.492,6.671
829,0.695,35.928,25.52,30.194,23.254,4.742,7.494,6.672
830,0.688,35.992,25.536,30.175,23.251,4.661,7.412,6.591
831,0.688,36.099,25.556,30.166,23.244,4.7,7.452,6.631
832,0.679,36.196,25.521,30.185,23.251,4.742,7.534,6.753
833,0.695,35.928,25.54,30.204,23.268,4.864,7.616,6.754
834,0.695,36.06,25.505,30.185,23.251,4.743,7.413,6.714
835,0.692,36.147,25.579,30.175,23.247,4.742,7.493,6.632
836,0.695,36.234,25.521,30.175,23.251,4.823,7.453,6.712
837,0.692,35.871,25.52,30.185,23.258,4.824,7.493,6.754
838,0.701,35.992,25.505,30.185,23.254,4.702,7.412,6.632
839,0.695,36.089,25.481,30.146,23.244,4.66,7.33,6.631
840,0.708,36.186,25.52,30.184,23.251,4.741,7.37,6.672
841,0.721,36.101,25.532,30.175,23.251,4.701,7.33,6.631
842,0.715,36.224,25.458,30.146,23.24,4.66,7.289,6.631
843,0.718,36.35,25.508,30.146,23.247,4.7,7.329,6.712
844,0.728,36.428,25.52,30.175,23.258,4.904,7.492,6.794
845,0.731,35.748,25.56,30.185,23.258,4.744,7.331,6.714
846,0.721,35.866,25.497,30.156,23.258,4.742,7.289,6.632
847,0.715,36.001,25.528,30.156,23.251,4.783,7.329,6.712
848,0.718,36.051,25.552,30.175,23.258,4.742,7.329,6.754
849,0.715,35.946,25.525,30.166,23.258,4.701,7.289,6.673
850,0.708,36.069,25.532,30.137,23.244,4.579,7.085,6.509
851,0.698,36.186,25.525,30.136,23.254,4.822,7.245,6.711
852,0.705,36.359,25.497,30.146,23.251,4.743,7.166,6.754
853,0.698,35.872,25.516,30.156,23.251,4.62,7.206,6.632
854,0.695,35.973,25.493,30.127,23.244,4.659,7.165,6.672
855,0.711,36.098,25.598,30.136,23.261,4.782,7.368,6.794
856,0.731,35.917,25.549,30.165,23.265,4.783,7.33,6.673
857,0.718,35.877,25.536,30.165,23.258,4.783,7.37,6.672
858,0.715,36.011,25.544,30.146,23.251,4.783,7.37,6.713
859,0.728,36.108,25.529,30.146,23.258,4.824,7.492,6.713
860,0.728,35.889,25.552,30.146,23.254,4.743,7.534,6.672
861,0.721,36.002,25.521,30.108,23.24,4.579,7.331,6.55
862,0.728,36.118,25.489,30.127,23.251,4.781,7.532,6.59
863,0.741,36.215,25.501,30.127,23.251,4.702,7.616,6.631
864,0.757,35.784,25.512,30.108,23.251,4.579,7.617,6.631
865,0.767,35.914,25.524,30.098,23.258,4.7,7.657,6.59
866,0.787,36.069,25.45,30.146,23.265,4.823,7.902,6.793
867,0.829,36.176,25.52,30.156,23.258,4.783,7.823,6.714
868,0.839,35.746,25.528,30.118,23.251,4.783,7.863,6.713
869,0.859,35.923,25.532,30.117,23.258,4.783,7.863,6.672
870,0.888,36.031,25.548,30.136,23.251,4.783,7.863,6.672
871,0.899,36.099,25.517,30.136,23.254,4.742,7.944,6.631
872,0.918,35.754,25.528,30.089,23.247,4.62,7.783,6.631
873,0.915,35.904,25.524,30.107,23.251,4.659,7.862,6.712
874,0.938,36.04,25.513,30.127,23.251,4.7,7.863,6.672
875,0.954,36.07,25.563,30.098,23.247,4.66,7.822,6.631
876,0.997,35.754,25.494,30.107,23.244,4.66,7.7,6.59
877,1.03,35.924,25.509,30.107,23.251,4.741,7.78,6.631
878,1.082,36.05,25.555,30.146,23.265,4.864,7.984,6.753
879,1.141,36.099,25.529,30.117,23.254,4.743,7.824,6.673
880,1.174,35.822,25.521,30.098,23.251,4.783,7.822,6.672
881,1.23,35.943,25.524,30.107,23.258,4.702,7.863,6.713
882,1.282,36.06,25.478,30.117,23.258,4.782,7.863,6.754
883,1.316,35.965,25.504,30.107,23.261,4.742,7.904,6.673
884,1.342,35.849,25.532,30.079,23.241,4.62,7.742,6.591
885,1.342,35.953,25.56,30.088,23.251,4.7,7.862,6.793
886,1.345,36.098,25.435,30.107,23.254,4.742,7.822,6.795
887,1.339,35.774,25.488,30.079,23.251,4.661,7.781,6.755
888,1.345,35.857,25.516,30.088,23.251,4.66,7.74,6.714
889,1.355,35.992,25.509,30.098,23.251,4.741,7.903,6.876
890,1.368,36.137,25.555,30.136,23.275,4.864,7.985,6.918
891,1.336,35.736,25.513,30.108,23.251,4.824,7.824,6.837
892,1.293,35.856,25.524,30.107,23.251,4.743,7.863,6.958
893,1.283,36.011,25.536,30.107,23.254,4.701,7.863,7.041
894,1.27,36.099,25.528,30.107,23.258,4.742,7.863,7.042
895,1.254,35.764,25.595,30.107,23.258,4.701,7.7,6.96
896,1.188,35.857,25.498,30.069,23.244,4.62,7.74,7.0
897,1.155,36.02,25.505,30.097,23.258,4.741,7.821,7.123
898,1.109,36.08,25.536,30.079,23.251,4.742,7.7,7.205
899,1.047,35.754,25.521,30.069,23.251,4.783,7.699,7.287
900,1.017,35.885,25.544,30.069,23.244,4.702,7.699,7.369
901,0.958,36.011,25.556,30.107,23.261,4.823,7.902,7.858
902,0.922,36.099,25.505,30.107,23.254,4.702,7.701,7.782
903,0.853,35.62,25.524,30.079,23.251,4.782,7.821,7.984
904,0.794,35.759,25.54,30.078,23.254,4.783,7.741,8.311
905,0.738,35.866,25.532,30.069,23.254,4.864,7.74,8.518
906,0.699,35.925,25.505,30.117,23.254,4.743,7.74,8.683
907,0.659,35.695,25.481,30.06,23.244,4.62,7.577,8.684
908,0.61,35.798,25.504,30.049,23.251,4.741,7.616,9.01
909,0.583,35.934,25.485,30.078,23.254,4.742,7.657,9.176
910,0.567,36.136,25.505,30.059,23.247,4.701,7.617,9.259
911,0.531,35.726,25.516,30.049,23.247,4.66,7.739,9.381
912,0.537,35.827,25.509,30.078,23.254,4.7,7.74,9.545
913,0.557,35.991,25.555,30.117,23.261,4.863,7.781,9.628
914,0.586,35.734,25.536,30.079,23.254,4.702,7.7,9.67
915,0.619,35.78,25.56,30.078,23.251,4.742,7.658,9.751
916,0.658,35.924,25.49,30.05,23.251,4.783,7.698,9.793
917,0.701,36.021,25.508,30.078,23.265,4.783,7.78,9.875
918,0.741,35.648,25.52,30.078,23.251,4.702,7.7,9.916
919,0.757,35.75,25.489,30.03,23.237,4.66,7.536,10.161
920,0.78,35.895,25.528,30.059,23.251,4.741,7.657,10.366
921,0.8,35.983,25.54,30.04,23.251,4.742,7.698,10.49
922,0.813,35.609,25.411,30.049,23.251,4.701,7.618,10.695
923,0.803,35.759,25.508,30.04,23.244,4.782,7.698,10.941
924,0.807,35.885,25.559,30.04,23.258,4.783,7.902,11.39
925,0.813,35.982,25.56,30.078,23.258,4.783,7.823,11.476
926,0.797,35.619,25.525,30.05,23.258,4.742,7.7,11.721
927,0.803,35.759,25.501,30.068,23.254,4.701,7.74,11.927
928,0.807,35.876,25.555,30.069,23.258,4.863,7.821,12.051
929,0.79,35.944,25.513,30.059,23.258,4.702,7.741,12.215
930,0.79,35.638,25.528,30.03,23.247,4.62,7.659,12.054
931,0.78,35.75,25.501,30.03,23.254,4.7,7.861,12.215
932,0.777,35.876,25.497,30.059,23.251,4.701,7.863,12.216
933,0.774,35.944,25.512,30.04,23.251,4.782,7.822,12.135
934,0.774,35.705,25.528,30.011,23.247,4.62,7.822,12.215
935,0.777,35.818,25.552,30.039,23.251,4.781,7.903,12.176
936,0.8,35.972,25.462,30.068,23.265,4.864,7.945,12.094
937,0.797,35.955,25.5,30.03,23.258,4.743,7.823,11.93
938,0.784,35.619,25.536,30.04,23.258,4.742,7.903,11.888
939,0.8,35.769,25.536,30.059,23.258,4.823,7.945,11.806
940,0.8,35.885,25.54,30.059,23.254,4.783,7.945,11.806
941,0.803,35.704,25.568,30.03,23.251,4.742,7.864,11.48
942,0.8,35.645,25.54,30.001,23.244,4.701,7.822,11.355
943,0.803,35.798,25.497,30.039,23.254,4.701,7.944,11.354
944,0.807,35.886,25.551,30.02,23.251,4.742,7.864,11.232
945,0.81,35.532,25.517,30.02,23.244,4.742,7.741,11.109
946,0.794,35.662,25.493,30.001,23.24,4.701,7.781,11.067
947,0.79,35.788,25.524,30.049,23.254,4.742,7.903,11.107
948,0.797,35.924,25.54,30.049,23.261,4.823,7.863,10.904
949,0.784,35.647,25.544,30.03,23.254,4.743,7.822,10.78
950,0.793,35.788,25.529,30.03,23.251,4.742,7.781,10.738
951,0.79,35.914,25.524,30.04,23.258,4.823,7.822,10.697
952,0.777,35.992,25.493,30.03,23.254,4.783,7.781,10.575
953,0.774,35.447,25.477,30.02,23.247,4.62,7.578,10.33
954,0.767,35.575,25.532,30.02,23.251,4.781,7.738,10.368
955,0.78,35.711,25.525,30.02,23.251,4.742,7.618,10.206
956,0.787,35.789,25.435,30.011,23.251,4.701,7.576,10.041
957,0.79,35.56,25.477,30.011,23.251,4.66,7.535,9.958
958,0.797,35.72,25.497,30.011,23.258,4.741,7.616,9.957
959,0.81,35.885,25.536,30.059,23.265,4.905,7.739,9.957
960,0.807,35.896,25.536,30.03,23.258,4.744,7.618,9.754
961,0.8,35.57,25.544,30.011,23.254,4.701,7.698,9.63
962,0.813,35.711,25.513,30.039,23.254,4.863,7.577,9.507
963,0.82,35.846,25.516,30.03,23.251,4.824,7.575,9.465
964,0.823,35.857,25.552,30.011,23.247,4.783,7.454,9.302
965,0.81,35.589,25.513,29.972,23.244,4.58,7.493,9.26
966,0.79,35.74,25.513,30.029,23.251,4.781,7.453,9.219
967,0.806,35.837,25.52,30.02,23.247,4.742,7.452,9.096
968,0.79,35.809,25.524,30.011,23.247,4.742,7.371,8.932
969,0.79,35.598,25.513,29.982,23.244,4.661,7.452,8.972
970,0.793,35.749,25.52,30.02,23.261,4.944,7.534,9.013
971,0.806,35.876,25.497,30.02,23.251,4.744,7.412,8.81
972,0.79,36.078,25.52,30.011,23.251,4.783,7.371,8.848
973,0.79,36.234,25.524,30.001,23.251,4.783,7.411,8.727
974,0.79,36.36,25.528,30.02,23.258,4.783,7.371,8.685
975,0.79,36.447,25.544,30.011,23.254,4.824,7.289,8.603
976,0.806,35.096,25.458,29.972,23.244,4.621,7.207,8.399
977,0.794,35.188,25.473,29.991,23.254,4.781,7.247,8.438
978,0.806,35.352,25.446,29.991,23.254,4.742,7.206,8.316
979,0.813,35.421,25.481,29.991,23.247,4.742,7.125,8.356
980,0.816,35.508,25.493,29.982,23.251,4.701,7.083,8.234
981,0.813,35.662,25.567,29.991,23.254,4.823,7.245,8.314
982,0.836,35.827,25.564,30.03,23.268,4.905,7.288,8.234
983,0.836,35.886,25.505,30.001,23.258,4.784,7.125,8.151
984,0.836,35.445,25.571,29.982,23.251,4.742,7.124,8.11
985,0.823,35.585,25.49,30.02,23.258,4.742,7.124,8.069
986,0.817,35.759,25.528,30.001,23.258,4.783,7.124,8.069
987,0.82,35.78,25.521,29.991,23.251,4.783,7.002,7.824
988,0.797,35.368,25.481,29.982,23.244,4.661,6.96,7.903
989,0.8,35.517,25.485,30.001,23.251,4.741,7.041,7.863
990,0.803,35.634,25.493,29.972,23.251,4.783,7.042,7.822
991,0.807,35.683,25.559,29.972,23.24,4.742,6.92,7.659
992,0.803,35.501,25.451,29.981,23.244,4.701,6.959,7.739
993,0.803,35.653,25.535,30.001,23.254,4.863,7.163,7.862
994,0.813,35.798,25.579,30.02,23.258,4.865,7.002,7.7
995,0.807,36.077,25.544,29.982,23.251,4.784,7.001,7.699
996,0.813,35.409,25.458,29.991,23.254,4.824,7.082,7.658
997,0.816,35.556,25.481,30.01,23.254,4.824,7.002,7.617
998,0.826,35.672,25.504,30.001,23.258,4.783,7.041,7.535
999,0.826,35.434,25.473,29.963,23.247,4.62,6.879,7.331
1000,0.82,35.431,25.493,29.962,23.247,4.822,6.959,7.492
1001,0.836,35.585,25.544,29.981,23.251,4.743,6.919,7.453
1002,0.836,35.663,25.521,30.029,23.251,4.742,6.959,7.371
1003,0.836,35.299,25.489,29.963,23.251,4.701,6.878,7.37
1004,0.83,35.411,25.575,29.953,23.251,4.823,7.04,7.533
1005,0.846,35.565,25.533,30.0,23.268,4.865,7.082,7.453
1006,0.843,35.644,25.544,29.982,23.254,4.784,6.961,7.33
1007,0.836,35.414,25.521,29.972,23.251,4.824,7.0,7.37
1008,0.83,35.537,25.528,30.001,23.258,4.743,7.001,7.33
1009,0.833,35.672,25.524,29.982,23.261,4.783,6.96,7.289
1010,0.833,35.75,25.521,29.962,23.254,4.661,6.96,7.166
1011,0.82,35.396,25.532,29.943,23.251,4.7,6.96,7.206
1012,0.817,35.556,25.482,29.981,23.251,4.742,6.96,7.247
1013,0.829,35.682,25.501,29.962,23.251,4.701,6.96,7.206
1014,0.813,35.731,25.512,29.972,23.254,4.66,6.96,7.084
1015,0.803,35.348,25.532,29.953,23.251,4.782,7.0,7.205
1016,0.826,35.517,25.501,30.01,23.261,4.905,7.123,7.328
1017,0.839,35.634,25.493,29.972,23.247,4.744,7.002,7.085
1018,0.83,35.654,25.489,29.981,23.251,4.823,7.041,7.286
1019,0.839,35.29,25.54,29.982,23.251,4.783,7.123,7.166
1020,0.852,35.439,25.525,29.982,23.254,4.824,7.083,7.165
1021,0.846,35.556,25.56,29.972,23.251,4.743,7.002,7.043
1022,0.836,35.548,25.497,29.972,23.244,4.62,6.96,7.001
1023,0.843,35.787,25.509,29.953,23.254,4.741,7.041,7.082
1024,0.853,35.924,25.555,29.953,23.24,4.783,6.96,7.042
1025,0.849,36.021,25.482,29.953,23.247,4.661,7.0,7.001
1026,0.827,35.495,25.516,29.943,23.251,4.741,6.96,6.96
1027,0.83,35.135,25.489,29.972,23.254,4.823,7.122,7.122
1028,0.839,35.304,25.54,30.001,23.258,4.824,7.083,7.043
1029,0.83,35.373,25.528,29.953,23.254,4.743,7.042,7.042
1030,0.826,35.364,25.524,29.962,23.258,4.823,7.042,7.001
1031,0.826,35.498,25.579,29.962,23.254,4.824,7.042,7.041
1032,0.826,35.614,25.49,29.962,23.251,4.824,7.123,7.001
1033,0.823,35.721,25.524,29.953,23.251,4.702,6.921,6.919
1034,0.82,35.127,25.552,29.924,23.247,4.701,7.0,7.0
1035,0.826,35.275,25.548,29.952,23.254,4.701,7.001,6.96
1036,0.836,35.391,25.435,29.953,23.247,4.701,6.919,6.96
1037,0.839,35.469,25.457,29.924,23.247,4.742,6.959,6.878
1038,0.846,35.25,25.493,29.933,23.258,4.742,7.0,7.081
1039,0.853,35.439,25.516,29.971,23.261,4.905,7.123,7.083
1040,0.862,35.566,25.509,29.972,23.251,4.744,7.043,6.961
1041,0.853,35.596,25.567,29.953,23.247,4.783,7.001,6.96
1042,0.866,35.299,25.486,29.953,23.254,4.783,7.001,6.96
1043,0.876,35.459,25.477,29.953,23.265,4.864,7.082,6.96
1044,0.866,35.585,25.536,29.943,23.258,4.743,6.839,6.797
1045,0.856,35.577,25.486,29.905,23.244,4.661,6.918,6.877
1046,0.853,35.183,25.508,29.933,23.258,4.7,6.919,6.877
1047,0.856,35.314,25.474,29.933,23.251,4.782,6.837,6.837
1048,0.853,35.421,25.512,29.933,23.247,4.702,6.877,6.796
1049,0.84,35.479,25.544,29.914,23.244,4.701,6.877,6.836
1050,0.846,35.365,25.532,29.952,23.261,4.904,7.0,7.04
1051,0.859,35.507,25.567,29.943,23.251,4.825,6.96,6.879
1052,0.843,35.595,25.47,29.952,23.251,4.824,6.96,6.877
1053,0.856,35.759,25.512,29.953,23.254,4.783,6.96,6.959
1054,0.853,35.329,25.552,29.933,23.261,4.824,6.96,6.878
1055,0.856,35.459,25.509,29.943,23.251,4.702,6.797,6.837
1056,0.849,35.537,25.392,29.924,23.251,4.701,6.795,6.796
1057,0.866,35.25,25.488,29.923,23.254,4.823,6.836,6.877
1058,0.862,35.295,25.52,29.933,23.254,4.743,6.796,6.796
1059,0.869,35.44,25.501,29.924,23.247,4.661,6.755,6.795
1060,0.872,35.537,25.512,29.923,23.258,4.822,6.836,6.917
1061,0.885,35.221,25.587,29.962,23.265,4.865,6.918,6.796
1062,0.885,35.324,25.486,29.933,23.254,4.702,6.878,6.755
1063,0.889,35.449,25.477,29.943,23.254,4.782,6.837,6.795
1064,0.895,35.527,25.54,29.933,23.261,4.783,6.796,6.836
1065,0.889,35.145,25.501,29.943,23.254,4.824,6.836,6.796
1066,0.879,35.285,25.505,29.933,23.247,4.743,6.755,6.673
1067,0.872,35.372,25.442,29.904,23.247,4.783,6.795,6.753
1068,0.879,35.488,25.481,29.923,23.251,4.742,6.795,6.754
1069,0.872,35.259,25.485,29.914,23.247,4.701,6.795,6.673
1070,0.863,35.391,25.489,29.885,23.247,4.701,6.714,6.713
1071,0.872,35.508,25.544,29.904,23.247,4.701,6.835,6.754
1072,0.866,35.585,25.49,29.971,23.261,4.863,6.877,6.917
1073,0.869,35.26,25.528,29.924,23.261,4.743,6.796,6.715
1074,0.866,35.391,25.56,29.914,23.251,4.742,6.877,6.794
1075,0.872,35.488,25.568,29.914,23.254,4.783,6.877,6.714
1076,0.882,35.547,25.494,29.952,23.254,4.824,6.918,6.713
1077,0.895,35.26,25.505,29.924,23.254,4.783,6.837,6.672
1078,0.882,35.382,25.485,29.895,23.237,4.62,6.714,6.631
1079,0.882,35.508,25.493,29.914,23.254,4.781,6.794,6.631
1080,0.898,35.528,25.481,29.904,23.251,4.783,6.836,6.712
1081,0.902,35.173,25.536,29.904,23.24,4.702,6.837,6.632
1082,0.912,35.314,25.497,29.895,23.247,4.701,6.877,6.59
1083,0.902,35.43,25.489,29.914,23.254,4.782,7.0,6.753
1084,0.928,35.316,25.559,29.952,23.258,4.864,6.96,6.714
1085,0.915,35.267,25.458,29.924,23.251,4.743,6.919,6.632
1086,0.905,35.41,25.524,29.923,23.258,4.783,7.041,6.672
1087,0.908,35.517,25.509,29.933,23.254,4.824,7.001,6.713
1088,0.912,35.173,25.52,29.933,23.258,4.865,7.001,6.713
1089,0.899,35.294,25.536,29.904,23.251,4.743,6.96,6.51
1090,0.886,35.392,25.497,29.885,23.244,4.742,6.878,6.549
1091,0.905,35.498,25.551,29.914,23.251,4.701,7.0,6.63
1092,0.892,35.183,25.497,29.904,23.251,4.742,6.919,6.631
1093,0.895,35.323,25.489,29.914,23.247,4.701,6.959,6.631
1094,0.886,35.43,25.536,29.895,23.251,4.742,6.96,6.712
1095,0.905,35.527,25.513,29.933,23.268,4.945,7.041,6.794
1096,0.928,35.193,25.559,29.914,23.254,4.866,7.082,6.673
1097,0.915,35.323,25.486,29.914,23.251,4.784,7.042,6.672
1098,0.922,35.44,25.551,29.914,23.254,4.783,6.96,6.631
1099,0.922,35.518,25.529,29.914,23.251,4.824,7.082,6.672
1100,0.935,35.279,25.513,29.923,23.261,4.824,7.002,6.672
1101,0.935,35.372,25.544,29.876,23.244,4.702,6.838,6.55
1102,0.938,35.488,25.501,29.885,23.251,4.742,6.958,6.671
1103,0.954,35.566,25.516,29.894,23.251,4.742,6.96,6.631
1104,0.954,35.203,25.513,29.914,23.244,4.783,6.919,6.631
1105,0.951,35.333,25.392,29.895,23.247,4.661,6.959,6.672
1106,0.938,35.459,25.457,29.894,23.251,4.782,7.041,6.713
1107,0.954,35.518,25.504,29.952,23.268,4.905,7.042,6.754
1108,0.951,35.394,25.52,29.914,23.251,4.825,6.96,6.673
1109,0.945,35.527,25.509,29.904,23.254,4.824,6.96,6.713
1110,0.948,35.624,25.509,29.923,23.258,4.824,6.96,6.632
1111,0.951,35.587,25.54,29.904,23.254,4.824,7.041,6.631
1112,0.948,35.356,25.528,29.904,23.254,4.702,6.92,6.55
1113,0.941,35.459,25.505,29.885,23.244,4.823,6.919,6.712
1114,0.951,35.566,25.532,29.885,23.251,4.865,6.959,6.672
1115,0.948,35.433,25.482,29.885,23.251,4.743,6.797,6.631
1116,0.958,35.527,25.512,29.894,23.247,4.742,6.795,6.55
1117,0.968,35.662,25.485,29.885,23.244,4.661,6.917,6.712
1118,0.984,35.76,25.524,29.923,23.261,4.904,7.081,6.754
1119,0.994,35.406,25.521,29.895,23.251,4.825,6.92,6.632
1120,0.984,35.546,25.524,29.904,23.254,4.783,6.919,6.712
1121,1.0,35.663,25.56,29.914,23.258,4.824,6.919,6.632
1122,1.007,35.75,25.521,29.895,23.258,4.865,6.919,6.672
1123,1.01,35.492,25.532,29.894,23.251,4.824,6.878,6.591
1124,1.004,35.595,25.528,29.866,23.24,4.702,6.715,6.549
1125,1.004,35.74,25.521,29.904,23.251,4.782,6.876,6.63
1126,1.004,35.847,25.517,29.885,23.254,4.783,6.796,6.59
1127,0.997,35.761,25.513,29.885,23.247,4.742,6.755,6.549
1128,0.997,35.904,25.524,29.875,23.244,4.742,6.795,6.59
1129,0.994,36.011,25.485,29.923,23.254,4.823,6.877,6.793
1130,1.013,36.118,25.512,29.923,23.261,4.865,6.877,6.714
1131,1.001,35.735,25.544,29.895,23.254,4.824,6.837,6.632
1132,1.0,35.914,25.501,29.904,23.254,4.865,6.877,6.712
1133,0.997,36.031,25.489,29.914,23.251,4.824,6.877,6.713
1134,1.013,36.051,25.52,29.914,23.254,4.865,6.837,6.713
1135,1.02,35.927,25.45,29.876,23.254,4.743,6.674,6.551
1136,1.017,36.04,25.473,29.885,23.251,4.783,6.713,6.63
1137,1.036,36.185,25.465,29.894,23.251,4.783,6.794,6.672
1138,1.024,36.532,25.524,29.875,23.251,4.783,6.673,6.631
1139,1.036,36.027,25.513,29.885,23.247,4.742,6.713,6.631
1140,1.04,36.185,25.513,29.885,23.251,4.864,6.794,6.753
1141,1.059,36.321,25.579,29.904,23.258,4.906,6.917,6.795
1142,1.066,36.179,25.541,29.895,23.251,4.825,6.715,6.673
1143,1.069,36.206,25.532,29.894,23.251,4.743,6.754,6.672
1144,1.076,36.34,25.579,29.894,23.254,4.905,6.754,6.631
1145,1.079,36.476,25.486,29.914,23.247,4.906,6.754,6.753
1146,1.07,36.305,25.501,29.895,23.261,4.865,6.714,6.632
1147,1.056,36.418,25.47,29.856,23.244,4.743,6.632,6.631
1148,1.063,36.544,25.52,29.894,23.251,4.823,6.753,6.672
1149,1.06,36.632,25.489,29.885,23.251,4.824,6.673,6.672
1150,1.063,36.287,25.505,29.894,23.247,4.783,6.753,6.631
1151,1.063,36.418,25.555,29.894,23.251,4.742,6.754,6.631
1152,1.063,36.573,25.536,29.923,23.261,4.986,6.917,6.875
1153,1.073,36.661,25.513,29.923,23.258,4.826,6.837,6.715
1154,1.063,36.527,25.536,29.914,23.254,4.783,6.837,6.754
1155,1.079,36.679,25.474,29.914,23.254,4.824,6.796,6.754
1156,1.089,36.796,25.493,29.914,23.258,4.824,6.877,6.714
1157,1.102,36.855,25.489,29.904,23.258,4.865,6.877,6.713
1158,1.089,36.692,25.501,29.866,23.247,4.784,6.796,6.672
1159,1.099,36.853,25.497,29.904,23.254,4.864,6.917,6.631
1160,1.102,36.941,25.512,29.895,23.251,4.824,6.878,6.631
1161,1.112,36.981,25.513,29.885,23.251,4.824,6.877,6.672
1162,1.119,36.799,25.536,29.885,23.247,4.783,6.877,6.631
1163,1.129,36.931,25.521,29.885,23.254,4.905,7.04,6.712
1164,1.142,37.048,25.579,29.894,23.258,4.825,6.96,6.672
1165,1.129,37.058,25.498,29.885,23.251,4.865,7.0,6.713
1166,1.119,37.106,25.505,29.894,23.254,4.865,7.001,6.713
1167,1.122,37.203,25.528,29.894,23.258,4.824,7.041,6.632
1168,1.129,37.328,25.517,29.904,23.258,4.905,7.001,6.672
1169,1.112,37.253,25.489,29.875,23.244,4.744,6.879,6.591
1170,1.102,37.166,25.516,29.875,23.247,4.823,6.918,6.671
1171,1.112,37.318,25.528,29.875,23.251,4.743,7.0,6.672
1172,1.099,37.406,25.521,29.894,23.251,4.783,6.96,6.672
1173,1.096,37.081,25.474,29.885,23.244,4.864,6.878,6.631
1174,1.096,37.183,25.497,29.875,23.251,4.824,6.959,6.753
1175,1.112,37.328,25.489,29.894,23.265,4.987,7.082,6.795
1176,1.128,37.426,25.505,29.875,23.251,4.826,6.961,6.714
1177,1.129,37.187,25.524,29.885,23.258,4.783,6.96,6.754
1178,1.129,37.309,25.517,29.894,23.251,4.864,6.96,6.714
1179,1.142,37.435,25.52,29.894,23.254,4.865,6.96,6.713
1180,1.142,37.532,25.54,29.894,23.254,4.865,6.919,6.672
1181,1.132,37.361,25.521,29.875,23.237,4.743,6.796,6.672
1182,1.148,37.512,25.513,29.894,23.251,4.783,6.877,6.672
1183,1.148,37.648,25.466,29.875,23.254,4.824,6.837,6.713
1184,1.145,37.678,25.532,29.856,23.247,4.783,6.796,6.632
1185,1.135,37.372,25.443,29.875,23.24,4.783,6.795,6.672
1186,1.132,37.531,25.477,29.885,23.254,4.986,6.958,6.875
1187,1.142,37.677,25.536,29.914,23.261,4.948,6.919,6.715
1188,1.119,37.688,25.505,29.885,23.251,4.825,6.919,6.754
1189,1.102,37.573,25.524,29.885,23.251,4.865,6.837,6.673
1190,1.109,37.716,25.528,29.875,23.254,4.784,6.877,6.794
1191,1.106,37.813,25.544,29.894,23.251,4.783,6.918,6.755
1192,1.089,37.833,25.513,29.885,23.251,4.783,6.796,6.632
1193,1.073,37.728,25.458,29.837,23.251,4.742,6.877,6.753
1194,1.073,37.871,25.528,29.875,23.251,4.823,6.918,6.754
1195,1.066,37.949,25.482,29.865,23.251,4.743,6.796,6.673
1196,1.076,37.978,25.458,29.885,23.244,4.701,6.795,6.631
1197,1.06,37.605,25.469,29.866,23.247,4.742,6.836,6.631
1198,1.05,37.735,25.493,29.885,23.254,4.864,7.04,6.794
1199,1.066,37.89,25.52,29.914,23.261,4.824,6.879,6.795
1200,1.063,37.613,25.528,29.885,23.254,4.783,6.877,6.714
1201,1.056,37.697,25.532,29.894,23.258,4.783,7.0,6.794
1202,1.06,37.803,25.509,29.875,23.258,4.864,6.919,6.673
1203,1.06,37.9,25.458,29.885,23.261,4.865,6.878,6.672
1204,1.05,37.729,25.528,29.866,23.251,4.662,6.796,6.591
1205,1.024,37.852,25.368,29.856,23.251,4.782,6.836,6.631
1206,1.02,37.997,25.488,29.875,23.258,4.824,6.877,6.672
1207,1.01,38.056,25.493,29.875,23.251,4.743,6.837,6.631
1208,0.994,37.586,25.497,29.856,23.244,4.742,6.796,6.55
1209,0.984,37.725,25.524,29.846,23.244,4.742,6.836,6.63
1210,0.978,37.871,25.521,29.904,23.275,4.905,6.999,6.794
1211,0.968,37.92,25.575,29.885,23.258,4.784,6.879,6.714
1212,0.955,37.681,25.533,29.875,23.251,4.864,6.877,6.672
1213,0.941,37.822,25.493,29.885,23.254,4.824,6.877,6.672
1214,0.938,37.92,25.548,29.885,23.258,4.865,6.959,6.631
1215,0.938,37.949,25.466,29.885,23.251,4.824,6.756,6.631
1216,0.925,37.739,25.465,29.846,23.24,4.702,6.795,6.55
1217,0.931,37.88,25.465,29.856,23.258,4.782,6.795,6.63
1218,0.935,38.006,25.504,29.865,23.247,4.783,6.836,6.55
1219,0.918,38.027,25.497,29.875,23.247,4.742,6.796,6.508
1220,0.915,37.797,25.509,29.865,23.247,4.701,6.755,6.549
1221,0.909,37.929,25.532,29.875,23.254,4.904,6.917,6.752
1222,0.928,38.084,25.505,29.904,23.258,4.825,6.796,6.592
1223,0.909,38.076,25.485,29.866,23.254,4.783,6.755,6.549
1224,0.902,37.778,25.524,29.885,23.254,4.783,6.754,6.63
1225,0.902,37.929,25.474,29.866,23.254,4.824,6.754,6.672
1226,0.889,38.045,25.477,29.875,23.251,4.824,6.714,6.631
1227,0.876,37.73,25.446,29.875,23.254,4.743,6.632,6.468
1228,0.856,37.669,25.469,29.856,23.24,4.783,6.794,6.548
1229,0.853,37.813,25.508,29.865,23.254,4.824,6.755,6.508
1230,0.843,37.91,25.497,29.846,23.24,4.743,6.714,6.467
1231,0.839,37.805,25.567,29.865,23.244,4.742,6.632,6.467
1232,0.826,37.939,25.525,29.856,23.244,4.783,6.794,6.589
1233,0.839,38.084,25.536,29.894,23.265,4.905,6.877,6.753
1234,0.839,38.162,25.556,29.866,23.254,4.825,6.837,6.592
1235,0.826,37.664,25.497,29.885,23.251,4.824,6.837,6.59
1236,0.826,37.803,25.477,29.856,23.258,4.824,6.796,6.549
1237,0.83,37.91,25.465,29.875,23.258,4.824,6.836,6.59
1238,0.826,37.997,25.493,29.894,23.258,4.824,6.837,6.549
1239,0.826,37.71,25.473,29.837,23.244,4.661,6.674,6.386
1240,0.826,37.871,25.469,29.865,23.258,4.822,6.794,6.507
1241,0.836,37.987,25.508,29.856,23.254,4.743,6.795,6.508
1242,0.836,38.036,25.505,29.837,23.24,4.701,6.795,6.467
1243,0.83,37.672,25.458,29.836,23.244,4.742,6.714,6.426
1244,0.826,37.813,25.539,29.846,23.251,4.823,6.835,6.588
1245,0.833,37.967,25.489,29.884,23.265,4.865,6.837,6.59
1246,0.807,37.988,25.485,29.856,23.254,4.743,6.796,6.549
1247,0.807,37.691,25.501,29.884,23.254,4.783,6.836,6.59
1248,0.807,37.832,25.493,29.875,23.261,4.824,6.796,6.59
1249,0.803,37.968,25.532,29.865,23.261,4.865,6.877,6.509
1250,0.794,37.979,25.517,29.865,23.251,4.784,6.755,6.427
1251,0.787,37.576,25.517,29.837,23.251,4.742,6.714,6.629
1252,0.787,37.754,25.54,29.856,23.251,4.783,6.794,6.631
1253,0.784,37.833,25.482,29.856,23.251,4.783,6.755,6.55
1254,0.774,37.824,25.524,29.856,23.251,4.661,6.714,6.508
1255,0.774,37.757,25.501,29.846,23.251,4.741,6.794,6.63
1256,0.793,37.909,25.52,29.894,23.265,4.945,6.877,6.712
1257,0.793,38.007,25.501,29.856,23.251,4.785,6.755,6.551
1258,0.787,37.586,25.516,29.856,23.251,4.824,6.836,6.59
1259,0.8,37.687,25.52,29.856,23.254,4.824,6.877,6.549
1260,0.794,37.794,25.548,29.856,23.254,4.783,6.837,6.63
1261,0.797,37.881,25.521,29.856,23.251,4.702,6.714,6.509
1262,0.794,37.517,25.478,29.846,23.251,4.823,6.794,6.467
1263,0.803,37.696,25.485,29.856,23.254,4.824,6.795,6.507
1264,0.794,37.794,25.54,29.846,23.247,4.702,6.755,6.508
1265,0.787,37.891,25.427,29.846,23.244,4.742,6.754,6.467
1266,0.78,37.565,25.469,29.846,23.244,4.742,6.795,6.589
1267,0.79,37.735,25.5,29.904,23.265,4.945,6.958,6.712
1268,0.79,37.852,25.505,29.875,23.254,4.785,6.797,6.591
1269,0.777,37.901,25.516,29.865,23.261,4.864,6.795,6.59
1270,0.761,37.662,25.497,29.865,23.258,4.784,6.795,6.631
1271,0.77,37.803,25.536,29.865,23.261,4.824,6.836,6.631
1272,0.767,37.929,25.536,29.875,23.258,4.743,6.755,6.59
1273,0.757,37.93,25.489,29.827,23.244,4.701,6.714,6.549
1274,0.764,37.528,25.551,29.855,23.258,4.701,6.754,6.63
1275,0.764,37.667,25.501,29.875,23.251,4.742,6.754,6.55
1276,0.774,37.784,25.489,29.856,23.254,4.661,6.754,6.468
1277,0.767,37.785,25.489,29.837,23.251,4.741,6.754,6.548
1278,0.787,37.622,25.516,29.884,23.261,4.905,6.957,6.712
1279,0.797,37.783,25.548,29.885,23.265,4.744,6.838,6.591
1280,0.781,37.871,25.501,29.875,23.258,4.742,6.877,6.631
1281,0.79,38.112,25.563,29.856,23.251,4.823,6.837,6.672
1282,0.806,37.625,25.529,29.856,23.261,4.865,6.918,6.631
1283,0.797,37.745,25.489,29.856,23.258,4.865,6.878,6.55
1284,0.781,37.804,25.54,29.837,23.241,4.662,6.796,6.549
1285,0.787,37.565,25.435,29.865,23.254,4.7,6.877,6.549
1286,0.777,37.629,25.469,29.856,23.254,4.742,6.918,6.549
1287,0.777,37.726,25.477,29.837,23.247,4.701,6.878,6.508
1288,0.774,37.804,25.497,29.846,23.254,4.782,6.959,6.589
1289,0.777,37.478,25.536,29.894,23.261,4.905,7.163,6.631
1290,0.774,37.6,25.497,29.856,23.251,4.825,7.043,6.55
1291,0.771,37.687,25.548,29.856,23.254,4.783,7.001,6.63
1292,0.764,37.784,25.505,29.865,23.254,4.905,7.082,6.631
1293,0.767,37.564,25.489,29.875,23.258,4.865,7.123,6.631
1294,0.767,37.696,25.536,29.856,23.247,4.702,7.002,6.55
1295,0.754,37.784,25.419,29.837,23.244,4.701,7.001,6.59
1296,0.767,37.881,25.48,29.856,23.251,4.742,7.001,6.509
1297,0.77,37.45,25.465,29.856,23.251,4.742,7.041,6.549
1298,0.774,37.571,25.477,29.846,23.251,4.701,7.001,6.468
1299,0.784,37.687,25.501,29.846,23.247,4.782,7.001,6.589
1300,0.793,37.774,25.509,29.865,23.265,4.864,7.123,6.712
1301,0.8,37.526,25.559,29.865,23.254,4.824,7.083,6.551
1302,0.794,37.658,25.513,29.865,23.258,4.824,7.042,6.59
1303,0.806,37.745,25.528,29.846,23.251,4.865,7.001,6.549
1304,0.8,37.794,25.509,29.865,23.251,4.743,7.163,6.549
1305,0.803,37.526,25.501,29.856,23.251,4.823,7.043,6.549
1306,0.787,37.6,25.434,29.827,23.237,4.661,6.96,6.427
1307,0.78,37.745,25.488,29.855,23.251,4.741,7.0,6.466
1308,0.777,37.756,25.508,29.856,23.251,4.823,7.001,6.507
1309,0.774,37.602,25.466,29.827,23.247,4.743,7.001,6.345
1310,0.771,37.706,25.473,29.827,23.244,4.783,6.96,6.425
1311,0.761,37.813,25.504,29.836,23.254,4.742,7.122,6.548
1312,0.774,37.661,25.513,29.884,23.261,4.823,7.083,6.549
1313,0.761,37.573,25.489,29.856,23.251,4.824,6.961,6.468
1314,0.761,37.697,25.52,29.856,23.261,4.824,7.0,6.426
1315,0.77,37.794,25.489,29.875,23.254,4.824,7.001,6.548
1316,0.777,37.478,25.493,29.875,23.258,4.783,6.96,6.549
1317,0.777,37.561,25.477,29.837,23.251,4.661,6.919,6.264
1318,0.777,37.658,25.469,29.827,23.251,4.741,7.0,6.424
1319,0.787,37.755,25.469,29.855,23.254,4.783,6.919,6.385
1320,0.79,37.372,25.497,29.837,23.251,4.742,6.919,6.385
1321,0.797,37.512,25.524,29.836,23.247,4.701,6.919,6.385
1322,0.797,37.619,25.509,29.846,23.251,4.742,6.919,6.507
1323,0.81,37.745,25.505,29.884,23.265,4.905,7.122,6.549
1324,0.81,37.411,25.528,29.846,23.251,4.744,6.961,6.427
1325,0.81,37.561,25.54,29.913,23.254,4.783,7.0,6.507
1326,0.794,37.687,25.509,29.856,23.251,4.783,7.001,6.427
1327,0.787,37.765,25.516,29.856,23.254,4.783,6.919,6.426
1328,0.793,37.497,25.493,29.856,23.251,4.742,6.959,6.344
1329,0.774,37.619,25.493,29.808,23.237,4.661,6.838,6.343
1330,0.761,37.745,25.473,29.855,23.244,4.741,6.877,6.343
1331,0.77,37.794,25.512,29.846,23.247,4.742,6.837,6.384
1332,0.767,37.459,25.509,29.846,23.247,4.701,6.837,6.385
1333,0.77,37.599,25.446,29.837,23.251,4.742,6.877,6.344
1334,0.767,37.687,25.524,29.865,23.265,4.742,6.959,6.588
1335,0.78,37.774,25.47,29.894,23.258,4.823,6.878,6.468
1336,0.78,37.478,25.477,29.847,23.258,4.783,6.918,6.426
1337,0.787,37.6,25.512,29.856,23.254,4.824,6.837,6.466
1338,0.79,37.716,25.513,29.856,23.254,4.743,6.918,6.467
1339,0.8,37.698,25.544,29.865,23.254,4.742,6.959,6.426
1340,0.8,37.544,25.497,29.856,23.254,4.661,6.878,6.304
1341,0.794,37.6,25.528,29.846,23.247,4.741,6.918,6.343
1342,0.806,37.745,25.524,29.837,23.254,4.701,6.959,6.343
1343,0.813,37.411,25.489,29.836,23.254,4.701,6.96,6.262
1344,0.81,37.503,25.536,29.827,23.247,4.66,6.919,6.302
1345,0.797,37.619,25.486,29.827,23.258,4.7,7.041,6.425
1346,0.8,37.755,25.489,29.865,23.268,4.945,7.204,6.466
1347,0.803,37.42,25.52,29.865,23.254,4.825,7.084,6.507
1348,0.8,37.522,25.505,29.865,23.258,4.783,7.123,6.386
1349,0.781,37.648,25.52,29.865,23.251,4.783,7.165,6.466
1350,0.79,37.745,25.505,29.865,23.251,4.783,7.246,6.467
1351,0.78,37.449,25.555,29.856,23.254,4.783,7.206,6.386
1352,0.777,37.561,25.521,29.837,23.247,4.702,7.165,6.385
1353,0.777,37.696,25.462,29.856,23.254,4.701,7.287,6.425
1354,0.767,37.765,25.512,29.837,23.244,4.742,7.125,6.344
1355,0.764,37.459,25.392,29.836,23.247,4.661,7.246,6.343
1356,0.78,37.561,25.461,29.827,23.244,4.66,7.206,6.425
1357,0.787,37.687,25.477,29.865,23.254,4.822,7.45,6.548
1358,0.797,37.774,25.508,29.885,23.261,4.783,7.33,6.427
1359,0.797,37.43,25.493,29.856,23.254,4.742,7.329,6.426
1360,0.8,37.57,25.473,29.865,23.258,4.701,7.329,6.466
1361,0.797,37.677,25.497,29.846,23.254,4.823,7.37,6.467
1362,0.807,37.717,25.493,29.856,23.261,4.783,7.248,6.345
1363,0.813,37.42,25.524,29.827,23.241,4.661,7.084,6.343
1364,0.797,37.532,25.517,29.836,23.251,4.741,7.245,6.343
1365,0.8,37.667,25.528,29.827,23.251,4.742,7.247,6.384
1366,0.8,38.014,25.509,29.836,23.251,4.701,7.206,6.344
1367,0.787,37.471,25.513,29.827,23.244,4.66,7.165,6.343
1368,0.787,37.6,25.536,29.846,23.251,4.741,7.246,6.506
1369,0.797,37.726,25.536,29.875,23.261,4.905,7.288,6.467
1370,0.79,37.334,25.528,29.856,23.258,4.744,7.166,6.345
1371,0.771,37.33,25.548,29.837,23.251,4.742,7.165,6.425
1372,0.78,37.445,25.493,29.865,23.258,4.823,7.124,6.507
1373,0.764,37.561,25.481,29.865,23.261,4.783,7.165,6.386
1374,0.774,37.361,25.524,29.846,23.251,4.742,7.124,6.466
1375,0.764,37.455,25.45,29.808,23.247,4.62,7.002,6.345
1376,0.774,37.599,25.45,29.836,23.251,4.741,7.041,6.425
1377,0.784,37.687,25.45,29.836,23.251,4.742,6.96,6.385
1378,0.784,37.391,25.508,29.836,23.24,4.701,7.0,6.344
1379,0.784,37.532,25.47,29.836,23.251,4.742,6.96,6.343
1380,0.784,37.648,25.497,29.846,23.258,4.823,7.082,6.588
1381,0.797,37.755,25.489,29.875,23.268,4.865,7.123,6.468
1382,0.794,37.113,25.485,29.846,23.258,4.784,7.002,6.386
1383,0.806,37.27,25.512,29.856,23.254,4.824,7.082,6.425
1384,0.807,37.367,25.493,29.846,23.254,4.824,7.042,6.466
1385,0.803,37.455,25.501,29.865,23.261,4.783,7.042,6.548
1386,0.797,37.331,25.45,29.837,23.254,4.702,6.96,6.346
1387,0.777,37.435,25.516,29.827,23.244,4.742,7.0,6.425
1388,0.78,37.571,25.501,29.836,23.244,4.742,7.001,6.385
1389,0.774,37.601,25.501,29.846,23.244,4.701,7.001,6.425
1390,0.774,37.102,25.493,29.808,23.244,4.742,7.041,6.344
1391,0.771,37.222,25.544,29.807,23.247,4.661,7.123,6.425
1392,0.774,37.367,25.517,29.855,23.261,4.822,7.287,6.629
1393,0.774,37.397,25.478,29.875,23.247,4.783,7.166,6.468
1394,0.767,37.321,25.551,29.837,23.254,4.824,7.165,6.548
1395,0.767,37.454,25.49,29.856,23.254,4.824,7.206,6.508
1396,0.777,37.571,25.497,29.856,23.254,4.783,7.206,6.508
1397,0.78,37.342,25.462,29.846,23.258,4.824,7.165,6.427
1398,0.784,37.196,25.473,29.827,23.241,4.743,7.084,6.263
1399,0.777,37.309,25.473,29.836,23.258,4.701,7.123,6.384
1400,0.787,37.435,25.45,29.836,23.247,4.66,7.165,6.425
1401,0.787,37.043,25.465,29.827,23.244,4.741,7.206,6.344
1402,0.787,37.135,25.477,29.817,23.244,4.742,7.084,6.262
1403,0.813,37.251,25.489,29.836,23.247,4.742,7.205,6.424
1404,0.816,37.367,25.516,29.865,23.261,4.945,7.287,6.548
1405,0.8,37.234,25.524,29.846,23.251,4.825,7.166,6.427
1406,0.784,37.367,25.493,29.837,23.258,4.743,7.165,6.426
1407,0.771,37.464,25.524,29.836,23.247,4.783,7.124,6.426
1408,0.774,37.561,25.497,29.856,23.254,4.824,7.165,6.548
1409,0.774,37.169,25.524,29.856,23.254,4.743,7.165,6.346
1410,0.761,37.261,25.474,29.808,23.24,4.661,7.124,6.384
1411,0.761,37.377,25.555,29.846,23.251,4.782,7.124,6.385
1412,0.764,37.455,25.517,29.837,23.251,4.742,7.083,6.425
1413,0.754,37.063,25.458,29.827,23.244,4.701,7.205,6.385
1414,0.754,37.174,25.543,29.817,23.247,4.742,7.206,6.425
1415,0.748,37.309,25.47,29.855,23.258,4.783,7.369,6.548
1416,0.78,37.397,25.528,29.856,23.258,4.824,7.37,6.468
1417,0.767,37.139,25.517,29.827,23.258,4.824,7.37,6.548
1418,0.77,37.261,25.552,29.855,23.254,4.783,7.33,6.468
1419,0.78,37.377,25.517,29.865,23.254,4.864,7.492,6.589
1420,0.79,37.426,25.493,29.856,23.254,4.824,7.453,6.468
1421,0.78,37.081,25.434,29.817,23.24,4.743,7.371,6.345
1422,0.78,37.193,25.461,29.836,23.247,4.783,7.411,6.466
1423,0.787,37.309,25.524,29.827,23.247,4.783,7.452,6.386
1424,0.78,37.416,25.442,29.817,23.251,4.824,7.412,6.425
1425,0.787,37.139,25.434,29.827,23.251,4.702,7.452,6.426
1426,0.777,37.261,25.457,29.827,23.258,4.742,7.493,6.548
1427,0.78,37.387,25.535,29.865,23.265,4.986,7.534,6.549
1428,0.777,37.071,25.482,29.837,23.251,4.785,7.453,6.508
1429,0.771,37.087,25.524,29.836,23.254,4.824,7.493,6.549
1430,0.767,37.231,25.509,29.827,23.258,4.824,7.453,6.549
1431,0.774,37.31,25.54,29.855,23.258,4.783,7.493,6.59
1432,0.761,37.051,25.505,29.846,23.247,4.824,7.331,6.549
1433,0.748,37.154,25.493,29.808,23.244,4.702,7.289,6.468
1434,0.751,37.29,25.493,29.826,23.251,4.823,7.329,6.548
1435,0.751,37.387,25.469,29.865,23.254,4.824,7.289,6.549
1436,0.748,37.004,25.481,29.808,23.247,4.783,7.288,6.549
1437,0.754,37.106,25.493,29.817,23.244,4.824,7.288,6.549
1438,0.754,37.27,25.493,29.855,23.261,4.946,7.451,6.752
1439,0.78,37.367,25.477,29.856,23.254,4.866,7.33,6.592
1440,0.767,36.947,25.501,29.837,23.251,4.824,7.248,6.549
1441,0.774,37.105,25.473,29.836,23.251,4.824,7.247,6.63
1442,0.774,37.222,25.493,29.836,23.254,4.865,7.288,6.631
1443,0.787,37.271,25.532,29.836,23.254,4.824,7.247,6.631
1444,0.787,37.07,25.462,29.827,23.247,4.702,7.084,6.428
1445,0.771,37.183,25.485,29.827,23.244,4.742,7.286,6.588
1446,0.764,37.328,25.477,29.808,23.247,4.742,7.207,6.549
1447,0.764,37.358,25.524,29.817,23.247,4.783,7.165,6.549
1448,0.764,37.023,25.501,29.836,23.247,4.742,7.124,6.508
1449,0.754,37.154,25.493,29.808,23.251,4.742,7.165,6.63
1450,0.764,37.29,25.516,29.855,23.265,4.905,7.328,6.712
1451,0.757,37.301,25.517,29.827,23.251,4.825,7.207,6.551
1452,0.748,37.061,25.493,29.836,23.261,4.824,7.206,6.671
1453,0.751,37.193,25.501,29.846,23.251,4.783,7.206,6.672
1454,0.751,37.29,25.493,29.846,23.254,4.824,7.287,6.591
1455,0.751,37.118,25.512,29.846,23.251,4.865,7.125,6.468
1456,0.748,37.078,25.481,29.808,23.247,4.743,7.083,6.507
1457,0.757,37.203,25.497,29.826,23.251,4.823,7.205,6.549
1458,0.764,37.309,25.493,29.836,23.254,4.783,7.165,6.508
1459,0.761,36.917,25.485,29.817,23.247,4.742,7.246,6.427
1460,0.757,37.028,25.489,29.827,23.244,4.823,7.206,6.629
1461,0.774,37.173,25.524,29.855,23.265,5.027,7.369,6.753
1462,0.777,37.261,25.497,29.856,23.254,4.785,7.248,6.51
1463,0.78,36.878,25.509,29.837,23.254,4.824,7.206,6.589
1464,0.777,37.018,25.474,29.836,23.254,4.865,7.125,6.509
1465,0.777,37.135,25.489,29.836,23.251,4.824,7.205,6.589
1466,0.764,37.222,25.477,29.856,23.251,4.824,7.165,6.549
1467,0.761,37.012,25.473,29.808,23.244,4.661,7.084,6.386
1468,0.748,37.154,25.458,29.826,23.254,4.822,7.164,6.507
1469,0.751,37.29,25.461,29.836,23.251,4.783,7.043,6.549
1470,0.751,37.339,25.473,29.827,23.251,4.783,7.082,6.508
1471,0.748,36.994,25.497,29.817,23.247,4.742,7.002,6.386
1472,0.744,37.115,25.505,29.836,23.254,4.783,7.123,6.588
1473,0.754,37.251,25.509,29.875,23.268,4.946,7.287,6.671
1474,0.757,37.281,25.509,29.827,23.251,4.866,7.085,6.55
1475,0.748,36.994,25.497,29.875,23.254,4.824,7.083,6.59
1476,0.76,37.115,25.466,29.837,23.254,4.865,7.083,6.549
1477,0.767,37.213,25.504,29.856,23.258,4.906,7.123,6.59
1478,0.764,37.242,25.501,29.846,23.251,4.784,6.961,6.549
1479,0.767,37.032,25.473,29.789,23.244,4.742,6.96,6.549
1480,0.77,37.192,25.497,29.817,23.254,4.823,7.041,6.508
1481,0.774,37.28,25.497,29.817,23.247,4.743,7.001,6.508
1482,0.764,37.137,25.489,29.827,23.244,4.823,7.041,6.467
1483,0.77,36.935,25.497,29.788,23.251,4.743,7.001,6.467
1484,0.767,37.096,25.512,29.845,23.258,4.864,7.163,6.629
1485,0.783,37.222,25.516,29.846,23.258,4.865,7.043,6.55
1486,0.764,36.916,25.481,29.837,23.258,4.784,7.082,6.549
1487,0.764,36.99,25.504,29.836,23.254,4.824,7.083,6.549
1488,0.764,37.125,25.466,29.817,23.261,4.865,7.083,6.63
1489,0.757,37.222,25.465,29.836,23.258,4.824,7.083,6.59
1490,0.744,36.878,25.446,29.808,23.247,4.661,6.92,6.427
1491,0.734,37.028,25.465,29.817,23.251,4.863,7.081,6.507
1492,0.747,37.164,25.489,29.827,23.251,4.824,7.042,6.508
1493,0.744,37.251,25.446,29.827,23.247,4.783,7.042,6.467
1494,0.747,36.83,25.485,29.808,23.251,4.702,7.001,6.467
1495,0.734,36.989,25.426,29.826,23.251,4.823,7.041,6.589
1496,0.764,37.144,25.5,29.865,23.265,5.027,7.245,6.59
1497,0.764,37.184,25.509,29.827,23.251,4.826,7.044,6.549
1498,0.764,36.916,25.497,29.836,23.251,4.865,7.123,6.549
1499,0.774,37.076,25.512,29.827,23.254,4.824,7.083,6.468
1500,0.771,37.183,25.516,29.846,23.258,4.865,7.083,6.589
1501,0.777,37.232,25.489,29.846,23.251,4.906,6.961,6.468
1502,0.764,36.897,25.489,29.808,23.244,4.744,6.919,6.507
1503,0.774,37.057,25.493,29.826,23.251,4.823,6.959,6.549
1504,0.774,37.174,25.477,29.827,23.244,4.824,7.041,6.468
1505,0.767,37.194,25.481,29.827,23.251,4.783,6.96,6.507
1506,0.757,36.916,25.458,29.827,23.247,4.783,6.878,6.508
1507,0.761,37.057,25.532,29.846,23.254,4.905,7.0,6.67
1508,0.774,37.202,25.509,29.856,23.258,4.947,7.041,6.591
1509,0.751,37.453,25.516,29.817,23.247,4.866,6.96,6.631
1510,0.741,36.957,25.517,29.846,23.258,4.824,6.919,6.631
1511,0.751,37.067,25.489,29.837,23.254,4.824,7.0,6.672
1512,0.754,37.193,25.493,29.865,23.251,4.905,7.001,6.631
1513,0.738,36.849,25.477,29.837,23.244,4.784,6.879,6.509
1514,0.731,36.826,25.465,29.798,23.244,4.742,6.877,6.63
1515,0.744,36.989,25.461,29.826,23.251,4.823,6.918,6.59
1516,0.754,37.077,25.442,29.827,23.251,4.824,6.878,6.549
1517,0.748,36.886,25.481,29.817,23.251,4.783,6.837,6.549
1518,0.747,37.018,25.473,29.798,23.244,4.824,6.918,6.63
1519,0.76,37.135,25.516,29.855,23.254,4.946,7.0,6.753
1520,0.77,37.261,25.493,29.837,23.254,4.825,6.919,6.632
1521,0.761,36.744,25.509,29.836,23.251,4.824,6.919,6.55
1522,0.767,36.902,25.497,29.827,23.251,4.905,6.919,6.671
1523,0.78,37.038,25.528,29.827,23.251,4.865,6.959,6.631
1524,0.774,37.106,25.493,29.836,23.258,4.824,6.96,6.631
1525,0.771,36.848,25.473,29.808,23.247,4.743,6.878,6.509
1526,0.757,36.97,25.477,29.836,23.251,4.864,7.0,6.549
1527,0.761,37.086,25.524,29.817,23.251,4.784,6.96,6.59
1528,0.754,37.155,25.454,29.827,23.244,4.742,6.96,6.549
1529,0.748,36.81,25.496,29.808,23.247,4.823,7.0,6.508
1530,0.741,36.96,25.477,29.846,23.258,4.905,7.163,6.67
1531,0.757,37.096,25.497,29.846,23.265,5.028,7.165,6.631
1532,0.751,37.107,25.477,29.817,23.254,4.907,7.084,6.59
1533,0.741,36.829,25.473,29.827,23.254,4.865,7.083,6.59
1534,0.747,36.96,25.512,29.827,23.247,4.824,7.123,6.59
1535,0.751,37.086,25.481,29.836,23.258,4.865,7.124,6.631
1536,0.748,37.097,25.43,29.817,23.251,4.784,7.043,6.468
1537,0.747,36.781,25.469,29.798,23.244,4.905,7.082,6.548
1538,0.754,36.941,25.469,29.817,23.251,4.906,7.042,6.549
1539,0.754,37.029,25.489,29.827,23.251,4.865,7.042,6.549
1540,0.748,36.886,25.489,29.808,23.244,4.824,7.001,6.549
1541,0.754,36.836,25.458,29.826,23.251,4.905,7.123,6.549
1542,0.774,37.018,25.489,29.865,23.268,4.987,7.205,6.671
1543,0.777,37.097,25.501,29.837,23.251,4.907,7.043,6.631
1544,0.767,36.656,25.481,29.817,23.254,4.947,7.082,6.59
1545,0.767,36.757,25.501,29.827,23.251,4.907,7.123,6.549
1546,0.761,36.902,25.493,29.846,23.254,4.906,7.124,6.59
1547,0.761,36.971,25.524,29.837,23.251,4.947,7.043,6.549
1548,0.741,36.636,25.454,29.798,23.244,4.825,7.001,6.549
1549,0.741,36.815,25.465,29.826,23.251,4.905,7.041,6.549
1550,0.738,36.912,25.481,29.827,23.244,4.865,7.001,6.508
1551,0.741,36.99,25.477,29.808,23.251,4.906,7.041,6.467
1552,0.741,36.636,25.489,29.807,23.258,4.987,7.164,6.548
1553,0.734,36.824,25.501,29.855,23.272,5.07,7.287,6.671
1554,0.744,36.932,25.497,29.837,23.255,4.908,7.085,6.631
1555,0.734,36.99,25.481,29.836,23.244,5.069,7.083,6.631
1556,0.738,36.77,25.458,29.846,23.254,4.989,7.123,6.631
1557,0.751,36.912,25.473,29.846,23.251,5.029,7.205,6.631
1558,0.751,37.038,25.446,29.837,23.254,4.948,7.084,6.468
1559,0.751,37.039,25.446,29.798,23.247,4.907,7.083,6.548
1560,0.754,36.617,25.438,29.836,23.247,4.947,7.164,6.549
1561,0.761,36.718,25.442,29.836,23.251,5.029,7.206,6.549
1562,0.77,36.844,25.488,29.817,23.244,4.907,7.165,6.549
1563,0.767,36.865,25.52,29.798,23.244,4.987,7.246,6.549
1564,0.78,36.721,25.478,29.874,23.265,5.151,7.45,6.63
1565,0.777,36.844,25.489,29.837,23.251,4.99,7.29,6.509
1566,0.761,36.941,25.489,29.827,23.254,5.029,7.288,6.63
1567,0.754,36.961,25.512,29.836,23.254,5.03,7.329,6.631
1568,0.754,36.779,25.505,29.856,23.251,5.07,7.37,6.59
1569,0.744,36.883,25.532,29.837,23.254,5.07,7.37,6.468
1570,0.738,36.98,25.462,29.808,23.244,4.867,7.33,6.507
1571,0.744,36.722,25.508,29.826,23.251,4.987,7.451,6.467
1572,0.744,36.806,25.466,29.836,23.251,4.988,7.493,6.507
1573,0.734,36.931,25.469,29.827,23.244,4.988,7.534,6.467
1574,0.728,37.009,25.512,29.817,23.254,4.988,7.575,6.548
1575,0.734,36.473,25.481,29.855,23.265,5.11,7.82,6.712
1576,0.754,36.621,25.485,29.865,23.258,5.03,7.7,6.51
1577,0.738,36.728,25.489,29.827,23.251,4.989,7.74,6.508
1578,0.747,36.787,25.505,29.827,23.247,4.988,7.781,6.549
1579,0.76,36.538,25.485,29.846,23.254,5.11,7.822,6.671
1580,0.757,36.708,25.489,29.837,23.258,5.03,7.822,6.509
1581,0.767,36.806,25.473,29.827,23.244,4.989,7.659,6.427
1582,0.754,36.855,25.458,29.827,23.247,4.988,7.78,6.588
1583,0.757,36.491,25.481,29.817,23.254,4.948,7.822,6.468
1584,0.761,36.612,25.462,29.827,23.251,4.988,7.781,6.467
1585,0.767,36.747,25.461,29.817,23.251,4.907,7.74,6.386
1586,0.751,36.787,25.465,29.827,23.247,4.906,7.781,6.466
1587,0.757,36.615,25.52,29.846,23.258,5.15,7.944,6.67
1588,0.767,36.738,25.505,29.846,23.254,4.99,7.864,6.509
1589,0.744,36.835,25.462,29.837,23.251,4.988,7.782,6.63
1590,0.744,36.874,25.496,29.846,23.254,4.988,7.862,6.59
1591,0.741,36.491,25.446,29.837,23.254,5.07,7.863,6.549
1592,0.734,36.631,25.457,29.856,23.251,5.03,7.782,6.549
1593,0.731,36.69,25.504,29.817,23.24,4.907,7.7,6.508
1594,0.725,36.997,25.434,29.846,23.251,4.947,7.821,6.63
1595,0.724,36.531,25.449,29.846,23.251,4.947,7.741,6.59
1596,0.731,36.641,25.469,29.856,23.251,4.907,7.781,6.549
1597,0.738,36.719,25.508,29.827,23.247,4.947,7.781,6.549
1598,0.747,36.518,25.513,29.846,23.258,5.069,7.944,6.712
1599,0.77,36.554,25.528,29.875,23.261,4.989,7.864,6.672
1600,0.754,36.651,25.47,29.846,23.251,4.907,7.822,6.631
1601,0.751,36.757,25.45,29.846,23.251,4.987,7.781,6.672
1602,0.757,36.356,25.453,29.846,23.251,5.029,7.822,6.713
1603,0.761,36.457,25.512,29.875,23.258,5.03,7.781,6.672
1604,0.757,36.573,25.411,29.837,23.254,4.867,7.659,6.55
1605,0.761,36.661,25.441,29.817,23.251,4.906,7.82,6.671
1606,0.767,36.364,25.481,29.827,23.247,4.947,7.7,6.631
1607,0.754,36.505,25.512,29.846,23.251,4.947,7.699,6.672
1608,0.754,36.612,25.501,29.827,23.251,4.825,7.658,6.631
1609,0.744,36.699,25.473,29.836,23.247,4.946,7.82,6.712
1610,0.76,36.47,25.512,29.884,23.268,5.069,7.903,6.794
1611,0.754,36.592,25.47,29.837,23.254,4.948,7.742,6.755
1612,0.751,36.699,25.473,29.856,23.251,4.988,7.699,6.754
1613,0.741,36.758,25.52,29.856,23.258,4.988,7.821,6.754
1614,0.747,36.365,25.47,29.846,23.254,5.029,7.781,6.795
1615,0.741,36.505,25.489,29.856,23.251,5.03,7.659,6.673
1616,0.741,36.583,25.442,29.817,23.24,4.867,7.658,6.672
1617,0.744,36.641,25.492,29.836,23.247,4.906,7.698,6.753
1618,0.747,36.469,25.512,29.846,23.251,4.906,7.618,6.632
1619,0.757,36.631,25.446,29.837,23.251,4.865,7.617,6.672
1620,0.761,36.728,25.453,29.836,23.251,4.865,7.535,6.672
1621,0.764,36.748,25.395,29.884,23.251,5.068,7.697,6.794
1622,0.777,36.336,25.472,29.885,23.258,4.989,7.658,6.755
1623,0.777,36.447,25.524,29.837,23.258,4.988,7.617,6.714
1624,0.761,36.544,25.454,29.875,23.251,4.948,7.576,6.754
1625,0.774,36.468,25.457,29.856,23.254,4.988,7.575,6.714
1626,0.764,36.391,25.493,29.875,23.258,4.988,7.535,6.754
1627,0.754,36.496,25.493,29.846,23.251,4.826,7.412,6.592
1628,0.744,36.583,25.458,29.837,23.244,4.865,7.452,6.712
1629,0.747,36.402,25.485,29.846,23.254,4.946,7.452,6.713
1630,0.741,36.477,25.489,29.846,23.247,4.907,7.371,6.672
1631,0.738,36.592,25.458,29.856,23.251,4.947,7.33,6.672
1632,0.741,36.689,25.461,29.837,23.247,4.866,7.41,6.713
1633,0.741,36.221,25.536,29.884,23.261,5.068,7.574,6.876
1634,0.734,36.379,25.501,29.866,23.254,4.908,7.535,6.755
1635,0.725,36.457,25.509,29.865,23.258,4.947,7.494,6.714
1636,0.737,36.544,25.474,29.875,23.258,4.988,7.534,6.713
1637,0.754,36.382,25.493,29.885,23.251,4.988,7.534,6.754
1638,0.754,36.515,25.469,29.866,23.258,4.988,7.534,6.714
1639,0.751,36.641,25.446,29.846,23.241,4.826,7.412,6.672
1640,0.748,36.7,25.453,29.875,23.254,4.946,7.452,6.672
1641,0.764,36.173,25.426,29.875,23.251,4.907,7.534,6.631
1642,0.751,36.283,25.465,29.856,23.251,4.825,7.534,6.631
1643,0.761,36.389,25.504,29.837,23.24,4.865,7.412,6.59
1644,0.761,36.467,25.427,29.865,23.254,4.987,7.615,6.712
1645,0.774,36.324,25.481,29.904,23.265,4.988,7.617,6.713
1646,0.767,36.428,25.493,29.866,23.254,4.907,7.535,6.754
1647,0.754,36.544,25.505,29.865,23.254,4.947,7.494,6.714
1648,0.754,36.584,25.497,29.875,23.254,4.947,7.494,6.672
1649,0.751,36.248,25.481,29.885,23.251,4.988,7.494,6.631
1650,0.754,36.37,25.458,29.856,23.244,4.866,7.371,6.509
1651,0.735,36.438,25.426,29.856,23.247,4.865,7.452,6.63
1652,0.741,36.64,25.441,29.875,23.251,4.906,7.493,6.631
1653,0.734,36.278,25.52,29.865,23.247,4.906,7.453,6.55
1654,0.731,36.399,25.45,29.856,23.247,4.825,7.412,6.549
1655,0.725,36.505,25.496,29.884,23.251,4.905,7.533,6.793
1656,0.757,36.219,25.505,29.904,23.261,4.987,7.494,6.633
1657,0.751,36.254,25.528,29.875,23.254,4.907,7.453,6.631
1658,0.757,36.379,25.524,29.894,23.258,4.987,7.452,6.59
1659,0.754,36.496,25.485,29.894,23.251,4.988,7.534,6.712
1660,0.764,36.094,25.501,29.904,23.265,4.948,7.453,6.713
1661,0.754,36.176,25.47,29.885,23.248,4.825,7.371,6.51
1662,0.748,36.331,25.442,29.885,23.251,4.946,7.452,6.711
1663,0.767,36.409,25.492,29.885,23.251,4.947,7.452,6.591
1664,0.761,36.103,25.427,29.875,23.254,4.907,7.452,6.59
1665,0.764,36.243,25.465,29.865,23.247,4.865,7.452,6.59
1666,0.751,36.35,25.469,29.885,23.251,4.906,7.574,6.712
1667,0.761,36.486,25.516,29.933,23.268,5.028,7.616,6.754
1668,0.751,36.209,25.505,29.895,23.258,4.907,7.657,6.673
1669,0.744,36.34,25.458,29.885,23.251,4.987,7.617,6.672
1670,0.744,36.476,25.504,29.914,23.254,4.988,7.617,6.713
1671,0.747,36.544,25.481,29.904,23.258,4.948,7.617,6.713
1672,0.738,36.104,25.477,29.895,23.247,4.907,7.535,6.51
1673,0.728,36.205,25.504,29.875,23.247,4.906,7.657,6.67
1674,0.738,36.34,25.454,29.894,23.251,4.947,7.576,6.631
1675,0.734,36.38,25.477,29.904,23.247,4.866,7.575,6.631
1676,0.744,36.054,25.442,29.895,23.251,4.824,7.454,6.55
1677,0.741,36.185,25.488,29.894,23.254,4.865,7.615,6.63
1678,0.754,36.321,25.52,29.923,23.268,5.068,7.657,6.794
1679,0.767,36.342,25.481,29.904,23.254,4.908,7.536,6.633
1680,0.764,36.092,25.493,29.914,23.254,4.906,7.616,6.672
1681,0.764,36.205,25.442,29.895,23.254,4.987,7.495,6.672
1682,0.764,36.34,25.488,29.933,23.254,4.948,7.534,6.753
1683,0.774,36.169,25.524,29.924,23.258,4.907,7.494,6.551
1684,0.761,36.1,25.431,29.885,23.241,4.825,7.331,6.468
1685,0.761,36.263,25.492,29.904,23.258,4.905,7.492,6.67
1686,0.761,36.351,25.469,29.895,23.247,4.825,7.453,6.55
1687,0.754,36.054,25.512,29.894,23.244,4.824,7.371,6.59
1688,0.754,36.166,25.485,29.904,23.247,4.865,7.452,6.631
1689,0.748,36.302,25.481,29.942,23.261,4.987,7.574,6.794
1690,0.764,36.418,25.489,29.933,23.261,4.948,7.494,6.673
1691,0.748,36.007,25.442,29.914,23.254,4.907,7.494,6.631
1692,0.744,36.166,25.453,29.914,23.254,4.947,7.534,6.712
1693,0.741,36.292,25.512,29.933,23.258,4.907,7.494,6.713
1694,0.741,36.37,25.474,29.933,23.258,4.865,7.453,6.632
1695,0.738,36.083,25.481,29.904,23.241,4.784,7.33,6.509
1696,0.744,36.224,25.465,29.923,23.251,4.946,7.37,6.63
1697,0.747,36.36,25.5,29.923,23.247,4.947,7.37,6.59
1698,0.747,36.39,25.462,29.904,23.251,4.866,7.33,6.671
1699,0.751,35.968,25.477,29.914,23.24,4.824,7.289,6.631
1700,0.754,36.117,25.493,29.943,23.254,5.027,7.41,6.753
1701,0.777,36.272,25.454,29.972,23.265,4.948,7.411,6.754
1702,0.764,36.264,25.481,29.953,23.254,4.907,7.289,6.632
1703,0.777,35.996,25.458,29.924,23.254,4.987,7.329,6.631
1704,0.774,36.147,25.457,29.943,23.258,4.988,7.37,6.672
1705,0.777,36.254,25.489,29.952,23.254,4.948,7.33,6.672
1706,0.774,36.274,25.462,29.933,23.251,4.866,7.207,6.55
1707,0.748,35.938,25.496,29.924,23.244,4.906,7.247,6.63
1708,0.773,36.117,25.473,29.933,23.247,4.947,7.206,6.631
1709,0.754,36.196,25.458,29.933,23.251,4.907,7.247,6.631
1710,0.748,36.216,25.457,29.914,23.251,4.825,7.206,6.631
1711,0.741,36.082,25.43,29.943,23.251,4.905,7.287,6.631
1712,0.751,36.272,25.477,29.981,23.265,5.069,7.369,6.794
1713,0.744,36.341,25.489,29.934,23.244,4.908,7.289,6.633
1714,0.741,35.939,25.466,29.952,23.251,4.987,7.247,6.631
1715,0.744,36.031,25.473,29.962,23.254,4.948,7.288,6.672
1716,0.754,36.166,25.45,29.962,23.265,4.947,7.207,6.631
1717,0.757,36.244,25.496,29.953,23.254,4.988,7.247,6.55
1718,0.741,35.919,25.446,29.953,23.244,4.866,7.125,6.549
1719,0.754,36.088,25.481,29.953,23.251,4.906,7.205,6.63
1720,0.757,36.195,25.481,29.953,23.247,4.865,7.084,6.55
1721,0.761,36.302,25.391,29.962,23.247,4.865,7.164,6.549
1722,0.761,35.804,25.465,29.933,23.247,4.824,7.165,6.63
1723,0.78,35.934,25.516,29.971,23.261,5.068,7.368,6.672
1724,0.78,36.098,25.446,29.981,23.265,4.948,7.208,6.55
1725,0.767,36.138,25.481,29.962,23.251,4.947,7.165,6.549
1726,0.767,36.042,25.528,29.962,23.258,4.907,7.124,6.63
1727,0.764,36.176,25.536,29.981,23.254,4.987,7.205,6.55
1728,0.761,36.302,25.489,29.991,23.258,4.948,7.287,6.59
1729,0.751,36.361,25.434,29.943,23.237,4.825,7.044,6.387
1730,0.748,35.93,25.442,29.962,23.254,4.905,7.164,6.629
1731,0.747,36.05,25.426,29.972,23.244,4.906,7.084,6.55
1732,0.747,36.195,25.461,29.962,23.247,4.906,7.083,6.549
1733,0.738,36.206,25.473,29.953,23.244,4.906,7.123,6.549
1734,0.738,35.871,25.434,29.981,23.258,4.906,7.165,6.752
1735,0.744,36.049,25.484,30.01,23.265,5.028,7.287,6.714
1736,0.738,36.147,25.477,29.963,23.254,4.948,7.085,6.632
1737,0.754,36.493,25.504,29.991,23.258,4.907,7.123,6.712
1738,0.761,35.835,25.485,29.991,23.251,4.987,7.083,6.591
1739,0.761,35.963,25.458,29.991,23.254,4.988,7.123,6.671
1740,0.761,36.07,25.477,29.991,23.251,4.907,7.043,6.591
1741,0.748,35.888,25.465,29.972,23.244,4.825,7.001,6.59
1742,0.76,35.963,25.442,29.981,23.251,4.905,7.001,6.671
1743,0.774,36.07,25.52,29.962,23.247,4.987,7.001,6.55
1744,0.764,36.166,25.45,30.001,23.247,4.907,6.919,6.59
1745,0.764,35.707,25.45,29.963,23.244,4.906,6.878,6.59
1746,0.761,35.866,25.524,30.001,23.258,5.028,7.121,6.712
1747,0.767,36.021,25.563,30.03,23.254,4.989,6.961,6.632
1748,0.757,36.089,25.525,30.001,23.251,4.988,6.96,6.672
1749,0.744,35.716,25.478,30.011,23.251,4.988,7.0,6.631
1750,0.751,35.894,25.497,30.011,23.258,5.029,7.001,6.672
1751,0.748,36.002,25.47,30.011,23.261,4.948,6.919,6.672
1752,0.734,36.07,25.469,29.972,23.244,4.866,6.756,6.55
1753,0.731,35.821,25.504,30.01,23.254,4.906,6.917,6.63
1754,0.738,35.953,25.419,30.011,23.251,4.906,6.919,6.59
1755,0.744,36.069,25.418,29.982,23.254,4.947,6.837,6.631
1756,0.751,36.119,25.469,29.991,23.247,4.825,6.796,6.55
1757,0.764,35.755,25.512,30.03,23.254,4.987,6.999,6.712
1758,0.79,35.933,25.509,30.049,23.268,4.988,6.879,6.672
1759,0.774,36.012,25.474,30.021,23.251,4.948,6.918,6.631
1760,0.774,36.051,25.5,30.03,23.254,4.947,6.837,6.631
1761,0.784,35.917,25.493,30.087,23.254,4.947,6.877,6.631
1762,0.78,36.05,25.454,30.04,23.254,4.947,6.877,6.631
1763,0.777,36.128,25.52,29.982,23.244,4.785,6.715,6.428
1764,0.774,36.148,25.485,30.068,23.254,4.864,6.713,6.507
1765,0.787,36.369,25.458,30.021,23.251,4.865,6.754,6.508
1766,0.787,36.496,25.477,30.001,23.244,4.906,6.714,6.508
1767,0.784,36.573,25.508,30.03,23.251,4.825,6.713,6.467
1768,0.78,35.903,25.513,30.02,23.247,4.946,6.754,6.629
1769,0.79,35.57,25.501,30.059,23.261,5.029,6.876,6.672
1770,0.78,35.701,25.489,30.03,23.251,4.948,6.755,6.55
1771,0.777,35.798,25.458,30.04,23.251,4.907,6.754,6.508
1772,0.79,35.713,25.469,30.04,23.251,4.947,6.754,6.63
1773,0.797,35.827,25.532,30.049,23.254,4.907,6.795,6.672
1774,0.803,35.963,25.474,30.04,23.251,4.947,6.795,6.469
1775,0.787,36.031,25.469,30.02,23.24,4.825,6.795,6.589
1776,0.803,35.706,25.438,30.039,23.251,4.946,6.795,6.549
1777,0.82,35.837,25.512,30.03,23.254,4.866,6.836,6.549
1778,0.82,35.972,25.466,30.04,23.247,4.865,6.714,6.59
1779,0.83,36.031,25.45,30.03,23.244,4.865,6.794,6.509
1780,0.836,35.773,25.477,30.059,23.265,5.028,6.958,6.752
1781,0.846,35.933,25.477,30.136,23.254,4.907,6.878,6.592
1782,0.83,36.031,25.438,30.06,23.251,4.906,6.877,6.631
1783,0.839,36.099,25.477,30.049,23.254,4.947,6.959,6.55
1784,0.839,35.678,25.469,30.078,23.258,4.947,7.041,6.63
1785,0.846,35.798,25.458,30.069,23.261,4.947,6.96,6.631
1786,0.83,35.905,25.469,30.03,23.247,4.785,6.838,6.468
1787,0.833,35.935,25.497,30.059,23.251,4.905,6.877,6.507
1788,0.833,35.772,25.485,30.049,23.254,4.865,6.959,6.508
1789,0.826,35.905,25.481,30.049,23.254,4.865,6.878,6.508
1790,0.826,36.021,25.469,30.04,23.247,4.824,6.837,6.467
1791,0.813,36.051,25.419,30.068,23.247,4.865,6.999,6.548
1792,0.839,35.687,25.477,30.107,23.261,5.028,7.082,6.63
1793,0.839,35.817,25.528,30.059,23.251,4.989,7.002,6.55
1794,0.839,35.934,25.446,30.069,23.254,4.907,7.041,6.59
1795,0.836,36.031,25.469,30.078,23.254,4.906,7.001,6.59
1796,0.846,35.744,25.454,30.078,23.254,4.947,7.001,6.671
1797,0.849,35.866,25.5,30.069,23.251,4.866,6.96,6.509
1798,0.84,35.944,25.458,30.05,23.237,4.784,6.797,6.549
1799,0.856,35.676,25.426,30.088,23.254,4.864,6.877,6.508
1800,0.859,35.741,25.449,30.069,23.24,4.906,6.796,6.508
1801,0.853,35.885,25.352,30.088,23.247,4.947,6.755,6.467
1802,0.869,35.963,25.441,30.059,23.247,4.825,6.836,6.548
1803,0.885,35.657,25.492,30.078,23.258,5.027,6.958,6.712
1804,0.895,35.827,25.497,30.117,23.258,4.907,6.878,6.591
1805,0.889,35.934,25.458,30.088,23.251,4.947,6.877,6.549
1806,0.876,36.031,25.457,30.088,23.254,4.866,6.959,6.63
1807,0.869,35.572,25.504,30.107,23.254,4.906,6.96,6.672
1808,0.866,35.72,25.466,30.107,23.258,4.987,6.919,6.591
1809,0.856,35.837,25.465,30.098,23.247,4.907,6.796,6.468
1810,0.846,35.876,25.469,30.069,23.251,4.865,6.877,6.589
1811,0.846,35.647,25.426,30.088,23.254,4.865,6.837,6.631
1812,0.836,35.807,25.477,30.098,23.251,4.865,6.837,6.59
1813,0.813,35.905,25.497,30.088,23.251,4.865,6.796,6.59
1814,0.81,35.925,25.434,30.088,23.244,4.865,6.836,6.671
1815,0.813,35.571,25.504,30.126,23.261,5.068,7.04,6.794
1816,0.839,35.73,25.485,30.127,23.247,4.989,6.92,6.673
1817,0.846,35.808,25.547,30.108,23.254,4.907,6.837,6.672
1818,0.843,35.857,25.532,30.107,23.251,4.906,6.837,6.713
1819,0.849,35.714,25.47,30.117,23.254,4.906,6.918,6.713
1820,0.843,35.856,25.481,30.127,23.258,4.906,6.837,6.672
1821,0.833,35.934,25.442,30.146,23.244,4.865,6.755,6.509
1822,0.813,35.945,25.438,30.098,23.251,4.906,6.714,6.67
1823,0.833,35.628,25.481,30.107,23.254,4.906,6.754,6.631
1824,0.82,35.788,25.458,30.117,23.251,4.865,6.754,6.59
1825,0.817,35.866,25.45,30.107,23.244,4.824,6.714,6.509
1826,0.794,35.627,25.473,30.107,23.251,4.865,6.754,6.752
1827,0.797,35.654,25.524,30.155,23.265,5.068,6.836,6.795
1828,0.787,35.788,25.489,30.127,23.251,4.826,6.796,6.673
1829,0.761,35.838,25.45,30.127,23.251,4.905,6.755,6.672
1830,0.774,35.627,25.492,30.136,23.254,4.947,6.754,6.713
1831,0.748,35.769,25.434,30.146,23.251,4.947,6.795,6.713
1832,0.76,35.905,25.465,30.137,23.254,4.866,6.714,6.672
1833,0.738,35.954,25.473,30.098,23.244,4.784,6.672,6.631
1834,0.747,35.504,25.387,30.146,23.254,4.864,6.753,6.712
1835,0.744,35.681,25.461,30.156,23.254,4.865,6.714,6.754
1836,0.731,35.789,25.457,30.137,23.244,4.784,6.672,6.714
1837,0.744,35.847,25.539,30.117,23.244,4.824,6.672,6.835
1838,0.744,35.503,25.501,30.146,23.258,4.987,6.794,6.958
1839,0.751,35.7,25.52,30.184,23.261,4.907,6.714,6.756
1840,0.748,35.76,25.517,30.127,23.251,4.906,6.754,6.795
1841,0.741,35.847,25.489,30.156,23.258,4.906,6.754,6.795
1842,0.751,35.522,25.454,30.165,23.254,4.947,6.714,6.836
1843,0.748,35.672,25.496,30.165,23.254,4.866,6.754,6.796
1844,0.754,35.769,25.47,30.146,23.247,4.865,6.592,6.633
1845,0.735,35.809,25.399,30.146,23.244,4.824,6.671,6.794
1846,0.731,35.521,25.476,30.146,23.251,4.905,6.713,6.755
1847,0.721,35.643,25.454,30.165,23.247,4.906,6.713,6.795
1848,0.702,35.75,25.438,30.146,23.251,4.825,6.672,6.755
1849,0.711,35.77,25.469,30.146,23.244,4.865,6.713,6.795
1850,0.705,35.646,25.461,30.194,23.258,4.987,6.916,6.958
1851,0.715,35.779,25.43,30.175,23.258,4.826,6.715,6.756
1852,0.698,35.866,25.453,30.166,23.251,4.905,6.794,6.876
1853,0.695,35.723,25.5,30.194,23.258,4.906,6.836,6.837
1854,0.701,35.549,25.47,30.204,23.254,4.906,6.796,6.877
1855,0.688,35.682,25.458,30.166,23.251,4.865,6.714,6.837
1856,0.688,35.76,25.442,30.156,23.24,4.743,6.713,6.837
1857,0.698,35.415,25.504,30.175,23.251,4.905,6.794,6.837
1858,0.708,35.508,25.481,30.175,23.251,4.784,6.714,6.796
1859,0.698,35.653,25.465,30.185,23.251,4.783,6.632,6.755
1860,0.711,35.721,25.465,30.175,23.251,4.783,6.753,6.795
1861,0.715,35.453,25.403,30.204,23.265,4.986,6.957,6.958
1862,0.731,35.623,25.445,30.204,23.254,4.907,6.797,6.838
1863,0.715,35.702,25.5,30.185,23.254,4.865,6.795,6.796
1864,0.715,35.789,25.438,30.204,23.247,4.824,6.836,6.795
1865,0.728,35.397,25.449,30.195,23.258,4.905,6.796,6.958
1866,0.725,35.565,25.469,30.195,23.251,4.906,6.755,6.878
1867,0.702,35.634,25.477,30.166,23.237,4.784,6.632,6.715
1868,0.705,35.721,25.458,30.213,23.244,4.824,6.753,6.835
1869,0.692,35.463,25.418,30.204,23.251,4.824,6.754,6.877
1870,0.685,35.595,25.457,30.195,23.247,4.783,6.754,6.837
1871,0.675,35.711,25.473,30.195,23.247,4.742,6.673,6.837
1872,0.685,35.76,25.434,30.185,23.254,4.905,6.916,6.999
1873,0.682,35.521,25.524,30.242,23.261,4.947,6.837,6.919
1874,0.685,35.662,25.446,30.291,23.254,4.825,6.755,6.959
1875,0.679,35.76,25.434,30.215,23.247,4.824,6.795,6.96
1876,0.685,35.78,25.481,30.223,23.251,4.824,6.836,6.96
1877,0.692,35.473,25.501,30.224,23.251,4.865,6.796,6.919
1878,0.695,35.604,25.497,30.204,23.251,4.784,6.633,6.796
1879,0.692,35.682,25.442,30.204,23.244,4.783,6.712,6.917
1880,0.701,35.99,25.465,30.223,23.247,4.783,6.754,6.878
1881,0.708,35.437,25.364,30.243,23.251,4.783,6.714,6.877
1882,0.711,35.546,25.445,30.205,23.251,4.783,6.672,6.918
1883,0.708,35.663,25.492,30.204,23.251,4.783,6.753,6.878
1884,0.715,35.501,25.473,30.262,23.261,4.986,6.876,6.959
1885,0.734,35.566,25.461,30.234,23.254,4.744,6.755,6.838
1886,0.715,35.672,25.446,30.233,23.247,4.823,6.714,6.918
1887,0.711,35.76,25.504,30.224,23.251,4.824,6.672,6.878
1888,0.705,35.32,25.497,30.243,23.254,4.824,6.794,7.0
1889,0.692,35.449,25.454,30.252,23.251,4.865,6.714,6.797
1890,0.679,35.547,25.438,30.224,23.24,4.702,6.591,6.673
1891,0.688,35.643,25.442,30.233,23.247,4.782,6.671,6.835
1892,0.695,35.462,25.434,30.252,23.251,4.783,6.631,6.796
1893,0.688,35.585,25.469,30.243,23.251,4.783,6.631,6.795
1894,0.688,35.711,25.43,30.243,23.244,4.742,6.55,6.877
1895,0.692,35.789,25.434,30.243,23.254,4.823,6.712,7.0
1896,0.711,35.32,25.531,30.281,23.265,4.905,6.754,7.001
1897,0.715,35.43,25.509,30.262,23.248,4.825,6.673,6.879
1898,0.698,35.566,25.485,30.272,23.254,4.783,6.713,6.877
1899,0.708,35.624,25.477,30.262,23.251,4.783,6.794,6.959
1900,0.728,35.472,25.501,30.272,23.254,4.864,6.795,6.878
1901,0.728,35.623,25.438,30.262,23.251,4.743,6.633,6.715
1902,0.715,35.702,25.442,30.262,23.24,4.742,6.753,6.916
1903,0.731,35.731,25.5,30.272,23.254,4.742,6.714,6.837
1904,0.725,35.386,25.454,30.243,23.247,4.783,6.672,6.796
1905,0.731,35.508,25.465,30.243,23.247,4.742,6.713,6.795
1906,0.721,35.614,25.508,30.252,23.251,4.783,6.794,6.836
1907,0.721,35.654,25.513,30.301,23.265,4.946,6.877,6.918
1908,0.724,35.529,25.509,30.291,23.258,4.825,6.715,6.837
1909,0.715,35.682,25.47,30.282,23.251,4.824,6.835,6.837
1910,0.702,35.769,25.461,30.291,23.254,4.824,6.837,6.837
1911,0.695,35.492,25.36,30.32,23.258,4.865,6.796,6.877
1912,0.695,35.403,25.445,30.301,23.258,4.824,6.795,6.877
1913,0.682,35.508,25.489,30.263,23.244,4.702,6.714,6.877
1914,0.688,35.633,25.403,30.31,23.251,4.823,6.754,6.877
1915,0.705,35.366,25.449,30.301,23.251,4.783,6.714,6.837
1916,0.728,35.45,25.442,30.301,23.247,4.783,6.672,6.796
1917,0.747,35.575,25.492,30.282,23.251,4.783,6.713,6.795
1918,0.783,35.711,25.477,30.339,23.254,4.905,6.916,6.958
1919,0.826,35.348,25.473,30.33,23.254,4.825,6.756,6.878
1920,0.846,35.44,25.481,30.33,23.254,4.824,6.836,6.877
1921,0.872,35.594,25.473,30.32,23.251,4.824,6.837,6.877
1922,0.892,35.663,25.446,30.33,23.251,4.783,6.837,6.837
1923,0.918,35.242,25.473,30.311,23.251,4.824,6.796,6.837
1924,0.931,35.41,25.454,30.291,23.24,4.702,6.633,6.674
1925,0.935,35.517,25.418,30.32,23.251,4.782,6.753,6.794
1926,0.954,35.595,25.473,30.32,23.258,4.742,6.714,6.755
1927,0.967,35.299,25.504,30.32,23.251,4.742,6.713,6.754
1928,1.0,35.411,25.466,30.32,23.244,4.742,6.672,6.754
1929,1.02,35.537,25.497,30.34,23.251,4.864,6.713,6.836
1930,1.069,35.662,25.509,30.368,23.265,4.946,6.876,6.958
1931,1.121,35.328,25.419,30.35,23.254,4.825,6.755,6.797
1932,1.161,35.459,25.473,30.349,23.254,4.824,6.754,6.795
1933,1.217,35.595,25.481,30.359,23.258,4.824,6.754,6.877
1934,1.266,35.625,25.415,30.369,23.254,4.865,6.795,6.837
1935,1.283,35.299,25.449,30.35,23.251,4.743,6.714,6.714
1936,1.299,35.42,25.434,30.321,23.244,4.742,6.672,6.835
1937,1.335,35.546,25.473,30.34,23.251,4.823,6.713,6.755
1938,1.358,36.113,25.376,30.34,23.251,4.743,6.632,6.795
1939,1.362,36.416,25.457,30.359,23.247,4.783,6.631,6.755
1940,1.385,36.525,25.45,30.349,23.251,4.742,6.672,6.795
1941,1.417,36.66,25.481,30.407,23.261,4.905,6.875,6.999
1942,1.44,34.964,25.438,30.398,23.261,4.825,6.633,6.797
1943,1.415,34.774,25.449,30.369,23.254,4.743,6.631,6.836
1944,1.392,34.926,25.477,30.369,23.251,4.783,6.631,6.837
1945,1.398,35.043,25.462,30.388,23.258,4.864,6.712,6.918
1946,1.375,35.399,25.52,30.398,23.261,4.824,6.672,6.878
1947,1.323,35.565,25.442,30.35,23.244,4.702,6.55,6.796
1948,1.261,35.653,25.438,30.378,23.254,4.823,6.63,6.958
1949,1.201,35.769,25.449,30.378,23.258,4.783,6.59,7.0
1950,1.146,35.166,25.457,30.398,23.251,4.783,6.59,7.041
1951,1.08,35.323,25.446,30.388,23.247,4.661,6.59,7.245
1952,1.021,35.449,25.438,30.388,23.254,4.822,6.712,7.572
1953,0.965,35.547,25.485,30.436,23.261,4.905,6.672,7.779
1954,0.886,35.337,25.384,30.417,23.251,4.825,6.631,8.025
1955,0.804,35.497,25.449,30.408,23.254,4.824,6.631,8.393
1956,0.748,35.624,25.457,30.417,23.254,4.865,6.672,8.6
1957,0.695,35.683,25.496,30.436,23.258,4.784,6.631,8.927
1958,0.659,35.146,25.462,30.398,23.251,4.742,6.428,8.972
1959,0.623,35.294,25.43,30.407,23.254,4.823,6.548,9.338
1960,0.597,35.411,25.426,30.436,23.251,4.743,6.549,9.504
1961,0.548,35.45,25.457,30.484,23.254,4.742,6.468,9.668
1962,0.528,35.288,25.454,30.408,23.251,4.742,6.426,9.833
1963,0.521,35.42,25.508,30.417,23.254,4.823,6.629,10.119
1964,0.557,35.585,25.524,30.513,23.268,4.905,6.59,10.163
1965,0.583,35.807,25.454,30.418,23.254,4.825,6.509,10.244
1966,0.599,35.339,25.496,30.446,23.254,4.824,6.589,10.326
1967,0.632,35.44,25.489,30.456,23.254,4.824,6.59,10.408
1968,0.662,35.585,25.411,30.485,23.258,4.865,6.59,10.613
1969,0.691,35.222,25.406,30.437,23.251,4.702,6.387,10.493
1970,0.698,35.209,25.422,30.437,23.251,4.782,6.547,10.817
1971,0.727,35.372,25.449,30.446,23.254,4.824,6.468,10.942
1972,0.751,35.46,25.418,30.437,23.251,4.783,6.467,11.146
1973,0.754,35.422,25.469,30.437,23.247,4.742,6.507,11.352
1974,0.761,35.565,25.458,30.456,23.251,4.742,6.589,11.679
1975,0.774,35.73,25.465,30.494,23.268,4.986,6.671,11.967
1976,0.777,35.78,25.528,30.456,23.254,4.744,6.591,12.092
1977,0.774,34.994,25.524,30.465,23.251,4.864,6.549,12.296
1978,0.784,35.149,25.466,30.485,23.258,4.743,6.59,12.542
1979,0.784,35.285,25.442,30.475,23.254,4.823,6.549,12.626
1980,0.797,35.392,25.446,30.494,23.251,4.743,6.427,12.627
1981,0.777,35.201,25.418,30.456,23.251,4.823,6.507,12.79
1982,0.79,35.371,25.422,30.485,23.247,4.824,6.508,12.832
1983,0.793,35.45,25.504,30.456,23.251,4.824,6.427,12.71
1984,0.793,35.537,25.458,30.485,23.244,4.743,6.385,12.628
1985,0.797,35.173,25.438,30.466,23.254,4.783,6.425,12.708
1986,0.8,35.333,25.508,30.504,23.265,4.946,6.588,12.709
1987,0.797,35.469,25.516,30.495,23.254,4.866,6.427,12.465
1988,0.774,35.499,25.52,30.504,23.251,4.865,6.426,12.463
1989,0.777,35.211,25.462,30.504,23.251,4.906,6.426,12.341
1990,0.777,35.352,25.508,30.504,23.258,4.865,6.426,12.339
1991,0.777,35.469,25.368,30.504,23.251,4.865,6.385,12.177
1992,0.771,35.47,25.433,30.485,23.244,4.743,6.385,11.972
1993,0.757,35.125,25.524,30.494,23.254,4.823,6.466,12.011
1994,0.761,35.265,25.392,30.504,23.251,4.783,6.426,11.848
1995,0.757,35.372,25.433,30.495,23.247,4.864,6.466,11.765
1996,0.757,35.277,25.457,30.504,23.251,4.865,6.507,11.683
1997,0.761,35.171,25.512,30.514,23.254,4.865,6.589,11.601
1998,0.774,35.333,25.435,30.552,23.261,4.906,6.631,11.56
1999,0.774,35.44,25.442,30.514,23.251,4.865,6.631,11.356
2000,0.774,35.038,25.465,30.514,23.254,4.865,6.631,11.191
2001,0.787,35.12,25.446,30.533,23.254,4.865,6.59,11.23
2002,0.787,35.275,25.457,30.533,23.258,4.946,6.631,11.068
2003,0.797,35.343,25.477,30.533,23.251,4.866,6.468,10.782
2004,0.787,35.124,25.442,30.514,23.233,4.784,6.507,10.779
2005,0.797,35.284,25.449,30.524,23.254,4.864,6.549,10.576
2006,0.8,35.411,25.477,30.524,23.247,4.824,6.59,10.533
2007,0.784,35.479,25.458,30.524,23.247,4.743,6.59,10.37
2008,0.777,34.972,25.446,30.533,23.247,4.864,6.549,10.287
2009,0.78,35.12,25.473,30.552,23.254,5.028,6.712,10.367
2010,0.797,35.304,25.481,30.562,23.254,4.867,6.551,10.165
2011,0.774,35.363,25.465,30.553,23.254,4.824,6.59,10.082
2012,0.771,35.105,25.454,30.562,23.258,4.946,6.631,9.959
2013,0.777,35.246,25.5,30.543,23.261,4.947,6.672,9.876
2014,0.777,35.391,25.458,30.6,23.254,4.947,6.631,9.713
2015,0.767,35.412,25.438,30.553,23.244,4.744,6.55,9.548
2016,0.774,35.191,25.453,30.553,23.251,4.905,6.63,9.547
2017,0.784,35.352,25.496,30.553,23.251,4.987,6.631,9.425
2018,0.78,35.469,25.505,30.562,23.247,4.785,6.59,9.342
2019,0.787,35.48,25.473,30.553,23.247,4.824,6.59,9.26
2020,0.797,35.0,25.469,30.572,23.247,4.905,6.753,9.3
2021,0.81,35.178,25.465,30.61,23.261,5.028,6.795,9.26
2022,0.803,35.275,25.438,30.582,23.251,4.948,6.633,9.137
2023,0.803,35.516,25.434,30.572,23.254,4.866,6.712,9.014
2024,0.82,35.288,25.461,30.572,23.254,4.865,6.754,8.972
2025,0.82,35.43,25.454,30.591,23.254,4.906,6.754,8.931
2026,0.813,35.527,25.473,30.591,23.258,4.865,6.673,8.768
2027,0.79,35.528,25.43,30.553,23.241,4.784,6.672,8.726
2028,0.793,35.682,25.445,30.572,23.254,4.905,6.713,8.726
2029,0.784,35.789,25.485,30.591,23.244,4.906,6.713,8.603
2030,0.79,35.886,25.469,30.572,23.247,4.865,6.672,8.602
2031,0.78,34.774,25.454,30.63,23.244,4.865,6.753,8.521
2032,0.787,34.907,25.457,30.621,23.261,4.987,6.876,8.642
2033,0.787,35.052,25.532,30.611,23.251,4.948,6.755,8.44
2034,0.784,35.149,25.446,30.62,23.247,4.907,6.795,8.479
2035,0.78,35.007,25.438,30.611,23.258,4.865,6.795,8.357
2036,0.79,35.168,25.485,30.62,23.258,4.906,6.877,8.356
2037,0.793,35.285,25.485,30.611,23.254,4.906,6.796,8.356
2038,0.793,35.353,25.411,30.639,23.247,4.744,6.673,8.112
2039,0.8,34.961,25.406,30.621,23.251,4.823,6.794,8.191
2040,0.803,35.12,25.41,30.62,23.254,4.824,6.836,8.07
2041,0.807,35.217,25.437,30.611,23.251,4.865,6.714,8.069
2042,0.813,35.285,25.438,30.611,23.247,4.824,6.794,8.028
2043,0.82,35.046,25.442,30.611,23.254,4.987,6.877,8.109
2044,0.826,35.236,25.465,30.668,23.258,5.029,6.796,7.987
2045,0.833,35.333,25.442,30.621,23.254,4.867,6.795,7.946
2046,0.823,35.373,25.492,30.63,23.254,4.946,6.836,7.864
2047,0.813,34.99,25.395,30.649,23.254,4.907,6.796,7.944
2048,0.816,35.168,25.445,30.669,23.258,4.987,6.836,7.905
2049,0.81,35.266,25.426,30.65,23.244,4.785,6.633,7.701
2050,0.79,35.257,25.414,30.621,23.247,4.824,6.753,7.699
2051,0.793,35.132,25.434,30.659,23.247,4.865,6.714,7.74
2052,0.797,35.275,25.414,30.64,23.251,4.865,6.713,7.699
2053,0.79,35.353,25.5,30.64,23.251,4.865,6.632,7.74
2054,0.79,35.085,25.458,30.659,23.254,4.906,6.794,7.699
2055,0.79,35.073,25.477,30.697,23.265,5.028,6.755,7.74
2056,0.797,35.159,25.52,30.66,23.254,4.826,6.754,7.618
2057,0.81,35.237,25.501,30.669,23.251,4.905,6.795,7.576
2058,0.807,34.969,25.47,30.669,23.254,4.947,6.795,7.616
2059,0.81,35.091,25.446,30.688,23.261,4.947,6.877,7.617
2060,0.82,35.246,25.469,30.679,23.247,4.825,6.715,7.454
2061,0.807,35.286,25.426,30.64,23.251,4.905,6.876,7.452
2062,0.81,34.864,25.426,30.669,23.247,4.865,6.918,7.452
2063,0.826,35.013,25.461,30.659,23.251,4.784,6.796,7.371
2064,0.823,35.13,25.442,30.678,23.247,4.824,6.917,7.289
2065,0.823,35.227,25.457,30.659,23.251,4.905,7.0,7.329
2066,0.833,35.065,25.516,30.707,23.265,4.987,7.082,7.451
2067,0.817,35.197,25.489,30.698,23.251,4.866,6.92,7.452
2068,0.81,35.314,25.497,30.688,23.254,4.906,6.919,7.33
2069,0.807,35.401,25.489,30.688,23.258,4.947,7.0,7.329
2070,0.81,35.038,25.466,30.698,23.261,4.907,7.041,7.329
2071,0.8,35.159,25.457,30.698,23.251,4.947,6.96,7.207
2072,0.794,35.275,25.414,30.679,23.244,4.744,6.919,7.287
2073,0.797,35.353,25.476,30.688,23.244,4.905,7.0,7.247
2074,0.797,34.989,25.43,30.688,23.251,4.825,6.96,7.288
2075,0.794,35.139,25.418,30.688,23.244,4.865,6.919,7.166
2076,0.8,35.217,25.469,30.688,23.251,4.824,6.959,7.246
2077,0.797,35.276,25.497,30.727,23.254,4.905,7.122,7.41
2078,0.816,35.046,25.512,30.736,23.261,4.906,7.124,7.208
2079,0.816,35.14,25.462,30.708,23.251,4.865,7.043,7.287
2080,0.816,35.265,25.496,30.736,23.258,4.865,7.082,7.207
2081,0.82,35.209,25.462,30.737,23.254,4.987,7.042,7.206
2082,0.833,34.959,25.469,30.737,23.258,4.907,7.042,7.287
2083,0.839,35.081,25.442,30.717,23.244,4.825,6.839,7.085
2084,0.82,35.15,25.442,30.727,23.251,4.865,6.958,7.205
2085,0.839,35.026,25.453,30.708,23.251,4.906,6.96,7.125
2086,0.833,35.13,25.477,30.717,23.251,4.825,6.878,7.124
2087,0.817,35.256,25.446,30.727,23.247,4.824,6.877,7.043
2088,0.826,35.362,25.438,30.736,23.251,4.987,6.918,7.164
2089,0.833,34.932,25.461,30.756,23.268,5.029,7.041,7.246
2090,0.83,35.091,25.473,30.746,23.254,4.907,6.879,7.206
2091,0.82,35.188,25.454,30.746,23.251,4.947,6.837,7.125
2092,0.82,35.295,25.45,30.746,23.251,4.947,6.918,7.205
2093,0.82,34.855,25.465,30.756,23.258,4.988,6.837,7.206
2094,0.807,35.004,25.461,30.766,23.258,4.907,6.837,7.165
2095,0.816,35.13,25.438,30.737,23.244,4.784,6.674,7.043
2096,0.807,35.198,25.465,30.765,23.247,4.864,6.835,7.123
2097,0.826,34.969,25.489,30.756,23.251,4.824,6.714,7.043
2098,0.826,35.101,25.45,30.766,23.244,4.824,6.754,7.001
2099,0.833,35.227,25.446,30.756,23.247,4.824,6.714,7.041
2100,0.839,35.295,25.434,30.794,23.254,4.905,6.794,7.123
2101,0.849,34.95,25.461,30.804,23.261,4.987,6.877,7.246
2102,0.853,35.052,25.438,30.766,23.251,4.826,6.796,7.125
2103,0.856,35.159,25.457,30.756,23.258,4.824,6.795,7.043
2104,0.856,35.208,25.469,30.766,23.251,4.865,6.836,7.082
2105,0.866,34.959,25.458,30.785,23.261,4.946,6.837,7.205
2106,0.856,35.091,25.508,30.785,23.247,4.866,6.674,7.084
2107,0.836,35.179,25.423,30.747,23.244,4.865,6.672,7.164
2108,0.839,35.525,25.434,30.785,23.251,4.824,6.713,7.206
2109,0.833,34.905,25.453,30.785,23.251,4.865,6.672,7.165
2110,0.833,35.033,25.438,30.756,23.247,4.784,6.672,7.165
2111,0.833,35.159,25.434,30.785,23.251,4.824,6.753,7.165
2112,0.826,34.882,25.43,30.804,23.254,4.905,6.917,7.409
2113,0.843,34.898,25.465,30.804,23.258,4.947,6.796,7.249
2114,0.83,35.023,25.461,30.804,23.254,4.907,6.836,7.247
2115,0.839,35.13,25.43,30.795,23.254,4.906,6.837,7.288
2116,0.839,34.815,25.488,30.814,23.254,4.906,6.877,7.288
2117,0.859,34.927,25.458,30.814,23.258,5.028,6.877,7.288
2118,0.862,35.043,25.426,30.795,23.251,4.785,6.837,7.247
2119,0.862,35.111,25.422,30.775,23.244,4.824,6.877,7.288
2120,0.862,34.91,25.449,30.814,23.247,4.824,6.877,7.288
2121,0.859,35.052,25.469,30.804,23.254,4.865,6.959,7.288
2122,0.866,35.178,25.45,30.804,23.247,4.824,6.878,7.207
2123,0.879,35.237,25.457,30.814,23.251,4.824,7.0,7.247
2124,0.889,34.701,25.457,30.843,23.265,4.987,7.082,7.369
2125,0.889,34.839,25.457,30.833,23.251,4.866,6.961,7.248
2126,0.879,34.965,25.481,30.814,23.251,4.906,7.0,7.247
2127,0.879,35.034,25.43,30.833,23.258,4.865,7.041,7.288
2128,0.866,34.919,25.457,30.833,23.261,4.906,7.082,7.288
2129,0.866,35.043,25.457,30.824,23.254,4.825,7.002,7.125
2130,0.862,35.159,25.457,30.805,23.24,4.783,6.96,7.124
2131,0.862,35.237,25.461,30.9,23.247,4.864,7.0,7.205
2132,0.859,34.959,25.434,30.824,23.251,4.865,6.919,7.084
2133,0.846,35.072,25.488,30.805,23.244,4.865,6.959,7.083
2134,0.853,35.178,25.446,30.881,23.251,4.743,6.919,7.123
2135,0.856,35.227,25.461,30.853,23.258,4.986,7.122,7.368
2136,0.866,34.854,25.481,30.853,23.254,4.826,7.043,7.208
2137,0.866,34.927,25.493,30.843,23.254,4.865,7.001,7.165
2138,0.869,35.052,25.356,30.853,23.254,4.865,7.001,7.206
2139,0.879,34.986,25.421,30.843,23.261,4.906,6.96,7.206
2140,0.898,34.938,25.434,30.872,23.258,4.825,7.041,7.165
2141,0.889,35.062,25.414,30.834,23.241,4.783,6.879,6.962
2142,0.892,35.15,25.461,30.843,23.254,4.783,6.959,7.163
2143,0.895,35.007,25.387,30.853,23.251,4.864,7.0,7.084
2144,0.912,35.159,25.449,30.843,23.247,4.824,6.96,7.002
2145,0.905,35.256,25.461,30.843,23.244,4.702,7.0,6.96
2146,0.899,35.334,25.496,30.872,23.251,4.823,7.082,7.122
2147,0.908,34.778,25.442,30.891,23.265,4.987,7.123,7.165
2148,0.905,34.878,25.449,30.882,23.258,4.826,7.124,7.043
2149,0.899,35.023,25.5,30.882,23.251,4.865,7.124,7.123
2150,0.899,35.111,25.489,30.872,23.258,4.906,7.124,7.124
2151,0.895,35.025,25.446,30.901,23.254,4.947,7.205,7.083
2152,0.905,35.168,25.434,30.863,23.251,4.785,7.084,6.961
2153,0.892,35.247,25.434,30.853,23.244,4.824,7.164,7.082
2154,0.905,35.353,25.445,30.872,23.258,4.905,7.165,7.123
2155,0.895,34.855,25.43,30.882,23.251,4.865,7.165,7.002
2156,0.895,34.975,25.473,30.863,23.24,4.784,7.124,7.001
2157,0.908,35.072,25.489,30.853,23.251,4.742,7.165,7.001
2158,0.912,35.169,25.473,30.891,23.258,4.945,7.328,7.123
2159,0.941,35.016,25.458,30.92,23.251,4.866,7.289,7.043
2160,0.928,35.111,25.438,30.892,23.258,4.865,7.247,7.042
2161,0.938,35.236,25.446,30.891,23.258,4.824,7.247,7.082
2162,0.938,35.295,25.41,30.901,23.258,4.865,7.328,7.123
2163,0.951,35.027,25.441,30.901,23.265,4.824,7.207,7.002
2164,0.951,35.149,25.449,30.863,23.241,4.702,7.084,6.879
2165,0.951,35.275,25.418,30.891,23.247,4.823,7.205,7.0
2166,0.958,35.459,25.469,30.891,23.254,4.783,7.165,6.96
2167,0.945,35.249,25.461,30.901,23.251,4.824,7.084,6.919
2168,0.945,35.401,25.45,30.872,23.244,4.824,7.123,6.959
2169,0.945,35.498,25.489,30.92,23.258,4.905,7.246,7.122
2170,0.958,35.202,25.469,30.93,23.254,4.906,7.125,7.043
2171,0.935,35.189,25.446,30.892,23.251,4.906,7.124,6.96
2172,0.945,35.343,25.446,30.901,23.258,4.906,7.083,6.96
2173,0.948,35.45,25.449,30.911,23.261,4.906,7.123,7.082
2174,0.948,35.144,25.473,30.911,23.261,4.825,7.165,6.961
2175,0.941,35.227,25.438,30.911,23.241,4.743,7.002,6.756
2176,0.945,35.353,25.461,30.892,23.254,4.864,7.082,6.957
2177,0.974,35.45,25.457,30.901,23.247,4.824,7.083,6.878
2178,0.971,35.422,25.43,30.901,23.247,4.783,6.961,6.877
2179,0.974,35.556,25.453,30.901,23.244,4.742,7.0,6.959
2180,0.977,35.672,25.438,30.92,23.258,4.945,7.123,7.082
2181,0.997,35.798,25.453,30.94,23.261,4.907,7.083,6.961
2182,0.991,35.473,25.407,30.911,23.254,4.865,7.002,6.878
2183,1.004,35.595,25.457,30.92,23.254,4.865,7.082,6.877
2184,1.01,35.749,25.454,30.93,23.251,4.824,7.164,6.959
2185,1.01,35.789,25.438,30.921,23.258,4.865,7.084,6.878
2186,1.007,35.646,25.504,30.901,23.244,4.784,7.002,6.796
2187,1.001,35.779,25.481,30.911,23.251,4.824,7.082,6.836
2188,0.997,35.914,25.442,30.93,23.258,4.824,7.083,6.877
2189,0.997,35.944,25.449,30.93,23.247,4.783,6.961,6.796
2190,0.994,35.887,25.434,30.911,23.247,4.783,6.96,6.755
2191,0.987,35.992,25.449,30.911,23.254,4.864,7.041,6.836
2192,1.007,36.137,25.461,30.959,23.268,4.987,7.204,6.958
2193,1.007,36.138,25.457,30.921,23.251,4.907,7.084,6.878
2194,1.01,36.129,25.45,30.93,23.254,4.865,7.123,6.837
2195,1.004,36.253,25.442,30.94,23.258,4.906,7.043,6.837
2196,1.01,36.36,25.485,30.949,23.254,4.865,7.123,6.837
2197,1.033,36.208,25.45,30.95,23.251,4.865,7.043,6.796
2198,1.017,36.168,25.442,30.921,23.237,4.702,6.96,6.795
2199,1.023,36.321,25.434,30.93,23.254,4.863,7.082,6.836
2200,1.04,36.409,25.442,30.94,23.251,4.784,7.002,6.837
2201,1.04,36.275,25.453,30.93,23.247,4.783,6.96,6.796
2202,1.046,36.389,25.438,30.93,23.247,4.742,7.0,6.795
2203,1.063,36.515,25.418,30.949,23.258,4.823,7.163,6.958
2204,1.079,36.641,25.465,30.959,23.258,4.865,7.002,6.838
2205,1.07,36.422,25.454,30.94,23.251,4.906,6.96,6.796
2206,1.066,36.563,25.496,30.94,23.251,4.865,7.041,6.836
2207,1.063,36.689,25.419,30.94,23.261,4.946,7.001,6.837
2208,1.069,36.767,25.43,30.959,23.261,4.907,6.96,6.837
2209,1.066,36.576,25.43,30.93,23.251,4.703,6.919,6.674
2210,1.053,36.699,25.41,30.93,23.251,4.823,6.959,6.794
2211,1.063,36.825,25.469,30.988,23.244,4.865,6.919,6.795
2212,1.063,36.874,25.461,30.94,23.244,4.743,6.878,6.795
2213,1.063,36.692,25.473,30.94,23.251,4.783,6.837,6.755
2214,1.056,36.844,25.458,30.949,23.251,4.783,6.999,6.795
2215,1.076,36.97,25.414,30.978,23.268,4.986,7.123,6.917
2216,1.076,37.0,25.488,30.95,23.254,4.866,6.961,6.837
2217,1.079,36.828,25.493,30.959,23.258,4.824,6.919,6.837
2218,1.083,36.989,25.384,30.969,23.261,4.865,7.0,6.837
2219,1.096,37.096,25.402,30.969,23.261,4.906,7.041,6.837
2220,1.092,37.107,25.418,30.969,23.254,4.784,7.001,6.755
2221,1.096,37.011,25.406,30.95,23.244,4.702,6.919,6.673
2222,1.106,37.144,25.476,30.95,23.258,4.782,6.959,6.794
2223,1.106,37.251,25.376,30.95,23.251,4.824,7.0,6.795
2224,1.106,37.243,25.425,30.95,23.244,4.783,7.001,6.633
2225,1.115,37.137,25.449,30.94,23.244,4.661,7.001,6.712
2226,1.115,37.27,25.465,30.978,23.261,4.822,7.204,6.957
2227,1.119,37.387,25.434,30.998,23.261,4.905,7.125,6.797
2228,1.102,37.273,25.414,30.969,23.258,4.825,7.043,6.714
2229,1.102,37.367,25.453,30.978,23.258,4.865,7.204,6.794
2230,1.102,37.493,25.446,30.979,23.261,4.865,7.206,6.836
2231,1.099,37.59,25.438,30.998,23.251,4.824,7.125,6.796
2232,1.096,37.256,25.422,30.96,23.251,4.702,7.083,6.714
2233,1.076,37.339,25.449,30.978,23.251,4.863,7.083,6.835
2234,1.086,37.483,25.461,30.979,23.251,4.784,7.123,6.714
2235,1.086,37.581,25.411,30.969,23.247,4.783,7.124,6.672
2236,1.083,37.572,25.465,30.959,23.251,4.742,7.083,6.753
2237,1.089,37.697,25.493,30.969,23.254,4.864,7.123,6.836
2238,1.099,37.851,25.473,31.074,23.265,4.987,7.287,6.958
2239,1.102,37.891,25.442,30.97,23.251,4.785,7.125,6.797
2240,1.102,37.383,25.438,30.978,23.251,4.783,7.287,6.836
2241,1.106,37.493,25.453,30.979,23.258,4.824,7.288,6.837
2242,1.106,37.629,25.489,31.007,23.254,4.946,7.207,6.877
2243,1.109,37.668,25.399,30.988,23.258,4.825,7.206,6.674
2244,1.102,37.678,25.387,30.94,23.244,4.702,7.043,6.713
2245,1.096,37.813,25.441,30.969,23.251,4.742,7.204,6.754
2246,1.096,37.91,25.453,30.978,23.254,4.823,7.125,6.754
2247,1.073,37.949,25.395,30.959,23.251,4.702,7.083,6.714
2248,1.066,37.672,25.418,30.978,23.251,4.742,7.164,6.754
2249,1.056,37.822,25.453,30.988,23.254,4.823,7.287,6.836
2250,1.06,37.968,25.461,31.007,23.261,4.865,7.247,6.796
2251,1.04,38.295,25.45,30.979,23.251,4.743,7.247,6.836
2252,1.037,37.838,25.446,30.969,23.258,4.864,7.288,6.796
2253,1.02,37.987,25.481,30.998,23.261,4.906,7.288,6.795
2254,1.01,38.103,25.469,31.008,23.261,4.825,7.207,6.795
2255,1.004,37.807,25.419,30.969,23.247,4.743,7.084,6.673
2256,0.991,37.814,25.473,30.978,23.251,4.742,7.164,6.753
2257,0.997,37.939,25.473,30.979,23.247,4.783,7.084,6.714
2258,0.994,38.026,25.415,31.017,23.251,4.783,7.123,6.754
2259,0.991,37.778,25.426,30.979,23.251,4.742,7.083,6.673
2260,0.987,37.89,25.434,30.979,23.254,4.864,7.205,6.753
2261,0.994,38.045,25.473,31.017,23.268,4.987,7.287,6.795
2262,0.981,38.094,25.481,30.989,23.254,4.907,7.166,6.795
2263,0.964,37.75,25.376,30.979,23.251,4.784,7.165,6.755
2264,0.981,37.89,25.437,30.988,23.258,4.783,7.165,6.795
2265,0.977,38.026,25.446,30.998,23.261,4.864,7.165,6.755
2266,0.948,38.075,25.465,30.988,23.251,4.824,7.084,6.592
2267,0.925,37.797,25.387,30.95,23.24,4.743,7.002,6.712
2268,0.918,37.967,25.418,30.978,23.254,4.823,7.082,6.672
2269,0.915,38.055,25.453,30.979,23.247,4.824,6.961,6.591
2270,0.905,38.114,25.422,30.979,23.244,4.783,7.122,6.671
2271,0.889,37.855,25.441,30.959,23.251,4.783,7.043,6.672
2272,0.892,38.006,25.442,30.978,23.265,4.905,7.204,6.835
2273,0.892,38.132,25.442,31.017,23.258,4.784,7.125,6.714
2274,0.869,38.134,25.438,30.998,23.251,4.824,7.205,6.754
2275,0.863,37.932,25.465,30.988,23.251,4.824,7.165,6.795
2276,0.859,38.045,25.489,30.998,23.251,4.865,7.206,6.755
2277,0.862,38.152,25.434,30.998,23.254,4.865,7.165,6.754
2278,0.869,38.172,25.438,30.979,23.251,4.743,7.084,6.551
2279,0.853,37.904,25.446,30.959,23.244,4.742,7.083,6.712
2280,0.859,38.055,25.465,30.988,23.251,4.783,7.042,6.672
2281,0.856,38.152,25.469,30.969,23.244,4.742,7.082,6.631
2282,0.849,37.971,25.45,30.969,23.247,4.742,7.042,6.55
2283,0.853,37.911,25.426,30.969,23.251,4.783,7.082,6.63
2284,0.853,38.064,25.441,31.007,23.265,4.986,7.205,6.794
2285,0.862,38.171,25.477,30.988,23.254,4.785,7.084,6.673
2286,0.846,37.952,25.485,30.979,23.258,4.783,7.042,6.672
2287,0.84,38.045,25.391,30.998,23.251,4.824,7.001,6.672
2288,0.82,38.19,25.441,31.008,23.258,4.905,7.041,6.713
2289,0.83,38.288,25.446,30.988,23.258,4.865,7.001,6.672
2290,0.81,37.685,25.422,30.959,23.244,4.662,6.879,6.55
2291,0.79,37.813,25.426,30.969,23.251,4.782,6.959,6.63
2292,0.8,37.958,25.395,30.978,23.251,4.742,6.96,6.631
2293,0.794,38.007,25.461,30.969,23.244,4.783,7.0,6.712
2294,0.777,37.835,25.446,30.969,23.251,4.742,7.001,6.672
2295,0.771,37.987,25.434,30.988,23.258,4.864,7.041,6.794
2296,0.79,38.123,25.508,31.007,23.268,4.824,7.001,6.714
2297,0.787,38.143,25.45,30.969,23.248,4.824,6.96,6.713
2298,0.79,37.779,25.426,30.978,23.251,4.824,6.919,6.713
2299,0.787,37.9,25.383,30.979,23.251,4.865,7.0,6.754
2300,0.79,38.026,25.418,30.988,23.258,4.824,7.001,6.714
2301,0.793,38.056,25.426,30.969,23.247,4.702,6.879,6.551
2302,0.78,37.692,25.488,30.95,23.251,4.782,6.959,6.671
2303,0.787,37.851,25.391,30.969,23.247,4.742,6.919,6.631
2304,0.797,37.968,25.429,30.959,23.247,4.701,6.837,6.672
2305,0.794,37.988,25.477,30.95,23.251,4.782,6.877,6.591
2306,0.78,37.777,25.446,30.959,23.247,4.742,6.918,6.671
2307,0.777,37.948,25.489,31.045,23.268,4.945,7.0,6.794
2308,0.787,38.045,25.438,30.95,23.254,4.785,6.919,6.714
2309,0.774,38.066,25.457,30.978,23.251,4.742,6.878,6.713
2310,0.761,37.845,25.438,30.969,23.254,4.783,6.959,6.754
2311,0.77,37.949,25.434,30.969,23.254,4.824,6.96,6.714
2312,0.764,38.055,25.438,30.978,23.258,4.783,6.96,6.591
2313,0.751,37.682,25.422,30.94,23.244,4.661,6.878,6.59
2314,0.754,37.784,25.414,30.969,23.251,4.741,6.959,6.631
2315,0.748,37.9,25.398,30.978,23.247,4.701,6.96,6.631
2316,0.747,37.978,25.453,30.95,23.251,4.742,7.0,6.631
2317,0.754,37.633,25.434,30.959,23.247,4.742,7.001,6.631
2318,0.757,37.783,25.453,30.988,23.258,4.864,7.163,6.753
2319,0.774,37.919,25.426,30.988,23.258,4.824,7.002,6.632
2320,0.771,37.978,25.457,30.979,23.251,4.824,7.123,6.631
2321,0.777,37.624,25.454,30.979,23.254,4.743,7.083,6.712
2322,0.78,37.755,25.508,30.979,23.258,4.864,7.042,6.713
2323,0.78,37.89,25.462,30.969,23.251,4.784,7.042,6.591
2324,0.784,37.93,25.442,30.931,23.247,4.661,6.96,6.468
2325,0.777,37.652,25.457,30.949,23.251,4.741,7.082,6.589
2326,0.774,37.803,25.418,30.969,23.251,4.742,7.042,6.59
2327,0.761,37.919,25.465,30.959,23.251,4.661,7.042,6.549
2328,0.767,37.959,25.411,30.95,23.244,4.782,6.96,6.508
2329,0.757,37.748,25.453,30.959,23.258,4.824,7.163,6.711
2330,0.77,37.938,25.481,30.998,23.265,4.865,7.165,6.713
2331,0.754,38.026,25.458,30.96,23.261,4.784,7.124,6.713
2332,0.748,38.037,25.446,30.959,23.247,4.742,7.124,6.713
2333,0.751,37.596,25.414,30.969,23.254,4.823,7.165,6.754
2334,0.754,37.754,25.437,30.969,23.258,4.865,7.206,6.714
2335,0.751,37.852,25.434,30.959,23.251,4.743,7.043,6.632
2336,0.748,37.987,25.457,30.959,23.251,4.742,7.164,6.672
2337,0.76,37.566,25.379,30.959,23.247,4.742,7.084,6.631
2338,0.757,37.716,25.394,30.94,23.251,4.783,7.083,6.55
2339,0.764,37.803,25.414,30.959,23.244,4.702,7.083,6.59
2340,0.774,37.632,25.434,30.93,23.251,4.782,7.205,6.631
2341,0.78,37.688,25.442,30.969,23.265,4.864,7.328,6.794
2342,0.784,37.803,25.446,30.95,23.258,4.784,7.207,6.673
2343,0.784,37.881,25.379,30.95,23.251,4.783,7.247,6.631
2344,0.787,37.517,25.449,30.959,23.254,4.783,7.166,6.712
2345,0.784,37.61,25.446,30.95,23.254,4.783,7.287,6.713
2346,0.777,37.754,25.449,30.959,23.251,4.824,7.288,6.632
2347,0.774,37.794,25.387,30.93,23.24,4.661,7.125,6.631
2348,0.761,37.536,25.41,30.949,23.254,4.782,7.205,6.631
2349,0.761,37.696,25.418,30.95,23.251,4.742,7.287,6.631
2350,0.754,37.784,25.418,30.921,23.251,4.742,7.166,6.55
2351,0.748,37.862,25.434,30.92,23.247,4.742,7.206,6.59
2352,0.754,37.584,25.461,30.949,23.254,4.905,7.409,6.753
2353,0.761,37.764,25.399,30.969,23.258,4.825,7.371,6.632
2354,0.748,37.842,25.418,30.94,23.254,4.824,7.411,6.631
2355,0.744,37.881,25.449,30.949,23.254,4.824,7.452,6.672
2356,0.751,37.633,25.442,30.94,23.254,4.824,7.452,6.672
2357,0.774,37.764,25.391,30.949,23.258,4.783,7.493,6.631
2358,0.764,37.861,25.402,30.921,23.244,4.661,7.412,6.509
2359,0.754,37.872,25.426,30.911,23.251,4.782,7.533,6.589
2360,0.774,37.575,25.438,30.93,23.251,4.742,7.575,6.631
2361,0.777,37.697,25.422,30.93,23.251,4.701,7.616,6.55
2362,0.774,37.803,25.438,30.911,23.251,4.701,7.617,6.59
2363,0.79,37.824,25.395,30.901,23.254,4.742,7.739,6.753
2364,0.8,37.594,25.445,30.949,23.265,4.905,7.781,6.632
2365,0.794,37.697,25.434,30.911,23.258,4.784,7.659,6.631
2366,0.787,37.803,25.477,30.93,23.254,4.783,7.698,6.631
2367,0.774,37.689,25.391,30.901,23.254,4.742,7.74,6.712
2368,0.777,37.602,25.414,30.93,23.258,4.823,7.781,6.672
2369,0.774,37.716,25.457,30.892,23.247,4.702,7.537,6.509
2370,0.751,37.765,25.426,30.891,23.251,4.742,7.616,6.589
2371,0.761,37.545,25.434,30.911,23.251,4.742,7.617,6.549
2372,0.761,37.62,25.473,30.892,23.247,4.742,7.657,6.63
2373,0.751,37.735,25.38,30.901,23.244,4.742,7.576,6.55
2374,0.751,37.823,25.441,30.882,23.247,4.742,7.698,6.671
2375,0.764,37.459,25.473,30.92,23.261,4.864,7.78,6.794
2376,0.767,37.609,25.504,30.892,23.254,4.784,7.659,6.673
2377,0.777,37.678,25.368,30.901,23.251,4.742,7.617,6.631
2378,0.784,37.774,25.394,30.892,23.254,4.742,7.617,6.672
2379,0.774,37.545,25.437,30.882,23.254,4.823,7.657,6.631
2380,0.79,37.696,25.406,30.891,23.254,4.783,7.536,6.712
2381,0.774,37.784,25.41,30.853,23.24,4.661,7.412,6.469
2382,0.787,37.852,25.434,30.872,23.254,4.741,7.533,6.548
2383,0.79,37.508,25.399,30.882,23.244,4.701,7.534,6.59
2384,0.793,37.648,25.426,30.863,23.247,4.742,7.453,6.427
2385,0.8,37.774,25.438,30.853,23.247,4.701,7.412,6.548
2386,0.803,37.823,25.496,30.891,23.251,4.863,7.615,6.712
2387,0.803,37.536,25.434,30.891,23.254,4.784,7.454,6.632
2388,0.787,37.639,25.442,30.882,23.258,4.783,7.452,6.631
2389,0.78,37.745,25.438,30.853,23.254,4.742,7.493,6.509
2390,0.78,37.756,25.449,30.872,23.258,4.823,7.534,6.67
2391,0.777,37.497,25.461,30.863,23.258,4.743,7.453,6.631
2392,0.777,37.6,25.45,30.843,23.247,4.661,7.29,6.468
2393,0.767,37.687,25.407,30.862,23.251,4.782,7.369,6.589
2394,0.767,37.928,25.43,30.862,23.251,4.742,7.37,6.59
2395,0.764,37.643,25.445,30.843,23.251,4.742,7.33,6.549
2396,0.761,37.755,25.457,30.833,23.247,4.661,7.329,6.549
2397,0.78,37.871,25.422,30.853,23.254,4.782,7.451,6.752
2398,0.787,37.421,25.461,30.862,23.268,4.905,7.493,6.673
2399,0.787,37.426,25.457,30.843,23.254,4.744,7.412,6.55
2400,0.787,37.522,25.461,30.843,23.258,4.742,7.371,6.63
2401,0.793,37.629,25.454,30.862,23.254,4.783,7.411,6.631
2402,0.8,37.448,25.434,30.853,23.251,4.824,7.452,6.753
2403,0.803,37.571,25.371,30.853,23.251,4.743,7.371,6.51
2404,0.794,37.658,25.394,30.814,23.247,4.783,7.37,6.508
2405,0.797,37.755,25.418,30.833,23.258,4.661,7.33,6.63
2406,0.794,37.439,25.457,30.824,23.244,4.741,7.41,6.55
2407,0.784,37.59,25.375,30.824,23.244,4.661,7.371,6.549
2408,0.79,37.697,25.433,30.814,23.244,4.741,7.37,6.63
2409,0.79,37.794,25.469,30.852,23.261,4.864,7.614,6.712
2410,0.787,37.43,25.489,30.834,23.254,4.743,7.413,6.591
2411,0.777,37.542,25.473,30.824,23.254,4.783,7.452,6.631
2412,0.78,37.667,25.461,30.824,23.258,4.783,7.452,6.672
2413,0.777,37.717,25.336,30.843,23.258,4.824,7.493,6.591
2414,0.78,37.487,25.444,30.833,23.254,4.783,7.371,6.631
2415,0.771,37.6,25.438,30.805,23.244,4.661,7.33,6.55
2416,0.767,37.687,25.446,30.804,23.244,4.7,7.37,6.63
2417,0.78,37.774,25.43,30.843,23.251,4.701,7.37,6.55
2418,0.78,37.421,25.43,30.814,23.254,4.742,7.289,6.63
2419,0.78,37.513,25.391,30.776,23.247,4.661,7.247,6.631
2420,0.793,37.619,25.41,30.794,23.254,4.7,7.328,6.672
2421,0.803,37.697,25.457,30.814,23.268,4.782,7.492,6.794
2422,0.81,37.391,25.45,30.814,23.251,4.702,7.209,6.673
2423,0.807,37.503,25.399,30.795,23.251,4.742,7.206,6.631
2424,0.813,37.6,25.402,30.804,23.254,4.823,7.247,6.672
2425,0.813,37.409,25.461,30.795,23.251,4.783,7.206,6.713
2426,0.81,37.388,25.465,30.804,23.254,4.742,7.206,6.632
2427,0.797,37.503,25.301,30.785,23.244,4.62,7.003,6.509
2428,0.787,37.581,25.413,30.785,23.247,4.659,7.163,6.63
2429,0.784,37.342,25.449,30.785,23.251,4.7,7.084,6.631
2430,0.784,37.445,25.43,30.756,23.251,4.742,7.042,6.59
2431,0.767,37.551,25.418,30.766,23.247,4.701,7.001,6.549
2432,0.774,37.629,25.449,30.756,23.258,4.742,7.123,6.671
2433,0.787,37.333,25.453,30.852,23.258,4.864,7.083,6.713
2434,0.767,37.445,25.383,30.766,23.251,4.784,7.002,6.632
2435,0.777,37.551,25.476,30.766,23.258,4.783,7.001,6.672
2436,0.774,37.639,25.45,30.785,23.251,4.783,7.041,6.672
2437,0.79,37.208,25.442,30.766,23.254,4.824,6.96,6.631
2438,0.784,37.328,25.446,30.756,23.251,4.621,6.838,6.55
2439,0.777,37.406,25.426,30.727,23.258,4.7,6.877,6.63
2440,0.8,37.513,25.43,30.756,23.251,4.782,6.918,6.631
2441,0.8,37.178,25.418,30.756,23.258,4.742,6.919,6.59
2442,0.794,37.299,25.445,30.737,23.241,4.661,6.837,6.549
2443,0.806,37.416,25.387,30.737,23.237,4.66,6.918,6.63
2444,0.81,37.513,25.41,30.775,23.265,4.822,7.081,6.712
2445,0.816,37.303,25.437,30.747,23.251,4.743,6.88,6.591
2446,0.807,37.416,25.453,30.746,23.251,4.783,7.0,6.59
2447,0.787,37.522,25.352,30.765,23.251,4.742,7.041,6.631
2448,0.79,37.543,25.421,30.746,23.254,4.823,7.001,6.672
2449,0.777,37.236,25.426,30.746,23.254,4.743,7.082,6.672
2450,0.774,37.367,25.43,30.717,23.247,4.661,6.92,6.631
2451,0.764,37.455,25.395,30.727,23.258,4.741,7.122,6.712
2452,0.777,37.456,25.476,30.727,23.251,4.742,7.124,6.591
2453,0.761,37.293,25.372,30.736,23.247,4.701,7.083,6.59
2454,0.754,37.425,25.402,30.717,23.247,4.742,7.042,6.631
2455,0.77,37.532,25.457,30.736,23.254,4.823,7.245,6.794
2456,0.78,37.169,25.45,30.737,23.261,4.824,7.125,6.714
2457,0.774,37.203,25.375,30.737,23.258,4.783,7.165,6.672
2458,0.78,37.328,25.394,30.708,23.254,4.824,7.206,6.672
2459,0.79,37.416,25.418,30.717,23.258,4.865,7.206,6.713
2460,0.797,37.072,25.473,30.717,23.254,4.824,7.206,6.672
2461,0.79,37.193,25.419,30.698,23.244,4.702,7.003,6.631
2462,0.787,37.28,25.437,30.707,23.254,4.742,7.082,6.672
2463,0.8,37.368,25.399,30.679,23.247,4.783,7.164,6.672
2464,0.8,37.167,25.429,30.688,23.247,4.742,7.084,6.631
2465,0.794,37.29,25.469,30.669,23.24,4.701,7.123,6.55
2466,0.787,37.406,25.497,30.678,23.254,4.782,7.165,6.712
2467,0.793,37.522,25.442,30.736,23.265,4.864,7.246,6.835
2468,0.803,37.063,25.41,30.708,23.244,4.743,7.125,6.755
2469,0.787,37.183,25.41,30.679,23.258,4.823,7.124,6.714
2470,0.78,37.299,25.418,30.678,23.251,4.783,7.124,6.713
2471,0.774,37.377,25.426,30.688,23.258,4.864,7.165,6.794
2472,0.774,37.186,25.441,30.659,23.251,4.743,7.165,6.633
2473,0.751,37.299,25.328,30.65,23.244,4.701,7.084,6.712
2474,0.764,37.445,25.401,30.659,23.254,4.742,7.123,6.713
2475,0.764,37.465,25.426,30.669,23.247,4.701,7.083,6.713
2476,0.77,37.13,25.406,30.65,23.247,4.701,7.042,6.754
2477,0.77,37.251,25.344,30.659,23.251,4.66,7.123,6.714
2478,0.78,37.386,25.448,30.669,23.258,4.904,7.287,6.876
2479,0.787,37.752,25.473,30.669,23.258,4.744,7.085,6.755
2480,0.777,37.113,25.45,30.659,23.258,4.864,7.083,6.836
2481,0.784,37.251,25.446,30.659,23.251,4.784,7.123,6.755
2482,0.78,37.348,25.453,30.669,23.261,4.742,7.124,6.714
2483,0.79,37.157,25.387,30.669,23.258,4.823,7.124,6.713
2484,0.797,37.175,25.414,30.611,23.247,4.661,6.921,6.551
2485,0.787,37.28,25.414,30.63,23.251,4.782,7.041,6.671
2486,0.793,37.377,25.441,30.64,23.247,4.742,7.001,6.672
2487,0.777,37.014,25.403,30.63,23.251,4.701,7.001,6.672
2488,0.774,37.135,25.41,30.611,23.247,4.66,6.96,6.631
2489,0.767,37.232,25.434,30.611,23.251,4.782,7.041,6.794
2490,0.777,37.348,25.449,30.649,23.258,4.905,7.164,6.877
2491,0.767,37.042,25.434,30.63,23.254,4.784,7.043,6.715
2492,0.757,37.164,25.488,30.611,23.247,4.824,7.204,6.672
2493,0.761,37.29,25.403,30.659,23.254,4.783,7.125,6.713
2494,0.751,37.377,25.41,30.621,23.258,4.824,7.083,6.794
2495,0.761,36.995,25.43,30.611,23.251,4.824,7.123,6.673
2496,0.754,37.115,25.387,30.582,23.24,4.661,7.002,6.631
2497,0.764,37.251,25.406,30.601,23.251,4.741,7.082,6.712
2498,0.761,37.31,25.391,30.582,23.254,4.742,7.042,6.672
2499,0.774,36.975,25.422,30.591,23.244,4.742,7.042,6.672
2500,0.767,37.096,25.426,30.582,23.247,4.701,7.042,6.631
2501,0.774,37.203,25.434,30.591,23.258,4.823,7.245,6.834
2502,0.79,37.29,25.496,30.62,23.258,4.905,7.206,6.714
2503,0.797,37.07,25.384,30.582,23.254,4.784,7.165,6.632
2504,0.787,37.222,25.418,30.572,23.247,4.783,7.206,6.712
2505,0.784,37.329,25.457,30.572,23.254,4.824,7.206,6.672
2506,0.79,37.339,25.43,30.572,23.258,4.783,7.165,6.672
2507,0.78,37.1,25.395,30.582,23.251,4.742,7.084,6.631
2508,0.767,37.174,25.387,30.543,23.24,4.742,7.164,6.59
2509,0.764,37.29,25.418,30.562,23.247,4.823,7.165,6.671
2510,0.754,37.138,25.395,30.543,23.247,4.783,7.165,6.672
2511,0.761,37.059,25.394,30.543,23.254,4.702,7.124,6.672
2512,0.748,37.174,25.465,30.533,23.251,4.742,7.083,6.631
2513,0.747,37.29,25.446,30.562,23.254,4.823,7.286,6.834
2514,0.76,37.003,25.438,30.572,23.261,4.824,7.207,6.714
2515,0.744,37.058,25.461,30.543,23.247,4.824,7.247,6.713
2516,0.751,37.202,25.411,30.553,23.251,4.783,7.206,6.713
2517,0.757,37.29,25.414,30.533,23.254,4.864,7.247,6.672
2518,0.767,37.023,25.402,30.552,23.254,4.824,7.247,6.713
2519,0.774,37.144,25.418,30.514,23.247,4.702,7.084,6.51
2520,0.767,37.251,25.406,30.504,23.24,4.701,7.123,6.67
2521,0.777,37.358,25.433,30.514,23.247,4.782,7.165,6.753
2522,0.777,37.637,25.488,30.504,23.251,4.824,7.165,6.673
2523,0.78,37.764,25.43,30.552,23.247,4.783,7.124,6.672
2524,0.774,37.881,25.414,30.495,23.251,4.742,7.124,6.591
2525,0.78,37.939,25.453,30.504,23.251,4.905,7.287,6.793
2526,0.793,36.674,25.45,30.514,23.258,4.865,7.166,6.673
2527,0.78,36.805,25.446,30.476,23.247,4.824,7.165,6.672
2528,0.774,36.941,25.418,30.494,23.251,4.824,7.124,6.753
2529,0.767,36.99,25.477,30.504,23.254,4.824,7.124,6.714
2530,0.757,37.058,25.434,30.495,23.251,4.865,7.124,6.713
2531,0.761,37.183,25.426,30.485,23.254,4.743,7.002,6.591
2532,0.744,37.261,25.473,30.466,23.244,4.701,7.001,6.671
2533,0.751,37.3,25.454,30.485,23.247,4.782,7.041,6.713
2534,0.754,37.214,25.442,30.485,23.251,4.742,6.96,6.672
2535,0.741,37.329,25.457,30.456,23.251,4.701,6.878,6.631
2536,0.738,37.426,25.403,30.456,23.244,4.742,6.959,6.712
2537,0.767,37.484,25.414,30.494,23.265,4.905,7.122,6.835
2538,0.774,36.948,25.379,30.485,23.251,4.784,7.002,6.674
2539,0.767,37.038,25.398,30.456,23.251,4.824,6.96,6.713
2540,0.774,37.154,25.387,30.465,23.254,4.743,6.96,6.754
2541,0.777,36.992,25.402,30.466,23.251,4.742,7.0,6.754
2542,0.774,37.096,25.441,30.456,23.261,4.823,6.919,6.754
2543,0.784,37.193,25.41,30.446,23.247,4.661,6.756,6.592
2544,0.777,37.261,25.418,30.437,23.244,4.782,6.876,6.671
2545,0.784,36.83,25.434,30.437,23.251,4.742,6.796,6.672
2546,0.78,36.951,25.434,30.437,23.251,4.783,6.795,6.672
2547,0.774,37.077,25.418,30.475,23.254,4.702,6.673,6.631
2548,0.764,37.145,25.414,30.427,23.247,4.701,6.794,6.672
2549,0.764,36.906,25.473,30.436,23.261,4.945,6.917,6.835
2550,0.767,37.095,25.465,30.437,23.254,4.866,6.796,6.674
2551,0.764,37.164,25.454,30.427,23.247,4.824,6.795,6.753
2552,0.751,37.232,25.465,30.436,23.254,4.783,6.795,6.714
2553,0.751,36.916,25.438,30.456,23.254,4.864,6.836,6.794
2554,0.751,37.067,25.422,30.437,23.251,4.784,6.877,6.673
2555,0.738,37.154,25.461,30.408,23.244,4.661,6.715,6.631
2556,0.731,37.194,25.426,30.417,23.251,4.782,6.835,6.672
2557,0.751,36.926,25.426,30.408,23.251,4.702,6.837,6.631
2558,0.757,37.057,25.418,30.407,23.247,4.742,6.755,6.672
2559,0.754,37.154,25.402,30.388,23.247,4.701,6.836,6.672
2560,0.764,37.203,25.398,30.398,23.251,4.782,6.918,6.794
2561,0.777,36.964,25.429,30.436,23.258,4.905,7.041,6.877
2562,0.774,37.077,25.442,30.417,23.251,4.865,6.879,6.715
2563,0.787,37.212,25.387,30.417,23.254,4.865,6.918,6.754
2564,0.787,37.214,25.394,30.408,23.254,4.824,6.919,6.795
2565,0.78,36.84,25.441,30.398,23.251,4.824,6.959,6.795
2566,0.771,36.97,25.418,30.379,23.251,4.702,6.838,6.633
2567,0.761,37.048,25.422,30.359,23.247,4.66,6.837,6.753
2568,0.764,36.991,25.402,30.378,23.247,4.822,6.877,6.754
2569,0.754,36.991,25.449,30.359,23.247,4.743,6.837,6.714
2570,0.761,37.125,25.461,30.359,23.247,4.742,6.796,6.713
2571,0.748,37.213,25.454,30.349,23.247,4.661,6.795,6.672
2572,0.747,36.753,25.485,30.388,23.261,4.904,7.039,6.875
2573,0.751,36.912,25.454,30.388,23.251,4.825,6.839,6.755
2574,0.744,37.0,25.407,30.369,23.251,4.824,6.918,6.754
2575,0.744,37.068,25.484,30.369,23.251,4.783,6.878,6.795
2576,0.751,36.819,25.403,30.35,23.261,4.864,6.959,6.795
2577,0.754,36.96,25.379,30.378,23.254,4.906,6.878,6.755
2578,0.761,37.067,25.394,30.34,23.251,4.703,6.755,6.551
2579,0.757,37.135,25.406,30.34,23.251,4.782,6.917,6.752
2580,0.774,36.877,25.426,30.34,23.251,4.783,6.878,6.714
2581,0.777,37.018,25.414,30.349,23.251,4.783,6.877,6.754
2582,0.771,37.116,25.445,30.321,23.244,4.702,6.877,6.714
2583,0.774,37.174,25.332,30.349,23.251,4.823,6.918,6.835
2584,0.777,36.82,25.401,30.369,23.268,4.946,7.081,6.796
2585,0.787,36.96,25.461,30.34,23.251,4.825,6.961,6.795
2586,0.774,37.048,25.399,30.349,23.251,4.783,6.96,6.795
2587,0.767,37.135,25.406,30.33,23.254,4.864,7.0,6.795
2588,0.77,36.791,25.394,30.34,23.254,4.784,6.96,6.755
2589,0.767,36.931,25.449,30.349,23.251,4.783,7.0,6.714
2590,0.754,37.009,25.457,30.292,23.244,4.702,6.838,6.672
2591,0.744,37.058,25.411,30.32,23.247,4.823,6.958,6.713
2592,0.751,36.819,25.469,30.32,23.254,4.824,7.0,6.672
2593,0.744,36.96,25.446,30.32,23.244,4.743,6.919,6.713
2594,0.747,37.048,25.391,30.301,23.247,4.701,6.959,6.672
2595,0.741,36.963,25.461,30.32,23.247,4.863,7.082,6.835
2596,0.751,36.837,25.364,30.349,23.265,4.987,7.123,6.796
2597,0.764,36.96,25.382,30.311,23.251,4.785,7.002,6.714
2598,0.764,37.058,25.398,30.32,23.251,4.783,6.96,6.754
2599,0.764,36.8,25.398,30.311,23.254,4.824,6.96,6.754
2600,0.767,36.902,25.445,30.32,23.254,4.865,7.0,6.795
2601,0.774,37.028,25.446,30.311,23.254,4.865,6.96,6.633
2602,0.767,37.087,25.442,30.272,23.24,4.743,6.878,6.631
2603,0.777,36.752,25.325,30.31,23.254,4.823,6.918,6.672
2604,0.79,36.883,25.39,30.291,23.244,4.702,6.919,6.591
2605,0.784,36.99,25.453,30.263,23.247,4.742,6.959,6.549
2606,0.774,37.058,25.383,30.272,23.244,4.742,6.878,6.63
2607,0.767,36.579,25.418,30.282,23.258,4.864,7.04,6.834
2608,0.783,36.776,25.398,30.32,23.258,4.906,6.96,6.674
2609,0.764,36.845,25.426,30.292,23.251,4.784,6.96,6.631
2610,0.761,36.903,25.438,30.282,23.254,4.824,6.96,6.712
2611,0.764,36.75,25.41,30.282,23.261,4.783,7.0,6.672
2612,0.754,36.883,25.465,30.282,23.258,4.742,7.001,6.672
2613,0.744,37.018,25.438,30.272,23.247,4.742,6.838,6.631
2614,0.738,37.039,25.399,30.253,23.247,4.742,6.918,6.712
2615,0.744,36.617,25.484,30.281,23.254,4.823,6.878,6.672
2616,0.744,36.747,25.403,30.253,23.251,4.743,6.877,6.631
2617,0.757,36.873,25.414,30.253,23.244,4.742,6.837,6.631
2618,0.754,36.903,25.363,30.262,23.254,4.701,6.837,6.55
2619,0.761,36.712,25.417,30.291,23.261,4.863,6.958,6.793
2620,0.777,36.873,25.414,30.282,23.254,4.784,6.878,6.551
2621,0.771,36.961,25.387,30.262,23.254,4.824,6.837,6.671
2622,0.774,37.259,25.457,30.243,23.258,4.865,6.837,6.713
2623,0.793,36.6,25.348,30.291,23.258,4.784,6.877,6.632
2624,0.784,36.757,25.394,30.253,23.251,4.783,6.796,6.59
2625,0.78,36.835,25.457,30.224,23.237,4.742,6.673,6.509
2626,0.771,36.692,25.422,30.243,23.254,4.783,6.753,6.63
2627,0.77,36.786,25.426,30.262,23.247,4.783,6.795,6.59
2628,0.757,36.893,25.375,30.214,23.247,4.742,6.795,6.549
2629,0.754,36.99,25.402,30.233,23.247,4.742,6.714,6.508
2630,0.754,36.53,25.414,30.233,23.254,4.823,6.835,6.67
2631,0.761,36.698,25.43,30.252,23.268,4.865,6.877,6.672
2632,0.764,36.806,25.461,30.233,23.251,4.743,6.837,6.55
2633,0.751,36.883,25.407,30.233,23.251,4.823,6.837,6.63
2634,0.748,36.52,25.402,30.252,23.254,4.865,6.918,6.631
2635,0.751,36.66,25.453,30.253,23.258,4.865,6.959,6.672
2636,0.751,36.786,25.399,30.214,23.251,4.824,6.878,6.55
2637,0.751,36.826,25.41,30.176,23.244,4.743,6.877,6.508
2638,0.764,36.404,25.406,30.213,23.254,4.742,6.918,6.589
2639,0.764,36.544,25.445,30.214,23.251,4.783,6.959,6.549
2640,0.767,36.651,25.438,30.223,23.24,4.661,6.878,6.59
2641,0.767,36.709,25.43,30.204,23.247,4.66,6.877,6.549
2642,0.777,36.422,25.445,30.214,23.258,4.944,7.081,6.63
2643,0.79,36.582,25.43,30.233,23.254,4.785,7.002,6.59
2644,0.774,36.661,25.387,30.204,23.251,4.742,7.001,6.509
2645,0.784,36.7,25.441,30.204,23.254,4.864,7.001,6.63
2646,0.777,36.451,25.391,30.214,23.254,4.824,7.001,6.55
2647,0.771,36.592,25.418,30.204,23.247,4.865,7.001,6.508
2648,0.757,36.689,25.418,30.175,23.244,4.702,6.879,6.386
2649,0.761,36.71,25.426,30.213,23.251,4.782,6.959,6.547
2650,0.757,36.633,25.41,30.195,23.247,4.742,6.96,6.549
2651,0.754,36.728,25.43,30.185,23.247,4.742,6.838,6.508
2652,0.757,36.835,25.438,30.175,23.247,4.661,6.918,6.467
2653,0.754,36.596,25.418,30.223,23.254,4.741,7.0,6.751
2654,0.761,36.517,25.426,30.214,23.261,4.864,6.96,6.592
2655,0.748,36.593,25.43,30.195,23.251,4.784,7.0,6.631
2656,0.747,36.709,25.406,30.185,23.254,4.824,6.919,6.631
2657,0.754,36.499,25.433,30.185,23.261,4.824,6.959,6.672
2658,0.761,36.602,25.406,30.175,23.247,4.824,6.96,6.591
2659,0.761,36.709,25.414,30.166,23.247,4.743,6.797,6.468
2660,0.761,36.777,25.434,30.156,23.251,4.742,6.917,6.629
2661,0.777,36.298,25.442,30.165,23.247,4.783,6.837,6.55
2662,0.777,36.418,25.426,30.165,23.247,4.742,6.837,6.508
2663,0.777,36.515,25.438,30.146,23.244,4.742,6.837,6.508
2664,0.78,36.631,25.41,30.156,23.254,4.823,6.918,6.63
2665,0.79,36.393,25.453,30.185,23.265,4.946,6.959,6.672
2666,0.79,36.515,25.45,30.223,23.244,4.825,6.919,6.55
2667,0.774,36.631,25.403,30.157,23.251,4.783,6.878,6.63
2668,0.774,36.7,25.414,30.165,23.251,4.824,6.877,6.672
2669,0.78,36.355,25.406,30.165,23.254,4.824,6.877,6.631
2670,0.761,36.495,25.394,30.156,23.254,4.783,6.877,6.55
2671,0.757,36.583,25.39,30.127,23.237,4.702,6.796,6.549
2672,0.764,36.651,25.449,30.165,23.247,4.742,6.877,6.549
2673,0.751,36.441,25.414,30.146,23.254,4.742,6.837,6.59
2674,0.748,36.563,25.375,30.127,23.244,4.742,6.877,6.59
2675,0.744,36.66,25.41,30.156,23.244,4.783,6.837,6.509
2676,0.754,36.729,25.371,30.165,23.261,4.905,6.958,6.752
2677,0.78,36.48,25.418,30.175,23.258,4.825,6.878,6.551
2678,0.771,36.554,25.395,30.146,23.251,4.783,6.796,6.63
2679,0.777,36.66,25.422,30.137,23.258,4.742,6.877,6.672
2680,0.784,36.7,25.434,30.146,23.251,4.864,6.877,6.631
2681,0.777,36.412,25.414,30.146,23.251,4.784,6.877,6.55
2682,0.784,36.525,25.488,30.146,23.247,4.702,6.715,6.508
2683,0.787,36.603,25.434,30.117,23.247,4.782,6.835,6.549
2684,0.793,36.287,25.434,30.127,23.251,4.824,6.755,6.549
2685,0.78,36.332,25.477,30.117,23.251,4.824,6.673,6.549
2686,0.784,36.486,25.395,30.117,23.244,4.743,6.713,6.468
2687,0.774,36.573,25.394,30.107,23.247,4.823,6.876,6.629
2688,0.793,36.325,25.394,30.165,23.258,4.905,6.877,6.59
2689,0.78,36.437,25.433,30.127,23.251,4.825,6.796,6.671
2690,0.761,36.554,25.449,30.108,23.251,4.824,6.755,6.631
2691,0.774,36.651,25.426,30.127,23.254,4.865,6.836,6.631
2692,0.774,36.23,25.461,30.127,23.258,4.865,6.714,6.59
2693,0.764,36.379,25.422,30.117,23.247,4.743,6.713,6.509
2694,0.751,36.476,25.375,30.107,23.24,4.783,6.672,6.589
2695,0.761,36.554,25.429,30.107,23.251,4.783,6.713,6.549
2696,0.754,36.219,25.301,30.127,23.244,4.742,6.672,6.468
2697,0.77,36.36,25.393,30.098,23.244,4.823,6.672,6.507
2698,0.777,36.467,25.387,30.098,23.247,4.783,6.672,6.549
2699,0.774,36.554,25.398,30.136,23.258,4.946,6.835,6.671
2700,0.797,36.363,25.414,30.127,23.254,4.825,6.674,6.631
2701,0.79,36.457,25.383,30.127,23.258,4.824,6.672,6.55
2702,0.787,36.573,25.496,30.108,23.254,4.865,6.713,6.549
2703,0.806,36.651,25.45,30.127,23.254,4.906,6.713,6.59
2704,0.807,36.287,25.434,30.117,23.251,4.825,6.632,6.509
2705,0.797,36.389,25.449,30.079,23.237,4.743,6.59,6.386
2706,0.794,36.505,25.407,30.107,23.244,4.742,6.793,6.466
2707,0.793,36.689,25.441,30.107,23.254,4.783,6.795,6.426
2708,0.787,36.269,25.414,30.079,23.244,4.742,6.755,6.466
2709,0.797,36.37,25.426,30.098,23.24,4.783,6.795,6.467
2710,0.784,36.496,25.383,30.107,23.254,4.905,6.999,6.589
2711,0.8,36.267,25.418,30.127,23.261,4.947,6.919,6.468
2712,0.794,36.235,25.441,30.108,23.258,4.825,6.878,6.467
2713,0.793,36.369,25.426,30.117,23.254,4.824,6.959,6.548
2714,0.79,36.457,25.391,30.107,23.254,4.865,6.96,6.508
2715,0.803,36.218,25.418,30.098,23.251,4.824,7.082,6.508
2716,0.803,36.34,25.367,30.088,23.247,4.661,6.88,6.386
2717,0.816,36.419,25.39,30.088,23.251,4.863,7.04,6.507
2718,0.839,36.544,25.418,30.078,23.254,4.865,7.042,6.427
2719,0.852,36.181,25.418,30.078,23.247,4.743,7.001,6.385
2720,0.856,36.34,25.414,30.078,23.244,4.742,7.001,6.344
2721,0.862,36.438,25.426,30.078,23.251,4.905,7.082,6.547
2722,0.882,36.563,25.449,30.117,23.261,4.947,7.205,6.549
2723,0.879,36.066,25.41,30.079,23.254,4.785,7.084,6.468
2724,0.882,36.205,25.406,30.088,23.251,4.824,7.123,6.548
2725,0.882,36.302,25.43,30.078,23.251,4.824,7.124,6.468
2726,0.882,36.389,25.438,30.126,23.258,4.824,7.205,6.507
2727,0.866,36.246,25.418,30.098,23.254,4.743,7.125,6.427
2728,0.866,36.35,25.437,30.069,23.237,4.742,7.002,6.385
2729,0.853,36.486,25.442,30.078,23.258,4.823,7.082,6.425
2730,0.84,36.525,25.426,30.069,23.244,4.743,7.123,6.385
2731,0.839,36.152,25.434,30.069,23.244,4.783,7.083,6.385
2732,0.846,36.273,25.449,30.05,23.244,4.702,7.042,6.425
2733,0.853,36.399,25.434,30.078,23.251,4.823,7.204,6.588
2734,0.856,36.477,25.403,30.107,23.258,4.905,7.125,6.549
2735,0.843,36.142,25.437,30.069,23.251,4.865,7.083,6.468
2736,0.856,36.263,25.352,30.078,23.254,4.824,7.083,6.467
2737,0.869,36.379,25.382,30.078,23.251,4.824,7.164,6.507
2738,0.882,36.333,25.402,30.107,23.258,4.905,7.084,6.508
2739,0.885,36.207,25.414,30.05,23.244,4.703,6.961,6.386
2740,0.872,36.35,25.414,30.049,23.251,4.782,7.041,6.588
2741,0.879,36.457,25.418,30.068,23.251,4.824,7.001,6.468
2742,0.882,36.065,25.43,30.059,23.251,4.783,7.001,6.467
2743,0.885,36.147,25.43,30.049,23.251,4.742,7.001,6.386
2744,0.885,36.282,25.41,30.068,23.254,4.823,7.082,6.507
2745,0.898,36.418,25.445,30.107,23.265,4.987,7.123,6.589
2746,0.905,36.064,25.305,30.079,23.251,4.785,7.083,6.468
2747,0.899,36.195,25.393,30.069,23.251,4.783,7.083,6.589
2748,0.905,36.302,25.383,30.05,23.258,4.783,7.123,6.59
2749,0.902,36.389,25.398,30.068,23.261,4.905,7.124,6.549
2750,0.892,36.064,25.433,30.069,23.254,4.784,7.043,6.508
2751,0.886,36.186,25.403,30.03,23.244,4.661,7.042,6.549
2752,0.872,36.331,25.461,30.049,23.251,4.782,7.164,6.549
2753,0.866,36.399,25.415,30.049,23.247,4.783,7.124,6.508
2754,0.856,36.093,25.387,30.04,23.247,4.742,7.043,6.508
2755,0.846,36.215,25.457,30.04,23.247,4.742,7.204,6.549
2756,0.833,36.35,25.43,30.107,23.261,4.864,7.287,6.671
2757,0.862,36.419,25.402,30.059,23.254,4.824,7.207,6.631
2758,0.853,36.084,25.41,30.069,23.251,4.743,7.165,6.59
2759,0.859,36.205,25.414,30.069,23.254,4.783,7.165,6.631
2760,0.879,36.321,25.41,30.059,23.261,4.824,7.246,6.631
2761,0.879,36.37,25.398,30.069,23.254,4.702,7.166,6.509
2762,0.872,36.016,25.429,30.03,23.244,4.742,7.165,6.63
2763,0.882,36.175,25.383,30.059,23.251,4.823,7.206,6.468
2764,0.872,36.283,25.406,30.03,23.247,4.661,7.125,6.426
2765,0.863,36.475,25.418,30.02,23.247,4.741,7.083,6.466
2766,0.859,36.084,25.41,30.049,23.254,4.742,7.205,6.629
2767,0.856,36.243,25.406,30.068,23.261,4.905,7.287,6.672
2768,0.849,36.341,25.43,30.04,23.251,4.744,7.207,6.55
2769,0.817,36.073,25.406,30.04,23.254,4.864,7.247,6.63
2770,0.823,36.109,25.406,30.059,23.254,4.784,7.206,6.59
2771,0.807,36.244,25.433,30.069,23.254,4.905,7.287,6.631
2772,0.8,36.341,25.461,30.05,23.254,4.825,7.125,6.55
2773,0.781,35.939,25.407,30.021,23.244,4.661,7.043,6.508
2774,0.767,36.069,25.41,30.039,23.247,4.782,7.204,6.589
2775,0.764,36.214,25.437,30.03,23.247,4.783,7.125,6.549
2776,0.764,36.293,25.379,30.02,23.251,4.742,7.165,6.549
2777,0.761,35.919,25.375,30.03,23.244,4.701,7.043,6.549
2778,0.764,36.079,25.379,30.04,23.254,4.823,7.204,6.671
2779,0.774,36.262,25.425,30.078,23.265,4.905,7.206,6.591
2780,0.767,36.283,25.399,30.03,23.248,4.784,7.165,6.631
2781,0.77,36.025,25.398,30.04,23.254,4.824,7.165,6.59
2782,0.764,36.166,25.437,30.049,23.254,4.865,7.206,6.631
2783,0.77,36.283,25.422,30.03,23.254,4.824,7.206,6.631
2784,0.78,36.332,25.414,30.011,23.254,4.743,7.165,6.55
2785,0.758,35.92,25.434,29.991,23.244,4.783,7.206,6.549
2786,0.764,36.079,25.383,30.049,23.247,4.742,7.165,6.549
2787,0.754,36.205,25.386,30.021,23.247,4.783,7.165,6.508
2788,0.751,36.245,25.386,30.02,23.24,4.742,7.124,6.508
2789,0.748,35.967,25.429,30.001,23.247,4.661,7.205,6.63
2790,0.741,36.117,25.418,30.049,23.261,4.944,7.369,6.672
2791,0.738,36.282,25.418,30.04,23.261,4.785,7.126,6.591
2792,0.728,36.264,25.379,30.03,23.251,4.783,7.246,6.59
2793,0.721,36.034,25.406,30.03,23.244,4.824,7.247,6.671
2794,0.715,36.176,25.449,30.03,23.254,4.865,7.288,6.631
2795,0.721,36.302,25.422,30.049,23.258,4.865,7.369,6.631
2796,0.711,36.102,25.426,30.021,23.251,4.743,7.167,6.468
2797,0.705,36.033,25.383,30.02,23.244,4.701,7.287,6.548
2798,0.718,36.185,25.445,30.011,23.254,4.742,7.247,6.549
2799,0.718,36.311,25.453,30.03,23.247,4.742,7.288,6.508
2800,0.718,35.795,25.426,30.001,23.247,4.742,7.247,6.467
2801,0.731,35.876,25.414,30.03,23.24,4.742,7.369,6.629
2802,0.738,36.03,25.402,30.04,23.265,4.905,7.33,6.753
2803,0.751,36.128,25.406,30.03,23.254,4.825,7.289,6.551
2804,0.741,35.879,25.394,30.011,23.258,4.865,7.288,6.549
2805,0.734,36.03,25.418,30.03,23.251,4.824,7.288,6.63
2806,0.744,36.166,25.316,30.03,23.254,4.783,7.288,6.631
2807,0.738,36.244,25.397,30.03,23.251,4.742,7.166,6.631
2808,0.721,35.9,25.398,29.992,23.244,4.661,7.124,6.509
2809,0.721,36.03,25.449,30.01,23.251,4.782,7.205,6.549
2810,0.724,36.185,25.43,30.02,23.254,4.783,7.206,6.508
2811,0.718,36.225,25.422,30.011,23.247,4.742,7.125,6.508
2812,0.702,35.852,25.395,29.991,23.244,4.742,7.124,6.549
2813,0.714,36.011,25.394,30.001,23.251,4.783,7.287,6.712
2814,0.715,36.175,25.429,30.049,23.265,4.824,7.207,6.551
2815,0.708,36.168,25.43,30.001,23.254,4.824,7.125,6.59
2816,0.702,35.947,25.406,30.011,23.251,4.783,7.124,6.631
2817,0.714,36.098,25.371,30.03,23.258,4.824,7.165,6.631
2818,0.721,36.224,25.441,30.03,23.254,4.824,7.165,6.631
2819,0.731,36.245,25.407,30.011,23.247,4.743,7.002,6.468
2820,0.725,35.938,25.402,30.011,23.251,4.742,7.001,6.629
2821,0.737,36.088,25.426,30.02,23.244,4.823,7.041,6.55
2822,0.738,36.186,25.434,30.001,23.247,4.743,7.082,6.508
2823,0.734,36.091,25.43,29.982,23.244,4.701,7.042,6.508
2824,0.738,35.85,25.391,29.991,23.244,4.742,7.001,6.589
2825,0.744,36.011,25.41,30.03,23.258,4.905,7.163,6.712
2826,0.751,36.128,25.422,30.078,23.254,4.744,7.002,6.672
2827,0.738,35.774,25.356,30.002,23.258,4.783,7.001,6.631
2828,0.731,35.857,25.382,30.03,23.254,4.742,6.96,6.631
2829,0.731,35.992,25.386,30.011,23.251,4.823,6.96,6.631
2830,0.728,36.099,25.394,30.011,23.254,4.783,6.838,6.631
2831,0.728,35.812,25.398,29.991,23.24,4.742,6.796,6.468
2832,0.718,35.924,25.41,29.991,23.247,4.783,6.877,6.548
2833,0.711,36.079,25.406,30.001,23.254,4.783,6.877,6.63
2834,0.724,36.157,25.371,30.001,23.244,4.702,6.837,6.59
2835,0.715,35.697,25.445,29.982,23.247,4.782,6.796,6.509
2836,0.718,35.846,25.321,30.01,23.247,4.824,6.877,6.711
2837,0.734,36.03,25.378,30.03,23.265,4.946,6.918,6.672
2838,0.731,36.07,25.394,30.001,23.254,4.866,6.837,6.55
2839,0.741,35.84,25.367,30.001,23.247,4.906,6.796,6.671
2840,0.741,35.982,25.398,29.991,23.254,4.784,6.877,6.631
2841,0.747,36.108,25.441,30.001,23.258,4.864,6.796,6.631
2842,0.747,36.157,25.438,29.982,23.247,4.743,6.795,6.509
2843,0.738,35.65,25.406,29.962,23.244,4.661,6.714,6.508
2844,0.764,35.817,25.352,29.991,23.251,4.741,6.794,6.508
2845,0.764,35.934,25.406,29.991,23.254,4.742,6.795,6.467
2846,0.754,35.954,25.398,29.972,23.244,4.742,6.755,6.507
2847,0.748,35.926,25.344,29.962,23.247,4.783,6.795,6.589
2848,0.751,36.079,25.398,29.991,23.258,4.864,6.958,6.671
2849,0.764,36.215,25.41,30.001,23.258,4.824,6.878,6.55
2850,0.738,36.523,25.418,29.982,23.258,4.783,6.877,6.59
2851,0.738,35.692,25.422,29.982,23.251,4.783,6.918,6.509
2852,0.754,35.798,25.426,29.991,23.251,4.824,7.0,6.589
2853,0.741,35.943,25.402,29.982,23.258,4.865,6.919,6.549
2854,0.721,35.858,25.379,29.962,23.247,4.662,6.837,6.508
2855,0.718,35.934,25.425,29.972,23.251,4.7,6.958,6.508
2856,0.721,36.088,25.395,30.049,23.254,4.782,6.878,6.467
2857,0.724,36.167,25.387,29.973,23.244,4.742,6.877,6.467
2858,0.731,35.621,25.363,29.953,23.244,4.742,6.918,6.426
2859,0.734,35.721,25.382,29.981,23.251,4.864,7.041,6.629
2860,0.77,35.894,25.422,30.01,23.258,4.906,7.082,6.59
2861,0.78,35.935,25.387,29.982,23.251,4.784,7.002,6.59
2862,0.8,35.628,25.406,29.991,23.251,4.824,7.041,6.671
2863,0.823,35.788,25.422,30.001,23.251,4.824,7.001,6.591
2864,0.862,35.914,25.434,29.991,23.258,4.824,7.041,6.59
2865,0.888,35.964,25.442,29.953,23.244,4.661,6.96,6.427
2866,0.905,35.609,25.418,29.972,23.251,4.782,7.041,6.67
2867,0.931,35.778,25.387,29.972,23.247,4.824,6.96,6.591
2868,0.944,35.885,25.414,29.962,23.251,4.743,6.919,6.59
2869,0.961,35.944,25.391,29.972,23.247,4.701,6.959,6.509
2870,0.951,35.676,25.39,29.962,23.254,4.782,7.082,6.67
2871,0.977,35.827,25.41,30.001,23.258,4.905,7.123,6.753
2872,0.994,35.963,25.434,29.972,23.251,4.825,6.961,6.632
2873,1.013,35.983,25.387,29.962,23.251,4.824,7.0,6.712
2874,1.04,35.657,25.375,29.972,23.254,4.824,7.041,6.713
2875,1.079,35.779,25.449,29.962,23.254,4.865,7.001,6.754
2876,1.122,35.933,25.403,29.981,23.251,4.784,6.919,6.673
2877,1.177,35.916,25.379,29.953,23.24,4.702,6.878,6.591
2878,1.236,35.733,25.363,29.962,23.251,4.823,6.918,6.671
2879,1.279,35.856,25.402,29.962,23.251,4.783,6.878,6.713
2880,1.325,35.944,25.398,29.962,23.251,4.783,6.837,6.632
2881,1.339,35.82,25.387,29.953,23.244,4.783,6.877,6.672
2882,1.349,35.742,25.394,29.962,23.251,4.864,6.918,6.875
2883,1.375,35.914,25.402,30.01,23.258,4.906,6.959,6.837
2884,1.359,35.983,25.387,29.963,23.251,4.825,6.878,6.837
2885,1.372,35.801,25.425,29.962,23.251,4.824,6.837,6.877
2886,1.388,35.924,25.41,29.972,23.258,4.865,6.837,6.877
2887,1.378,36.069,25.414,29.972,23.254,4.824,6.918,6.837
2888,1.352,36.147,25.43,29.962,23.251,4.743,6.837,6.714
2889,1.31,35.467,25.426,29.933,23.237,4.742,6.837,6.835
2890,1.309,35.623,25.414,29.971,23.251,4.742,6.796,6.837
2891,1.3,35.759,25.414,29.962,23.247,4.783,6.795,6.755
2892,1.247,35.837,25.437,29.943,23.251,4.742,6.755,6.836
2893,1.195,35.531,25.383,29.943,23.244,4.742,6.836,6.918
2894,1.149,35.701,25.394,29.972,23.265,4.905,6.918,7.122
2895,1.116,35.818,25.449,29.981,23.258,4.825,6.878,7.124
2896,1.041,35.876,25.317,29.982,23.247,4.824,6.837,7.287
2897,1.004,35.656,25.362,29.953,23.254,4.743,6.837,7.451
2898,0.968,35.788,25.371,29.962,23.258,4.783,6.837,7.656
2899,0.916,35.905,25.425,29.972,23.251,4.824,6.796,7.82
2900,0.853,35.944,25.406,29.953,23.24,4.661,6.714,7.903
2901,0.794,35.436,25.426,29.953,23.247,4.741,6.794,8.229
2902,0.767,35.585,25.363,29.953,23.254,4.823,6.836,8.436
2903,0.728,35.701,25.367,29.953,23.244,4.702,6.837,8.641
2904,0.698,35.702,25.425,29.924,23.247,4.742,6.837,8.847
2905,0.659,35.635,25.379,29.952,23.251,4.905,6.999,9.215
2906,0.649,35.826,25.402,29.981,23.258,4.865,6.96,9.259
2907,0.616,35.896,25.391,29.972,23.247,4.824,6.96,9.381
2908,0.597,36.021,25.433,29.953,23.254,4.905,6.96,9.464
2909,0.59,35.696,25.43,29.953,23.258,4.825,7.041,9.627
2910,0.609,35.856,25.43,29.962,23.258,4.865,6.96,9.629
2911,0.629,35.934,25.399,29.933,23.244,4.702,6.838,9.466
2912,0.652,35.484,25.406,29.904,23.244,4.742,6.958,9.668
2913,0.694,35.595,25.394,29.942,23.251,4.823,6.96,9.67
2914,0.718,35.701,25.406,29.952,23.251,4.824,6.878,9.955
2915,0.754,35.779,25.402,29.924,23.24,4.702,6.837,9.957
2916,0.764,35.55,25.402,29.952,23.247,4.782,6.918,10.161
2917,0.803,35.711,25.383,29.981,23.265,4.946,7.081,10.529
2918,0.82,35.827,25.34,29.953,23.254,4.785,6.961,10.573
2919,0.81,35.896,25.351,29.953,23.258,4.783,6.919,10.818
2920,0.826,35.474,25.363,29.962,23.247,4.824,6.959,10.983
2921,0.839,35.614,25.402,29.962,23.251,4.865,7.082,11.309
2922,0.83,35.721,25.363,29.953,23.254,4.743,6.961,11.313
2923,0.833,35.779,25.363,29.914,23.244,4.701,6.878,11.435
2924,0.843,35.598,25.421,29.914,23.244,4.742,6.959,11.517
2925,0.83,35.74,25.379,29.933,23.251,4.742,6.96,11.681
2926,0.839,35.866,25.402,29.933,23.247,4.742,6.878,11.683
2927,0.823,35.906,25.363,29.914,23.251,4.661,6.959,11.683
2928,0.826,35.455,25.433,29.952,23.254,4.822,7.082,11.926
2929,0.826,35.642,25.422,29.981,23.258,4.824,7.042,11.807
2930,0.81,35.721,25.391,29.924,23.261,4.783,7.042,11.724
2931,0.813,35.77,25.394,29.933,23.254,4.783,7.001,11.723
2932,0.803,35.55,25.394,29.943,23.251,4.783,7.082,11.683
2933,0.81,35.701,25.429,29.952,23.258,4.783,7.002,11.52
2934,0.794,35.808,25.41,29.933,23.251,4.702,6.919,11.437
2935,0.787,35.79,25.363,29.914,23.244,4.701,7.0,11.355
2936,0.8,35.521,25.406,29.933,23.247,4.782,7.041,11.273
2937,0.807,35.643,25.367,29.924,23.247,4.702,6.96,11.19
2938,0.803,35.731,25.371,29.923,23.244,4.66,7.041,11.068
2939,0.807,35.588,25.347,29.933,23.251,4.741,7.042,11.026
2940,0.82,35.634,25.378,29.962,23.261,4.905,7.204,11.066
2941,0.83,35.779,25.382,29.943,23.258,4.744,7.125,10.985
2942,0.823,35.847,25.347,29.943,23.258,4.742,7.165,10.822
2943,0.83,35.397,25.39,29.952,23.251,4.783,7.287,10.82
2944,0.843,35.488,25.433,29.943,23.261,4.824,7.207,10.617
2945,0.833,35.633,25.379,29.943,23.258,4.783,7.165,10.452
2946,0.826,35.711,25.402,29.924,23.244,4.661,7.206,10.369
2947,0.82,35.463,25.383,29.923,23.247,4.782,7.287,10.287
2948,0.826,35.604,25.433,29.943,23.251,4.783,7.288,10.245
2949,0.817,35.73,25.399,29.924,23.244,4.742,7.329,10.082
2950,0.81,35.799,25.398,29.923,23.251,4.742,7.37,9.999
2951,0.81,35.454,25.414,29.933,23.261,4.823,7.573,10.08
2952,0.82,35.623,25.43,29.962,23.258,4.783,7.454,9.878
2953,0.813,35.73,25.43,29.933,23.254,4.783,7.452,9.794
2954,0.803,35.78,25.399,29.933,23.258,4.824,7.574,9.753
2955,0.813,35.464,25.394,29.943,23.251,4.905,7.535,9.671
2956,0.813,35.614,25.402,29.952,23.251,4.784,7.494,9.589
2957,0.81,35.702,25.387,29.905,23.24,4.661,7.371,9.344
2958,0.813,35.741,25.433,29.914,23.254,4.782,7.533,9.342
2959,0.82,35.473,25.395,29.933,23.244,4.661,7.453,9.423
2960,0.823,35.604,25.402,29.924,23.244,4.66,7.412,9.18
2961,0.826,35.702,25.367,29.914,23.251,4.66,7.411,9.137
2962,0.833,35.741,25.375,29.923,23.258,4.822,7.615,9.217
2963,0.846,35.54,25.41,29.943,23.261,4.824,7.535,9.096
2964,0.846,35.624,25.394,29.933,23.251,4.702,7.453,8.932
2965,0.833,35.73,25.39,29.914,23.254,4.742,7.493,8.931
2966,0.846,35.674,25.363,29.923,23.251,4.823,7.494,8.89
2967,0.833,35.53,25.378,29.933,23.258,4.824,7.453,8.809
2968,0.833,35.643,25.402,29.914,23.244,4.702,7.371,8.604
2969,0.823,35.712,25.371,29.904,23.247,4.701,7.37,8.684
2970,0.82,35.424,25.418,29.923,23.251,4.742,7.411,8.644
2971,0.82,35.489,25.391,29.914,23.258,4.701,7.371,8.521
2972,0.81,35.643,25.34,29.933,23.247,4.701,7.33,8.398
2973,0.816,35.721,25.378,29.924,23.247,4.742,7.37,8.478
2974,0.816,35.319,25.441,29.952,23.258,4.905,7.492,8.56
2975,0.829,35.449,25.391,29.933,23.254,4.825,7.412,8.399
2976,0.813,35.566,25.363,29.924,23.251,4.783,7.371,8.316
2977,0.82,35.672,25.382,29.923,23.251,4.783,7.33,8.234
2978,0.836,35.587,25.433,29.923,23.254,4.824,7.451,8.273
2979,0.839,35.759,25.426,29.952,23.254,4.865,7.33,8.152
2980,0.843,35.837,25.41,29.914,23.244,4.662,7.289,8.028
2981,0.839,35.905,25.367,29.914,23.251,4.741,7.329,8.068
2982,0.846,35.12,25.375,29.914,23.247,4.742,7.289,8.028
2983,0.846,35.294,25.363,29.914,23.251,4.742,7.247,7.905
2984,0.853,35.42,25.386,29.895,23.247,4.661,7.206,7.945
2985,0.853,35.47,25.367,29.914,23.251,4.822,7.328,7.986
2986,0.862,35.422,25.375,29.962,23.268,4.905,7.37,8.027
2987,0.856,35.556,25.375,29.924,23.254,4.784,7.289,7.865
2988,0.846,35.682,25.375,29.943,23.251,4.742,7.207,7.863
2989,0.843,35.702,25.382,29.933,23.254,4.823,7.287,7.7
2990,0.839,35.424,25.386,29.943,23.258,4.783,7.247,7.74
2991,0.826,35.565,25.394,29.914,23.251,4.742,7.206,7.618
2992,0.833,35.634,25.406,29.885,23.24,4.661,7.084,7.657
2993,0.833,35.98,25.394,29.923,23.244,4.782,7.123,7.617
2994,0.833,35.322,25.402,29.923,23.251,4.702,7.124,7.576
2995,0.826,35.43,25.426,29.904,23.244,4.742,7.124,7.535
2996,0.823,35.566,25.406,29.914,23.251,4.701,7.043,7.534
2997,0.836,35.394,25.398,29.923,23.258,4.782,7.245,7.697
2998,0.852,35.479,25.426,29.952,23.254,4.783,7.125,7.536
2999,0.849,35.576,25.434,29.933,23.254,4.824,7.043,7.534
3000,0.843,35.673,25.41,29.924,23.258,4.743,7.082,7.453
3001,0.853,35.347,25.391,29.933,23.254,4.783,7.123,7.534
3002,0.866,35.469,25.39,29.933,23.251,4.783,7.165,7.412
3003,0.862,35.576,25.379,29.904,23.247,4.702,6.962,7.33
3004,0.859,35.644,25.406,29.904,23.251,4.742,7.0,7.289
3005,0.872,35.261,25.371,29.904,23.258,4.742,7.082,7.288
3006,0.866,35.42,25.386,29.895,23.251,4.701,7.042,7.288
3007,0.862,35.508,25.371,29.904,23.244,4.701,7.001,7.288
3008,0.853,35.595,25.406,29.904,23.254,4.742,7.204,7.451
3009,0.866,35.251,25.41,29.952,23.265,4.783,7.247,7.371
3010,0.853,35.362,25.375,29.905,23.251,4.742,7.166,7.289
3011,0.853,35.479,25.382,29.904,23.251,4.783,7.165,7.247
3012,0.849,35.556,25.41,29.914,23.254,4.742,7.246,7.288
3013,0.846,35.279,25.394,29.914,23.258,4.864,7.206,7.288
3014,0.836,35.42,25.402,29.914,23.251,4.702,7.165,7.166
3015,0.833,35.508,25.402,29.876,23.24,4.66,7.246,7.124
3016,0.839,35.605,25.41,29.904,23.254,4.7,7.206,7.205
3017,0.856,35.414,25.402,29.914,23.247,4.701,7.165,7.165
3018,0.853,35.508,25.391,29.885,23.244,4.701,7.206,7.124
3019,0.853,35.624,25.379,29.894,23.244,4.742,7.247,7.205
3020,0.862,35.673,25.421,29.942,23.265,4.905,7.45,7.247
3021,0.885,35.357,25.418,29.924,23.251,4.825,7.33,7.125
3022,0.876,35.459,25.379,29.914,23.251,4.783,7.289,7.083
3023,0.872,35.585,25.386,29.923,23.251,4.824,7.329,7.083
3024,0.885,35.299,25.437,29.904,23.254,4.824,7.451,7.083
3025,0.892,35.161,25.395,29.914,23.254,4.743,7.33,7.042
3026,0.882,35.304,25.398,29.885,23.237,4.579,7.207,6.96
3027,0.866,35.373,25.394,29.885,23.254,4.74,7.328,7.041
3028,0.869,35.268,25.402,29.894,23.244,4.742,7.248,7.042
3029,0.872,35.372,25.387,29.894,23.251,4.701,7.247,7.001
3030,0.859,35.507,25.336,29.885,23.247,4.701,7.247,6.96
3031,0.859,35.605,25.339,29.904,23.251,4.782,7.328,7.0
3032,0.872,35.165,25.398,29.933,23.265,4.864,7.41,7.082
3033,0.869,35.304,25.359,29.904,23.251,4.784,7.289,6.961
3034,0.859,35.411,25.382,29.895,23.251,4.824,7.288,7.0
3035,0.869,35.498,25.429,29.904,23.247,4.743,7.329,6.919
3036,0.866,35.192,25.41,29.904,23.251,4.742,7.289,6.959
3037,0.885,35.352,25.414,29.904,23.251,4.783,7.247,6.919
3038,0.866,35.431,25.414,29.875,23.24,4.58,7.125,6.837
3039,0.866,35.508,25.398,29.894,23.251,4.781,7.205,6.837
3040,0.889,35.164,25.398,29.885,23.244,4.702,7.206,6.796
3041,0.882,35.304,25.39,29.904,23.251,4.66,7.206,6.836
3042,0.879,35.449,25.383,29.914,23.244,4.66,7.125,6.837
3043,0.892,35.479,25.367,29.914,23.251,4.741,7.246,6.877
3044,0.918,35.288,25.437,29.943,23.261,4.823,7.288,6.877
3045,0.899,35.401,25.313,29.924,23.251,4.702,7.166,6.796
3046,0.899,35.517,25.354,29.923,23.254,4.782,7.206,6.836
3047,0.905,35.547,25.41,29.914,23.254,4.783,7.206,6.837
3048,0.899,35.164,25.473,29.914,23.251,4.742,7.328,6.877
3049,0.899,35.313,25.434,29.914,23.251,4.742,7.167,6.674
3050,0.879,35.392,25.41,29.856,23.247,4.661,7.206,6.672
3051,0.882,35.498,25.398,29.894,23.251,4.741,7.247,6.753
3052,0.885,35.24,25.371,29.904,23.251,4.661,7.288,6.714
3053,0.879,35.372,25.367,29.895,23.244,4.7,7.207,6.713
3054,0.882,35.488,25.39,29.894,23.251,4.701,7.287,6.794
3055,0.889,35.202,25.379,29.914,23.258,4.945,7.532,6.877
3056,0.892,35.295,25.375,29.914,23.251,4.785,7.331,6.796
3057,0.895,35.401,25.359,29.904,23.254,4.783,7.37,6.714
3058,0.899,35.498,25.374,29.904,23.254,4.783,7.37,6.754
3059,0.902,35.183,25.429,29.904,23.254,4.783,7.411,6.795
3060,0.921,35.333,25.426,29.914,23.251,4.742,7.289,6.633
3061,0.915,35.43,25.414,29.876,23.24,4.661,7.329,6.672
3062,0.912,35.527,25.371,29.913,23.254,4.741,7.329,6.794
3063,0.912,35.068,25.355,29.885,23.244,4.701,7.289,6.673
3064,0.925,35.188,25.421,29.894,23.247,4.66,7.288,6.672
3065,0.918,35.295,25.324,29.875,23.247,4.7,7.288,6.672
3066,0.931,35.392,25.394,29.904,23.258,4.823,7.41,6.794
3067,0.935,35.162,25.383,29.914,23.265,4.824,7.452,6.673
3068,0.912,35.266,25.422,29.895,23.258,4.743,7.33,6.753
3069,0.915,35.401,25.399,29.914,23.247,4.823,7.41,6.673
3070,0.905,35.45,25.398,29.904,23.258,4.783,7.452,6.794
3071,0.915,35.201,25.41,29.904,23.254,4.783,7.452,6.795
3072,0.912,35.333,25.398,29.904,23.251,4.783,7.33,6.673
3073,0.895,35.421,25.383,29.875,23.237,4.661,7.289,6.631
3074,0.899,35.479,25.39,29.894,23.247,4.782,7.369,6.794
3075,0.905,35.23,25.394,29.894,23.244,4.742,7.33,6.714
3076,0.899,35.372,25.383,29.885,23.244,4.742,7.289,6.754
3077,0.902,35.479,25.34,29.885,23.247,4.701,7.369,6.714
3078,0.921,35.556,25.402,29.914,23.258,4.863,7.533,6.916
3079,0.935,35.202,25.398,29.923,23.261,4.784,7.372,6.796
3080,0.931,35.304,25.39,29.885,23.251,4.824,7.33,6.795
3081,0.935,35.43,25.379,29.904,23.251,4.824,7.37,6.755
3082,0.945,35.182,25.297,29.914,23.251,4.743,7.411,6.795
3083,0.954,35.17,25.362,29.904,23.251,4.823,7.33,6.795
3084,0.951,35.304,25.414,29.875,23.244,4.702,7.207,6.592
3085,0.941,35.363,25.367,29.885,23.247,4.742,7.328,6.671
3086,0.954,35.018,25.39,29.875,23.254,4.701,7.289,6.672
3087,0.951,35.139,25.39,29.875,23.251,4.701,7.329,6.672
3088,0.938,35.246,25.429,29.865,23.244,4.701,7.329,6.672
3089,0.935,35.353,25.395,29.865,23.247,4.701,7.289,6.713
3090,0.941,35.2,25.418,29.904,23.258,4.823,7.532,6.835
3091,0.951,35.362,25.414,29.895,23.244,4.783,7.372,6.714
3092,0.932,35.45,25.395,29.894,23.254,4.783,7.452,6.754
3093,0.938,35.537,25.367,29.894,23.251,4.824,7.452,6.754
3094,0.941,35.173,25.394,29.894,23.251,4.783,7.493,6.795
3095,0.945,35.323,25.379,29.904,23.258,4.824,7.453,6.633
3096,0.938,35.43,25.371,29.885,23.251,4.702,7.33,6.55
3097,0.945,35.489,25.351,29.904,23.251,4.823,7.41,6.712
3098,0.958,35.106,25.398,29.875,23.251,4.702,7.371,6.632
3099,0.954,35.236,25.394,29.894,23.251,4.701,7.37,6.631
3100,0.964,35.343,25.355,29.875,23.244,4.701,7.37,6.672
3101,0.958,35.402,25.367,29.904,23.244,4.823,7.492,6.794
3102,0.987,35.287,25.363,29.933,23.258,4.824,7.412,6.714
3103,0.991,35.401,25.394,29.895,23.251,4.702,7.33,6.713
3104,0.997,35.508,25.422,29.885,23.254,4.782,7.329,6.672
3105,0.987,35.528,25.387,29.914,23.254,4.783,7.329,6.753
3106,0.997,35.279,25.383,29.904,23.254,4.783,7.37,6.714
3107,0.991,35.401,25.379,29.895,23.247,4.661,7.208,6.591
3108,0.978,35.479,25.394,29.875,23.247,4.741,7.247,6.671
3109,0.99,35.451,25.375,29.875,23.254,4.783,7.206,6.672
3110,0.978,35.336,25.379,29.885,23.254,4.783,7.165,6.631
3111,0.974,35.459,25.382,29.875,23.247,4.702,7.124,6.631
3112,0.981,35.556,25.355,29.865,23.247,4.742,7.124,6.712
3113,0.984,35.365,25.417,29.913,23.261,4.905,7.327,6.794
3114,0.987,35.469,25.406,29.904,23.254,4.744,7.167,6.714
3115,0.987,35.585,25.371,29.895,23.251,4.783,7.165,6.713
3116,0.978,35.673,25.398,29.914,23.258,4.824,7.124,6.713
3117,0.984,35.424,25.406,29.904,23.261,4.783,7.165,6.713
3118,1.0,35.565,25.453,29.895,23.254,4.742,7.124,6.672
3119,0.997,35.663,25.387,29.866,23.24,4.62,6.921,6.509
3120,1.0,35.74,25.355,29.894,23.251,4.7,7.041,6.67
3121,1.017,35.588,25.363,29.885,23.247,4.701,7.042,6.672
3122,1.023,35.74,25.347,29.942,23.247,4.742,7.001,6.631
3123,1.023,35.837,25.351,29.876,23.24,4.661,6.919,6.59
3124,1.036,35.876,25.386,29.894,23.251,4.741,7.041,6.753
3125,1.059,35.608,25.406,29.952,23.258,4.864,7.042,6.754
3126,1.06,35.74,25.394,29.885,23.254,4.702,6.96,6.632
3127,1.05,35.837,25.418,29.885,23.254,4.742,6.96,6.672
3128,1.043,35.915,25.461,29.894,23.251,4.742,6.96,6.631
3129,1.05,35.839,25.43,29.914,23.258,4.823,7.082,6.712
3130,1.04,35.982,25.43,29.904,23.251,4.743,6.92,6.51
3131,1.037,36.06,25.387,29.856,23.244,4.661,6.919,6.67
3132,1.04,36.099,25.351,29.875,23.251,4.7,7.041,6.631
3133,1.046,35.937,25.37,29.875,23.251,4.66,6.96,6.631
3134,1.04,36.069,25.414,29.885,23.244,4.619,6.919,6.59
3135,1.046,36.176,25.32,29.885,23.251,4.659,6.959,6.549
3136,1.053,36.503,25.327,29.904,23.261,4.904,7.082,6.793
3137,1.073,36.113,25.355,29.914,23.254,4.784,7.002,6.633
3138,1.069,36.205,25.441,29.876,23.261,4.742,7.001,6.672
3139,1.079,36.302,25.414,29.913,23.251,4.742,6.96,6.591
3140,1.083,36.236,25.395,29.895,23.254,4.864,7.082,6.671
3141,1.089,36.322,25.363,29.914,23.254,4.743,7.042,6.631
3142,1.099,36.457,25.367,29.904,23.244,4.661,6.92,6.55
3143,1.096,36.525,25.359,29.875,23.247,4.7,7.0,6.63
3144,1.112,36.296,25.417,29.875,23.251,4.823,7.001,6.631
3145,1.109,36.437,25.391,29.913,23.251,4.743,7.001,6.509
3146,1.115,36.535,25.347,29.885,23.244,4.661,7.001,6.589
3147,1.109,36.631,25.378,29.885,23.247,4.782,7.082,6.671
3148,1.115,36.441,25.41,29.923,23.261,4.864,7.286,6.713
3149,1.115,36.563,25.383,29.876,23.251,4.743,7.166,6.632
3150,1.106,36.689,25.382,29.904,23.254,4.783,7.165,6.631
3151,1.109,36.758,25.41,29.904,23.254,4.824,7.206,6.631
3152,1.109,36.595,25.379,29.895,23.258,4.824,7.287,6.672
3153,1.112,36.737,25.367,29.875,23.241,4.661,7.166,6.55
3154,1.102,36.825,25.417,29.885,23.251,4.7,7.287,6.63
3155,1.109,36.903,25.367,29.894,23.244,4.701,7.207,6.55
3156,1.115,36.731,25.363,29.885,23.251,4.701,7.125,6.59
3157,1.119,36.873,25.371,29.885,23.244,4.742,7.165,6.549
3158,1.119,36.98,25.386,29.885,23.251,4.701,7.206,6.752
3159,1.148,37.039,25.383,29.942,23.272,4.945,7.328,6.673
3160,1.139,36.915,25.363,29.885,23.248,4.744,7.167,6.591
3161,1.145,37.076,25.386,29.875,23.265,4.783,7.246,6.631
3162,1.155,37.174,25.343,29.885,23.254,4.783,7.166,6.672
3163,1.142,37.204,25.37,29.894,23.254,4.783,7.287,6.631
3164,1.161,37.022,25.425,29.885,23.254,4.702,7.125,6.468
3165,1.145,37.116,25.363,29.856,23.24,4.701,7.124,6.589
3166,1.161,37.232,25.378,29.884,23.251,4.823,7.165,6.59
3167,1.158,37.214,25.347,29.875,23.251,4.743,7.124,6.509
3168,1.148,37.252,25.378,29.865,23.251,4.701,7.165,6.508
3169,1.142,37.339,25.32,29.856,23.244,4.701,7.165,6.508
3170,1.148,37.454,25.394,29.904,23.251,4.782,7.287,6.711
3171,1.161,37.139,25.387,29.914,23.261,4.864,7.288,6.672
3172,1.142,37.213,25.34,29.895,23.254,4.784,7.247,6.631
3173,1.145,37.367,25.366,29.885,23.247,4.783,7.166,6.672
3174,1.132,37.436,25.425,29.904,23.258,4.824,7.287,6.631
3175,1.138,37.292,25.324,29.914,23.254,4.824,7.288,6.672
3176,1.145,37.387,25.366,29.895,23.247,4.743,7.166,6.509
3177,1.135,37.484,25.394,29.866,23.24,4.701,7.165,6.589
3178,1.151,37.581,25.414,29.894,23.251,4.782,7.165,6.631
3179,1.155,37.399,25.391,29.875,23.247,4.742,7.165,6.55
3180,1.148,37.522,25.371,29.875,23.247,4.783,7.165,6.508
3181,1.155,37.648,25.378,29.875,23.251,4.783,7.124,6.63
3182,1.165,37.736,25.367,29.913,23.265,4.864,7.327,6.672
3183,1.171,37.545,25.378,29.904,23.254,4.743,7.207,6.631
3184,1.168,37.658,25.402,29.866,23.254,4.742,7.165,6.59
3185,1.165,37.755,25.328,29.885,23.251,4.823,7.287,6.671
3186,1.155,37.813,25.378,29.894,23.251,4.824,7.166,6.591
3187,1.155,37.594,25.375,29.894,23.258,4.824,7.206,6.59
3188,1.139,37.697,25.39,29.847,23.244,4.702,7.003,6.509
3189,1.125,37.794,25.308,29.884,23.254,4.742,7.163,6.589
3190,1.122,37.852,25.308,29.894,23.251,4.742,7.124,6.631
3191,1.106,37.671,25.354,29.875,23.247,4.742,7.083,6.55
3192,1.099,37.784,25.296,29.875,23.244,4.661,7.042,6.508
3193,1.093,37.881,25.354,29.875,23.251,4.782,7.204,6.67
3194,1.096,37.92,25.433,29.913,23.258,4.864,7.165,6.713
3195,1.079,37.7,25.336,29.895,23.254,4.784,7.124,6.551
3196,1.076,37.813,25.359,29.885,23.251,4.783,7.124,6.671
3197,1.079,37.939,25.41,29.875,23.251,4.824,7.124,6.509
3198,1.076,37.681,25.437,29.875,23.261,4.824,7.165,6.549
3199,1.076,37.755,25.403,29.885,23.251,4.783,7.084,6.549
3200,1.053,37.852,25.363,29.875,23.244,4.702,7.083,6.59
3201,1.06,37.958,25.367,29.875,23.251,4.742,7.083,6.59
3202,1.066,37.605,25.25,29.894,23.251,4.783,7.042,6.59
3203,1.047,37.745,25.338,29.875,23.244,4.742,7.082,6.509
3204,1.04,37.852,25.421,29.865,23.247,4.783,7.042,6.508
3205,1.037,37.949,25.379,29.875,23.261,4.783,7.164,6.711
3206,1.056,37.71,25.379,29.885,23.258,4.864,7.084,6.551
3207,1.024,37.813,25.382,29.875,23.251,4.743,7.083,6.549
3208,1.004,37.929,25.41,29.875,23.254,4.823,7.042,6.63
3209,0.994,38.007,25.379,29.885,23.258,4.824,7.001,6.631
3210,0.991,37.874,25.371,29.885,23.258,4.824,7.041,6.55
3211,0.971,37.987,25.363,29.866,23.247,4.702,6.879,6.427
3212,0.951,38.084,25.304,29.875,23.251,4.742,7.0,6.507
3213,0.961,38.162,25.339,29.875,23.247,4.783,6.919,6.467
3214,0.951,37.827,25.394,29.865,23.251,4.742,6.878,6.507
3215,0.938,37.977,25.316,29.856,23.244,4.701,6.877,6.467
3216,0.928,38.084,25.335,29.875,23.244,4.823,6.959,6.589
3217,0.938,38.143,25.39,29.913,23.265,4.865,7.041,6.631
3218,0.938,37.75,25.418,29.856,23.248,4.824,7.001,6.468
3219,0.922,37.861,25.426,29.884,23.251,4.824,7.001,6.548
3220,0.922,37.958,25.414,29.875,23.247,4.865,7.041,6.508
3221,0.925,38.314,25.41,29.875,23.261,4.784,7.082,6.549
3222,0.928,37.838,25.305,29.913,23.254,4.783,7.002,6.386
3223,0.918,37.91,25.347,29.856,23.244,4.702,7.041,6.425
3224,0.918,38.026,25.429,29.875,23.254,4.742,7.082,6.426
3225,0.905,37.902,25.301,29.875,23.247,4.742,7.083,6.426
3226,0.908,37.92,25.323,29.856,23.244,4.742,7.123,6.344
3227,0.895,38.016,25.362,29.856,23.244,4.661,7.083,6.466
3228,0.889,38.123,25.406,29.884,23.261,4.944,7.286,6.589
3229,0.889,37.731,25.394,29.914,23.254,4.785,7.166,6.387
3230,0.869,37.804,25.347,29.876,23.254,4.783,7.246,6.466
3231,0.866,37.919,25.359,29.865,23.247,4.742,7.247,6.467
3232,0.856,37.997,25.347,29.885,23.251,4.864,7.206,6.467
3233,0.856,37.72,25.355,29.885,23.258,4.824,7.125,6.386
3234,0.853,37.832,25.402,29.837,23.244,4.661,7.043,6.344
3235,0.82,37.929,25.34,29.875,23.258,4.741,7.082,6.425
3236,0.83,38.026,25.355,29.875,23.247,4.742,7.123,6.344
3237,0.833,37.72,25.351,29.846,23.251,4.701,7.083,6.303
3238,0.846,37.842,25.386,29.837,23.244,4.701,7.002,6.343
3239,0.843,37.958,25.34,29.875,23.254,4.701,7.123,6.466
3240,0.859,38.046,25.374,29.923,23.261,4.904,7.165,6.467
3241,0.856,37.836,25.379,29.885,23.247,4.825,7.084,6.467
3242,0.849,37.948,25.386,29.894,23.251,4.743,7.123,6.426
3243,0.856,38.065,25.375,29.875,23.251,4.783,7.124,6.426
3244,0.862,38.104,25.406,29.875,23.258,4.864,7.083,6.385
3245,0.856,37.644,25.375,29.856,23.254,4.865,7.002,6.303
3246,0.84,37.736,25.375,29.827,23.244,4.662,6.96,6.302
3247,0.839,37.852,25.425,29.865,23.251,4.782,6.96,6.262
3248,0.833,37.872,25.391,29.865,23.251,4.783,6.919,6.302
3249,0.813,37.757,25.363,29.856,23.244,4.702,6.959,6.302
3250,0.813,37.871,25.355,29.856,23.247,4.823,6.96,6.384
3251,0.82,37.997,25.355,29.884,23.261,4.905,7.122,6.507
3252,0.823,37.893,25.316,29.885,23.254,4.865,7.002,6.427
3253,0.807,37.786,25.339,29.866,23.251,4.784,6.96,6.385
3254,0.8,37.91,25.394,29.875,23.258,4.824,7.041,6.385
3255,0.797,38.026,25.328,29.885,23.254,4.865,7.042,6.507
3256,0.79,37.663,25.374,29.875,23.251,4.743,7.042,6.345
3257,0.8,37.726,25.351,29.846,23.237,4.661,6.839,6.303
3258,0.807,37.861,25.382,29.875,23.247,4.822,6.918,6.425
3259,0.81,37.968,25.386,29.865,23.251,4.743,6.959,6.304
3260,0.813,37.614,25.402,29.856,23.251,4.742,6.96,6.343
3261,0.82,37.726,25.387,29.865,23.24,4.783,7.0,6.384
3262,0.823,37.89,25.402,29.904,23.261,4.905,7.163,6.547
3263,0.843,37.968,25.375,29.885,23.254,4.865,7.043,6.468
3264,0.836,37.605,25.418,29.866,23.254,4.743,7.042,6.467
3265,0.839,37.735,25.434,29.952,23.251,4.783,7.082,6.426
3266,0.839,37.861,25.399,29.876,23.251,4.824,7.083,6.466
3267,0.826,37.93,25.429,29.865,23.258,4.865,7.042,6.426
3268,0.813,37.566,25.391,29.856,23.244,4.662,7.042,6.385
3269,0.803,37.696,25.386,29.865,23.244,4.822,7.082,6.466
3270,0.807,37.813,25.363,29.875,23.247,4.783,7.042,6.467
3271,0.797,37.872,25.347,29.856,23.244,4.702,7.042,6.426
3272,0.79,37.584,25.269,29.875,23.247,4.701,7.042,6.466
3273,0.787,37.725,25.346,29.865,23.251,4.823,7.123,6.67
3274,0.784,37.88,25.417,29.913,23.261,4.865,7.205,6.631
3275,0.78,37.872,25.356,29.904,23.251,4.824,7.165,6.55
3276,0.793,37.604,25.359,29.885,23.247,4.824,7.165,6.549
3277,0.797,37.735,25.382,29.885,23.254,4.743,7.124,6.63
3278,0.803,37.852,25.406,29.885,23.254,4.823,7.165,6.631
3279,0.803,37.949,25.383,29.875,23.244,4.661,7.043,6.468
3280,0.79,37.643,25.332,29.865,23.251,4.822,7.123,6.589
3281,0.803,37.812,25.374,29.865,23.254,4.824,7.205,6.549
3282,0.813,37.891,25.355,29.856,23.244,4.783,7.165,6.508
3283,0.813,37.527,25.351,29.865,23.244,4.661,7.206,6.549
3284,0.813,37.552,25.41,29.875,23.247,4.741,7.287,6.63
3285,0.82,37.735,25.391,29.913,23.258,4.905,7.41,6.631
3286,0.82,37.823,25.386,29.885,23.251,4.744,7.33,6.59
3287,0.826,37.498,25.398,29.885,23.251,4.783,7.37,6.631
3288,0.817,37.619,25.445,29.904,23.251,4.783,7.411,6.672
3289,0.81,37.755,25.407,29.885,23.258,4.824,7.452,6.631
3290,0.813,37.842,25.414,29.875,23.247,4.783,7.33,6.55
3291,0.797,37.507,25.383,29.875,23.247,4.742,7.329,6.63
3292,0.79,37.667,25.324,29.904,23.251,4.742,7.329,6.55
3293,0.79,37.774,25.347,29.866,23.251,4.742,7.329,6.508
3294,0.78,37.814,25.406,29.875,23.244,4.701,7.329,6.589
3295,0.78,37.498,25.332,29.875,23.244,4.701,7.329,6.631
3296,0.787,37.677,25.37,29.904,23.261,4.945,7.573,6.753
3297,0.803,37.803,25.359,29.895,23.254,4.744,7.413,6.673
3298,0.797,37.824,25.398,29.885,23.251,4.742,7.533,6.631
3299,0.813,37.536,25.355,29.894,23.254,4.823,7.534,6.712
3300,0.81,37.658,25.378,29.885,23.254,4.783,7.534,6.713
3301,0.826,37.774,25.39,29.914,23.254,4.783,7.534,6.632
3302,0.82,37.804,25.258,29.876,23.234,4.702,7.494,6.55
3303,0.81,37.545,25.362,29.885,23.251,4.742,7.494,6.671
3304,0.816,37.667,25.402,29.875,23.251,4.742,7.453,6.631
3305,0.813,37.765,25.344,29.885,23.247,4.661,7.452,6.59
3306,0.82,37.785,25.363,29.875,23.244,4.66,7.452,6.631
3307,0.813,37.584,25.398,29.904,23.258,4.904,7.534,6.753
3308,0.82,37.725,25.441,29.933,23.254,4.784,7.616,6.714
3309,0.81,37.813,25.325,29.904,23.258,4.783,7.495,6.632
3310,0.803,37.584,25.378,29.885,23.258,4.742,7.534,6.672
3311,0.797,37.582,25.382,29.914,23.254,4.823,7.616,6.713
3312,0.797,37.706,25.382,29.904,23.254,4.702,7.495,6.672
3313,0.794,37.794,25.359,29.885,23.247,4.66,7.331,6.55
3314,0.774,37.44,25.402,29.866,23.247,4.782,7.451,6.671
3315,0.787,37.59,25.383,29.952,23.254,4.702,7.371,6.672
3316,0.784,37.716,25.355,29.895,23.247,4.742,7.33,6.672
3317,0.79,37.765,25.374,29.894,23.24,4.742,7.37,6.631
3318,0.797,37.392,25.367,29.866,23.244,4.701,7.37,6.631
3319,0.807,37.58,25.371,29.932,23.258,4.904,7.492,6.834
3320,0.826,37.697,25.363,29.904,23.251,4.784,7.371,6.714
3321,0.82,37.755,25.355,29.914,23.251,4.824,7.33,6.672
3322,0.817,37.449,25.363,29.904,23.251,4.783,7.329,6.713
3323,0.826,37.599,25.363,29.904,23.251,4.864,7.37,6.713
3324,0.826,37.716,25.421,29.904,23.251,4.824,7.289,6.672
3325,0.83,37.765,25.371,29.895,23.247,4.661,7.125,6.428
3326,0.817,37.478,25.355,29.885,23.244,4.741,7.287,6.629
3327,0.823,37.619,25.417,29.904,23.251,4.742,7.288,6.631
3328,0.813,37.726,25.406,29.885,23.247,4.742,7.207,6.59
3329,0.807,37.784,25.379,29.894,23.251,4.701,7.206,6.549
3330,0.794,37.536,25.281,29.885,23.258,4.782,7.328,6.671
3331,0.816,37.677,25.354,29.933,23.268,4.946,7.41,6.753
3332,0.807,37.774,25.339,29.904,23.251,4.785,7.289,6.632
3333,0.807,37.785,25.355,29.923,23.251,4.783,7.288,6.712
3334,0.8,37.459,25.425,29.914,23.254,4.783,7.288,6.713
3335,0.803,37.609,25.363,29.933,23.258,4.824,7.329,6.632
3336,0.8,37.687,25.371,29.914,23.247,4.702,7.248,6.55
3337,0.79,37.592,25.367,29.895,23.244,4.742,7.206,6.59
3338,0.81,37.486,25.398,29.904,23.247,4.742,7.287,6.59
3339,0.813,37.619,25.363,29.904,23.247,4.742,7.247,6.631
3340,0.81,37.707,25.359,29.895,23.244,4.661,7.166,6.631
3341,0.813,37.391,25.374,29.894,23.247,4.741,7.287,6.59
3342,0.82,37.512,25.375,29.933,23.261,4.864,7.369,6.793
3343,0.836,37.638,25.363,29.924,23.251,4.743,7.248,6.633
3344,0.836,37.688,25.425,29.914,23.254,4.742,7.166,6.631
3345,0.836,37.429,25.379,29.914,23.254,4.823,7.246,6.631
3346,0.833,37.59,25.363,29.923,23.251,4.865,7.288,6.631
3347,0.82,37.687,25.398,29.923,23.251,4.743,7.166,6.55
3348,0.81,37.726,25.39,29.895,23.244,4.661,7.206,6.59
3349,0.807,37.391,25.363,29.904,23.254,4.7,7.165,6.59
3350,0.794,37.522,25.312,29.914,23.247,4.66,7.165,6.509
3351,0.803,37.639,25.37,29.914,23.244,4.7,7.206,6.549
3352,0.8,37.716,25.375,29.904,23.247,4.742,7.206,6.59
3353,0.803,37.468,25.386,29.952,23.258,4.905,7.369,6.753
3354,0.8,37.6,25.418,29.943,23.247,4.784,7.289,6.632
3355,0.787,37.716,25.375,29.933,23.251,4.742,7.288,6.631
3356,0.793,37.765,25.379,29.943,23.254,4.823,7.288,6.59
3357,0.803,37.353,25.429,29.924,23.251,4.824,7.288,6.671
3358,0.82,37.483,25.449,29.943,23.251,4.783,7.288,6.509
3359,0.807,37.581,25.403,29.905,23.24,4.661,7.207,6.549
3360,0.803,37.62,25.348,29.923,23.244,4.782,7.247,6.508
3361,0.81,37.457,25.355,29.923,23.251,4.742,7.206,6.508
3362,0.823,37.571,25.351,29.923,23.24,4.742,7.125,6.467
3363,0.813,37.668,25.359,29.923,23.247,4.742,7.205,6.629
3364,0.82,37.947,25.398,29.952,23.261,4.905,7.287,6.631
3365,0.843,37.384,25.375,29.943,23.251,4.784,7.207,6.55
3366,0.836,37.493,25.355,29.924,23.254,4.783,7.206,6.549
3367,0.826,37.571,25.386,29.952,23.254,4.824,7.206,6.549
3368,0.826,37.428,25.402,29.953,23.251,4.824,7.247,6.63
3369,0.82,37.494,25.394,29.933,23.254,4.824,7.166,6.55
3370,0.8,37.6,25.363,29.914,23.24,4.661,7.124,6.508
3371,0.807,37.706,25.394,29.923,23.251,4.782,7.124,6.508
3372,0.807,37.276,25.379,29.952,23.247,4.783,7.165,6.467
3373,0.803,37.377,25.359,29.933,23.251,4.742,7.084,6.386
3374,0.797,37.493,25.367,29.933,23.247,4.742,7.083,6.466
3375,0.803,37.6,25.371,29.952,23.254,4.823,7.205,6.67
3376,0.803,37.323,25.367,29.962,23.258,4.865,7.043,6.591
3377,0.797,37.416,25.406,29.953,23.247,4.824,7.123,6.59
3378,0.81,37.513,25.426,29.953,23.254,4.783,7.124,6.59
3379,0.813,37.61,25.43,29.953,23.254,4.783,7.124,6.59
3380,0.816,37.237,25.402,29.972,23.247,4.824,7.083,6.549
3381,0.816,37.358,25.379,29.953,23.247,4.702,6.961,6.427
3382,0.803,37.445,25.382,29.962,23.244,4.742,7.041,6.466
3383,0.81,37.532,25.355,29.943,23.251,4.783,7.001,6.467
3384,0.826,37.265,25.371,29.952,23.251,4.702,6.96,6.507
3385,0.804,37.406,25.371,29.962,23.251,4.66,6.878,6.386
3386,0.82,37.503,25.339,29.943,23.251,4.741,6.959,6.466
3387,0.83,37.581,25.366,30.0,23.261,4.945,7.122,6.548
3388,0.82,37.284,25.382,29.972,23.254,4.825,6.921,6.468
3389,0.817,37.406,25.301,29.981,23.254,4.824,6.959,6.507
3390,0.8,37.503,25.343,29.962,23.258,4.783,7.0,6.508
3391,0.794,37.542,25.351,29.972,23.254,4.864,6.96,6.467
3392,0.8,37.217,25.386,29.972,23.251,4.824,6.919,6.426
3393,0.794,37.3,25.351,29.953,23.244,4.702,6.796,6.385
3394,0.784,37.406,25.394,29.991,23.251,4.823,6.958,6.385
3395,0.79,37.215,25.383,29.972,23.244,4.783,7.0,6.385
3396,0.787,37.185,25.351,29.981,23.251,4.702,6.879,6.303
3397,0.787,37.299,25.402,29.953,23.244,4.701,6.918,6.384
3398,0.797,37.397,25.414,29.991,23.251,4.823,7.041,6.507
3399,0.803,37.11,25.371,30.02,23.265,4.865,7.001,6.386
3400,0.81,37.184,25.41,30.001,23.251,4.824,7.001,6.385
3401,0.807,37.338,25.344,29.991,23.254,4.865,7.001,6.385
3402,0.807,37.397,25.386,29.991,23.247,4.824,7.001,6.385
3403,0.81,37.004,25.371,30.001,23.258,4.824,7.041,6.466
3404,0.82,37.125,25.394,29.972,23.247,4.743,6.92,6.223
3405,0.81,37.222,25.394,29.981,23.251,4.783,7.0,6.342
3406,0.813,37.329,25.355,30.001,23.247,4.742,7.001,6.343
3407,0.813,37.042,25.39,29.982,23.251,4.783,6.96,6.343
3408,0.8,37.164,25.394,29.982,23.244,4.702,6.838,6.303
3409,0.8,37.28,25.359,30.01,23.244,4.823,6.999,6.384
3410,0.803,37.387,25.355,30.011,23.265,4.865,7.163,6.466
3411,0.803,37.023,25.351,30.001,23.251,4.784,7.002,6.467
3412,0.794,37.164,25.363,30.001,23.254,4.864,7.001,6.386
3413,0.787,37.29,25.355,29.991,23.254,4.824,7.041,6.425
3414,0.79,37.329,25.367,30.01,23.254,4.824,7.042,6.548
3415,0.787,36.994,25.375,30.03,23.254,4.824,6.96,6.305
3416,0.777,37.106,25.304,29.982,23.244,4.743,7.0,6.343
3417,0.78,37.26,25.409,29.991,23.251,4.823,6.96,6.425
3418,0.787,37.252,25.394,29.991,23.244,4.702,7.0,6.426
3419,0.797,37.156,25.379,30.001,23.244,4.782,6.96,6.304
3420,0.787,37.29,25.386,29.991,23.244,4.702,6.878,6.343
3421,0.793,37.396,25.371,30.02,23.254,4.863,7.162,6.547
3422,0.81,37.369,25.402,30.039,23.261,4.865,7.043,6.386
3423,0.8,36.995,25.355,30.03,23.254,4.743,7.042,6.425
3424,0.81,37.096,25.417,30.011,23.254,4.783,7.082,6.466
3425,0.816,37.232,25.398,30.011,23.258,4.864,7.042,6.386
3426,0.813,37.032,25.351,30.02,23.247,4.865,7.082,6.425
3427,0.803,37.097,25.378,30.011,23.254,4.743,6.961,6.263
3428,0.787,37.203,25.355,30.001,23.244,4.742,6.96,6.343
3429,0.79,37.338,25.371,30.03,23.254,4.783,7.041,6.303
3430,0.784,36.898,25.343,30.011,23.247,4.783,7.001,6.262
3431,0.777,37.028,25.331,30.02,23.244,4.742,7.041,6.262
3432,0.774,37.145,25.343,30.001,23.247,4.742,7.042,6.384
3433,0.78,37.251,25.339,30.039,23.258,4.945,7.245,6.588
3434,0.78,36.907,25.39,30.049,23.251,4.785,7.125,6.387
3435,0.78,37.028,25.383,30.03,23.247,4.824,7.124,6.425
3436,0.764,37.145,25.351,30.04,23.254,4.743,7.083,6.466
3437,0.774,37.232,25.398,30.059,23.254,4.823,7.205,6.467
3438,0.784,36.945,25.379,30.059,23.261,4.865,7.125,6.426
3439,0.784,37.048,25.363,30.001,23.241,4.702,6.921,6.304
3440,0.787,37.174,25.351,30.03,23.258,4.823,7.041,6.425
3441,0.784,37.232,25.39,30.04,23.251,4.743,7.082,6.426
3442,0.774,36.888,25.398,30.04,23.247,4.783,7.002,6.385
3443,0.777,36.98,25.34,30.03,23.24,4.824,7.001,6.385
3444,0.793,37.115,25.405,30.04,23.251,4.824,7.041,6.547
3445,0.806,37.184,25.387,30.078,23.261,4.865,7.082,6.508
3446,0.807,37.395,25.347,30.05,23.254,4.743,6.961,6.386
3447,0.8,37.513,25.433,30.049,23.254,4.783,7.0,6.425
3448,0.784,37.638,25.426,30.04,23.251,4.864,7.041,6.507
3449,0.784,37.899,25.406,30.068,23.251,4.824,6.96,6.386
3450,0.777,36.77,25.379,30.05,23.247,4.743,6.919,6.344
3451,0.767,36.864,25.34,30.04,23.24,4.701,6.837,6.384
3452,0.774,37.009,25.331,30.049,23.254,4.782,6.918,6.466
3453,0.767,36.962,25.3,30.04,23.251,4.742,6.878,6.304
3454,0.764,37.029,25.354,30.049,23.247,4.742,6.837,6.302
3455,0.754,37.154,25.351,30.049,23.244,4.783,6.918,6.506
3456,0.764,37.28,25.343,30.097,23.261,4.986,7.0,6.589
3457,0.777,36.792,25.394,30.079,23.251,4.785,6.879,6.468
3458,0.771,36.893,25.34,30.069,23.258,4.824,6.877,6.507
3459,0.777,37.038,25.394,30.069,23.258,4.783,6.877,6.508
3460,0.784,37.116,25.437,30.059,23.254,4.824,6.959,6.549
3461,0.787,36.8,25.399,30.069,23.258,4.783,6.838,6.427
3462,0.797,36.912,25.383,30.04,23.237,4.702,6.796,6.385
3463,0.797,37.067,25.355,30.078,23.251,4.782,6.877,6.466
3464,0.8,37.116,25.41,30.069,23.24,4.783,6.918,6.386
3465,0.794,36.791,25.352,30.069,23.244,4.661,6.878,6.466
3466,0.797,36.941,25.331,30.059,23.24,4.7,6.918,6.548
3467,0.797,37.067,25.398,30.088,23.261,4.945,6.959,6.63
3468,0.797,37.145,25.398,30.107,23.258,4.825,6.96,6.509
3469,0.781,36.887,25.398,30.088,23.247,4.783,6.96,6.589
3470,0.774,37.038,25.348,30.107,23.251,4.702,6.919,6.549
3471,0.767,37.145,25.367,30.107,23.258,4.823,6.959,6.59
3472,0.764,37.194,25.382,30.088,23.251,4.783,6.96,6.59
3473,0.757,36.964,25.324,30.088,23.244,4.661,6.797,6.427
3474,0.748,37.058,25.358,30.069,23.244,4.782,6.877,6.629
3475,0.757,37.222,25.367,30.097,23.254,4.824,6.918,6.55
3476,0.751,37.223,25.324,30.079,23.247,4.783,6.837,6.549
3477,0.761,36.782,25.382,30.078,23.244,4.742,6.837,6.508
3478,0.764,36.883,25.336,30.078,23.251,4.742,6.918,6.63
3479,0.767,37.047,25.363,30.136,23.258,4.945,7.081,6.712
3480,0.783,36.934,25.359,30.108,23.251,4.825,6.88,6.632
3481,0.777,36.865,25.351,30.107,23.247,4.743,7.0,6.55
3482,0.784,36.989,25.37,30.127,23.254,4.823,7.001,6.549
3483,0.793,37.106,25.336,30.136,23.254,4.783,6.96,6.63
3484,0.797,36.791,25.429,30.127,23.244,4.824,6.96,6.509
3485,0.787,36.874,25.379,30.069,23.233,4.661,6.96,6.467
3486,0.79,36.999,25.371,30.097,23.251,4.741,6.919,6.548
3487,0.79,37.077,25.41,30.107,23.247,4.823,6.919,6.468
3488,0.774,36.761,25.371,30.107,23.251,4.743,6.919,6.467
3489,0.774,36.893,25.382,30.165,23.247,4.783,7.041,6.507
3490,0.78,37.038,25.324,30.146,23.261,4.905,7.204,6.589
3491,0.787,37.164,25.347,30.156,23.254,4.825,7.043,6.509
3492,0.761,36.801,25.367,30.108,23.251,4.783,7.001,6.549
3493,0.761,36.941,25.32,30.107,23.251,4.742,6.96,6.508
3494,0.754,37.057,25.355,30.146,23.254,4.783,7.041,6.63
3495,0.761,37.126,25.355,30.156,23.254,4.864,7.001,6.55
3496,0.754,36.839,25.351,30.137,23.24,4.702,6.838,6.346
3497,0.748,36.932,25.406,30.127,23.247,4.823,6.958,6.547
3498,0.77,37.086,25.348,30.117,23.247,4.743,6.96,6.468
3499,0.77,37.136,25.363,30.107,23.244,4.783,6.96,6.507
3500,0.77,36.724,25.343,30.127,23.244,4.702,6.96,6.467
3501,0.774,36.863,25.351,30.156,23.247,4.863,7.082,6.629
3502,0.797,37.009,25.374,30.185,23.258,4.987,7.123,6.55
3503,0.787,37.029,25.336,30.137,23.251,4.785,7.002,6.59
3504,0.784,36.905,25.39,30.117,23.247,4.783,7.041,6.549
3505,0.78,37.038,25.379,30.155,23.254,4.824,7.042,6.59
3506,0.787,37.154,25.34,30.156,23.254,4.865,7.082,6.549
3507,0.78,37.27,25.382,30.146,23.251,4.784,7.083,6.468
3508,0.761,36.744,25.351,30.117,23.244,4.702,7.042,6.507
3509,0.764,36.883,25.374,30.146,23.244,4.823,7.042,6.508
3510,0.761,36.98,25.339,30.156,23.254,4.702,7.001,6.467
3511,0.764,36.789,25.363,30.137,23.244,4.701,6.96,6.507
3512,0.761,36.864,25.351,30.146,23.251,4.782,7.041,6.589
3513,0.761,36.989,25.37,30.165,23.258,4.905,7.204,6.671
3514,0.764,37.106,25.378,30.185,23.254,4.825,7.043,6.631
3515,0.744,36.695,25.34,30.175,23.247,4.783,7.001,6.631
3516,0.747,36.796,25.359,30.166,23.251,4.864,7.041,6.672
3517,0.747,36.912,25.433,30.165,23.258,4.906,7.042,6.591
3518,0.76,37.0,25.352,30.165,23.258,4.825,7.001,6.631
3519,0.761,36.713,25.343,30.146,23.237,4.702,6.919,6.509
3520,0.757,36.854,25.347,30.156,23.247,4.782,6.959,6.63
3521,0.774,36.961,25.32,30.175,23.244,4.783,7.0,6.631
3522,0.771,37.048,25.339,30.156,23.247,4.742,6.96,6.672
3523,0.774,36.713,25.324,30.146,23.247,4.742,6.96,6.55
3524,0.78,36.854,25.347,30.175,23.261,4.864,7.082,6.793
3525,0.8,37.018,25.363,30.223,23.261,4.865,7.083,6.633
3526,0.774,37.039,25.363,30.166,23.254,4.784,7.042,6.631
3527,0.777,36.713,25.41,30.185,23.254,4.824,7.042,6.753
3528,0.771,36.834,25.367,30.185,23.251,4.783,7.042,6.714
3529,0.77,36.989,25.394,30.204,23.261,4.824,7.042,6.754
3530,0.77,36.991,25.371,30.175,23.244,4.743,7.001,6.632
3531,0.754,36.693,25.367,30.166,23.244,4.783,7.082,6.712
3532,0.764,36.834,25.371,30.185,23.251,4.783,7.123,6.672
3533,0.757,36.96,25.332,30.185,23.244,4.824,7.165,6.631
3534,0.751,36.933,25.362,30.166,23.251,4.702,7.124,6.631
3535,0.754,36.722,25.332,30.175,23.251,4.823,7.246,6.753
3536,0.757,36.873,25.343,30.223,23.251,4.946,7.369,6.876
3537,0.764,36.97,25.409,30.204,23.254,4.866,7.208,6.755
3538,0.767,36.828,25.398,30.195,23.254,4.865,7.247,6.754
3539,0.764,36.836,25.398,30.204,23.254,4.824,7.206,6.714
3540,0.77,36.97,25.379,30.223,23.261,4.783,7.287,6.794
3541,0.783,37.058,25.375,30.204,23.254,4.783,7.207,6.714
3542,0.761,36.464,25.363,30.175,23.247,4.702,7.165,6.794
3543,0.774,36.592,25.32,30.213,23.247,4.742,7.206,6.755
3544,0.787,36.699,25.362,30.195,23.247,4.701,7.206,6.714
3545,0.784,36.796,25.324,30.214,23.251,4.823,7.206,6.754
3546,0.777,36.663,25.323,30.204,23.244,4.743,7.206,6.714
3547,0.787,36.815,25.394,30.233,23.261,4.905,7.409,6.876
3548,0.784,36.951,25.363,30.224,23.251,4.784,7.289,6.755
3549,0.774,37.01,25.355,30.224,23.251,4.824,7.288,6.795
3550,0.767,36.598,25.343,30.233,23.258,4.824,7.247,6.795
3551,0.77,36.757,25.398,30.224,23.261,4.865,7.328,6.795
3552,0.761,36.864,25.375,30.243,23.251,4.784,7.207,6.714
3553,0.757,36.903,25.367,30.205,23.247,4.742,7.125,6.754
3554,0.767,36.558,25.351,30.262,23.247,4.783,7.165,6.795
3555,0.751,36.708,25.363,30.214,23.251,4.864,7.246,6.795
3556,0.748,36.815,25.347,30.223,23.244,4.824,7.084,6.755
3557,0.744,36.845,25.378,30.224,23.247,4.783,7.164,6.836
3558,0.754,36.692,25.351,30.262,23.261,4.946,7.328,6.999
3559,0.77,36.844,25.339,30.243,23.254,4.866,7.207,6.838
3560,0.764,36.922,25.359,30.233,23.251,4.824,7.165,6.796
3561,0.764,36.98,25.363,30.262,23.254,4.783,7.246,6.877
3562,0.777,36.55,25.351,30.272,23.254,4.864,7.166,6.918
3563,0.78,36.679,25.367,30.262,23.254,4.784,7.124,6.919
3564,0.784,36.738,25.363,30.214,23.237,4.702,7.043,6.756
3565,0.78,36.768,25.351,30.262,23.251,4.823,7.123,6.876
3566,0.787,36.643,25.339,30.262,23.251,4.743,7.083,6.877
3567,0.767,36.738,25.355,30.243,23.251,4.742,7.083,6.796
3568,0.761,36.854,25.374,30.243,23.247,4.701,7.083,6.917
3569,0.767,36.51,25.336,30.348,23.261,4.945,7.245,7.081
3570,0.767,36.612,25.339,30.301,23.258,4.825,7.125,6.961
3571,0.744,36.728,25.359,30.272,23.247,4.905,7.124,6.919
3572,0.744,36.825,25.324,30.272,23.254,4.784,7.043,7.081
3573,0.744,36.471,25.351,30.282,23.251,4.824,7.123,7.042
3574,0.738,36.583,25.347,30.291,23.254,4.865,7.165,7.042
3575,0.738,36.709,25.347,30.282,23.247,4.621,7.002,6.92
3576,0.731,36.758,25.378,30.282,23.251,4.863,7.123,7.0
3577,0.738,36.95,25.421,30.291,23.251,4.784,7.043,7.001
3578,0.757,37.086,25.363,30.282,23.247,4.742,7.042,6.919
3579,0.764,37.203,25.347,30.282,23.24,4.742,6.96,6.959
3580,0.764,37.271,25.363,30.291,23.247,4.783,7.041,7.041
3581,0.77,36.217,25.371,30.339,23.265,4.986,7.164,7.123
3582,0.777,36.35,25.343,30.301,23.254,4.866,7.124,7.043
3583,0.78,36.457,25.363,30.311,23.258,4.824,7.124,7.082
3584,0.777,36.506,25.324,30.301,23.251,4.824,7.124,7.123
3585,0.78,36.612,25.366,30.301,23.254,4.905,7.246,7.165
3586,0.784,36.766,25.336,30.301,23.247,4.825,7.044,6.962
3587,0.761,36.825,25.386,30.282,23.247,4.702,7.042,7.041
3588,0.764,36.884,25.363,30.31,23.251,4.863,7.082,7.082
3589,0.774,36.434,25.324,30.311,23.244,4.824,7.123,7.002
3590,0.761,36.554,25.331,30.311,23.24,4.702,7.002,6.96
3591,0.754,36.651,25.335,30.301,23.247,4.782,7.082,7.0
3592,0.754,37.016,25.363,30.339,23.258,4.986,7.164,7.163
3593,0.761,36.454,25.39,30.34,23.261,4.826,7.043,7.084
3594,0.754,36.544,25.363,30.33,23.247,4.824,7.082,7.042
3595,0.738,36.67,25.386,30.33,23.254,4.905,7.083,7.082
3596,0.741,36.451,25.347,30.349,23.251,4.865,7.123,7.042
3597,0.754,36.506,25.437,30.33,23.258,4.865,7.083,7.001
3598,0.767,36.593,25.36,30.32,23.244,4.743,6.92,6.96
3599,0.751,36.67,25.351,30.34,23.251,4.823,7.081,6.96
3600,0.757,36.355,25.378,30.34,23.251,4.783,7.083,6.96
3601,0.764,36.467,25.359,30.33,23.251,4.824,7.042,6.878
3602,0.761,36.592,25.351,30.34,23.251,4.783,7.042,6.959
3603,0.767,36.689,25.335,30.359,23.254,4.864,7.204,7.041
3604,0.78,36.297,25.363,30.397,23.265,4.946,7.206,7.001
3605,0.777,36.418,25.351,30.369,23.251,4.866,7.125,6.919
3606,0.777,36.544,25.359,30.359,23.254,4.906,7.083,7.041
3607,0.771,36.622,25.437,30.378,23.251,4.865,7.205,6.96
3608,0.774,36.277,25.356,30.369,23.254,4.824,7.206,6.96
3609,0.767,36.418,25.347,30.359,23.247,4.743,7.084,6.797
3610,0.751,36.496,25.324,30.359,23.247,4.783,7.083,6.999
3611,0.744,36.593,25.362,30.369,23.254,4.824,7.083,6.879
3612,0.754,36.383,25.351,30.359,23.254,4.824,7.083,6.918
3613,0.744,36.524,25.331,30.369,23.247,4.783,7.164,6.837
3614,0.741,36.603,25.343,30.369,23.247,4.783,7.124,6.958
3615,0.751,36.699,25.339,30.417,23.265,4.986,7.327,7.041
3616,0.757,36.365,25.359,30.417,23.251,4.866,7.207,7.001
3617,0.741,36.457,25.39,30.388,23.251,4.865,7.125,6.879
3618,0.754,36.592,25.367,30.398,23.258,4.824,7.287,6.959
3619,0.764,36.613,25.378,30.407,23.261,4.824,7.288,6.878
3620,0.761,36.306,25.375,30.407,23.254,4.824,7.329,6.837
3621,0.757,36.399,25.375,30.379,23.244,4.661,7.207,6.755
3622,0.764,36.525,25.394,30.407,23.247,4.782,7.328,6.957
3623,0.764,36.42,25.379,30.388,23.247,4.824,7.37,6.878
3624,0.774,36.391,25.297,30.398,23.251,4.783,7.289,6.796
3625,0.777,36.505,25.331,30.388,23.244,4.702,7.329,6.877
3626,0.78,36.612,25.366,30.417,23.258,4.904,7.492,6.959
3627,0.784,36.229,25.394,30.436,23.254,4.784,7.453,6.919
3628,0.761,36.302,25.34,30.417,23.251,4.783,7.452,6.919
3629,0.754,36.428,25.363,30.417,23.251,4.783,7.412,6.878
3630,0.757,36.515,25.371,30.436,23.258,4.824,7.493,6.959
3631,0.751,36.238,25.359,30.437,23.258,4.824,7.453,6.919
3632,0.751,36.36,25.359,30.417,23.241,4.702,7.29,6.756
3633,0.731,36.476,25.335,30.417,23.251,4.742,7.41,6.876
3634,0.754,36.573,25.363,30.427,23.251,4.742,7.411,6.877
3635,0.748,36.143,25.355,30.436,23.247,4.742,7.371,6.877
3636,0.734,36.292,25.335,30.437,23.251,4.742,7.37,6.755
3637,0.738,36.399,25.347,30.427,23.247,4.864,7.492,6.876
3638,0.754,36.496,25.409,30.465,23.268,4.946,7.534,6.918
3639,0.757,36.209,25.328,30.456,23.251,4.825,7.372,6.919
3640,0.761,36.35,25.331,30.446,23.247,4.783,7.411,6.878
3641,0.77,36.447,25.347,30.465,23.254,4.783,7.371,6.877
3642,0.774,36.515,25.363,30.446,23.247,4.824,7.452,6.918
3643,0.771,36.094,25.386,30.465,23.251,4.824,7.33,6.756
3644,0.764,36.186,25.301,30.437,23.237,4.661,7.248,6.795
3645,0.774,36.331,25.339,30.465,23.254,4.822,7.328,6.714
3646,0.774,36.361,25.374,30.456,23.251,4.824,7.289,6.754
3647,0.771,36.141,25.375,30.465,23.251,4.743,7.288,6.714
3648,0.761,36.263,25.316,30.466,23.247,4.742,7.247,6.794
3649,0.757,36.408,25.351,30.485,23.254,4.905,7.41,6.877
3650,0.77,36.496,25.386,30.504,23.251,4.784,7.249,6.755
3651,0.744,36.228,25.328,30.485,23.251,4.783,7.288,6.795
3652,0.751,36.341,25.355,30.485,23.258,4.824,7.288,6.795
3653,0.744,36.457,25.347,30.494,23.258,4.865,7.329,6.795
3654,0.741,36.228,25.351,30.485,23.254,4.784,7.207,6.714
3655,0.734,36.283,25.367,30.466,23.24,4.661,7.165,6.754
3656,0.734,36.428,25.32,30.485,23.251,4.782,7.206,6.795
3657,0.734,36.525,25.382,30.475,23.251,4.783,7.165,6.755
3658,0.744,36.056,25.343,30.456,23.237,4.742,7.124,6.673
3659,0.751,36.185,25.308,30.475,23.244,4.742,7.165,6.672
3660,0.761,36.321,25.335,30.523,23.258,4.864,7.328,6.875
3661,0.777,36.437,25.351,30.533,23.254,4.784,7.248,6.755
3662,0.761,36.065,25.363,30.505,23.251,4.783,7.247,6.714
3663,0.761,36.205,25.402,30.514,23.258,4.824,7.206,6.754
3664,0.78,36.34,25.332,30.514,23.254,4.824,7.165,6.754
3665,0.774,36.419,25.355,30.524,23.251,4.824,7.124,6.673
3666,0.764,36.103,25.355,30.495,23.244,4.743,7.043,6.509
3667,0.751,36.215,25.374,30.504,23.244,4.701,7.123,6.67
3668,0.764,36.36,25.312,30.533,23.251,4.782,7.083,6.631
3669,0.764,36.419,25.315,30.524,23.244,4.783,7.123,6.631
3670,0.754,36.055,25.362,30.495,23.244,4.661,7.124,6.631
3671,0.748,36.205,25.316,30.514,23.251,4.7,7.124,6.672
3672,0.747,36.36,25.362,30.533,23.265,4.823,7.205,6.753
3673,0.754,36.399,25.378,30.524,23.254,4.743,7.125,6.632
3674,0.741,36.026,25.363,30.543,23.247,4.823,7.124,6.672
3675,0.744,36.166,25.375,30.514,23.251,4.824,7.124,6.672
3676,0.744,36.283,25.328,30.543,23.258,4.865,7.165,6.753
3677,0.747,36.37,25.382,30.553,23.247,4.784,7.084,6.714
3678,0.744,36.141,25.324,30.524,23.244,4.661,7.042,6.672
3679,0.751,36.321,25.347,30.543,23.251,4.741,7.164,6.672
3680,0.754,36.418,25.335,30.543,23.254,4.742,7.043,6.672
3681,0.761,36.16,25.331,30.533,23.251,4.783,7.042,6.631
3682,0.754,36.148,25.339,30.533,23.247,4.702,7.082,6.753
3683,0.767,36.273,25.343,30.552,23.254,4.904,7.205,6.836
3684,0.783,36.399,25.363,30.581,23.261,4.865,7.206,6.714
3685,0.771,35.94,25.371,30.553,23.251,4.784,7.125,6.632
3686,0.764,36.069,25.39,30.553,23.251,4.783,7.205,6.712
3687,0.767,36.195,25.437,30.572,23.251,4.824,7.206,6.713
3688,0.761,36.292,25.34,30.591,23.258,4.865,7.165,6.672
3689,0.751,35.977,25.355,30.572,23.247,4.743,7.124,6.55
3690,0.744,36.118,25.351,30.553,23.247,4.783,7.165,6.752
3691,0.744,36.253,25.367,30.572,23.244,4.824,7.206,6.632
3692,0.738,36.331,25.343,30.572,23.254,4.743,7.206,6.631
3693,0.734,35.91,25.331,30.572,23.244,4.742,7.125,6.59
3694,0.744,36.011,25.331,30.562,23.247,4.783,7.165,6.712
3695,0.747,36.195,25.355,30.62,23.258,4.946,7.368,6.835
3696,0.754,36.244,25.324,30.601,23.251,4.744,7.208,6.674
3697,0.754,35.9,25.409,30.582,23.244,4.823,7.247,6.713
3698,0.764,36.03,25.348,30.601,23.254,4.783,7.288,6.754
3699,0.761,36.156,25.374,30.62,23.254,4.864,7.166,6.754
3700,0.767,36.206,25.367,30.611,23.244,4.784,7.165,6.673
3701,0.761,36.014,25.363,30.592,23.244,4.702,7.002,6.55
3702,0.767,36.147,25.339,30.601,23.251,4.782,7.204,6.63
3703,0.767,36.263,25.359,30.591,23.247,4.742,7.084,6.672
3704,0.774,36.274,25.32,30.601,23.251,4.742,7.123,6.631
3705,0.784,35.919,25.308,30.601,23.247,4.701,7.124,6.672
3706,0.784,36.079,25.335,30.611,23.254,4.863,7.287,6.794
3707,0.8,36.205,25.374,30.639,23.258,4.906,7.207,6.633
3708,0.777,36.091,25.254,30.611,23.251,4.825,7.165,6.672
3709,0.787,35.956,25.346,30.639,23.258,4.783,7.124,6.672
3710,0.793,36.108,25.351,30.63,23.254,4.783,7.124,6.672
3711,0.8,36.215,25.402,30.63,23.254,4.824,7.165,6.672
3712,0.8,35.832,25.379,30.611,23.247,4.661,7.084,6.55
3713,0.79,35.876,25.324,30.611,23.244,4.741,7.042,6.63
3714,0.793,36.03,25.362,30.63,23.251,4.783,7.082,6.631
3715,0.797,36.128,25.347,30.621,23.251,4.742,7.083,6.631
3716,0.8,35.822,25.347,30.611,23.247,4.783,6.961,6.59
3717,0.813,35.963,25.367,30.63,23.244,4.742,7.041,6.671
3718,0.829,36.108,25.336,30.668,23.258,4.986,7.164,6.672
3719,0.823,36.196,25.347,30.659,23.244,4.866,7.084,6.591
3720,0.833,35.87,25.351,30.63,23.251,4.743,7.002,6.671
3721,0.849,36.021,25.363,30.649,23.254,4.864,7.082,6.713
3722,0.843,36.156,25.339,30.659,23.254,4.906,7.083,6.632
3723,0.843,36.234,25.363,30.659,23.251,4.865,7.042,6.509
3724,0.826,35.737,25.296,30.63,23.237,4.702,6.879,6.549
3725,0.839,35.875,25.331,30.659,23.254,4.782,7.04,6.549
3726,0.839,36.002,25.366,30.65,23.251,4.824,7.042,6.59
3727,0.839,36.051,25.355,30.64,23.244,4.783,7.042,6.549
3728,0.83,35.869,25.238,30.659,23.254,4.702,7.123,6.59
3729,0.833,36.03,25.346,30.678,23.258,4.863,7.287,6.712
3730,0.852,36.166,25.367,30.678,23.258,4.865,7.207,6.551
3731,0.836,36.177,25.347,30.669,23.251,4.784,7.125,6.59
3732,0.833,35.851,25.324,30.659,23.261,4.783,7.205,6.631
3733,0.846,36.011,25.339,30.688,23.258,4.864,7.247,6.631
3734,0.859,36.118,25.366,30.698,23.258,4.906,7.288,6.55
3735,0.856,36.349,25.355,30.66,23.241,4.662,7.085,6.427
3736,0.843,35.939,25.363,30.678,23.254,4.7,7.245,6.507
3737,0.849,36.088,25.398,30.669,23.254,4.782,7.206,6.508
3738,0.84,36.157,25.328,30.678,23.244,4.742,7.165,6.467
3739,0.852,35.86,25.316,30.659,23.244,4.742,7.165,6.467
3740,0.859,35.896,25.339,30.707,23.258,4.864,7.287,6.548
3741,0.879,36.069,25.37,30.727,23.265,4.865,7.288,6.63
3742,0.866,36.138,25.32,30.708,23.251,4.824,7.247,6.59
3743,0.885,35.707,25.347,30.698,23.254,4.783,7.206,6.631
3744,0.902,35.798,25.296,30.707,23.251,4.824,7.287,6.59
3745,0.899,35.953,25.331,30.727,23.254,4.824,7.247,6.59
3746,0.892,36.041,25.366,30.698,23.247,4.702,7.125,6.427
3747,0.866,35.687,25.363,30.698,23.251,4.742,7.165,6.507
3748,0.872,35.875,25.304,30.717,23.251,4.823,7.206,6.508
3749,0.876,35.992,25.311,30.717,23.251,4.743,7.165,6.508
3750,0.853,36.06,25.362,30.688,23.244,4.701,7.124,6.427
3751,0.846,35.716,25.351,30.698,23.251,4.701,7.083,6.548
3752,0.843,35.904,25.335,30.765,23.261,4.985,7.327,6.712
3753,0.853,36.002,25.398,30.727,23.247,4.785,7.126,6.591
3754,0.823,36.07,25.34,30.736,23.247,4.864,7.124,6.631
3755,0.846,35.792,25.339,30.746,23.251,4.865,7.043,6.631
3756,0.84,35.924,25.37,30.737,23.251,4.824,7.164,6.672
3757,0.833,36.05,25.382,30.727,23.247,4.702,7.002,6.469
3758,0.826,36.07,25.367,30.727,23.237,4.782,6.96,6.589
3759,0.836,35.812,25.32,30.736,23.251,4.824,7.041,6.549
3760,0.826,35.915,25.327,30.737,23.244,4.743,7.001,6.508
3761,0.823,36.031,25.347,30.737,23.244,4.742,6.96,6.549
3762,0.813,36.051,25.331,30.765,23.251,4.742,7.0,6.63
3763,0.82,35.783,25.382,30.785,23.261,4.945,7.041,6.712
3764,0.817,35.876,25.324,30.747,23.254,4.825,6.96,6.551
3765,0.816,35.963,25.347,30.765,23.258,4.783,7.0,6.59
3766,0.807,35.811,25.37,30.766,23.258,4.824,6.96,6.59
3767,0.794,35.78,25.382,30.746,23.254,4.865,7.0,6.631
3768,0.787,35.914,25.328,30.765,23.258,4.824,6.919,6.55
3769,0.761,35.983,25.335,30.737,23.237,4.661,6.796,6.63
3770,0.767,35.696,25.347,30.765,23.258,4.741,6.836,6.672
3771,0.754,35.808,25.327,30.766,23.247,4.783,6.837,6.631
3772,0.748,35.934,25.316,30.766,23.24,4.742,6.877,6.59
3773,0.744,35.993,25.319,30.766,23.251,4.742,6.918,6.59
3774,0.747,35.753,25.323,30.804,23.261,4.945,7.0,6.875
3775,0.76,35.924,25.339,30.814,23.251,4.785,6.838,6.674
3776,0.748,36.031,25.343,30.785,23.258,4.783,6.918,6.672
3777,0.731,36.109,25.437,30.795,23.251,4.864,6.878,6.753
3778,0.738,35.659,25.364,30.785,23.258,4.784,6.959,6.714
3779,0.738,35.807,25.363,30.804,23.247,4.783,6.878,6.672
3780,0.744,35.905,25.359,30.766,23.24,4.661,6.796,6.631
3781,0.734,35.973,25.351,30.794,23.254,4.822,6.877,6.712
3782,0.738,35.609,25.367,30.785,23.247,4.824,6.796,6.713
3783,0.738,35.74,25.382,30.785,23.251,4.743,6.795,6.632
3784,0.728,35.866,25.332,30.795,23.244,4.701,6.755,6.631
3785,0.738,35.925,25.312,30.814,23.258,4.863,6.957,6.834
3786,0.744,35.781,25.339,30.833,23.261,4.824,6.919,6.674
3787,0.721,35.885,25.331,30.805,23.254,4.783,6.796,6.713
3788,0.724,36.002,25.351,30.804,23.254,4.824,6.877,6.754
3789,0.705,36.032,25.347,30.833,23.258,4.783,6.877,6.754
3790,0.711,35.715,25.378,30.824,23.254,4.824,6.877,6.795
3791,0.695,35.837,25.336,30.805,23.247,4.743,6.715,6.673
3792,0.688,35.924,25.382,30.804,23.251,4.783,6.835,6.713
3793,0.695,35.944,25.367,30.814,23.251,4.783,6.877,6.754
3794,0.682,35.791,25.328,30.824,23.251,4.742,6.796,6.754
3795,0.682,35.914,25.335,30.805,23.247,4.742,6.755,6.754
3796,0.675,36.011,25.331,30.814,23.251,4.742,6.836,6.795
3797,0.695,35.523,25.394,30.872,23.261,4.945,6.999,6.917
3798,0.708,35.547,25.328,30.843,23.247,4.825,6.838,6.796
3799,0.705,35.672,25.327,30.833,23.251,4.824,6.796,6.877
3800,0.708,35.76,25.347,30.833,23.254,4.824,6.836,6.837
3801,0.718,35.511,25.355,30.843,23.258,4.865,6.918,6.837
3802,0.708,35.653,25.363,30.853,23.251,4.784,6.756,6.755
3803,0.711,35.74,25.39,30.814,23.237,4.702,6.754,6.714
3804,0.721,35.866,25.359,30.833,23.254,4.823,6.876,6.754
3805,0.718,35.541,25.332,30.833,23.251,4.783,6.837,6.673
3806,0.711,35.653,25.386,30.824,23.247,4.702,6.796,6.713
3807,0.708,35.779,25.32,30.843,23.247,4.701,6.877,6.672
3808,0.702,35.885,25.347,30.853,23.254,4.863,7.0,6.835
3809,0.701,35.637,25.32,30.872,23.261,4.824,6.879,6.755
3810,0.698,35.75,25.323,30.853,23.254,4.702,6.959,6.754
3811,0.708,35.876,25.331,30.853,23.251,4.823,7.0,6.754
3812,0.695,35.934,25.355,30.862,23.258,4.865,7.041,6.795
3813,0.692,35.619,25.359,30.872,23.261,4.824,7.042,6.795
3814,0.688,35.75,25.265,30.834,23.241,4.661,6.839,6.551
3815,0.682,35.847,25.323,30.862,23.244,4.782,6.958,6.793
3816,0.685,35.886,25.362,30.862,23.251,4.702,6.96,6.755
3817,0.682,35.589,25.394,30.843,23.244,4.742,6.919,6.754
3818,0.692,35.711,25.328,30.862,23.244,4.661,6.919,6.714
3819,0.698,35.837,25.323,30.882,23.254,4.822,7.041,6.835
3820,0.708,36.222,25.351,30.901,23.261,4.824,7.042,6.837
3821,0.705,35.669,25.339,30.863,23.254,4.824,7.001,6.796
3822,0.715,35.827,25.366,30.882,23.251,4.824,7.001,6.795
3823,0.721,35.924,25.382,30.882,23.254,4.824,7.001,6.917
3824,0.724,35.638,25.269,30.901,23.261,4.824,7.001,6.796
3825,0.718,35.635,25.358,30.882,23.244,4.702,6.838,6.633
3826,0.708,35.731,25.382,30.853,23.247,4.742,6.877,6.753
3827,0.721,35.856,25.39,30.891,23.247,4.783,6.959,6.754
3828,0.711,35.445,25.351,30.882,23.244,4.742,6.878,6.714
3829,0.715,35.556,25.32,30.882,23.247,4.701,6.877,6.754
3830,0.718,35.682,25.355,30.882,23.247,4.782,6.918,6.876
3831,0.711,35.789,25.367,30.939,23.265,4.946,7.081,6.877
3832,0.708,35.435,25.371,30.911,23.251,4.825,7.002,6.837
3833,0.705,35.594,25.351,30.901,23.251,4.743,7.041,6.877
3834,0.702,35.73,25.312,30.901,23.261,4.783,7.042,6.877
3835,0.698,35.808,25.327,30.911,23.251,4.864,7.123,6.877
3836,0.701,35.531,25.335,30.911,23.254,4.743,6.961,6.755
3837,0.692,35.624,25.378,30.892,23.244,4.701,7.0,6.836
3838,0.708,35.759,25.308,30.901,23.251,4.782,7.082,6.837
3839,0.711,35.818,25.335,30.901,23.254,4.742,7.083,6.796
3840,0.705,36.221,25.355,30.901,23.247,4.701,7.042,6.755
3841,0.705,36.36,25.339,30.901,23.247,4.742,7.082,6.876
3842,0.721,36.515,25.39,30.939,23.261,4.823,7.164,7.0
3843,0.734,36.545,25.39,30.949,23.251,4.783,7.043,6.879
3844,0.725,35.059,25.371,30.93,23.258,4.824,7.082,6.877
3845,0.741,35.188,25.336,30.93,23.251,4.743,7.083,6.796
3846,0.731,35.323,25.394,30.949,23.254,4.823,7.083,6.917
3847,0.734,35.334,25.347,30.94,23.258,4.824,7.042,6.837
3848,0.712,35.689,25.339,30.911,23.244,4.702,6.92,6.674
3849,0.695,35.798,25.363,30.93,23.247,4.823,7.0,6.835
3850,0.705,35.934,25.363,30.93,23.254,4.702,7.001,6.755
3851,0.692,35.686,25.347,30.921,23.247,4.782,6.96,6.836
3852,0.695,35.511,25.347,30.93,23.244,4.702,7.041,6.796
3853,0.705,35.681,25.359,30.949,23.258,4.904,7.204,6.999
3854,0.737,35.789,25.32,30.959,23.254,4.825,7.125,6.879
3855,0.741,35.444,25.316,30.94,23.254,4.783,7.083,6.918
3856,0.76,35.556,25.358,30.959,23.254,4.783,7.205,6.837
3857,0.79,35.672,25.374,30.95,23.254,4.824,7.206,6.918
3858,0.832,35.789,25.316,30.969,23.258,4.824,7.125,6.878
3859,0.865,35.329,25.323,30.94,23.244,4.702,7.002,6.796
3860,0.879,35.469,25.327,30.949,23.254,4.742,7.123,6.836
3861,0.902,35.585,25.366,30.94,23.251,4.783,7.165,6.918
3862,0.918,35.682,25.347,30.949,23.251,4.661,7.084,6.796
3863,0.944,35.491,25.363,30.95,23.244,4.741,7.123,6.836
3864,0.951,35.662,25.265,30.969,23.254,4.864,7.287,7.04
3865,1.0,35.827,25.327,30.988,23.261,4.743,7.207,6.92
3866,1.017,35.857,25.366,30.959,23.254,4.864,7.206,6.878
3867,1.046,35.359,25.347,30.959,23.258,4.784,7.206,6.877
3868,1.095,35.517,25.374,31.036,23.254,4.824,7.328,7.0
3869,1.135,35.634,25.339,30.979,23.254,4.865,7.289,6.96
3870,1.187,35.663,25.405,30.959,23.251,4.662,7.125,6.797
3871,1.22,35.462,25.375,30.959,23.251,4.782,7.165,6.958
3872,1.273,35.614,25.371,30.969,23.247,4.742,7.246,6.919
3873,1.289,35.721,25.398,30.959,23.244,4.783,7.247,6.837
3874,1.319,35.76,25.359,30.978,23.244,4.742,7.166,6.958
3875,1.342,35.674,25.304,30.959,23.247,4.783,7.287,6.96
3876,1.355,35.846,25.362,31.017,23.261,4.986,7.41,7.082
3877,1.381,35.934,25.285,30.998,23.251,4.744,7.208,7.002
3878,1.398,35.954,25.288,30.979,23.254,4.823,7.206,7.041
3879,1.427,35.369,25.319,30.998,23.254,4.824,7.287,7.042
3880,1.434,35.517,25.355,30.998,23.258,4.783,7.288,7.042
3881,1.447,35.614,25.367,30.998,23.251,4.783,7.207,6.92
3882,1.398,35.337,25.324,30.969,23.244,4.702,7.125,7.0
3883,1.391,35.449,25.378,30.988,23.258,4.782,7.287,7.001
3884,1.388,35.566,25.304,30.969,23.247,4.742,7.125,7.041
3885,1.359,35.672,25.347,30.969,23.251,4.742,7.165,6.96
3886,1.307,35.395,25.359,30.978,23.247,4.701,7.165,7.041
3887,1.234,35.546,25.343,31.017,23.268,4.985,7.328,7.286
3888,1.195,35.711,25.32,31.017,23.258,4.826,7.248,7.288
3889,1.133,35.76,25.327,31.017,23.251,4.783,7.206,7.41
3890,1.057,35.262,25.32,31.008,23.244,4.824,7.287,7.533
3891,1.001,35.41,25.362,31.008,23.254,4.824,7.247,7.738
3892,0.932,35.565,25.359,31.036,23.254,4.783,7.288,7.821
3893,0.834,35.605,25.394,30.989,23.244,4.661,7.085,7.944
3894,0.748,35.376,25.371,30.998,23.247,4.782,7.245,8.311
3895,0.695,35.536,25.336,31.017,23.254,4.783,7.166,8.477
3896,0.636,35.643,25.405,31.008,23.254,4.702,7.206,8.601
3897,0.593,35.683,25.312,30.998,23.251,4.62,7.206,8.846
3898,0.561,35.319,25.312,31.017,23.254,4.863,7.328,9.052
3899,0.554,35.488,25.327,31.056,23.261,4.906,7.289,9.298
3900,0.524,35.576,25.316,31.008,23.258,4.703,7.288,9.341
3901,0.514,35.625,25.315,31.027,23.251,4.863,7.329,9.464
3902,0.53,35.404,25.323,31.037,23.258,4.824,7.329,9.505
3903,0.56,35.527,25.378,31.037,23.251,4.824,7.37,9.668
3904,0.596,35.662,25.269,31.017,23.247,4.702,7.289,9.507
3905,0.635,35.625,25.311,30.998,23.251,4.782,7.329,9.79
3906,0.662,35.203,25.366,31.017,23.244,4.783,7.37,9.834
3907,0.691,35.314,25.347,31.017,23.251,4.702,7.37,10.038
3908,0.698,35.44,25.335,31.075,23.247,4.742,7.289,10.202
3909,0.734,35.422,25.327,31.037,23.254,4.823,7.41,10.57
3910,0.76,35.489,25.409,31.056,23.265,4.905,7.452,10.736
3911,0.764,35.595,25.363,31.037,23.254,4.784,7.371,10.9
3912,0.774,35.682,25.339,31.037,23.251,4.783,7.37,11.065
3913,0.771,35.194,25.405,31.046,23.254,4.783,7.411,11.351
3914,0.77,35.314,25.371,31.075,23.251,4.824,7.371,11.557
3915,0.767,35.44,25.355,31.047,23.247,4.702,7.289,11.559
3916,0.757,35.479,25.394,31.037,23.244,4.742,7.329,11.803
3917,0.774,35.269,25.308,31.037,23.251,4.783,7.37,11.887
3918,0.777,35.41,25.331,31.046,23.254,4.783,7.33,11.928
3919,0.777,35.537,25.292,31.008,23.244,4.62,7.329,11.888
3920,0.777,35.605,25.319,31.046,23.251,4.781,7.329,12.05
3921,0.806,35.289,25.331,31.085,23.261,4.946,7.451,12.133
3922,0.797,35.411,25.312,31.047,23.251,4.744,7.371,12.053
3923,0.8,35.517,25.386,31.065,23.251,4.823,7.37,11.93
3924,0.803,35.624,25.343,31.056,23.247,4.783,7.452,11.929
3925,0.807,35.232,25.339,31.066,23.258,4.824,7.412,11.807
3926,0.82,35.391,25.378,31.056,23.244,4.743,7.33,11.602
3927,0.797,35.469,25.273,31.037,23.247,4.701,7.37,11.6
3928,0.803,35.547,25.323,31.056,23.254,4.742,7.289,11.478
3929,0.794,35.384,25.308,31.066,23.251,4.742,7.369,11.355
3930,0.793,35.508,25.319,31.047,23.244,4.783,7.248,11.232
3931,0.784,35.624,25.308,31.046,23.251,4.742,7.288,11.271
3932,0.78,35.673,25.347,31.075,23.261,4.864,7.491,11.312
3933,0.784,35.252,25.359,31.066,23.258,4.743,7.371,11.069
3934,0.758,35.381,25.355,31.085,23.258,4.823,7.289,11.026
3935,0.774,35.498,25.339,31.085,23.254,4.743,7.329,10.944
3936,0.771,35.451,25.37,31.085,23.254,4.823,7.329,10.902
3937,0.767,35.288,25.355,31.075,23.251,4.783,7.248,10.78
3938,0.78,35.401,25.355,31.037,23.24,4.661,7.125,10.576
3939,0.774,35.508,25.339,31.065,23.254,4.782,7.287,10.574
3940,0.787,35.212,25.351,31.075,23.251,4.702,7.207,10.451
3941,0.79,35.266,25.331,31.075,23.244,4.701,7.125,10.328
3942,0.787,35.382,25.312,31.056,23.247,4.66,7.165,10.246
3943,0.8,35.508,25.347,31.085,23.258,4.822,7.287,10.286
3944,0.816,35.144,25.335,31.114,23.261,4.824,7.288,10.123
3945,0.807,35.237,25.331,31.085,23.254,4.824,7.207,10.0
3946,0.82,35.353,25.347,31.104,23.254,4.743,7.206,9.999
3947,0.817,35.459,25.308,31.085,23.261,4.783,7.287,9.877
3948,0.8,35.336,25.315,31.095,23.258,4.824,7.288,9.794
3949,0.803,35.488,25.327,31.076,23.244,4.702,7.125,9.59
3950,0.787,35.557,25.32,31.075,23.247,4.742,7.165,9.507
3951,0.793,35.663,25.358,31.085,23.247,4.783,7.246,9.506
3952,0.79,35.117,25.367,31.066,23.247,4.783,7.206,9.343
3953,0.784,35.236,25.343,31.056,23.247,4.702,7.125,9.301
3954,0.78,35.372,25.324,31.094,23.254,4.863,7.287,9.301
3955,0.79,35.479,25.351,31.133,23.261,4.824,7.207,9.219
3956,0.78,35.393,25.339,31.095,23.254,4.783,7.206,9.096
3957,0.787,35.527,25.366,31.095,23.254,4.702,7.165,9.014
3958,0.8,35.634,25.242,31.114,23.258,4.823,7.246,8.972
3959,0.81,35.673,25.338,31.114,23.258,4.783,7.166,8.891
3960,0.797,35.117,25.355,31.066,23.244,4.62,7.002,8.727
3961,0.797,35.246,25.331,31.104,23.251,4.741,7.123,8.685
3962,0.803,35.391,25.351,31.095,23.244,4.823,7.043,8.562
3963,0.813,35.747,25.378,31.085,23.244,4.702,7.042,8.521
3964,0.82,35.3,25.363,31.085,23.247,4.66,7.001,8.52
3965,0.817,35.44,25.347,31.114,23.254,4.782,7.204,8.601
3966,0.833,35.575,25.386,31.124,23.265,4.824,7.206,8.399
3967,0.826,40.572,25.316,31.114,23.248,4.783,7.084,8.438
3968,0.82,41.697,25.3,31.114,23.258,4.864,7.042,8.357
3969,0.817,41.746,25.308,31.114,23.254,4.743,7.042,8.356
3970,0.813,41.785,25.366,31.133,23.254,4.823,7.042,8.356
3971,0.807,32.666,25.336,31.095,23.251,4.661,6.839,8.112
3972,0.794,32.344,25.331,31.114,23.247,4.741,6.958,8.109
3973,0.8,32.533,25.339,31.104,23.251,4.661,6.96,8.109
3974,0.79,32.679,25.351,31.104,23.251,4.741,6.96,8.028
3975,0.787,36.113,25.308,31.095,23.24,4.661,6.96,8.027
3976,0.79,36.321,25.37,31.114,23.251,4.782,7.082,8.149
3977,0.81,36.457,25.332,31.162,23.268,4.824,7.042,7.988
3978,0.807,36.496,25.327,31.134,23.254,4.702,7.001,7.946
3979,0.813,34.742,25.323,31.124,23.251,4.742,7.041,7.945
3980,0.82,34.868,25.319,31.133,23.254,4.742,7.082,7.864
3981,0.826,35.023,25.343,31.133,23.258,4.823,7.042,7.863
3982,0.826,35.101,25.331,31.114,23.251,4.702,6.92,7.7
3983,0.82,35.217,25.394,31.114,23.251,4.742,6.959,7.78
3984,0.843,35.362,25.351,31.124,23.254,4.742,7.041,7.7
3985,0.836,35.488,25.324,31.114,23.244,4.661,6.92,7.658
3986,0.83,35.518,25.366,31.114,23.247,4.66,6.878,7.617
3987,0.833,35.029,25.293,31.133,23.251,4.741,7.081,7.739
3988,0.843,35.197,25.354,31.172,23.265,4.864,7.123,7.618
3989,0.833,35.276,25.308,31.124,23.254,4.743,7.002,7.495
3990,0.83,35.305,25.304,31.133,23.258,4.742,6.96,7.575
3991,0.817,35.238,25.315,31.153,23.251,4.823,7.041,7.616
3992,0.816,35.381,25.323,31.134,23.258,4.783,7.042,7.535
3993,0.81,35.46,25.39,31.133,23.247,4.742,6.96,7.372
3994,0.787,35.182,25.328,31.114,23.247,4.701,6.919,7.452
3995,0.793,35.084,25.327,31.133,23.254,4.66,6.959,7.371
3996,0.803,35.198,25.366,31.114,23.247,4.741,6.838,7.37
3997,0.813,35.285,25.312,31.114,23.244,4.701,6.877,7.289
3998,0.816,35.037,25.343,31.114,23.244,4.742,6.959,7.329
3999,0.826,35.197,25.327,31.162,23.265,4.905,7.041,7.451
4000,0.839,35.304,25.32,31.143,23.251,4.703,6.879,7.249
4001,0.833,35.392,25.288,31.143,23.254,4.742,6.877,7.288
4002,0.833,34.98,25.315,31.153,23.251,4.823,6.837,7.329
4003,0.839,35.12,25.386,31.134,23.251,4.824,6.918,7.329
4004,0.852,35.256,25.359,31.133,23.254,4.743,6.837,7.167
4005,0.84,35.314,25.343,31.105,23.237,4.661,6.755,7.084
4006,0.843,34.999,25.378,31.114,23.251,4.7,6.795,7.164
4007,0.843,35.158,25.347,31.124,23.244,4.701,6.795,7.084
4008,0.833,35.275,25.331,31.133,23.251,4.66,6.795,7.083
4009,0.83,35.315,25.3,31.124,23.244,4.7,6.714,7.123
4010,0.826,35.066,25.335,31.162,23.261,4.782,6.998,7.246
4011,0.839,35.245,25.331,31.153,23.251,4.742,6.797,7.125
4012,0.826,35.334,25.316,31.134,23.251,4.742,6.755,7.124
4013,0.83,35.382,25.339,31.153,23.258,4.783,6.795,7.124
4014,0.826,35.105,25.335,31.153,23.258,4.783,6.877,7.165
4015,0.83,35.275,25.3,31.143,23.258,4.864,6.796,7.043
4016,0.83,35.353,25.319,31.105,23.241,4.662,6.592,7.001
4017,0.83,35.392,25.323,31.133,23.254,4.741,6.793,7.123
4018,0.836,34.999,25.339,31.143,23.254,4.661,6.714,6.961
4019,0.839,35.12,25.327,31.134,23.251,4.7,6.713,6.878
4020,0.833,35.236,25.339,31.124,23.247,4.701,6.632,6.959
4021,0.839,35.41,25.363,31.162,23.258,4.823,6.834,7.122
4022,0.862,35.259,25.375,31.172,23.261,4.743,6.755,7.083
4023,0.849,35.353,25.367,31.163,23.258,4.701,6.754,6.961
4024,0.859,35.459,25.355,31.153,23.254,4.782,6.673,6.96
4025,0.866,34.943,25.331,31.153,23.254,4.742,6.794,7.082
4026,0.866,34.937,25.331,31.162,23.254,4.783,6.673,6.92
4027,0.856,35.062,25.245,31.124,23.24,4.62,6.631,6.837
4028,0.853,35.159,25.323,31.162,23.247,4.781,6.712,6.918
4029,0.846,34.949,25.358,31.143,23.254,4.742,6.632,7.0
4030,0.846,35.1,25.343,31.134,23.247,4.783,6.631,6.838
4031,0.836,35.217,25.351,31.133,23.244,4.661,6.631,6.877
4032,0.836,35.333,25.367,31.162,23.258,4.822,6.712,7.0
4033,0.846,35.123,25.378,31.191,23.265,4.783,6.754,7.001
4034,0.843,35.236,25.328,31.144,23.254,4.742,6.673,6.96
4035,0.839,35.353,25.312,31.143,23.258,4.783,6.672,6.96
4036,0.839,35.421,25.331,31.172,23.254,4.783,6.713,7.0
4037,0.843,34.885,25.269,31.153,23.251,4.742,6.713,6.96
4038,0.849,35.042,25.276,31.162,23.251,4.661,6.591,6.838
4039,0.846,35.14,25.296,31.143,23.247,4.66,6.631,6.877
4040,0.856,35.217,25.319,31.172,23.251,4.741,6.631,6.877
4041,0.859,35.036,25.316,31.153,23.251,4.661,6.631,6.877
4042,0.859,35.178,25.355,31.134,23.244,4.66,6.631,6.877
4043,0.862,35.295,25.39,31.143,23.247,4.741,6.672,6.959
4044,0.879,35.363,25.359,31.172,23.268,4.905,6.753,7.041
4045,0.892,34.99,25.32,31.163,23.258,4.703,6.673,6.92
4046,0.882,35.13,25.362,31.153,23.251,4.742,6.631,6.837
4047,0.879,35.256,25.308,31.153,23.258,4.823,6.631,6.877
4048,0.879,35.276,25.308,31.162,23.261,4.824,6.631,6.877
4049,0.876,34.874,25.339,31.162,23.251,4.661,6.55,6.796
4050,0.856,34.965,25.32,31.134,23.244,4.66,6.59,6.836
4051,0.859,35.129,25.316,31.153,23.251,4.741,6.509,6.837
4052,0.859,35.016,25.331,31.153,23.254,4.742,6.589,6.796
4053,0.859,35.034,25.39,31.143,23.244,4.661,6.549,6.755
4054,0.853,35.178,25.344,31.162,23.247,4.782,6.63,6.876
4055,0.862,35.304,25.343,31.201,23.265,4.905,6.753,6.959
4056,0.862,34.874,25.366,31.153,23.251,4.784,6.632,6.838
4057,0.859,34.975,25.312,31.162,23.251,4.702,6.631,6.877
4058,0.879,35.11,25.339,31.162,23.254,4.863,6.631,6.796
4059,0.879,35.217,25.304,31.162,23.254,4.784,6.712,6.877
4060,0.879,34.863,25.319,31.162,23.244,4.702,6.591,6.715
4061,0.879,34.975,25.3,31.143,23.247,4.782,6.631,6.835
4062,0.889,35.129,25.327,31.162,23.247,4.742,6.672,6.755
4063,0.895,35.198,25.351,31.143,23.247,4.701,6.591,6.714
4064,0.895,34.806,25.328,31.143,23.247,4.701,6.59,6.632
4065,0.899,34.926,25.284,31.134,23.247,4.742,6.712,6.753
4066,0.908,35.091,25.37,31.191,23.265,4.945,6.835,6.876
4067,0.908,35.159,25.332,31.153,23.251,4.785,6.755,6.715
4068,0.886,34.834,25.331,31.153,23.247,4.742,6.836,6.754
4069,0.892,34.975,25.331,31.162,23.251,4.823,6.837,6.795
4070,0.892,35.11,25.39,31.162,23.258,4.824,6.837,6.755
4071,0.879,35.16,25.363,31.153,23.251,4.702,6.755,6.714
4072,0.876,34.978,25.371,31.134,23.24,4.701,6.795,6.713
4073,0.889,35.129,25.386,31.162,23.254,4.742,6.836,6.713
4074,0.879,35.246,25.359,31.153,23.251,4.701,6.837,6.794
4075,0.879,35.276,25.304,31.153,23.247,4.66,6.837,6.633
4076,0.879,34.816,25.347,31.143,23.251,4.782,6.877,6.753
4077,0.885,35.003,25.304,31.181,23.258,4.905,7.04,6.795
4078,0.911,35.13,25.319,31.153,23.247,4.662,7.001,6.755
4079,0.905,35.112,25.323,31.153,23.254,4.741,6.96,6.673
4080,0.908,34.987,25.312,31.162,23.251,4.742,6.919,6.672
4081,0.912,35.101,25.347,31.153,23.254,4.783,6.959,6.753
4082,0.931,35.227,25.327,31.153,23.251,4.824,6.96,6.714
4083,0.922,34.796,25.339,31.105,23.24,4.661,6.838,6.713
4084,0.941,34.907,25.343,31.133,23.251,4.7,6.958,6.754
4085,0.945,35.043,25.324,31.133,23.247,4.701,7.0,6.673
4086,0.945,35.13,25.37,31.114,23.251,4.701,6.96,6.631
4087,0.941,34.872,25.3,31.124,23.251,4.701,6.878,6.712
4088,0.928,35.023,25.327,31.143,23.261,4.823,7.121,6.754
4089,0.938,35.207,25.335,31.172,23.258,4.783,7.124,6.714
4090,0.932,35.247,25.331,31.153,23.254,4.742,7.043,6.794
4091,0.935,34.921,25.339,31.153,23.258,4.783,7.123,6.755
4092,0.931,35.071,25.327,31.153,23.258,4.783,7.043,6.714
4093,0.928,35.178,25.359,31.134,23.261,4.824,7.123,6.754
4094,0.912,35.266,25.351,31.124,23.247,4.702,6.961,6.632
4095,0.912,34.854,25.308,31.143,23.254,4.742,7.0,6.672
4096,0.925,35.013,25.393,31.114,23.251,4.701,6.96,6.672
4097,0.931,35.13,25.355,31.143,23.247,4.701,6.96,6.631
4098,0.938,35.198,25.343,31.124,23.244,4.742,7.0,6.55
4099,0.945,34.95,25.339,31.114,23.251,4.783,6.96,6.671
4100,0.954,35.12,25.347,31.181,23.265,4.905,7.041,6.713
4101,0.958,35.227,25.32,31.134,23.244,4.744,6.96,6.632
4102,0.961,35.276,25.316,31.124,23.254,4.823,6.96,6.672
4103,0.964,35.027,25.362,31.124,23.258,4.783,6.919,6.713
4104,0.981,35.168,25.32,31.124,23.258,4.783,7.0,6.754
4105,0.984,35.275,25.269,31.114,23.247,4.661,6.797,6.47
4106,0.978,35.622,25.331,31.095,23.244,4.66,6.795,6.67
4107,0.974,35.165,25.3,31.133,23.251,4.782,6.877,6.713
4108,0.981,35.275,25.288,31.124,23.247,4.742,6.796,6.672
4109,0.977,35.391,25.331,31.114,23.244,4.62,6.795,6.55
4110,0.977,35.124,25.362,31.104,23.247,4.741,6.877,6.752
4111,0.977,35.188,25.406,31.152,23.258,4.864,7.0,6.714
4112,0.99,35.314,25.363,31.114,23.247,4.743,6.757,6.551
4113,0.978,35.392,25.363,31.133,23.254,4.823,6.836,6.63
4114,0.974,35.191,25.339,31.124,23.254,4.824,6.877,6.712
4115,0.981,35.323,25.288,31.133,23.258,4.824,6.959,6.632
4116,0.991,35.469,25.37,31.105,23.251,4.702,6.797,6.59
4117,0.981,35.508,25.293,31.095,23.237,4.66,6.714,6.549
4118,1.0,35.288,25.296,31.095,23.251,4.66,6.876,6.549
4119,1.004,35.449,25.3,31.123,23.254,4.741,6.796,6.508
4120,1.01,35.556,25.319,31.095,23.247,4.661,6.795,6.508
4121,1.007,35.644,25.335,31.095,23.24,4.7,6.836,6.549
4122,1.027,35.414,25.335,31.133,23.261,4.904,7.04,6.671
4123,1.037,35.585,25.378,31.124,23.251,4.744,6.879,6.591
4124,1.033,35.673,25.355,31.105,23.247,4.783,6.918,6.549
4125,1.043,35.741,25.324,31.114,23.251,4.742,6.919,6.63
4126,1.04,35.597,25.347,31.104,23.254,4.823,6.919,6.631
4127,1.046,35.749,25.253,31.124,23.254,4.743,6.919,6.509
4128,1.037,35.837,25.284,31.066,23.24,4.62,6.796,6.467
4129,1.03,35.876,25.296,31.123,23.247,4.741,6.999,6.548
4130,1.037,35.656,25.319,31.095,23.251,4.701,6.96,6.468
4131,1.037,35.798,25.335,31.076,23.254,4.701,6.878,6.467
4132,1.03,35.895,25.32,31.085,23.24,4.66,6.877,6.426
4133,1.03,35.925,25.378,31.104,23.254,4.863,7.04,6.629
4134,1.053,35.868,25.355,31.124,23.261,4.824,6.96,6.468
4135,1.034,35.973,25.335,31.105,23.244,4.743,6.96,6.548
4136,1.033,36.06,25.409,31.085,23.254,4.742,6.96,6.549
4137,1.046,36.109,25.293,31.104,23.247,4.864,7.041,6.468
4138,1.046,36.148,25.323,31.114,23.254,4.824,7.001,6.507
4139,1.053,36.254,25.269,31.085,23.237,4.661,6.838,6.386
4140,1.05,36.322,25.327,31.075,23.251,4.7,6.999,6.466
4141,1.06,35.948,25.327,31.095,23.251,4.742,6.919,6.467
4142,1.073,36.05,25.331,31.066,23.244,4.742,6.959,6.467
4143,1.073,36.166,25.351,31.056,23.251,4.661,6.96,6.426
4144,1.079,36.273,25.316,31.075,23.254,4.7,7.082,6.548
4145,1.109,36.303,25.323,31.114,23.261,4.904,7.083,6.508
4146,1.096,36.38,25.343,31.066,23.251,4.744,7.002,6.386
4147,1.096,36.515,25.226,31.094,23.254,4.823,7.041,6.425
4148,1.086,36.612,25.291,31.095,23.254,4.824,7.001,6.507
4149,1.086,36.45,25.335,31.085,23.254,4.783,6.96,6.467
4150,1.089,36.602,25.351,31.066,23.251,4.661,6.96,6.304
4151,1.066,36.68,25.32,31.047,23.251,4.782,6.919,6.506
4152,1.082,36.767,25.335,31.065,23.251,4.783,7.0,6.508
4153,1.079,36.528,25.347,31.066,23.251,4.742,6.96,6.386
4154,1.066,36.67,25.347,31.075,23.247,4.661,7.0,6.466
4155,1.066,36.786,25.339,31.066,23.254,4.822,7.041,6.548
4156,1.082,36.845,25.374,31.104,23.265,4.865,7.042,6.549
4157,1.083,36.635,25.3,31.047,23.254,4.743,6.96,6.508
4158,1.086,36.776,25.284,31.065,23.254,4.783,7.0,6.508
4159,1.099,36.883,25.311,31.066,23.251,4.824,7.001,6.467
4160,1.096,36.913,25.3,31.066,23.254,4.783,7.041,6.507
4161,1.106,36.904,25.296,31.047,23.247,4.661,6.92,6.345
4162,1.096,36.999,25.335,31.046,23.247,4.741,7.0,6.425
4163,1.109,37.115,25.351,31.065,23.251,4.701,7.041,6.426
4164,1.115,37.232,25.339,31.056,23.244,4.742,6.96,6.385
4165,1.125,37.022,25.32,31.018,23.244,4.661,6.96,6.385
4166,1.129,37.097,25.358,31.036,23.244,4.782,7.082,6.466
4167,1.142,37.212,25.261,31.085,23.272,4.824,7.164,6.589
4168,1.135,37.06,25.292,31.037,23.248,4.783,7.043,6.509
4169,1.116,37.106,25.311,31.056,23.247,4.702,7.082,6.467
4170,1.112,37.212,25.335,31.056,23.244,4.823,7.164,6.467
4171,1.112,37.329,25.323,31.056,23.254,4.824,7.206,6.589
4172,1.109,37.157,25.347,31.037,23.254,4.783,7.165,6.468
4173,1.102,37.242,25.327,31.008,23.24,4.702,6.962,6.345
4174,1.089,37.377,25.331,31.036,23.258,4.742,7.082,6.466
4175,1.092,37.464,25.343,31.037,23.254,4.783,7.083,6.467
4176,1.092,37.197,25.355,31.027,23.251,4.702,7.083,6.507
4177,1.089,37.357,25.331,31.017,23.244,4.701,7.002,6.386
4178,1.099,37.464,25.316,31.017,23.254,4.823,7.163,6.547
4179,1.115,37.571,25.343,31.075,23.254,4.946,7.206,6.63
4180,1.102,37.294,25.331,31.037,23.251,4.703,7.084,6.509
4181,1.096,37.406,25.335,31.027,23.258,4.742,7.042,6.549
4182,1.109,37.551,25.343,31.027,23.258,4.823,7.164,6.549
4183,1.106,37.591,25.347,31.037,23.254,4.783,7.124,6.549
4184,1.099,37.313,25.327,31.008,23.251,4.702,7.043,6.386
4185,1.083,37.406,25.308,30.988,23.237,4.742,7.001,6.466
4186,1.086,37.532,25.378,31.007,23.251,4.742,7.001,6.467
4187,1.083,37.6,25.277,30.998,23.247,4.701,7.041,6.426
4188,1.073,37.524,25.288,30.998,23.24,4.742,7.001,6.426
4189,1.06,37.648,25.331,30.979,23.251,4.701,7.001,6.507
4190,1.053,37.774,25.394,31.017,23.265,4.863,7.163,6.63
4191,1.053,37.862,25.371,31.027,23.258,4.784,7.002,6.468
4192,1.03,37.546,25.347,30.998,23.247,4.783,7.082,6.507
4193,1.03,37.658,25.355,30.988,23.258,4.742,7.042,6.508
4194,1.017,37.774,25.312,30.998,23.251,4.742,7.164,6.549
4195,1.001,37.583,25.323,30.998,23.261,4.783,7.124,6.468
4196,0.994,37.562,25.316,30.969,23.244,4.661,7.083,6.345
4197,0.978,37.677,25.269,31.017,23.254,4.741,7.164,6.425
4198,0.99,37.793,25.292,30.969,23.247,4.742,7.165,6.385
4199,0.978,37.536,25.307,30.959,23.251,4.701,7.084,6.385
4200,0.974,37.648,25.347,30.969,23.247,4.66,7.164,6.425
4201,0.971,37.755,25.37,30.998,23.254,4.782,7.287,6.629
4202,0.987,37.89,25.39,31.027,23.268,4.864,7.288,6.509
4203,0.981,37.508,25.351,30.969,23.254,4.784,7.247,6.467
4204,0.971,37.638,25.351,30.978,23.254,4.702,7.247,6.507
4205,0.968,37.736,25.347,30.959,23.254,4.823,7.288,6.467
4206,0.951,37.842,25.347,30.978,23.254,4.824,7.288,6.467
4207,0.945,37.536,25.327,30.969,23.247,4.743,7.166,6.386
4208,0.935,37.619,25.253,30.931,23.244,4.701,7.165,6.466
4209,0.918,37.774,25.295,30.949,23.244,4.701,7.124,6.426
4210,0.918,37.814,25.315,30.95,23.251,4.782,7.246,6.426
4211,0.899,37.641,25.331,30.95,23.24,4.661,7.166,6.304
4212,0.895,37.774,25.32,30.93,23.244,4.66,7.246,6.465
4213,0.892,37.9,25.347,30.959,23.258,4.863,7.369,6.629
4214,0.892,37.978,25.347,30.978,23.258,4.702,7.248,6.509
4215,0.866,38.535,25.316,30.94,23.258,4.742,7.288,6.508
4216,0.869,38.665,25.343,30.959,23.258,4.823,7.288,6.508
4217,0.859,38.772,25.288,30.978,23.254,4.824,7.329,6.508
4218,0.866,38.783,25.276,30.959,23.251,4.743,7.289,6.508
4219,0.862,37.21,25.299,30.94,23.251,4.579,7.125,6.386
4220,0.859,37.3,25.296,30.921,23.247,4.7,7.287,6.466
4221,0.866,37.445,25.315,30.94,23.251,4.742,7.288,6.386
4222,0.866,37.695,25.335,30.94,23.244,4.701,7.369,6.385
4223,0.866,37.842,25.316,30.921,23.244,4.701,7.37,6.344
4224,0.849,37.968,25.327,30.93,23.251,4.701,7.492,6.466
4225,0.859,38.103,25.355,30.959,23.265,4.863,7.697,6.507
4226,0.856,37.577,25.355,30.921,23.251,4.743,7.496,6.427
4227,0.836,37.649,25.343,30.92,23.251,4.864,7.534,6.426
4228,0.833,37.764,25.316,30.92,23.254,4.824,7.534,6.466
4229,0.833,37.852,25.351,30.93,23.258,4.824,7.575,6.507
4230,0.82,37.498,25.312,30.911,23.258,4.743,7.535,6.467
4231,0.813,37.6,25.308,30.882,23.234,4.661,7.494,6.304
4232,0.81,37.754,25.335,30.911,23.254,4.741,7.575,6.425
4233,0.813,37.813,25.363,30.911,23.251,4.701,7.575,6.344
4234,0.813,37.507,25.324,30.882,23.244,4.701,7.575,6.343
4235,0.79,37.658,25.3,30.901,23.247,4.62,7.535,6.466
4236,0.8,37.774,25.335,30.92,23.254,4.822,7.697,6.67
4237,0.813,37.871,25.288,30.93,23.261,4.824,7.618,6.469
4238,0.803,37.565,25.3,30.882,23.244,4.702,7.495,6.426
4239,0.81,37.687,25.308,30.911,23.254,4.742,7.575,6.507
4240,0.813,37.794,25.269,30.911,23.254,4.742,7.616,6.467
4241,0.813,37.862,25.299,30.901,23.258,4.783,7.535,6.507
4242,0.813,37.498,25.327,30.882,23.244,4.58,7.412,6.386
4243,0.803,37.6,25.335,30.882,23.244,4.74,7.574,6.466
4244,0.813,37.745,25.378,30.882,23.254,4.742,7.454,6.426
4245,0.816,37.746,25.324,30.863,23.247,4.661,7.534,6.385
4246,0.816,37.564,25.351,30.872,23.244,4.66,7.453,6.344
4247,0.813,37.716,25.331,30.91,23.251,4.822,7.656,6.547
4248,0.82,37.871,25.331,30.901,23.261,4.865,7.739,6.59
4249,0.82,38.064,25.335,30.872,23.258,4.784,7.537,6.427
4250,0.8,37.491,25.316,30.882,23.258,4.661,7.616,6.466
4251,0.797,37.619,25.339,30.863,23.251,4.741,7.657,6.548
4252,0.797,37.726,25.304,30.882,23.261,4.823,7.658,6.508
4253,0.794,37.535,25.315,30.843,23.247,4.621,7.455,6.386
4254,0.774,37.562,25.319,30.853,23.251,4.822,7.615,6.425
4255,0.78,37.696,25.312,30.853,23.251,4.743,7.576,6.466
4256,0.771,37.784,25.327,30.834,23.247,4.701,7.535,6.467
4257,0.767,37.392,25.316,30.843,23.24,4.66,7.534,6.426
4258,0.787,37.532,25.331,30.824,23.247,4.782,7.616,6.507
4259,0.8,37.687,25.362,30.881,23.268,4.905,7.698,6.549
4260,0.794,37.726,25.312,30.853,23.254,4.744,7.618,6.468
4261,0.8,37.43,25.331,30.834,23.247,4.823,7.617,6.507
4262,0.8,37.57,25.312,30.843,23.251,4.743,7.657,6.508
4263,0.803,37.706,25.331,30.843,23.254,4.823,7.658,6.549
4264,0.807,37.775,25.331,30.824,23.251,4.661,7.455,6.386
4265,0.794,37.21,25.284,30.814,23.247,4.741,7.574,6.466
4266,0.813,37.386,25.323,30.814,23.251,4.701,7.535,6.507
4267,0.807,37.503,25.308,30.833,23.247,4.742,7.534,6.467
4268,0.794,37.533,25.331,30.805,23.251,4.661,7.453,6.426
4269,0.797,37.945,25.323,30.785,23.244,4.66,7.534,6.507
4270,0.803,38.122,25.37,30.842,23.272,4.863,7.616,6.67
4271,0.8,38.229,25.378,30.824,23.255,4.784,7.576,6.509
4272,0.787,38.25,25.347,30.805,23.254,4.742,7.494,6.549
4273,0.78,37.08,25.324,30.795,23.254,4.864,7.616,6.59
4274,0.787,37.231,25.347,30.804,23.258,4.824,7.576,6.631
4275,0.79,37.348,25.312,30.814,23.254,4.783,7.616,6.55
4276,0.774,37.33,25.315,30.757,23.24,4.661,7.495,6.508
4277,0.774,37.426,25.319,30.794,23.251,4.7,7.616,6.63
4278,0.79,37.542,25.288,30.775,23.244,4.701,7.576,6.59
4279,0.79,37.648,25.335,30.775,23.247,4.66,7.575,6.59
4280,0.78,37.381,25.304,30.756,23.244,4.7,7.616,6.509
4281,0.8,37.321,25.335,30.775,23.251,4.782,7.657,6.711
4282,0.813,37.493,25.339,30.814,23.261,4.864,7.658,6.713
4283,0.807,37.552,25.324,30.776,23.254,4.743,7.576,6.632
4284,0.81,37.265,25.319,30.775,23.251,4.742,7.616,6.631
4285,0.813,37.387,25.347,30.766,23.254,4.823,7.657,6.712
4286,0.82,37.522,25.347,30.756,23.251,4.783,7.658,6.672
4287,0.817,37.591,25.312,30.756,23.244,4.661,7.455,6.469
4288,0.794,37.256,25.296,30.737,23.247,4.66,7.574,6.629
4289,0.8,37.406,25.311,30.746,23.247,4.7,7.494,6.59
4290,0.794,37.522,25.335,30.727,23.254,4.742,7.494,6.631
4291,0.787,37.581,25.351,30.717,23.247,4.783,7.453,6.55
4292,0.78,37.227,25.347,30.736,23.247,4.783,7.574,6.63
4293,0.79,37.396,25.382,30.765,23.265,4.986,7.698,6.712
4294,0.793,37.503,25.32,30.727,23.251,4.826,7.536,6.632
4295,0.78,37.562,25.312,30.727,23.254,4.743,7.534,6.631
4296,0.787,37.313,25.354,30.717,23.254,4.823,7.575,6.631
4297,0.787,37.454,25.242,30.727,23.251,4.824,7.535,6.59
4298,0.797,37.59,25.334,30.708,23.251,4.743,7.453,6.549
4299,0.787,37.61,25.296,30.669,23.24,4.701,7.412,6.549
4300,0.8,37.265,25.311,30.707,23.251,4.742,7.411,6.549
4301,0.8,37.387,25.304,30.679,23.254,4.742,7.411,6.549
4302,0.81,37.493,25.3,30.669,23.244,4.661,7.411,6.59
4303,0.807,37.504,25.296,30.669,23.254,4.66,7.371,6.509
4304,0.813,37.284,25.304,30.707,23.254,4.863,7.452,6.711
4305,0.826,37.444,25.347,30.698,23.261,4.824,7.412,6.591
4306,0.817,37.523,25.331,30.679,23.251,4.824,7.371,6.59
4307,0.82,37.533,25.316,30.678,23.251,4.824,7.33,6.59
4308,0.81,37.332,25.304,30.669,23.254,4.865,7.41,6.671
4309,0.816,37.435,25.319,30.669,23.254,4.784,7.371,6.631
4310,0.807,37.542,25.3,30.678,23.251,4.783,7.208,6.55
4311,0.794,37.217,25.3,30.621,23.24,4.702,7.369,6.549
4312,0.8,37.319,25.304,30.63,23.251,4.782,7.411,6.508
4313,0.8,37.445,25.343,30.64,23.247,4.661,7.411,6.549
4314,0.79,37.542,25.308,30.63,23.244,4.741,7.289,6.468
4315,0.784,37.207,25.323,30.611,23.251,4.783,7.288,6.548
4316,0.797,37.367,25.331,30.649,23.258,4.824,7.451,6.671
4317,0.8,37.531,25.351,30.649,23.258,4.824,7.33,6.55
4318,0.8,37.562,25.32,30.621,23.251,4.824,7.329,6.549
4319,0.807,37.236,25.331,30.601,23.251,4.783,7.37,6.63
4320,0.816,37.386,25.323,30.611,23.251,4.824,7.37,6.631
4321,0.823,37.493,25.323,30.611,23.254,4.824,7.289,6.631
4322,0.81,37.562,25.304,30.582,23.247,4.702,7.166,6.428
4323,0.813,37.15,25.284,30.591,23.244,4.742,7.206,6.548
4324,0.823,37.299,25.3,30.591,23.251,4.783,7.247,6.549
4325,0.833,37.416,25.347,30.572,23.251,4.742,7.206,6.427
4326,0.82,37.465,25.296,30.572,23.247,4.701,7.206,6.507
4327,0.82,37.216,25.315,30.572,23.251,4.782,7.125,6.589
4328,0.82,37.377,25.331,30.591,23.258,4.864,7.327,6.753
4329,0.83,37.532,25.331,30.582,23.261,4.784,7.126,6.592
4330,0.813,37.524,25.316,30.582,23.254,4.824,7.124,6.549
4331,0.81,37.274,25.304,30.572,23.251,4.824,7.124,6.59
4332,0.81,37.406,25.304,30.572,23.261,4.743,7.165,6.631
4333,0.807,37.484,25.315,30.582,23.258,4.864,7.124,6.631
4334,0.803,37.83,25.327,30.543,23.251,4.702,7.002,6.428
4335,0.784,37.153,25.323,30.533,23.251,4.701,7.041,6.548
4336,0.793,37.29,25.319,30.572,23.251,4.742,7.042,6.59
4337,0.8,37.406,25.347,30.534,23.251,4.783,7.001,6.59
4338,0.803,37.158,25.324,30.533,23.24,4.742,6.919,6.59
4339,0.803,37.165,25.331,30.514,23.247,4.742,6.919,6.549
4340,0.813,37.29,25.339,30.543,23.251,4.823,7.041,6.712
4341,0.826,37.444,25.339,30.553,23.254,4.865,7.042,6.672
4342,0.82,37.235,25.324,30.514,23.254,4.784,7.001,6.631
4343,0.817,37.329,25.257,30.524,23.247,4.742,6.96,6.672
4344,0.82,37.493,25.299,30.524,23.251,4.823,6.919,6.631
4345,0.836,37.571,25.354,30.514,23.258,4.824,7.041,6.631
4346,0.826,37.035,25.292,30.504,23.251,4.743,6.879,6.468
4347,0.82,37.145,25.304,30.485,23.247,4.742,6.877,6.629
4348,0.826,37.29,25.3,30.485,23.251,4.783,6.959,6.59
4349,0.817,37.358,25.35,30.494,23.244,4.702,6.878,6.549
4350,0.816,37.1,25.335,30.475,23.244,4.66,6.837,6.549
4351,0.81,37.222,25.316,30.466,23.244,4.782,6.918,6.59
4352,0.82,37.386,25.335,30.523,23.261,4.905,7.122,6.712
4353,0.813,37.426,25.323,30.495,23.251,4.703,6.88,6.591
4354,0.807,37.101,25.316,30.485,23.251,4.782,6.837,6.631
4355,0.794,37.251,25.343,30.475,23.251,4.783,6.958,6.59
4356,0.803,37.367,25.331,30.475,23.254,4.824,6.878,6.671
4357,0.8,37.407,25.312,30.485,23.258,4.743,6.877,6.591
4358,0.8,37.062,25.245,30.418,23.244,4.661,6.837,6.468
4359,0.807,37.193,25.326,30.455,23.247,4.741,6.918,6.507
4360,0.813,37.29,25.323,30.446,23.254,4.742,6.959,6.549
4361,0.826,37.32,25.355,30.446,23.244,4.742,6.797,6.508
4362,0.82,37.138,25.328,30.446,23.244,4.701,6.836,6.549
4363,0.83,37.299,25.323,30.465,23.268,4.904,7.04,6.712
4364,0.839,37.416,25.343,30.475,23.258,4.784,6.92,6.632
4365,0.836,37.158,25.339,30.446,23.254,4.742,6.878,6.55
4366,0.833,36.973,25.324,30.437,23.258,4.783,6.918,6.549
4367,0.836,37.125,25.28,30.417,23.258,4.824,7.0,6.549
4368,0.83,37.232,25.28,30.427,23.251,4.865,6.879,6.508
4369,0.813,37.022,25.331,30.388,23.24,4.662,6.796,6.508
4370,0.807,37.135,25.304,30.417,23.251,4.822,6.958,6.467
4371,0.803,37.261,25.296,30.417,23.254,4.702,6.878,6.507
4372,0.81,37.319,25.3,30.408,23.247,4.742,6.837,6.467
4373,0.8,37.004,25.315,30.388,23.244,4.701,6.877,6.507
4374,0.807,37.163,25.308,30.426,23.254,4.904,7.081,6.67
4375,0.807,37.338,25.319,30.436,23.254,4.744,7.002,6.591
4376,0.8,37.359,25.347,30.408,23.254,4.742,6.919,6.549
4377,0.803,36.985,25.331,30.417,23.254,4.783,7.041,6.63
4378,0.8,37.106,25.257,30.398,23.254,4.783,7.001,6.672
4379,0.816,37.232,25.299,30.407,23.251,4.905,7.001,6.591
4380,0.813,37.29,25.288,30.388,23.244,4.703,6.96,6.468
4381,0.813,36.907,25.323,30.379,23.251,4.742,7.041,6.589
4382,0.82,37.076,25.323,30.388,23.251,4.823,6.96,6.509
4383,0.823,37.183,25.284,30.359,23.251,4.743,7.0,6.467
4384,0.826,37.252,25.307,30.359,23.244,4.701,7.001,6.507
4385,0.826,36.974,25.311,30.359,23.247,4.782,7.082,6.589
4386,0.839,37.115,25.331,30.397,23.261,4.864,7.123,6.631
4387,0.833,37.232,25.316,30.379,23.258,4.784,6.961,6.59
4388,0.813,37.262,25.319,30.35,23.251,4.783,7.041,6.509
4389,0.81,37.051,25.323,30.349,23.254,4.783,7.042,6.549
4390,0.813,37.193,25.308,30.407,23.261,4.824,7.001,6.549
4391,0.797,37.3,25.327,30.35,23.254,4.702,6.96,6.468
4392,0.794,37.339,25.284,30.321,23.237,4.66,6.878,6.426
4393,0.797,36.927,25.327,30.34,23.251,4.782,6.959,6.466
4394,0.794,37.076,25.312,30.34,23.244,4.742,6.96,6.467
4395,0.79,37.164,25.304,30.321,23.244,4.701,6.838,6.467
4396,0.784,36.992,25.327,30.32,23.251,4.701,6.918,6.507
4397,0.79,37.087,25.312,30.349,23.258,4.823,7.041,6.67
4398,0.813,37.212,25.276,30.34,23.254,4.824,6.96,6.509
4399,0.8,37.271,25.315,30.34,23.251,4.824,6.919,6.508
4400,0.803,36.821,25.319,30.311,23.254,4.783,7.0,6.63
4401,0.81,36.941,25.339,30.339,23.254,4.742,6.96,6.59
4402,0.816,37.096,25.316,30.34,23.258,4.823,6.96,6.427
4403,0.803,37.126,25.312,30.301,23.244,4.702,6.797,6.385
4404,0.813,36.8,25.323,30.311,23.258,4.782,6.877,6.507
4405,0.823,36.922,25.339,30.301,23.251,4.742,6.877,6.508
4406,0.81,37.048,25.32,30.311,23.247,4.742,6.877,6.467
4407,0.816,37.126,25.312,30.291,23.244,4.701,6.918,6.467
4408,0.803,36.829,25.315,30.301,23.261,4.823,7.041,6.711
4409,0.81,36.989,25.351,30.32,23.261,4.783,7.001,6.51
4410,0.803,37.096,25.3,30.311,23.251,4.783,7.001,6.467
4411,0.79,37.164,25.292,30.291,23.251,4.824,7.041,6.548
4412,0.79,36.964,25.28,30.31,23.254,4.783,7.042,6.508
4413,0.79,37.077,25.319,30.301,23.254,4.824,7.042,6.508
4414,0.797,37.212,25.316,30.291,23.247,4.661,6.879,6.345
4415,0.771,37.194,25.3,30.282,23.251,4.782,7.0,6.466
4416,0.777,36.859,25.315,30.282,23.251,4.702,7.001,6.548
4417,0.774,37.009,25.28,30.262,23.251,4.782,6.96,6.508
4418,0.784,37.106,25.292,30.262,23.247,4.742,6.919,6.467
4419,0.787,37.126,25.311,30.262,23.254,4.783,7.0,6.629
4420,0.797,36.896,25.343,30.32,23.265,4.905,7.082,6.59
4421,0.803,37.019,25.347,30.272,23.244,4.784,7.002,6.631
4422,0.807,37.077,25.316,30.262,23.247,4.742,7.041,6.631
4423,0.8,37.203,25.273,30.262,23.254,4.783,7.082,6.672
4424,0.807,37.281,25.307,30.262,23.254,4.783,7.042,6.55
4425,0.813,37.406,25.339,30.234,23.247,4.742,6.879,6.549
4426,0.807,37.426,25.261,30.233,23.24,4.701,7.0,6.63
4427,0.816,36.564,25.284,30.272,23.251,4.782,6.96,6.631
4428,0.8,36.641,25.315,30.234,23.244,4.742,6.919,6.509
4429,0.79,36.748,25.405,30.233,23.251,4.823,6.919,6.549
4430,0.8,36.825,25.344,30.224,23.247,4.783,7.0,6.549
4431,0.794,36.788,25.37,30.262,23.258,4.946,7.082,6.712
4432,0.8,36.95,25.32,30.243,23.251,4.825,7.002,6.672
4433,0.787,37.038,25.327,30.252,23.251,4.824,7.001,6.672
4434,0.79,37.116,25.304,30.243,23.251,4.783,7.001,6.713
4435,0.784,36.81,25.308,30.233,23.254,4.824,7.001,6.632
4436,0.787,36.941,25.265,30.243,23.251,4.783,7.001,6.672
4437,0.777,37.057,25.268,30.214,23.244,4.702,6.879,6.509
4438,0.774,37.116,25.253,30.214,23.251,4.782,7.04,6.63
4439,0.787,36.781,25.311,30.223,23.247,4.783,7.042,6.631
4440,0.79,36.902,25.319,30.214,23.247,4.742,7.001,6.631
4441,0.79,37.009,25.304,30.214,23.244,4.742,6.919,6.59
4442,0.797,37.058,25.315,30.233,23.251,4.783,7.041,6.631
4443,0.807,36.732,25.308,30.233,23.265,4.986,7.123,6.753
4444,0.803,36.863,25.323,30.214,23.248,4.826,7.043,6.592
4445,0.813,36.951,25.362,30.204,23.251,4.783,7.001,6.59
4446,0.8,37.0,25.269,30.223,23.254,4.783,7.082,6.631
4447,0.813,36.895,25.303,30.214,23.258,4.824,7.123,6.59
4448,0.803,37.028,25.311,30.204,23.251,4.783,6.961,6.509
4449,0.79,37.087,25.315,30.175,23.24,4.742,6.96,6.467
4450,0.797,37.04,25.323,30.204,23.251,4.823,7.0,6.589
4451,0.787,36.857,25.319,30.195,23.247,4.783,7.001,6.549
4452,0.793,36.989,25.304,30.185,23.247,4.783,6.919,6.508
4453,0.774,37.087,25.311,30.194,23.247,4.824,7.0,6.549
4454,0.787,36.8,25.339,30.233,23.261,4.987,7.123,6.671
4455,0.78,36.864,25.304,30.195,23.247,4.826,6.961,6.591
4456,0.777,36.97,25.308,30.185,23.251,4.824,7.0,6.59
4457,0.777,37.086,25.323,30.194,23.247,4.824,7.001,6.631
4458,0.78,36.781,25.265,30.195,23.251,4.865,7.041,6.631
4459,0.78,36.902,25.276,30.185,23.247,4.824,6.96,6.468
4460,0.787,36.98,25.307,30.146,23.244,4.743,7.0,6.507
4461,0.793,37.096,25.296,30.175,23.258,4.783,6.96,6.508
4462,0.797,36.714,25.307,30.166,23.247,4.783,6.96,6.549
4463,0.787,36.825,25.241,30.175,23.24,4.702,6.919,6.468
4464,0.8,36.941,25.287,30.166,23.251,4.701,7.0,6.548
4465,0.816,37.048,25.362,30.185,23.258,4.904,7.082,6.59
4466,0.813,36.694,25.25,30.175,23.251,4.865,6.961,6.549
4467,0.807,36.834,25.33,30.166,23.247,4.824,6.919,6.549
4468,0.797,36.951,25.304,30.165,23.258,4.824,7.0,6.508
4469,0.797,37.019,25.347,30.165,23.251,4.865,6.919,6.63
4470,0.797,36.809,25.331,30.165,23.251,4.784,6.959,6.509
4471,0.784,36.912,25.3,30.137,23.244,4.742,6.838,6.467
4472,0.78,37.057,25.319,30.165,23.247,4.823,6.877,6.507
4473,0.777,37.068,25.304,30.146,23.251,4.783,6.877,6.508
4474,0.78,36.761,25.315,30.137,23.244,4.783,6.877,6.427
4475,0.767,36.883,25.3,30.146,23.244,4.742,6.877,6.466
4476,0.767,36.98,25.308,30.165,23.258,4.945,7.0,6.589
4477,0.78,37.384,25.331,30.185,23.258,4.866,6.96,6.549
4478,0.777,36.889,25.288,30.146,23.254,4.824,6.919,6.549
4479,0.784,36.99,25.346,30.137,23.258,4.783,6.959,6.549
4480,0.79,37.115,25.316,30.156,23.258,4.864,6.96,6.59
4481,0.79,36.81,25.308,30.156,23.251,4.824,6.919,6.549
4482,0.787,36.797,25.3,30.127,23.24,4.661,6.796,6.386
4483,0.793,36.912,25.3,30.194,23.254,4.782,6.836,6.466
4484,0.803,37.038,25.3,30.127,23.251,4.702,6.877,6.507
4485,0.807,36.684,25.366,30.127,23.24,4.742,6.877,6.427
4486,0.797,36.825,25.207,30.117,23.244,4.701,6.837,6.385
4487,0.803,36.941,25.291,30.136,23.251,4.823,6.918,6.588
4488,0.81,37.077,25.311,30.165,23.258,4.905,6.919,6.509
4489,0.794,36.646,25.347,30.108,23.258,4.825,6.878,6.589
4490,0.784,36.776,25.3,30.117,23.251,4.783,6.837,6.549
4491,0.777,36.912,25.315,30.127,23.247,4.824,6.877,6.549
4492,0.784,37.019,25.331,30.136,23.258,4.946,6.918,6.549
4493,0.774,36.703,25.273,30.108,23.244,4.744,6.674,6.386
4494,0.764,36.796,25.303,30.107,23.247,4.783,6.794,6.466
4495,0.767,36.931,25.319,30.127,23.251,4.783,6.877,6.548
4496,0.774,37.009,25.312,30.108,23.247,4.783,6.837,6.468
4497,0.764,36.694,25.315,30.107,23.247,4.742,6.755,6.507
4498,0.77,36.815,25.308,30.117,23.251,4.783,6.876,6.549
4499,0.787,36.97,25.386,30.165,23.258,4.946,7.0,6.63
4500,0.78,36.981,25.324,30.118,23.251,4.785,6.919,6.59
4501,0.797,36.713,25.308,30.098,23.251,4.783,6.878,6.549
4502,0.8,36.863,25.323,30.126,23.254,4.824,7.0,6.549
4503,0.8,36.98,25.265,30.146,23.261,4.865,6.96,6.549
4504,0.803,36.981,25.288,30.117,23.254,4.784,6.878,6.427
4505,0.79,36.645,25.303,30.069,23.251,4.742,7.0,6.548
4506,0.806,36.815,25.214,30.107,23.251,4.783,6.96,6.508
4507,0.803,36.922,25.291,30.098,23.244,4.702,6.919,6.467
4508,0.794,36.789,25.307,30.079,23.247,4.742,6.837,6.467
4509,0.787,36.739,25.343,30.107,23.244,4.823,6.877,6.629
4510,0.797,36.912,25.308,30.127,23.261,4.905,7.04,6.55
4511,0.787,36.98,25.315,30.108,23.258,4.825,6.96,6.549
4512,0.774,36.636,25.292,30.088,23.254,4.824,7.041,6.59
4513,0.774,36.738,25.296,30.107,23.251,4.824,7.042,6.631
4514,0.787,36.892,25.28,30.098,23.261,4.865,7.082,6.55
4515,0.774,36.951,25.319,30.088,23.244,4.743,6.88,6.468
4516,0.764,36.559,25.312,30.069,23.244,4.823,7.04,6.589
4517,0.77,36.718,25.304,30.107,23.251,4.702,7.042,6.468
4518,0.774,36.844,25.292,30.079,23.251,4.701,7.042,6.507
4519,0.774,36.903,25.307,30.059,23.251,4.66,6.96,6.386
4520,0.774,36.635,25.323,30.088,23.254,4.863,7.082,6.547
4521,0.793,36.795,25.339,30.107,23.261,4.946,7.286,6.712
4522,0.8,36.902,25.331,30.098,23.251,4.744,7.085,6.469
4523,0.79,36.961,25.335,30.088,23.251,4.864,7.164,6.589
4524,0.803,36.511,25.265,30.088,23.251,4.784,7.124,6.59
4525,0.813,36.631,25.338,30.078,23.265,4.905,7.205,6.549
4526,0.81,36.767,25.296,30.145,23.254,4.784,7.043,6.468
4527,0.797,36.778,25.261,30.041,23.244,4.702,7.082,6.507
4528,0.8,36.634,25.327,30.068,23.251,4.823,7.042,6.508
4529,0.784,36.767,25.331,30.078,23.247,4.783,7.082,6.549
4530,0.793,36.873,25.308,30.078,23.244,4.702,7.123,6.549
4531,0.774,36.913,25.272,30.069,23.24,4.742,7.124,6.508
4532,0.784,36.597,25.307,30.097,23.261,4.864,7.287,6.752
4533,0.787,36.718,25.292,30.079,23.254,4.784,7.207,6.592
4534,0.777,36.835,25.3,30.088,23.251,4.783,7.125,6.549
4535,0.774,36.855,25.35,30.078,23.254,4.783,7.287,6.671
4536,0.767,36.587,25.277,30.078,23.254,4.864,7.247,6.591
4537,0.764,36.747,25.307,30.088,23.258,4.784,7.206,6.59
4538,0.77,36.825,25.284,30.05,23.244,4.661,7.084,6.509
4539,0.774,36.49,25.3,30.059,23.251,4.782,7.164,6.589
4540,0.777,36.602,25.3,30.069,23.247,4.824,7.124,6.549
4541,0.777,36.709,25.3,30.059,23.24,4.743,7.205,6.508
4542,0.777,36.815,25.276,30.059,23.237,4.661,7.165,6.589
4543,0.787,36.471,25.264,30.049,23.247,4.741,7.287,6.671
4544,0.8,36.64,25.284,30.097,23.261,4.945,7.451,6.672
4545,0.81,36.757,25.335,30.088,23.247,4.744,7.29,6.631
4546,0.807,36.835,25.292,30.069,23.247,4.783,7.41,6.672
4547,0.81,36.414,25.296,30.04,23.254,4.783,7.411,6.591
4548,0.803,36.553,25.315,30.068,23.251,4.783,7.452,6.631
4549,0.797,36.66,25.323,30.059,23.251,4.783,7.493,6.59
4550,0.787,36.729,25.288,30.03,23.237,4.661,7.412,6.59
4551,0.787,36.499,25.276,30.04,23.251,4.822,7.533,6.671
4552,0.787,36.641,25.264,30.068,23.247,4.743,7.534,6.631
4553,0.777,36.728,25.268,30.04,23.244,4.701,7.412,6.55
4554,0.78,36.787,25.276,30.04,23.244,4.782,7.615,6.63
4555,0.78,36.404,25.323,30.097,23.268,4.905,7.779,6.712
4556,0.774,36.525,25.304,30.069,23.248,4.784,7.7,6.591
4557,0.767,36.641,25.311,30.069,23.251,4.864,7.658,6.631
4558,0.78,36.671,25.296,30.069,23.254,4.906,7.658,6.672
4559,0.784,36.489,25.319,30.04,23.247,4.865,7.698,6.631
4560,0.787,36.631,25.308,30.068,23.258,4.702,7.658,6.59
4561,0.78,36.709,25.288,30.04,23.244,4.701,7.617,6.549
4562,0.797,36.873,25.327,30.049,23.254,4.66,7.617,6.671
4563,0.797,36.491,25.253,30.049,23.254,4.741,7.617,6.631
4564,0.803,36.593,25.268,30.049,23.244,4.62,7.535,6.59
4565,0.807,36.689,25.338,30.03,23.244,4.7,7.494,6.631
4566,0.803,36.422,25.273,30.059,23.261,4.945,7.616,6.834
4567,0.816,36.438,25.323,30.049,23.251,4.825,7.617,6.633
4568,0.797,36.525,25.3,30.03,23.254,4.824,7.617,6.672
4569,0.794,36.631,25.339,30.03,23.258,4.783,7.576,6.631
4570,0.784,36.45,25.3,30.059,23.254,4.742,7.535,6.712
4571,0.787,36.573,25.265,30.04,23.258,4.783,7.534,6.672
4572,0.784,36.67,25.268,30.011,23.241,4.661,7.331,6.55
4573,0.78,36.757,25.268,30.03,23.251,4.822,7.532,6.63
4574,0.777,36.288,25.28,30.04,23.251,4.743,7.412,6.55
4575,0.777,36.408,25.327,30.04,23.244,4.742,7.289,6.549
4576,0.771,36.525,25.288,30.02,23.244,4.701,7.247,6.59
4577,0.777,36.612,25.303,30.049,23.247,4.782,7.45,6.712
4578,0.79,36.325,25.327,30.068,23.265,4.864,7.452,6.794
4579,0.79,36.447,25.347,30.04,23.248,4.784,7.29,6.714
4580,0.79,36.554,25.316,30.03,23.254,4.742,7.288,6.632
4581,0.793,36.612,25.28,30.049,23.254,4.823,7.369,6.712
4582,0.806,36.287,25.323,30.049,23.254,4.824,7.33,6.713
4583,0.807,36.408,25.292,30.021,23.251,4.702,7.248,6.51
4584,0.797,36.496,25.292,30.011,23.247,4.742,7.166,6.63
4585,0.807,36.564,25.354,30.03,23.254,4.823,7.206,6.55
4586,0.807,36.267,25.312,30.03,23.244,4.743,7.165,6.63
4587,0.803,36.379,25.3,30.02,23.247,4.661,7.084,6.55
4588,0.797,36.486,25.311,30.03,23.247,4.7,7.205,6.63
4589,0.807,36.554,25.366,30.049,23.268,4.945,7.328,6.753
4590,0.794,36.373,25.332,30.03,23.251,4.825,7.126,6.673
4591,0.78,36.486,25.288,30.011,23.251,4.702,7.165,6.55
4592,0.787,36.602,25.292,30.02,23.258,4.742,7.124,6.59
4593,0.79,36.469,25.241,30.039,23.254,4.823,7.124,6.549
4594,0.784,36.343,25.276,30.03,23.251,4.783,7.124,6.549
4595,0.767,36.438,25.303,30.001,23.237,4.661,6.921,6.468
4596,0.777,36.554,25.257,30.011,23.251,4.66,7.081,6.507
4597,0.771,36.238,25.28,30.02,23.251,4.782,6.961,6.508
4598,0.774,36.322,25.253,30.02,23.251,4.702,6.96,6.467
4599,0.787,36.437,25.311,29.992,23.247,4.742,6.96,6.426
4600,0.797,36.535,25.331,30.03,23.254,4.864,7.082,6.67
4601,0.803,36.19,25.347,30.049,23.258,4.865,7.002,6.55
4602,0.797,36.283,25.316,30.011,23.251,4.743,6.919,6.508
4603,0.8,36.399,25.241,30.03,23.258,4.742,6.959,6.508
4604,0.807,36.515,25.307,30.03,23.251,4.783,6.96,6.589
4605,0.813,36.257,25.339,30.03,23.258,4.742,6.919,6.549
4606,0.803,36.427,25.277,30.03,23.244,4.661,6.837,6.386
4607,0.8,36.477,25.272,30.001,23.244,4.741,6.918,6.466
4608,0.8,36.583,25.299,30.011,23.251,4.783,6.878,6.507
4609,0.803,36.114,25.323,30.001,23.247,4.742,6.918,6.467
4610,0.794,36.253,25.292,29.982,23.24,4.701,6.837,6.426
4611,0.787,36.37,25.307,30.001,23.244,4.782,6.999,6.588
4612,0.793,36.457,25.296,30.039,23.268,4.946,7.041,6.59
4613,0.784,36.228,25.237,30.02,23.248,4.744,6.879,6.468
4614,0.777,36.369,25.299,30.039,23.254,4.701,6.959,6.467
4615,0.78,36.486,25.327,30.03,23.251,4.742,6.96,6.589
4616,0.777,36.516,25.269,30.04,23.258,4.783,6.919,6.59
4617,0.774,36.181,25.268,30.02,23.251,4.742,6.959,6.468
4618,0.767,36.283,25.253,29.982,23.244,4.661,6.919,6.507
4619,0.787,36.428,25.33,30.001,23.254,4.741,7.0,6.467
4620,0.784,36.63,25.3,29.991,23.251,4.701,7.001,6.467
4621,0.784,36.162,25.288,29.991,23.251,4.66,6.96,6.507
4622,0.787,36.302,25.288,29.972,23.247,4.741,7.0,6.549
4623,0.797,36.418,25.214,30.039,23.261,4.905,7.204,6.63
4624,0.816,36.132,25.295,29.992,23.254,4.825,7.165,6.55
4625,0.81,36.119,25.362,29.991,23.254,4.743,7.084,6.508
4626,0.816,36.244,25.273,30.01,23.258,4.823,7.123,6.508
4627,0.81,36.36,25.307,30.001,23.254,4.824,7.205,6.589
4628,0.803,36.112,25.335,30.011,23.251,4.783,7.043,6.468
4629,0.787,36.205,25.339,29.972,23.244,4.661,7.042,6.426
4630,0.787,36.35,25.308,30.01,23.247,4.782,7.123,6.466
4631,0.787,36.438,25.304,30.001,23.254,4.783,7.124,6.507
4632,0.78,36.065,25.3,29.991,23.24,4.661,7.083,6.386
4633,0.78,36.186,25.229,29.991,23.244,4.619,7.083,6.425
4634,0.78,36.302,25.272,29.991,23.254,4.822,7.205,6.71
4635,0.79,36.447,25.303,30.02,23.261,4.824,7.206,6.51
4636,0.774,36.046,25.253,29.992,23.254,4.743,7.084,6.467
4637,0.787,36.214,25.272,30.02,23.247,4.823,7.164,6.507
4638,0.793,36.312,25.276,30.001,23.254,4.824,7.124,6.508
4639,0.79,36.399,25.323,29.991,23.254,4.865,7.083,6.508
4640,0.787,36.093,25.284,29.972,23.251,4.702,6.961,6.386
4641,0.78,36.224,25.261,29.991,23.258,4.66,7.082,6.425
4642,0.79,36.36,25.26,29.991,23.254,4.741,7.002,6.466
4643,0.793,36.39,25.295,29.982,23.251,4.701,7.001,6.426
4644,0.79,36.083,25.272,29.972,23.244,4.66,7.001,6.385
4645,0.803,36.195,25.319,29.962,23.251,4.782,7.082,6.507
4646,0.81,36.36,25.323,30.001,23.265,4.905,7.164,6.589
4647,0.82,36.38,25.3,29.982,23.251,4.744,7.002,6.468
4648,0.803,36.054,25.331,29.972,23.254,4.742,7.041,6.507
4649,0.79,36.185,25.331,29.981,23.254,4.742,7.082,6.549
4650,0.803,36.302,25.304,30.001,23.254,4.783,7.123,6.508
4651,0.784,36.178,25.308,29.982,23.251,4.742,7.002,6.427
4652,0.774,36.129,25.269,29.962,23.244,4.661,7.001,6.466
4653,0.79,36.292,25.272,29.972,23.247,4.782,7.041,6.507
4654,0.79,36.408,25.303,29.981,23.251,4.661,7.042,6.386
4655,0.78,35.93,25.323,29.982,23.247,4.66,7.001,6.385
4656,0.777,36.012,25.269,29.982,23.247,4.7,7.041,6.385
4657,0.777,36.185,25.307,30.01,23.265,4.904,7.245,6.629
4658,0.79,36.273,25.3,30.001,23.251,4.784,7.166,6.468
4659,0.79,36.053,25.335,29.982,23.254,4.742,7.165,6.467
4660,0.793,36.205,25.308,29.982,23.254,4.742,7.328,6.467
4661,0.793,36.331,25.308,30.001,23.254,4.823,7.329,6.507
4662,0.8,36.39,25.284,29.972,23.251,4.743,7.37,6.386
4663,0.79,35.853,25.276,30.01,23.244,4.742,7.37,6.466
4664,0.803,36.011,25.241,29.991,23.247,4.701,7.452,6.426
4665,0.813,36.128,25.326,29.972,23.244,4.742,7.412,6.344
4666,0.807,36.205,25.304,30.02,23.247,4.701,7.411,6.303
4667,0.807,35.957,25.257,29.944,23.244,4.701,7.493,6.425
4668,0.8,36.146,25.35,30.0,23.261,4.904,7.656,6.548
4669,0.803,36.263,25.355,29.982,23.251,4.744,7.536,6.427
4670,0.787,36.303,25.32,29.962,23.247,4.742,7.575,6.466
4671,0.787,35.919,25.308,29.981,23.251,4.742,7.616,6.467
4672,0.787,36.079,25.296,29.991,23.254,4.823,7.698,6.467
4673,0.793,36.205,25.304,29.972,23.254,4.783,7.618,6.345
4674,0.78,36.187,25.292,29.953,23.24,4.62,7.576,6.303
4675,0.774,36.043,25.311,29.981,23.251,4.822,7.616,6.384
4676,0.777,36.166,25.276,29.972,23.251,4.743,7.576,6.385
4677,0.777,36.302,25.264,29.934,23.251,4.742,7.616,6.385
4678,0.774,36.236,25.272,29.952,23.244,4.742,7.576,6.385
4679,0.793,36.034,25.354,29.972,23.258,4.823,7.738,6.547
4680,0.803,36.166,25.339,29.981,23.254,4.824,7.618,6.386
4681,0.797,36.273,25.32,29.972,23.251,4.743,7.617,6.425
4682,0.794,35.9,25.319,29.972,23.254,4.823,7.617,6.426
4683,0.803,35.963,25.327,29.981,23.251,4.783,7.617,6.507
4684,0.807,36.098,25.269,29.972,23.254,4.824,7.617,6.427
4685,0.813,36.167,25.307,29.953,23.24,4.621,7.454,6.263
4686,0.79,35.861,25.265,29.953,23.254,4.781,7.574,6.424
4687,0.816,36.001,25.249,29.962,23.254,4.783,7.575,6.385
4688,0.803,36.108,25.303,29.953,23.254,4.702,7.535,6.303
4689,0.797,36.196,25.3,29.933,23.244,4.66,7.453,6.384
4690,0.787,35.899,25.304,29.971,23.251,4.822,7.656,6.507
4691,0.813,36.088,25.276,30.001,23.265,4.824,7.658,6.427
4692,0.787,36.167,25.307,29.953,23.251,4.783,7.658,6.385
4693,0.79,36.235,25.284,29.972,23.254,4.783,7.658,6.425
4694,0.787,35.861,25.292,29.962,23.254,4.824,7.658,6.466
4695,0.787,35.982,25.358,29.972,23.254,4.824,7.698,6.548
4696,0.787,36.118,25.25,29.953,23.251,4.661,7.618,6.264
4697,0.787,36.148,25.26,29.933,23.244,4.741,7.657,6.424
4698,0.797,35.995,25.284,29.962,23.244,4.742,7.658,6.466
4699,0.8,36.127,25.346,29.943,23.251,4.661,7.658,6.345
4700,0.807,36.225,25.277,29.933,23.247,4.7,7.617,6.303
4701,0.81,36.264,25.268,29.943,23.251,4.66,7.657,6.425
4702,0.826,35.842,25.292,30.01,23.265,4.904,7.82,6.548
4703,0.833,36.011,25.311,29.963,23.251,4.744,7.781,6.427
4704,0.839,36.08,25.284,29.962,23.254,4.864,7.74,6.466
4705,0.839,36.416,25.319,29.962,23.251,4.702,7.74,6.507
4706,0.846,35.853,25.28,29.972,23.251,4.782,7.659,6.467
4707,0.856,36.001,25.28,29.953,23.258,4.824,7.617,6.426
4708,0.846,36.051,25.303,29.914,23.237,4.661,7.617,6.304
4709,0.856,35.917,25.276,29.962,23.247,4.7,7.657,6.465
4710,0.859,35.992,25.268,29.953,23.251,4.742,7.617,6.426
4711,0.846,36.108,25.288,29.933,23.251,4.661,7.495,6.385
4712,0.856,36.224,25.272,29.933,23.251,4.741,7.575,6.466
4713,0.853,35.756,25.276,29.962,23.265,4.783,7.779,6.629
4714,0.882,35.895,25.276,29.962,23.258,4.783,7.618,6.509
4715,0.859,35.963,25.311,29.953,23.251,4.702,7.617,6.467
4716,0.866,36.089,25.272,29.962,23.254,4.742,7.617,6.507
4717,0.869,35.783,25.292,29.962,23.261,4.742,7.576,6.589
4718,0.872,35.905,25.327,29.953,23.254,4.783,7.575,6.468
4719,0.866,35.992,25.355,29.924,23.244,4.62,7.454,6.386
4720,0.859,36.099,25.312,29.952,23.254,4.741,7.574,6.466
4721,0.866,35.85,25.323,29.953,23.251,4.742,7.494,6.507
4722,0.866,35.992,25.312,29.943,23.244,4.701,7.494,6.427
4723,0.872,36.108,25.312,29.933,23.244,4.66,7.412,6.344
4724,0.872,36.157,25.304,29.943,23.251,4.782,7.574,6.588
4725,0.895,35.793,25.311,29.972,23.261,4.864,7.575,6.549
4726,0.892,35.914,25.292,29.953,23.251,4.743,7.535,6.468
4727,0.899,36.05,25.237,29.962,23.251,4.742,7.412,6.507
4728,0.895,36.09,25.319,29.933,23.251,4.742,7.493,6.467
4729,0.892,35.735,25.273,29.962,23.251,4.823,7.534,6.589
4730,0.895,35.875,25.268,29.933,23.251,4.702,7.412,6.346
4731,0.876,35.944,25.217,29.914,23.247,4.66,7.371,6.466
4732,0.892,36.002,25.275,29.943,23.251,4.741,7.37,6.467
4733,0.886,35.83,25.276,29.962,23.247,4.701,7.33,6.467
4734,0.879,35.982,25.26,29.933,23.244,4.66,7.41,6.467
4735,0.872,36.06,25.331,29.943,23.244,4.741,7.411,6.548
4736,0.876,35.907,25.339,30.01,23.261,4.823,7.493,6.63
4737,0.876,35.753,25.312,29.944,23.251,4.783,7.412,6.55
4738,0.885,35.876,25.331,29.943,23.247,4.783,7.33,6.508
4739,0.898,35.992,25.331,29.943,23.254,4.783,7.41,6.589
4740,0.905,35.773,25.331,29.943,23.251,4.824,7.371,6.671
4741,0.915,35.876,25.281,29.943,23.254,4.702,7.289,6.509
4742,0.909,35.963,25.288,29.914,23.24,4.66,7.207,6.467
4743,0.905,36.108,25.307,29.943,23.251,4.741,7.287,6.589
4744,0.905,35.582,25.265,29.933,23.244,4.661,7.207,6.468
4745,0.902,35.701,25.307,29.914,23.244,4.7,7.206,6.467
4746,0.902,35.837,25.284,29.923,23.251,4.701,7.206,6.507
4747,0.905,35.934,25.303,29.962,23.261,4.863,7.328,6.63
4748,0.905,35.753,25.354,29.943,23.251,4.824,7.207,6.55
4749,0.889,35.866,25.324,29.962,23.258,4.783,7.206,6.549
4750,0.885,36.001,25.308,29.953,23.254,4.742,7.206,6.63
4751,0.885,36.07,25.335,29.953,23.258,4.823,7.287,6.712
4752,0.882,35.706,25.3,29.943,23.258,4.743,7.207,6.51
4753,0.859,35.798,25.214,29.914,23.247,4.701,7.125,6.508
4754,0.866,35.972,25.252,29.943,23.247,4.782,7.205,6.63
4755,0.846,35.993,25.323,29.933,23.254,4.742,7.165,6.55
4756,0.833,35.734,25.191,29.933,23.244,4.701,7.084,6.508
4757,0.826,35.866,25.244,29.914,23.247,4.701,7.042,6.589
4758,0.833,35.992,25.323,29.943,23.258,4.904,7.204,6.671
4759,0.852,36.041,25.366,29.933,23.254,4.744,7.125,6.55
4760,0.827,35.668,25.351,30.0,23.258,4.742,7.124,6.549
4761,0.833,35.808,25.324,29.934,23.251,4.905,7.165,6.63
4762,0.83,35.924,25.331,29.943,23.254,4.825,7.165,6.631
4763,0.83,36.06,25.308,29.943,23.251,4.743,7.084,6.509
4764,0.817,35.735,25.257,29.914,23.244,4.62,7.042,6.508
4765,0.813,35.885,25.307,29.943,23.244,4.741,7.042,6.549
4766,0.807,35.992,25.3,29.914,23.251,4.742,7.082,6.549
4767,0.81,35.59,25.268,29.904,23.247,4.661,7.042,6.427
4768,0.8,35.634,25.303,29.904,23.251,4.66,7.001,6.507
4769,0.797,35.788,25.292,29.933,23.261,4.863,7.204,6.63
4770,0.81,35.924,25.3,29.952,23.254,4.743,7.125,6.55
4771,0.794,35.59,25.288,29.943,23.251,4.823,7.083,6.59
4772,0.78,35.73,25.311,29.933,23.258,4.783,7.083,6.549
4773,0.767,35.866,25.276,29.962,23.251,4.824,7.042,6.63
4774,0.774,35.963,25.28,29.924,23.258,4.783,7.042,6.509
4775,0.754,35.59,25.323,29.895,23.244,4.661,6.879,6.386
4776,0.748,35.721,25.288,29.971,23.254,4.7,7.04,6.629
4777,0.747,35.866,25.264,29.924,23.251,4.782,6.96,6.468
4778,0.751,35.944,25.272,29.914,23.247,4.742,6.96,6.467
4779,0.751,35.599,25.292,29.914,23.247,4.701,6.919,6.467
4780,0.751,35.759,25.292,29.943,23.251,4.863,7.0,6.67
4781,0.77,35.924,25.265,29.952,23.261,4.865,6.96,6.591
4782,0.764,35.935,25.295,29.933,23.244,4.784,6.878,6.59
4783,0.764,35.571,25.261,29.943,23.254,4.783,6.959,6.631
4784,0.764,35.711,25.276,29.933,23.254,4.864,6.878,6.631
4785,0.777,35.808,25.307,29.924,23.258,4.743,6.877,6.59
4786,0.764,35.867,25.284,29.914,23.247,4.783,6.755,6.509
4787,0.751,35.512,25.292,29.914,23.244,4.783,6.836,6.508
4788,0.754,35.672,25.323,29.933,23.251,4.783,6.796,6.549
4789,0.748,35.789,25.312,29.914,23.251,4.783,6.795,6.549
4790,0.734,35.818,25.308,29.914,23.244,4.702,6.755,6.59
4791,0.721,35.627,25.265,29.904,23.251,4.823,6.836,6.549
4792,0.728,35.798,25.272,29.962,23.265,4.905,6.999,6.793
4793,0.741,35.934,25.268,29.991,23.251,4.825,6.879,6.633
4794,0.725,35.657,25.249,29.915,23.251,4.865,6.796,6.631
4795,0.728,35.597,25.315,29.933,23.254,4.824,6.877,6.672
4796,0.728,35.759,25.288,29.962,23.258,4.824,6.837,6.672
4797,0.731,35.857,25.268,29.933,23.251,4.783,6.877,6.55
4798,0.721,35.512,25.288,29.876,23.24,4.702,6.674,6.508
4799,0.724,35.595,25.284,29.923,23.254,4.823,6.794,6.589
4800,0.734,35.749,25.296,29.923,23.247,4.783,6.836,6.631
4801,0.734,35.837,25.268,29.914,23.247,4.702,6.837,6.631
4802,0.734,35.483,25.28,29.895,23.247,4.62,6.755,6.631
4803,0.741,35.643,25.26,29.914,23.254,4.822,6.957,6.712
4804,0.754,35.788,25.295,29.952,23.261,4.905,6.96,6.591
4805,0.748,35.847,25.311,29.914,23.251,4.784,6.919,6.631
4806,0.754,35.474,25.315,29.923,23.247,4.824,6.878,6.631
4807,0.751,35.604,25.3,29.914,23.258,4.865,6.918,6.631
4808,0.751,35.749,25.323,29.933,23.254,4.865,6.959,6.712
4809,0.748,35.789,25.323,29.904,23.247,4.743,6.838,6.51
4810,0.725,35.473,25.257,29.875,23.24,4.742,6.999,6.589
4811,0.731,35.643,25.284,29.913,23.254,4.742,6.96,6.549
4812,0.725,35.759,25.253,29.895,23.244,4.783,7.0,6.549
4813,0.718,35.818,25.268,29.914,23.244,4.661,6.96,6.549
4814,0.718,35.531,25.264,29.895,23.247,4.782,7.0,6.671
4815,0.721,35.71,25.334,29.942,23.258,4.864,7.204,6.753
4816,0.731,35.837,25.308,29.914,23.251,4.824,7.043,6.673
4817,0.721,35.838,25.253,29.914,23.251,4.783,7.042,6.672
4818,0.728,35.598,25.276,29.914,23.247,4.742,7.082,6.591
4819,0.728,35.74,25.315,29.904,23.251,4.783,7.083,6.631
4820,0.741,35.856,25.304,29.914,23.251,4.824,7.123,6.55
4821,0.731,35.762,25.257,29.895,23.24,4.621,6.961,6.59
4822,0.741,35.492,25.264,29.914,23.251,4.781,7.041,6.59
4823,0.747,35.643,25.268,29.914,23.247,4.783,7.042,6.549
4824,0.757,35.731,25.268,29.895,23.247,4.661,6.96,6.671
4825,0.757,35.501,25.276,29.885,23.244,4.66,6.919,6.509
4826,0.757,35.614,25.335,29.894,23.258,4.822,7.041,6.63
4827,0.774,35.788,25.327,29.942,23.261,4.865,7.042,6.55
4828,0.761,35.838,25.331,29.914,23.251,4.784,7.001,6.59
4829,0.754,35.368,25.304,29.895,23.247,4.783,7.001,6.549
4830,0.741,35.488,25.308,29.914,23.251,4.824,7.041,6.63
4831,0.741,35.624,25.319,29.923,23.254,4.824,7.001,6.672
4832,0.744,35.73,25.304,29.914,23.247,4.783,6.879,6.469
4833,0.728,35.444,25.284,29.876,23.24,4.742,6.959,6.507
4834,0.738,35.614,25.288,29.894,23.254,4.742,6.96,6.549
4835,0.731,35.73,25.303,29.904,23.247,4.701,6.919,6.59
4836,0.725,35.818,25.284,29.895,23.244,4.742,6.796,6.59
4837,0.721,35.378,25.261,29.885,23.244,4.742,6.836,6.631
4838,0.737,35.527,25.311,29.933,23.265,4.864,7.08,6.753
4839,0.751,35.672,25.351,29.914,23.254,4.743,6.839,6.592
4840,0.751,35.721,25.273,29.914,23.254,4.742,6.918,6.509
4841,0.754,35.434,25.276,29.904,23.251,4.742,6.837,6.549
4842,0.757,35.585,25.292,29.923,23.254,4.823,6.877,6.63
4843,0.767,35.711,25.268,29.914,23.261,4.783,6.837,6.55
4844,0.764,35.731,25.241,29.885,23.241,4.58,6.674,6.427
4845,0.751,35.338,25.26,29.904,23.247,4.781,6.794,6.507
4846,0.767,35.497,25.268,29.895,23.247,4.783,6.714,6.508
4847,0.761,35.585,25.256,29.894,23.251,4.661,6.794,6.427
4848,0.761,35.855,25.268,29.875,23.247,4.7,6.673,6.466
4849,0.757,35.34,25.28,29.894,23.244,4.782,6.794,6.589
4850,0.78,35.526,25.307,29.933,23.265,4.864,6.836,6.631
4851,0.8,35.614,25.327,29.914,23.251,4.743,6.714,6.55
4852,0.82,35.472,25.323,29.904,23.254,4.783,6.713,6.59
4853,0.843,35.489,25.292,29.914,23.254,4.742,6.713,6.549
4854,0.879,35.624,25.3,29.923,23.254,4.823,6.794,6.63
4855,0.905,35.702,25.323,29.904,23.244,4.661,6.633,6.468
4856,0.899,35.319,25.308,29.895,23.251,4.7,6.672,6.629
4857,0.928,35.449,25.296,29.904,23.251,4.742,6.631,6.59
4858,0.941,35.585,25.284,29.895,23.251,4.701,6.631,6.509
4859,0.958,35.653,25.276,29.894,23.251,4.742,6.55,6.508
4860,0.974,35.299,25.257,29.894,23.244,4.701,6.63,6.67
4861,1.007,35.468,25.307,29.952,23.258,4.863,6.794,6.753
4862,1.036,35.614,25.276,29.905,23.254,4.702,6.633,6.632
4863,1.046,35.663,25.299,29.914,23.247,4.742,6.631,6.631
4864,1.089,35.328,25.284,29.904,23.254,4.783,6.672,6.631
4865,1.148,35.449,25.288,29.914,23.258,4.824,6.631,6.672
4866,1.21,35.594,25.288,29.914,23.247,4.783,6.672,6.591
4867,1.243,35.625,25.249,29.885,23.244,4.661,6.509,6.509
4868,1.279,35.241,25.307,29.885,23.254,4.741,6.549,6.67
4869,1.325,35.391,25.288,29.885,23.251,4.742,6.549,6.672
4870,1.326,35.527,25.249,29.904,23.247,4.661,6.549,6.631
4871,1.316,35.576,25.26,29.895,23.244,4.741,6.468,6.631
4872,1.316,35.299,25.26,29.904,23.254,4.823,6.67,6.834
4873,1.319,35.487,25.307,30.0,23.268,4.905,6.672,6.714
4874,1.342,35.576,25.269,29.915,23.251,4.744,6.631,6.713
4875,1.329,35.605,25.323,29.895,23.254,4.742,6.59,6.754
4876,1.326,35.414,25.304,29.914,23.261,4.823,6.549,6.836
4877,1.3,35.565,25.292,29.923,23.254,4.743,6.63,6.796
4878,1.283,35.644,25.323,29.895,23.24,4.661,6.509,6.673
4879,1.273,35.443,25.308,29.875,23.244,4.741,6.549,6.753
4880,1.276,35.355,25.284,29.904,23.247,4.742,6.549,6.714
4881,1.231,35.469,25.253,29.904,23.247,4.701,6.59,6.794
4882,1.188,35.576,25.268,29.885,23.247,4.66,6.549,6.836
4883,1.126,35.299,25.26,29.894,23.247,4.7,6.59,6.877
4884,1.093,35.43,25.292,29.933,23.258,4.945,6.793,7.121
4885,1.053,35.566,25.28,29.895,23.251,4.703,6.633,7.165
4886,0.998,35.653,25.253,29.904,23.251,4.823,6.672,7.368
4887,0.968,35.175,25.272,29.895,23.254,4.743,6.631,7.533
4888,0.912,35.323,25.323,29.914,23.261,4.823,6.672,7.697
4889,0.853,35.449,25.269,29.895,23.251,4.783,6.591,7.821
4890,0.801,35.508,25.26,29.875,23.237,4.661,6.549,8.066
4891,0.758,35.298,25.237,29.904,23.251,4.741,6.549,8.272
4892,0.731,35.449,25.276,29.895,23.251,4.783,6.63,8.477
4893,0.692,35.566,25.284,29.933,23.244,4.702,6.672,8.642
4894,0.656,35.634,25.253,29.876,23.251,4.701,6.672,8.806
4895,0.633,35.194,25.334,29.904,23.251,4.782,6.875,9.092
4896,0.616,35.4,25.308,29.99,23.261,4.824,6.877,9.176
4897,0.59,35.469,25.276,29.905,23.258,4.783,6.837,9.177
4898,0.59,35.547,25.327,29.885,23.251,4.742,6.918,9.34
4899,0.619,35.308,25.316,29.914,23.251,4.783,6.959,9.342
4900,0.655,35.459,25.312,29.952,23.258,4.783,6.96,9.464
4901,0.695,35.547,25.261,29.885,23.251,4.742,6.878,9.343
4902,0.724,35.548,25.252,29.856,23.24,4.742,6.918,9.586
4903,0.75,35.26,25.272,29.884,23.244,4.701,7.0,9.588
4904,0.787,35.391,25.276,29.885,23.247,4.701,7.041,9.669
4905,0.8,35.488,25.241,29.866,23.247,4.66,7.001,9.833
4906,0.81,35.672,25.237,29.875,23.251,4.782,7.001,10.119
4907,0.842,35.29,25.299,29.913,23.261,4.905,7.123,10.447
4908,0.843,35.411,25.323,29.895,23.254,4.744,7.083,10.491
4909,0.826,35.508,25.261,29.894,23.258,4.783,7.083,10.735
4910,0.826,35.298,25.292,29.904,23.258,4.742,7.164,10.982
4911,0.817,35.344,25.28,29.914,23.251,4.823,7.124,11.147
4912,0.82,35.488,25.284,29.895,23.254,4.702,7.002,11.149
4913,0.8,35.566,25.241,29.875,23.244,4.66,6.96,11.311
4914,0.803,35.145,25.241,29.875,23.251,4.822,7.122,11.353
4915,0.807,35.275,25.311,29.875,23.244,4.702,7.083,11.476
4916,0.8,35.411,25.276,29.875,23.244,4.701,7.042,11.396
4917,0.797,35.489,25.272,29.885,23.251,4.742,6.92,11.517
4918,0.807,35.278,25.288,29.904,23.261,4.905,7.203,11.559
4919,0.826,35.411,25.307,29.895,23.254,4.744,7.084,11.397
4920,0.817,35.546,25.311,29.904,23.251,4.742,7.123,11.395
4921,0.826,35.605,25.3,29.895,23.254,4.823,7.083,11.314
4922,0.826,35.212,25.308,29.904,23.254,4.824,7.123,11.272
4923,0.83,35.372,25.284,29.895,23.251,4.783,7.165,11.109
4924,0.826,35.469,25.272,29.856,23.237,4.702,6.962,10.945
4925,0.83,35.528,25.284,29.884,23.244,4.701,7.041,10.943
4926,0.843,35.106,25.276,29.885,23.244,4.742,7.001,10.821
4927,0.839,35.236,25.268,29.866,23.251,4.701,6.919,10.698
4928,0.83,35.324,25.292,29.865,23.244,4.701,7.041,10.616
4929,0.813,35.382,25.292,29.894,23.251,4.782,7.082,10.655
4930,0.826,35.258,25.3,29.914,23.265,4.864,7.123,10.493
4931,0.813,35.382,25.288,29.895,23.254,4.824,6.961,10.41
4932,0.813,35.498,25.268,29.894,23.258,4.783,7.122,10.328
4933,0.816,35.518,25.26,29.894,23.254,4.824,7.043,10.205
4934,0.81,35.327,25.276,29.885,23.254,4.783,7.082,10.163
4935,0.803,35.449,25.28,29.885,23.244,4.742,6.961,9.96
4936,0.797,35.527,25.26,29.866,23.251,4.783,7.082,9.917
4937,0.807,35.269,25.264,29.894,23.251,4.742,7.042,9.916
4938,0.81,35.18,25.284,29.885,23.247,4.823,7.042,9.672
4939,0.81,35.314,25.272,29.875,23.247,4.702,7.001,9.629
4940,0.81,35.43,25.288,29.865,23.247,4.742,7.001,9.588
4941,0.826,35.134,25.288,29.904,23.254,4.986,7.163,9.669
4942,0.839,35.265,25.307,29.895,23.254,4.744,7.043,9.507
4943,0.83,35.382,25.284,29.885,23.254,4.823,7.042,9.303
4944,0.833,35.469,25.268,29.894,23.251,4.824,7.082,9.341
4945,0.839,35.086,25.323,29.894,23.251,4.865,7.083,9.219
4946,0.843,35.255,25.288,29.885,23.247,4.784,7.042,9.096
4947,0.839,35.362,25.276,29.856,23.24,4.661,6.96,8.932
4948,0.833,35.431,25.303,29.875,23.247,4.863,7.082,8.972
4949,0.833,35.124,25.315,29.875,23.254,4.784,7.002,8.85
4950,0.83,35.284,25.273,29.865,23.251,4.742,6.96,8.727
4951,0.817,35.392,25.217,29.856,23.244,4.783,7.0,8.726
4952,0.82,35.479,25.272,29.913,23.258,4.946,7.163,8.807
4953,0.833,35.135,25.256,29.895,23.251,4.825,7.002,8.726
4954,0.817,35.246,25.256,29.875,23.251,4.824,7.041,8.563
4955,0.816,35.362,25.264,29.894,23.258,4.824,7.082,8.643
4956,0.816,35.431,25.253,29.904,23.258,4.865,7.042,8.481
4957,0.82,35.172,25.288,29.895,23.254,4.824,7.082,8.438
4958,0.82,35.304,25.288,29.866,23.244,4.621,6.92,8.194
4959,0.817,35.392,25.245,29.885,23.254,4.863,6.959,8.273
4960,0.833,35.431,25.28,29.885,23.251,4.743,6.96,8.274
4961,0.833,35.124,25.276,29.875,23.247,4.742,7.0,8.152
4962,0.846,35.265,25.276,29.865,23.251,4.701,7.001,8.11
4963,0.849,35.372,25.276,29.913,23.258,4.904,7.041,8.272
4964,0.859,35.383,25.311,29.904,23.254,4.825,7.001,8.152
4965,0.856,35.172,25.3,29.875,23.251,4.824,6.96,8.028
4966,0.862,35.323,25.28,29.885,23.258,4.824,7.0,8.027
4967,0.869,35.43,25.299,29.894,23.258,4.865,7.041,8.027
4968,0.859,35.096,25.335,29.875,23.254,4.824,7.001,7.946
4969,0.846,35.14,25.292,29.865,23.24,4.661,6.797,7.823
4970,0.84,35.294,25.272,29.875,23.251,4.822,6.877,7.863
4971,0.846,35.392,25.214,29.875,23.251,4.743,6.837,7.741
4972,0.836,35.057,25.232,29.875,23.247,4.701,6.837,7.699
4973,0.826,35.217,25.229,29.865,23.244,4.742,6.837,7.699
4974,0.826,35.343,25.279,29.894,23.261,4.823,7.04,7.943
4975,0.846,35.469,25.299,29.904,23.265,4.824,6.879,7.783
4976,0.82,35.125,25.28,29.885,23.248,4.783,6.837,7.7
4977,0.83,35.275,25.26,29.875,23.254,4.702,6.958,7.699
4978,0.826,35.391,25.299,29.875,23.261,4.863,6.919,7.699
4979,0.836,35.479,25.292,29.894,23.254,4.865,6.919,7.699
4980,0.846,35.077,25.272,29.875,23.24,4.621,6.756,7.455
4981,0.84,35.198,25.272,29.875,23.247,4.7,6.795,7.574
4982,0.852,35.324,25.249,29.875,23.247,4.701,6.836,7.494
4983,0.853,35.411,25.268,29.875,23.244,4.701,6.837,7.371
4984,0.862,35.115,25.295,29.846,23.247,4.66,6.796,7.411
4985,0.866,35.217,25.249,29.865,23.251,4.7,6.917,7.411
4986,0.872,35.381,25.303,29.904,23.265,4.863,7.0,7.452
4987,0.889,35.431,25.296,29.866,23.248,4.784,6.838,7.371
4988,0.879,35.038,25.331,29.875,23.251,4.702,6.837,7.37
4989,0.863,35.178,25.281,29.885,23.254,4.782,6.958,7.411
4990,0.862,35.304,25.253,29.904,23.251,4.742,6.96,7.371
4991,0.856,35.66,25.295,29.895,23.247,4.783,6.878,7.167
4992,0.846,35.088,25.249,29.847,23.244,4.661,6.796,7.165
4993,0.84,35.236,25.245,29.846,23.247,4.782,6.877,7.165
4994,0.846,35.333,25.229,29.856,23.251,4.702,6.877,7.165
4995,0.836,35.114,25.264,29.837,23.247,4.66,6.918,7.124
4996,0.836,35.169,25.264,29.856,23.251,4.7,6.919,7.165
4997,0.836,35.314,25.213,29.904,23.258,4.863,7.081,7.328
4998,0.852,35.43,25.299,29.885,23.261,4.865,7.042,7.167
4999,0.859,35.048,25.304,29.875,23.247,4.702,6.96,7.084
5000,0.853,35.169,25.28,29.875,23.251,4.782,7.0,7.123
5001,0.862,35.314,25.264,29.894,23.251,4.742,7.041,7.165
5002,0.882,35.401,25.288,29.885,23.251,4.823,7.042,7.165
5003,0.872,34.961,25.288,29.856,23.244,4.58,6.92,6.962
5004,0.872,35.081,25.292,29.865,23.244,4.74,7.0,7.041
5005,0.869,35.217,25.202,29.865,23.251,4.742,6.96,6.96
5006,0.885,35.305,25.248,29.856,23.254,4.661,6.96,6.96
5007,0.882,35.181,25.245,29.837,23.244,4.66,6.96,6.838
5008,0.872,35.333,25.28,29.865,23.251,4.741,7.082,7.08
5009,0.879,35.478,25.19,29.923,23.258,4.823,7.042,7.083
5010,0.869,35.528,25.299,29.885,23.254,4.702,6.96,7.002
5011,0.869,34.876,25.3,29.875,23.254,4.742,7.0,7.041
5012,0.869,35.042,25.292,29.875,23.251,4.783,7.001,6.96
5013,0.863,35.159,25.319,29.885,23.251,4.824,7.001,7.0
5014,0.866,35.198,25.276,29.866,23.244,4.661,6.879,6.797
5015,0.853,34.988,25.284,29.846,23.247,4.741,6.959,6.958
5016,0.859,35.13,25.264,29.865,23.254,4.742,6.919,6.878
5017,0.853,35.246,25.237,29.856,23.251,4.701,6.919,6.877
5018,0.859,35.247,25.287,29.865,23.247,4.66,6.796,6.837
5019,0.862,35.017,25.214,29.865,23.251,4.782,6.877,6.877
5020,0.885,35.197,25.268,29.923,23.258,4.905,7.04,6.918
5021,0.892,35.285,25.268,29.876,23.251,4.744,6.96,6.837
5022,0.889,35.037,25.272,29.885,23.247,4.783,6.919,6.877
5023,0.889,34.91,25.272,29.875,23.251,4.742,6.959,6.877
5024,0.889,35.071,25.253,29.885,23.247,4.823,6.96,6.877
5025,0.895,35.15,25.272,29.856,23.254,4.661,6.756,6.715
5026,0.889,34.939,25.249,29.865,23.254,4.782,6.917,6.713
5027,0.905,35.091,25.291,29.875,23.251,4.702,6.837,6.713
5028,0.895,35.217,25.323,29.856,23.247,4.66,6.796,6.672
5029,0.889,35.314,25.23,29.865,23.251,4.66,6.795,6.713
5030,0.882,34.836,25.272,29.856,23.251,4.741,6.836,6.876
5031,0.889,35.003,25.28,29.894,23.254,4.864,6.958,6.796
5032,0.879,35.111,25.276,29.875,23.251,4.743,6.838,6.673
5033,0.879,35.188,25.272,29.865,23.244,4.742,6.837,6.753
5034,0.879,34.911,25.253,29.875,23.251,4.742,6.837,6.795
5035,0.876,35.052,25.303,29.875,23.258,4.783,6.837,6.836
5036,0.866,35.188,25.308,29.865,23.247,4.661,6.714,6.674
5037,0.859,35.218,25.257,29.846,23.244,4.66,6.713,6.713
5038,0.875,35.017,25.327,29.865,23.254,4.7,6.754,6.632
5039,0.889,35.139,25.269,29.865,23.251,4.701,6.714,6.631
5040,0.892,35.275,25.26,29.837,23.244,4.62,6.713,6.631
5041,0.892,35.305,25.229,29.856,23.251,4.741,6.754,6.753
5042,0.908,34.807,25.244,29.904,23.261,4.864,6.876,6.754
5043,0.918,34.955,25.256,29.875,23.251,4.702,6.796,6.714
5044,0.912,35.081,25.295,29.875,23.251,4.742,6.755,6.713
5045,0.922,35.092,25.218,29.865,23.254,4.783,6.754,6.632
5046,0.915,35.054,25.236,29.885,23.254,4.742,6.714,6.631
5047,0.922,35.178,25.268,29.856,23.251,4.701,6.632,6.59
5048,0.909,35.247,25.295,29.856,23.244,4.66,6.712,6.549
5049,0.905,35.353,25.179,29.875,23.247,4.782,6.672,6.63
5050,0.908,34.989,25.259,29.865,23.244,4.742,6.672,6.55
5051,0.905,35.11,25.249,29.856,23.244,4.661,6.631,6.549
5052,0.899,35.236,25.268,29.865,23.247,4.741,6.794,6.671
5053,0.908,34.864,25.288,29.904,23.261,4.783,6.836,6.713
5054,0.895,34.898,25.261,29.875,23.251,4.783,6.837,6.672
5055,0.889,35.023,25.295,29.875,23.251,4.742,6.755,6.713
5056,0.899,35.12,25.284,29.875,23.251,4.823,6.836,6.713
5057,0.892,34.901,25.292,29.885,23.251,4.743,6.796,6.713
5058,0.902,35.023,25.3,29.856,23.251,4.661,6.795,6.551
5059,0.892,35.12,25.237,29.856,23.244,4.66,6.795,6.63
5060,0.902,35.246,25.28,29.875,23.254,4.741,6.795,6.631
5061,0.915,34.912,25.253,29.875,23.254,4.701,6.795,6.59
5062,0.918,35.033,25.26,29.865,23.244,4.66,6.755,6.59
5063,0.922,35.168,25.264,29.865,23.247,4.822,6.876,6.712
5064,0.951,35.266,25.299,29.904,23.258,4.824,6.877,6.672
5065,0.941,34.902,25.253,29.895,23.254,4.743,6.755,6.672
5066,0.941,35.052,25.209,29.866,23.254,4.701,6.795,6.672
5067,0.948,35.178,25.275,29.875,23.254,4.742,6.917,6.672
5068,0.938,35.247,25.284,29.875,23.258,4.701,6.919,6.672
5069,0.932,34.94,25.3,29.913,23.247,4.742,6.756,6.469
5070,0.922,35.062,25.265,29.837,23.244,4.661,6.836,6.629
5071,0.931,35.197,25.26,29.875,23.251,4.741,6.755,6.55
5072,0.931,35.247,25.28,29.885,23.251,4.661,6.795,6.59
5073,0.922,34.892,25.257,29.846,23.251,4.66,6.795,6.549
5074,0.925,35.023,25.229,29.856,23.251,4.741,6.795,6.671
5075,0.941,35.168,25.295,29.913,23.265,4.864,6.999,6.753
5076,0.938,35.208,25.268,29.876,23.251,4.743,6.838,6.673
5077,0.932,34.95,25.28,29.875,23.254,4.742,6.918,6.672
5078,0.935,35.072,25.311,29.865,23.254,4.783,6.959,6.672
5079,0.938,35.169,25.3,29.885,23.258,4.824,6.919,6.753
5080,0.945,34.997,25.327,29.875,23.251,4.743,6.919,6.673
5081,0.948,34.957,25.277,29.827,23.24,4.579,6.878,6.591
5082,0.951,35.12,25.28,29.865,23.251,4.781,6.918,6.631
5083,0.964,35.198,25.272,29.875,23.251,4.702,6.878,6.631
5084,0.958,34.93,25.288,29.846,23.244,4.701,6.877,6.509
5085,0.958,35.024,25.186,29.865,23.244,4.701,6.959,6.63
5086,0.984,35.207,25.221,29.885,23.265,4.823,7.122,6.672
5087,0.997,35.314,25.283,29.885,23.251,4.783,6.961,6.631
5088,0.987,35.008,25.264,29.866,23.251,4.702,6.96,6.631
5089,0.984,35.139,25.198,29.885,23.254,4.782,7.041,6.631
5090,0.978,35.265,25.275,29.885,23.254,4.702,7.042,6.712
5091,0.984,35.353,25.272,29.866,23.254,4.782,7.001,6.591
5092,0.971,35.028,25.268,29.846,23.244,4.661,6.919,6.549
5093,0.964,35.178,25.276,29.875,23.254,4.741,7.081,6.59
5094,0.974,35.323,25.288,29.856,23.251,4.701,7.042,6.549
5095,0.971,35.373,25.272,29.846,23.251,4.701,7.082,6.59
5096,0.964,35.114,25.268,29.856,23.247,4.782,7.123,6.549
5097,0.968,35.256,25.288,29.884,23.254,4.864,7.287,6.793
5098,0.994,35.41,25.3,29.885,23.254,4.784,7.166,6.633
5099,0.994,35.421,25.261,29.885,23.254,4.742,7.287,6.55
5100,1.004,35.326,25.272,29.875,23.254,4.742,7.247,6.63
5101,1.007,35.469,25.26,29.875,23.254,4.823,7.288,6.712
5102,1.017,35.585,25.272,29.894,23.251,4.783,7.288,6.632
5103,1.017,35.605,25.256,29.856,23.237,4.661,7.247,6.55
5104,1.02,35.251,25.311,29.884,23.254,4.741,7.288,6.63
5105,1.027,35.391,25.249,29.866,23.247,4.661,7.369,6.59
5106,1.03,35.488,25.245,29.846,23.247,4.741,7.37,6.509
5107,1.037,35.585,25.28,29.865,23.247,4.701,7.452,6.549
5108,1.046,35.615,25.229,29.885,23.265,4.863,7.615,6.752
5109,1.056,35.778,25.256,29.875,23.258,4.784,7.535,6.632
5110,1.04,35.838,25.202,29.875,23.254,4.824,7.657,6.631
5111,1.037,35.589,25.244,29.875,23.251,4.783,7.698,6.672
5112,1.037,35.682,25.268,29.865,23.258,4.824,7.74,6.672
5113,1.043,35.817,25.28,29.875,23.258,4.865,7.821,6.631
5114,1.03,35.876,25.249,29.827,23.244,4.743,7.7,6.55
5115,1.017,35.647,25.225,29.865,23.251,4.742,7.902,6.549
5116,1.04,35.798,25.264,29.865,23.244,4.742,7.863,6.59
5117,1.033,35.924,25.272,29.846,23.244,4.701,7.822,6.509
5118,1.04,35.992,25.299,29.846,23.251,4.701,7.781,6.589
5119,1.053,35.821,25.241,29.865,23.254,4.863,8.066,6.712
5120,1.076,35.982,25.237,29.885,23.258,4.824,7.946,6.672
5121,1.066,36.089,25.26,29.885,23.251,4.865,7.864,6.672
5122,1.076,36.157,25.256,29.866,23.251,4.743,7.904,6.591
5123,1.079,36.11,25.272,29.885,23.254,4.864,7.904,6.671
5124,1.089,36.272,25.299,29.866,23.247,4.824,7.863,6.672
5125,1.086,36.37,25.206,29.865,23.244,4.743,7.7,6.428
5126,1.089,36.39,25.26,29.846,23.251,4.742,7.861,6.548
5127,1.105,36.227,25.26,29.865,23.244,4.783,7.7,6.508
5128,1.099,36.35,25.295,29.856,23.244,4.742,7.74,6.467
5129,1.086,36.476,25.229,29.856,23.24,4.661,7.699,6.507
5130,1.092,36.516,25.233,29.865,23.251,4.863,7.821,6.549
5131,1.109,36.459,25.248,29.904,23.265,4.865,7.863,6.63
5132,1.099,36.592,25.229,29.866,23.251,4.824,7.822,6.55
5133,1.096,36.68,25.26,29.865,23.251,4.783,7.781,6.549
5134,1.096,37.007,25.26,29.875,23.254,4.783,7.781,6.63
5135,1.099,36.521,25.233,29.885,23.254,4.824,7.903,6.631
5136,1.099,36.631,25.268,29.866,23.251,4.783,7.701,6.468
5137,1.093,36.709,25.229,29.837,23.244,4.742,7.74,6.589
5138,1.109,36.671,25.303,29.865,23.251,4.742,7.699,6.509
5139,1.115,36.738,25.222,29.875,23.251,4.783,7.699,6.549
5140,1.122,36.864,25.264,29.865,23.244,4.742,7.699,6.508
5141,1.119,36.942,25.256,29.837,23.244,4.742,7.78,6.589
5142,1.135,36.837,25.291,29.903,23.258,4.945,7.862,6.712
5143,1.148,36.989,25.288,29.866,23.247,4.785,7.782,6.632
5144,1.142,37.077,25.284,29.865,23.247,4.783,7.74,6.631
5145,1.155,37.145,25.214,29.865,23.254,4.783,7.74,6.59
5146,1.165,36.935,25.248,29.875,23.254,4.783,7.699,6.631
5147,1.161,37.057,25.307,29.865,23.258,4.824,7.699,6.55
5148,1.161,37.145,25.3,29.837,23.244,4.702,7.536,6.508
5149,1.148,37.251,25.261,29.884,23.251,4.742,7.738,6.63
5150,1.158,37.07,25.245,29.856,23.251,4.783,7.618,6.55
5151,1.145,37.212,25.268,29.865,23.244,4.742,7.617,6.549
5152,1.142,37.319,25.237,29.856,23.247,4.783,7.657,6.549
5153,1.148,37.406,25.268,29.884,23.268,4.905,7.82,6.712
5154,1.161,37.273,25.264,29.866,23.251,4.784,7.659,6.672
5155,1.148,37.358,25.241,29.875,23.251,4.783,7.658,6.591
5156,1.145,37.503,25.248,29.865,23.258,4.783,7.617,6.631
5157,1.145,37.533,25.237,29.885,23.251,4.783,7.617,6.712
5158,1.161,37.351,25.311,29.875,23.251,4.742,7.535,6.632
5159,1.161,37.455,25.218,29.837,23.244,4.661,7.453,6.55
5160,1.168,37.571,25.26,29.865,23.258,4.822,7.534,6.59
5161,1.171,37.581,25.264,29.875,23.251,4.743,7.453,6.631
5162,1.171,37.457,25.272,29.856,23.251,4.742,7.371,6.55
5163,1.171,37.58,25.296,29.865,23.251,4.742,7.452,6.671
5164,1.194,37.716,25.276,29.894,23.261,4.945,7.574,6.672
5165,1.185,37.708,25.288,29.856,23.251,4.785,7.454,6.591
5166,1.188,37.727,25.276,29.865,23.254,4.824,7.452,6.631
5167,1.188,37.88,25.264,29.875,23.251,4.743,7.452,6.631
5168,1.194,37.968,25.331,29.875,23.254,4.823,7.452,6.631
5169,1.188,37.595,25.261,29.875,23.254,4.743,7.371,6.468
5170,1.175,37.658,25.276,29.827,23.237,4.701,7.289,6.548
5171,1.175,37.812,25.26,29.855,23.251,4.742,7.451,6.549
5172,1.162,37.9,25.276,29.865,23.247,4.742,7.412,6.549
5173,1.155,37.69,25.253,29.846,23.247,4.701,7.371,6.468
5174,1.152,37.832,25.291,29.846,23.244,4.863,7.452,6.548
5175,1.155,37.987,25.214,29.894,23.268,4.865,7.615,6.712
5176,1.152,38.056,25.221,29.866,23.251,4.743,7.535,6.551
5177,1.142,37.855,25.272,29.865,23.251,4.783,7.575,6.508
5178,1.142,37.997,25.256,29.875,23.251,4.783,7.616,6.589
5179,1.145,38.104,25.131,29.875,23.261,4.824,7.576,6.549
5180,1.148,38.162,25.263,29.875,23.254,4.783,7.535,6.508
5181,1.142,37.798,25.213,29.837,23.244,4.661,7.453,6.427
5182,1.138,37.958,25.26,29.865,23.254,4.782,7.534,6.507
5183,1.145,38.055,25.276,29.875,23.247,4.742,7.534,6.467
5184,1.135,38.104,25.315,29.856,23.247,4.661,7.494,6.548
5185,1.109,37.913,25.261,29.856,23.244,4.7,7.494,6.468
5186,1.125,38.074,25.268,29.875,23.254,4.823,7.656,6.548
5187,1.138,38.21,25.307,29.875,23.254,4.783,7.536,6.508
5188,1.106,38.182,25.253,29.856,23.251,4.783,7.534,6.508
5189,1.086,37.914,25.264,29.913,23.251,4.742,7.494,6.508
5190,1.083,38.045,25.26,29.856,23.254,4.823,7.494,6.508
5191,1.076,38.152,25.272,29.875,23.254,4.824,7.453,6.549
5192,1.057,38.201,25.256,29.827,23.247,4.661,7.371,6.427
5193,1.037,38.0,25.229,29.836,23.247,4.7,7.452,6.548
5194,1.04,38.132,25.268,29.856,23.258,4.782,7.412,6.549
5195,1.03,38.22,25.253,29.865,23.244,4.702,7.411,6.508
5196,1.007,37.924,25.237,29.846,23.24,4.66,7.371,6.467
5197,1.001,37.969,25.26,29.846,23.254,4.782,7.492,6.67
5198,1.01,38.113,25.295,29.884,23.265,4.905,7.534,6.713
5199,1.017,38.201,25.21,29.866,23.254,4.744,7.412,6.632
5200,1.007,37.875,25.244,29.856,23.251,4.823,7.452,6.631
5201,1.01,38.016,25.233,29.856,23.254,4.824,7.412,6.672
5202,1.004,38.123,25.26,29.865,23.258,4.743,7.411,6.591
5203,0.997,38.22,25.249,29.837,23.247,4.742,7.289,6.59
5204,0.978,37.904,25.307,29.827,23.247,4.701,7.329,6.631
5205,0.984,38.055,25.28,29.855,23.247,4.742,7.329,6.59
5206,0.984,38.181,25.233,29.856,23.247,4.783,7.329,6.509
5207,0.974,38.211,25.307,29.846,23.247,4.702,7.207,6.549
5208,0.971,37.885,25.265,29.856,23.244,4.701,7.287,6.59
5209,0.961,38.083,25.28,29.894,23.265,4.904,7.532,6.753
5210,0.951,38.181,25.245,29.847,23.248,4.784,7.291,6.632
5211,0.935,38.211,25.256,29.856,23.251,4.742,7.288,6.59
5212,0.922,37.943,25.272,29.856,23.258,4.823,7.288,6.671
5213,0.918,38.093,25.237,29.846,23.251,4.783,7.288,6.672
5214,0.915,38.2,25.272,29.846,23.254,4.783,7.247,6.591
5215,0.899,38.221,25.214,29.827,23.244,4.702,7.166,6.549
5216,0.892,37.895,25.248,29.855,23.251,4.742,7.246,6.549
5217,0.879,38.026,25.264,29.846,23.247,4.742,7.206,6.63
5218,0.866,38.113,25.253,29.846,23.244,4.701,7.206,6.509
5219,0.879,38.354,25.206,29.837,23.247,4.701,7.247,6.589
5220,0.872,37.982,25.248,29.865,23.261,4.782,7.369,6.753
5221,0.892,38.132,25.264,29.885,23.254,4.864,7.208,6.551
5222,0.882,38.21,25.272,29.856,23.258,4.743,7.165,6.549
5223,0.885,37.866,25.253,29.856,23.251,4.783,7.206,6.59
5224,0.885,37.843,25.323,29.875,23.258,4.742,7.206,6.59
5225,0.892,37.958,25.296,29.913,23.251,4.823,7.165,6.509
5226,0.886,38.046,25.237,29.837,23.244,4.661,7.043,6.386
5227,0.872,37.845,25.299,29.836,23.254,4.782,7.204,6.507
5228,0.882,37.987,25.249,29.865,23.254,4.824,7.125,6.549
5229,0.856,38.132,25.268,29.856,23.251,4.783,7.083,6.549
5230,0.853,38.191,25.225,29.846,23.247,4.702,7.042,6.508
5231,0.846,37.76,25.237,29.846,23.251,4.782,7.164,6.589
5232,0.846,37.938,25.276,29.875,23.261,4.864,7.287,6.671
5233,0.843,38.036,25.26,29.856,23.258,4.784,7.125,6.55
5234,0.836,38.104,25.28,29.846,23.251,4.783,7.124,6.59
5235,0.83,37.827,25.21,29.865,23.254,4.783,7.246,6.671
5236,0.823,37.977,25.236,29.875,23.258,4.824,7.247,6.713
5237,0.823,38.084,25.299,29.856,23.254,4.702,7.125,6.51
5238,0.813,38.085,25.284,29.827,23.244,4.742,7.246,6.549
5239,0.826,37.807,25.249,29.875,23.251,4.742,7.328,6.59
5240,0.817,37.929,25.284,29.846,23.251,4.742,7.207,6.549
5241,0.826,38.017,25.241,29.856,23.244,4.661,7.287,6.508
5242,0.836,38.085,25.241,29.827,23.247,4.782,7.288,6.63
5243,0.836,37.798,25.221,29.875,23.261,4.864,7.573,6.672
5244,0.846,37.929,25.295,29.856,23.254,4.824,7.494,6.631
5245,0.853,37.988,25.171,29.856,23.251,4.783,7.534,6.509
5246,0.849,38.027,25.224,29.846,23.251,4.742,7.575,6.589
5247,0.843,37.826,25.276,29.865,23.258,4.783,7.616,6.631
5248,0.846,37.948,25.241,29.856,23.244,4.783,7.657,6.55
5249,0.827,38.045,25.256,29.827,23.244,4.62,7.536,6.508
5250,0.82,37.951,25.237,29.836,23.254,4.7,7.657,6.63
5251,0.826,37.844,25.252,29.836,23.251,4.701,7.698,6.59
5252,0.813,37.968,25.288,29.846,23.251,4.782,7.699,6.509
5253,0.803,38.046,25.276,29.827,23.244,4.742,7.658,6.549
5254,0.813,37.72,25.299,29.875,23.261,4.986,7.78,6.752
5255,0.807,37.823,25.222,29.865,23.254,4.744,7.618,6.592
5256,0.794,37.91,25.276,29.865,23.251,4.742,7.739,6.631
5257,0.79,37.988,25.276,29.856,23.244,4.783,7.699,6.55
5258,0.803,37.749,25.292,29.865,23.251,4.824,7.699,6.59
5259,0.81,37.89,25.225,29.865,23.244,4.743,7.618,6.549
5260,0.81,37.968,25.24,29.837,23.24,4.701,7.535,6.468
5261,0.81,38.046,25.248,29.856,23.258,4.742,7.575,6.589
5262,0.826,37.644,25.268,29.856,23.254,4.742,7.535,6.549
5263,0.83,37.745,25.268,29.837,23.247,4.742,7.494,6.468
5264,0.826,37.852,25.319,29.846,23.244,4.742,7.534,6.589
5265,0.846,37.949,25.288,29.884,23.261,4.945,7.616,6.59
5266,0.846,37.777,25.257,29.856,23.251,4.785,7.495,6.468
5267,0.836,37.89,25.295,29.846,23.251,4.824,7.534,6.507
5268,0.839,38.007,25.241,29.846,23.251,4.905,7.494,6.589
5269,0.826,38.065,25.217,29.865,23.251,4.865,7.453,6.549
5270,0.826,37.701,25.221,29.856,23.251,4.865,7.452,6.508
5271,0.82,37.803,25.217,29.837,23.24,4.662,7.371,6.427
5272,0.813,37.919,25.233,29.856,23.247,4.782,7.37,6.507
5273,0.81,37.959,25.252,29.846,23.244,4.824,7.37,6.427
5274,0.816,37.643,25.288,29.817,23.247,4.743,7.289,6.385
5275,0.79,37.745,25.214,29.846,23.244,4.742,7.207,6.507
5276,0.8,37.9,25.256,29.856,23.258,4.905,7.45,6.63
5277,0.816,38.112,25.276,29.875,23.258,4.865,7.29,6.55
5278,0.807,37.779,25.276,29.856,23.251,4.784,7.288,6.468
5279,0.81,37.919,25.202,29.856,23.251,4.824,7.288,6.548
5280,0.823,38.026,25.256,29.865,23.251,4.824,7.288,6.549
5281,0.826,37.663,25.319,29.856,23.258,4.824,7.166,6.468
5282,0.82,37.678,25.241,29.837,23.244,4.661,7.043,6.304
5283,0.813,37.813,25.244,29.846,23.251,4.741,7.204,6.425
5284,0.826,37.881,25.276,29.856,23.244,4.701,7.125,6.426
5285,0.826,37.623,25.264,29.837,23.244,4.742,7.124,6.344
5286,0.823,37.755,25.253,29.836,23.244,4.701,7.043,6.384
5287,0.826,37.852,25.284,29.856,23.258,4.823,7.245,6.507
5288,0.836,37.977,25.241,29.884,23.261,4.905,7.206,6.467
5289,0.826,37.624,25.241,29.856,23.254,4.865,7.125,6.467
5290,0.823,37.735,25.221,29.865,23.258,4.784,7.165,6.467
5291,0.826,37.871,25.236,29.865,23.254,4.742,7.165,6.467
5292,0.817,37.949,25.256,29.856,23.254,4.823,7.124,6.467
5293,0.813,37.7,25.26,29.827,23.244,4.661,7.002,6.304
5294,0.803,37.794,25.264,29.836,23.251,4.741,7.123,6.506
5295,0.797,37.919,25.229,29.846,23.247,4.783,7.043,6.467
5296,0.803,37.978,25.237,29.865,23.247,4.742,7.001,6.426
5297,0.797,37.557,25.244,29.837,23.244,4.701,7.001,6.426
5298,0.797,37.668,25.284,29.817,23.247,4.742,7.041,6.426
5299,0.816,37.813,25.241,29.884,23.258,4.905,7.164,6.548
5300,0.829,37.852,25.295,29.846,23.254,4.744,7.043,6.549
5301,0.82,37.709,25.272,29.846,23.251,4.783,7.001,6.508
5302,0.82,37.842,25.272,29.846,23.251,4.783,7.082,6.427
5303,0.836,37.968,25.253,29.846,23.254,4.824,7.123,6.466
5304,0.833,37.979,25.284,29.856,23.254,4.865,7.043,6.426
5305,0.836,37.672,25.268,29.827,23.247,4.662,6.96,6.344
5306,0.833,37.793,25.268,29.855,23.251,4.822,7.0,6.384
5307,0.833,37.881,25.292,29.865,23.244,4.743,7.001,6.344
5308,0.833,37.757,25.21,29.827,23.247,4.742,7.001,6.303
5309,0.82,37.766,25.229,29.836,23.251,4.742,7.001,6.384
5310,0.823,37.871,25.237,29.856,23.258,4.823,7.163,6.588
5311,0.83,38.006,25.248,29.875,23.258,4.824,7.043,6.427
5312,0.81,37.595,25.245,29.846,23.254,4.824,7.001,6.466
5313,0.813,37.706,25.245,29.846,23.258,4.865,7.041,6.507
5314,0.816,37.823,25.245,29.856,23.258,4.824,7.123,6.508
5315,0.803,37.92,25.194,29.865,23.251,4.905,7.124,6.508
5316,0.81,37.604,25.213,29.856,23.244,4.703,6.961,6.345
5317,0.79,37.706,25.26,29.827,23.254,4.742,7.041,6.466
5318,0.803,37.861,25.272,29.855,23.251,4.783,7.001,6.467
5319,0.813,37.939,25.272,29.894,23.247,4.824,7.001,6.467
5320,0.813,37.633,25.241,29.837,23.247,4.743,6.96,6.345
5321,0.82,37.764,25.276,29.846,23.247,4.864,7.082,6.547
5322,0.833,37.909,25.288,29.875,23.261,4.946,7.123,6.549
5323,0.83,37.949,25.3,29.846,23.251,4.866,7.002,6.468
5324,0.83,37.585,25.28,29.846,23.254,4.824,7.041,6.548
5325,0.839,37.735,25.159,29.865,23.254,4.865,7.082,6.508
5326,0.839,37.832,25.224,29.865,23.254,4.824,7.042,6.467
5327,0.843,37.872,25.279,29.837,23.251,4.783,6.96,6.386
5328,0.826,37.537,25.229,29.817,23.247,4.824,7.0,6.425
5329,0.826,37.725,25.237,29.846,23.251,4.783,7.001,6.385
5330,0.823,37.804,25.221,29.856,23.244,4.783,6.96,6.385
5331,0.82,37.824,25.283,29.827,23.244,4.702,6.878,6.425
5332,0.817,37.594,25.272,29.836,23.247,4.823,6.959,6.507
5333,0.813,37.773,25.28,29.865,23.265,4.987,7.041,6.589
5334,0.826,37.871,25.268,29.846,23.251,4.866,6.96,6.468
5335,0.804,37.843,25.26,29.856,23.254,4.784,7.0,6.548
5336,0.797,37.728,25.194,29.856,23.254,4.824,7.001,6.468
5337,0.8,37.852,25.291,29.865,23.251,4.905,7.041,6.548
5338,0.8,37.929,25.245,29.846,23.251,4.784,6.92,6.468
5339,0.803,37.537,25.229,29.827,23.24,4.742,6.837,6.467
5340,0.81,37.629,25.229,29.836,23.251,4.864,6.918,6.386
5341,0.82,37.755,25.272,29.817,23.247,4.784,6.919,6.385
5342,0.82,37.833,25.284,29.836,23.247,4.742,6.919,6.385
5343,0.82,37.517,25.28,29.836,23.244,4.783,6.878,6.466
5344,0.826,37.677,25.315,29.865,23.261,4.986,7.121,6.589
5345,0.849,37.822,25.3,29.856,23.254,4.826,6.88,6.427
5346,0.84,37.862,25.261,29.837,23.251,4.824,6.918,6.466
5347,0.836,37.489,25.295,29.836,23.251,4.905,6.919,6.507
5348,0.839,37.638,25.229,29.846,23.254,4.825,6.959,6.508
5349,0.826,37.774,25.237,29.856,23.254,4.865,6.919,6.427
5350,0.82,37.785,25.213,29.808,23.244,4.662,6.715,6.426
5351,0.813,37.469,25.225,29.846,23.254,4.782,6.794,6.466
5352,0.813,37.638,25.213,29.846,23.251,4.824,6.795,6.426
5353,0.813,37.726,25.236,29.827,23.247,4.783,6.755,6.426
5354,0.803,37.765,25.272,29.836,23.244,4.783,6.836,6.426
5355,0.794,37.67,25.237,29.903,23.261,4.946,6.958,6.588
5356,0.81,37.813,25.244,29.866,23.254,4.785,6.838,6.427
5357,0.8,37.862,25.291,29.846,23.244,4.783,6.796,6.426
5358,0.803,37.891,25.272,29.846,23.254,4.824,6.836,6.507
5359,0.813,37.594,25.264,29.846,23.254,4.865,6.877,6.508
5360,0.82,37.706,25.225,29.837,23.254,4.824,6.877,6.386
5361,0.813,37.775,25.268,29.827,23.244,4.702,6.633,6.344
5362,0.816,38.121,25.284,29.846,23.251,4.782,6.753,6.466
5363,0.833,37.491,25.253,29.837,23.251,4.783,6.836,6.426
5364,0.836,37.619,25.26,29.846,23.244,4.742,6.714,6.385
5365,0.836,37.716,25.272,29.827,23.244,4.701,6.876,6.303
5366,0.843,37.468,25.21,29.855,23.258,4.863,7.0,6.506
5367,0.853,37.523,25.307,29.865,23.261,4.906,6.919,6.427
5368,0.84,37.619,25.245,29.837,23.251,4.825,6.919,6.344
5369,0.83,37.726,25.252,29.846,23.258,4.824,6.919,6.384
5370,0.82,37.382,25.26,29.856,23.251,4.824,7.0,6.466
5371,0.83,37.484,25.26,29.837,23.251,4.824,7.041,6.386
5372,0.817,37.6,25.268,29.827,23.244,4.743,6.879,6.263
5373,0.807,37.649,25.217,29.817,23.247,4.823,6.959,6.343
5374,0.816,37.362,25.272,29.827,23.251,4.824,6.878,6.303
5375,0.803,37.445,25.221,29.846,23.247,4.743,6.959,6.302
5376,0.8,37.609,25.221,29.827,23.251,4.783,6.96,6.262
5377,0.8,37.659,25.268,29.827,23.251,4.742,7.041,6.424
5378,0.816,37.41,25.272,29.884,23.265,4.945,7.164,6.466
5379,0.823,37.551,25.198,29.866,23.248,4.785,7.002,6.345
5380,0.817,37.658,25.228,29.846,23.251,4.824,7.001,6.343
5381,0.82,37.688,25.217,29.846,23.251,4.865,7.001,6.384
5382,0.83,37.324,25.272,29.856,23.258,4.865,7.082,6.385
5383,0.836,37.473,25.253,29.837,23.251,4.824,7.042,6.263
5384,0.82,37.542,25.291,29.827,23.247,4.743,7.001,6.302
5385,0.836,37.6,25.276,29.817,23.251,4.783,7.082,6.343
5386,0.836,37.898,25.249,29.817,23.247,4.702,7.042,6.343
5387,0.833,38.007,25.319,29.827,23.244,4.701,7.001,6.303
5388,0.83,38.104,25.23,29.827,23.244,4.782,7.001,6.343
5389,0.813,38.124,25.276,29.836,23.265,4.864,7.163,6.425
5390,0.833,37.117,25.268,29.865,23.258,4.824,7.084,6.385
5391,0.82,37.193,25.268,29.846,23.251,4.743,7.042,6.385
5392,0.81,37.319,25.26,29.856,23.251,4.823,7.042,6.425
5393,0.81,37.358,25.229,29.846,23.251,4.783,7.082,6.466
5394,0.81,37.378,25.279,29.865,23.254,4.824,7.083,6.386
5395,0.797,37.493,25.19,29.846,23.247,4.661,6.961,6.303
5396,0.797,37.581,25.205,29.817,23.247,4.822,7.122,6.425
5397,0.794,37.256,25.24,29.836,23.247,4.783,7.083,6.344
5398,0.8,37.3,25.241,29.846,23.244,4.742,7.164,6.343
5399,0.803,37.425,25.221,29.837,23.244,4.661,7.084,6.343
5400,0.803,37.503,25.229,29.836,23.251,4.7,7.123,6.384
5401,0.82,37.149,25.283,29.846,23.261,4.863,7.287,6.547
5402,0.826,37.28,25.264,29.846,23.247,4.743,7.166,6.427
5403,0.813,37.416,25.245,29.846,23.254,4.783,7.206,6.426
5404,0.82,37.465,25.26,29.846,23.254,4.783,7.165,6.426
5405,0.836,37.235,25.241,29.837,23.254,4.783,7.287,6.344
5406,0.833,37.386,25.256,29.846,23.251,4.824,7.288,6.343
5407,0.83,37.474,25.276,29.808,23.244,4.58,7.166,6.303
5408,0.82,37.542,25.221,29.865,23.251,4.781,7.328,6.384
5409,0.81,37.102,25.252,29.818,23.251,4.702,7.289,6.344
5410,0.81,37.241,25.268,29.836,23.251,4.742,7.288,6.384
5411,0.803,37.338,25.303,29.836,23.244,4.701,7.329,6.385
5412,0.807,37.397,25.3,29.846,23.251,4.782,7.451,6.507
5413,0.816,37.292,25.292,29.875,23.265,4.905,7.371,6.467
5414,0.797,37.387,25.276,29.837,23.248,4.744,7.33,6.386
5415,0.794,37.484,25.233,29.865,23.251,4.864,7.37,6.466
5416,0.793,37.542,25.217,29.856,23.254,4.824,7.452,6.467
5417,0.797,37.14,25.229,29.856,23.258,4.824,7.371,6.426
5418,0.79,37.251,25.248,29.846,23.244,4.661,7.167,6.304
5419,0.787,37.367,25.135,29.827,23.247,4.782,7.328,6.384
5420,0.797,37.474,25.204,29.855,23.251,4.702,7.289,6.344
5421,0.797,37.254,25.248,29.837,23.247,4.66,7.247,6.343
5422,0.81,37.348,25.237,29.817,23.24,4.7,7.247,6.343
5423,0.81,37.464,25.241,29.827,23.251,4.823,7.328,6.547
5424,0.826,37.101,25.315,29.855,23.268,4.946,7.41,6.549
5425,0.83,37.155,25.253,29.846,23.254,4.744,7.289,6.427
5426,0.823,37.28,25.252,29.846,23.251,4.742,7.329,6.426
5427,0.82,37.387,25.28,29.846,23.251,4.823,7.329,6.426
5428,0.82,37.033,25.179,29.856,23.258,4.824,7.37,6.385
5429,0.813,37.154,25.205,29.846,23.247,4.743,7.33,6.344
5430,0.8,37.251,25.182,29.808,23.244,4.701,7.329,6.384
5431,0.807,37.367,25.232,29.826,23.251,4.742,7.451,6.425
5432,0.803,37.033,25.24,29.827,23.251,4.742,7.412,6.304
5433,0.797,37.173,25.252,29.827,23.251,4.701,7.411,6.343
5434,0.79,37.271,25.299,29.798,23.24,4.742,7.452,6.343
5435,0.78,37.377,25.202,29.846,23.258,4.905,7.615,6.547
5436,0.793,37.062,25.256,29.865,23.261,4.784,7.617,6.508
5437,0.78,37.145,25.252,29.837,23.251,4.824,7.576,6.427
5438,0.78,37.251,25.252,29.836,23.254,4.824,7.616,6.466
5439,0.793,37.339,25.256,29.865,23.258,4.783,7.698,6.426
5440,0.806,37.023,25.221,29.837,23.251,4.824,7.618,6.466
5441,0.797,37.144,25.248,29.846,23.244,4.743,7.454,6.223
5442,0.79,37.251,25.198,29.837,23.247,4.783,7.615,6.424
5443,0.8,37.3,25.228,29.846,23.251,4.783,7.617,6.426
5444,0.803,37.061,25.26,29.837,23.254,4.742,7.454,6.344
5445,0.813,37.174,25.245,29.817,23.247,4.701,7.493,6.303
5446,0.81,37.271,25.221,29.827,23.247,4.782,7.534,6.425
5447,0.816,37.367,25.291,29.865,23.261,4.986,7.657,6.507
5448,0.816,37.023,25.206,29.846,23.241,4.744,7.536,6.427
5449,0.8,37.135,25.228,29.856,23.254,4.823,7.534,6.385
5450,0.803,37.251,25.24,29.837,23.254,4.824,7.534,6.425
5451,0.803,37.118,25.291,29.856,23.251,4.905,7.616,6.385
5452,0.797,37.155,25.237,29.865,23.251,4.784,7.535,6.303
5453,0.781,37.251,25.241,29.818,23.247,4.783,7.534,6.384
5454,0.784,37.358,25.291,29.827,23.254,4.783,7.616,6.425
5455,0.777,36.908,25.276,29.836,23.251,4.824,7.617,6.344
5456,0.774,36.999,25.26,29.827,23.244,4.743,7.576,6.303
5457,0.774,37.135,25.268,29.817,23.244,4.742,7.698,6.465
5458,0.777,37.251,25.225,29.884,23.261,4.864,7.821,6.548
5459,0.793,37.06,25.248,29.846,23.251,4.743,7.7,6.346
5460,0.79,37.202,25.245,29.837,23.254,4.823,7.78,6.466
5461,0.793,37.3,25.256,29.846,23.258,4.824,7.74,6.386
5462,0.797,37.387,25.272,29.837,23.254,4.905,7.74,6.425
5463,0.803,36.697,25.237,29.836,23.244,4.784,7.577,6.263
5464,0.79,36.815,25.256,29.798,23.24,4.702,7.657,6.384
5465,0.8,36.96,25.252,29.817,23.251,4.782,7.698,6.385
5466,0.81,37.019,25.225,29.836,23.251,4.824,7.658,6.344
5467,0.803,37.097,25.256,29.808,23.244,4.661,7.658,6.303
5468,0.803,37.232,25.206,29.826,23.251,4.782,7.698,6.425
5469,0.803,37.386,25.225,29.865,23.265,4.905,7.861,6.507
5470,0.8,37.407,25.217,29.837,23.251,4.825,7.7,6.427
5471,0.787,36.928,25.256,29.836,23.247,4.824,7.74,6.466
5472,0.787,37.067,25.26,29.836,23.251,4.905,7.781,6.507
5473,0.787,37.193,25.237,29.836,23.258,4.784,7.781,6.508
5474,0.787,37.194,25.287,29.846,23.254,4.742,7.781,6.386
5475,0.777,37.079,25.284,29.808,23.244,4.661,7.659,6.425
5476,0.771,37.231,25.229,29.846,23.251,4.822,7.82,6.466
5477,0.774,37.3,25.283,29.827,23.254,4.743,7.781,6.467
5478,0.774,37.205,25.233,29.817,23.247,4.701,7.659,6.467
5479,0.78,37.079,25.248,29.817,23.244,4.742,7.739,6.426
5480,0.78,37.222,25.237,29.855,23.258,4.823,7.862,6.629
5481,0.803,37.348,25.303,29.875,23.258,4.865,7.741,6.59
5482,0.797,36.831,25.276,29.837,23.247,4.865,7.74,6.549
5483,0.794,36.874,25.249,29.836,23.258,4.906,7.74,6.549
5484,0.8,37.009,25.252,29.846,23.258,4.825,7.781,6.63
5485,0.816,37.116,25.241,29.856,23.258,4.865,7.781,6.631
5486,0.81,36.858,25.221,29.827,23.237,4.662,7.618,6.468
5487,0.8,36.97,25.26,29.827,23.251,4.782,7.698,6.629
5488,0.8,37.125,25.28,29.846,23.251,4.824,7.658,6.55
5489,0.79,37.203,25.218,29.837,23.244,4.824,7.698,6.549
5490,0.787,36.926,25.213,29.817,23.251,4.743,7.618,6.508
5491,0.793,37.096,25.24,29.836,23.251,4.823,7.739,6.711
5492,0.793,37.241,25.283,29.875,23.265,4.946,7.74,6.632
5493,0.78,37.281,25.257,29.837,23.251,4.785,7.699,6.59
5494,0.784,36.917,25.288,29.836,23.254,4.783,7.658,6.59
5495,0.78,37.067,25.272,29.894,23.254,4.824,7.78,6.671
5496,0.771,37.174,25.229,29.866,23.258,4.865,7.7,6.631
5497,0.777,37.213,25.256,29.837,23.244,4.743,7.536,6.468
5498,0.764,36.859,25.206,29.817,23.244,4.823,7.575,6.548
5499,0.787,37.037,25.232,29.827,23.251,4.743,7.535,6.549
5500,0.787,37.145,25.217,29.827,23.244,4.742,7.534,6.468
5501,0.79,37.155,25.256,29.808,23.244,4.742,7.494,6.507
5502,0.79,36.868,25.272,29.836,23.251,4.783,7.575,6.67
5503,0.806,37.037,25.264,29.865,23.258,4.905,7.657,6.631
5504,0.803,37.135,25.307,29.837,23.251,4.784,7.536,6.59
5505,0.81,37.385,25.265,29.856,23.254,4.864,7.534,6.549
5506,0.813,36.985,25.237,29.837,23.251,4.865,7.575,6.549
5507,0.813,37.134,25.283,29.846,23.254,4.906,7.535,6.59
5508,0.8,37.222,25.159,29.856,23.251,4.744,7.412,6.468
5509,0.787,36.868,25.197,29.817,23.247,4.742,7.452,6.548
5510,0.797,36.903,25.201,29.836,23.258,4.823,7.452,6.549
5511,0.794,37.038,25.252,29.817,23.254,4.824,7.452,6.549
5512,0.78,37.135,25.233,29.836,23.244,4.743,7.371,6.508
5513,0.78,36.8,25.244,29.817,23.244,4.742,7.411,6.508
5514,0.784,36.941,25.276,29.865,23.265,4.864,7.655,6.63
5515,0.787,37.077,25.241,29.846,23.251,4.784,7.495,6.55
5516,0.774,37.145,25.272,29.846,23.251,4.824,7.412,6.549
5517,0.774,36.82,25.253,29.837,23.254,4.783,7.452,6.63
5518,0.777,36.97,25.264,29.884,23.251,4.824,7.452,6.631
5519,0.784,37.077,25.225,29.837,23.251,4.783,7.371,6.55
5520,0.78,37.126,25.221,29.808,23.24,4.661,7.289,6.427
5521,0.78,36.867,25.221,29.846,23.247,4.782,7.41,6.548
5522,0.79,37.018,25.217,29.837,23.254,4.824,7.371,6.508
5523,0.79,37.097,25.236,29.817,23.244,4.743,7.289,6.467
5524,0.793,37.145,25.276,29.827,23.244,4.742,7.288,6.426
5525,0.8,36.887,25.268,29.846,23.254,4.905,7.451,6.588
5526,0.82,37.057,25.253,29.865,23.258,4.825,7.33,6.509
5527,0.803,37.116,25.268,29.818,23.251,4.743,7.289,6.549
5528,0.803,37.184,25.221,29.846,23.251,4.823,7.288,6.549
5529,0.803,36.782,25.24,29.846,23.254,4.865,7.288,6.59
5530,0.777,36.902,25.229,29.856,23.251,4.824,7.369,6.468
5531,0.787,36.99,25.268,29.817,23.237,4.702,7.126,6.386
5532,0.774,37.0,25.225,29.846,23.251,4.823,7.246,6.466
5533,0.78,36.818,25.244,29.827,23.244,4.743,7.166,6.467
5534,0.774,36.931,25.276,29.846,23.251,4.742,7.206,6.629
5535,0.761,37.048,25.229,29.827,23.247,4.742,7.165,6.509
5536,0.764,36.857,25.221,29.836,23.251,4.823,7.328,6.67
5537,0.774,36.826,25.279,29.875,23.258,4.824,7.289,6.631
5538,0.767,36.941,25.198,29.846,23.254,4.783,7.247,6.631
5539,0.774,37.048,25.213,29.846,23.258,4.824,7.206,6.509
5540,0.78,36.704,25.217,29.846,23.244,4.824,7.206,6.549
5541,0.777,36.815,25.303,29.856,23.258,4.824,7.247,6.549
5542,0.78,36.941,25.249,29.827,23.244,4.661,7.084,6.386
5543,0.777,37.0,25.245,29.836,23.251,4.741,7.164,6.547
5544,0.787,36.617,25.245,29.846,23.251,4.783,7.165,6.508
5545,0.79,36.757,25.252,29.827,23.244,4.783,7.084,6.386
5546,0.793,36.864,25.245,29.817,23.247,4.742,7.123,6.466
5547,0.793,36.961,25.272,29.836,23.254,4.823,7.205,6.548
5548,0.803,36.712,25.303,29.932,23.261,4.905,7.247,6.468
5549,0.787,36.815,25.206,29.857,23.254,4.784,7.166,6.507
5550,0.787,36.931,25.252,29.837,23.258,4.824,7.287,6.467
5551,0.787,36.99,25.291,29.846,23.251,4.865,7.288,6.507
5552,0.784,36.761,25.237,29.865,23.258,4.824,7.288,6.508
5553,0.78,36.864,25.217,29.837,23.244,4.661,7.085,6.305
5554,0.774,36.98,25.244,29.827,23.247,4.822,7.286,6.506
5555,0.774,37.048,25.252,29.846,23.251,4.743,7.247,6.467
5556,0.767,44.317,25.225,29.827,23.254,4.742,7.247,6.467
5557,0.767,44.4,25.26,29.836,23.251,4.742,7.166,6.467
5558,0.767,44.439,25.159,29.846,23.258,4.823,7.368,6.589
5559,0.783,44.458,25.24,29.865,23.265,4.865,7.289,6.427
5560,0.784,33.239,25.213,29.837,23.254,4.824,7.247,6.507
5561,0.787,33.337,25.213,29.846,23.254,4.824,7.288,6.427
5562,0.79,33.531,25.272,29.846,23.258,4.865,7.247,6.466
5563,0.793,35.614,25.245,29.875,23.254,4.824,7.247,6.467
5564,0.8,38.042,25.272,29.827,23.247,4.702,7.044,6.345
5565,0.787,38.152,25.241,29.855,23.247,4.701,7.204,6.384
5566,0.803,38.258,25.213,29.837,23.251,4.782,7.165,6.344
5567,0.803,36.198,25.295,29.836,23.247,4.742,7.124,6.425
5568,0.803,36.005,25.198,29.817,23.24,4.742,7.043,6.304
5569,0.797,36.175,25.26,29.836,23.251,4.823,7.286,6.465
5570,0.803,36.302,25.272,29.875,23.261,4.865,7.207,6.426
5571,0.794,36.629,25.272,29.837,23.251,4.784,7.125,6.344
5572,0.78,36.776,25.284,29.836,23.251,4.702,7.124,6.384
5573,0.784,36.912,25.253,29.846,23.251,4.782,7.083,6.385
5574,0.777,37.0,25.284,29.856,23.261,4.783,7.164,6.385
5575,0.78,36.3,25.249,29.837,23.247,4.661,6.921,6.222
5576,0.758,36.447,25.202,29.836,23.258,4.66,7.081,6.302
5577,0.767,36.563,25.267,29.846,23.247,4.741,7.002,6.343
5578,0.767,36.651,25.163,29.827,23.247,4.701,6.919,6.262
5579,0.767,36.575,25.209,29.827,23.251,4.701,6.959,6.302
5580,0.78,36.737,25.205,29.827,23.247,4.823,7.041,6.343
5581,0.793,36.883,25.268,29.865,23.268,4.905,7.123,6.506
5582,0.803,36.923,25.229,29.837,23.251,4.825,7.002,6.386
5583,0.787,36.434,25.229,29.856,23.251,4.743,6.919,6.385
5584,0.793,36.582,25.217,29.856,23.254,4.742,7.041,6.507
5585,0.79,36.718,25.248,29.865,23.258,4.783,7.001,6.467
5586,0.806,36.729,25.268,29.846,23.251,4.742,6.96,6.304
5587,0.8,36.413,25.237,29.817,23.244,4.701,6.878,6.384
5588,0.813,36.582,25.241,29.855,23.251,4.823,6.959,6.303
5589,0.8,36.699,25.233,29.837,23.247,4.743,6.919,6.384
5590,0.784,36.969,25.225,29.836,23.247,4.742,6.919,6.344
5591,0.78,36.415,25.252,29.836,23.254,4.742,6.959,6.466
5592,0.787,36.582,25.299,29.884,23.261,4.945,7.122,6.589
5593,0.78,36.699,25.257,29.856,23.254,4.866,6.961,6.427
5594,0.774,36.441,25.307,29.837,23.251,4.824,7.041,6.466
5595,0.774,36.448,25.241,29.817,23.254,4.783,7.082,6.507
5596,0.767,36.592,25.213,29.846,23.258,4.824,7.042,6.549
5597,0.774,36.689,25.252,29.856,23.254,4.783,7.042,6.427
5598,0.758,36.307,25.213,29.817,23.237,4.824,7.042,6.426
5599,0.78,36.447,25.217,29.846,23.251,4.743,7.082,6.426
5600,0.78,36.573,25.182,29.827,23.24,4.864,7.083,6.385
5601,0.777,36.641,25.24,29.836,23.247,4.824,7.083,6.385
5602,0.784,36.306,25.217,29.836,23.247,4.865,7.205,6.425
5603,0.79,36.476,25.225,29.856,23.254,4.987,7.287,6.629
5604,0.8,36.612,25.244,29.856,23.254,4.948,7.288,6.55
5605,0.79,36.671,25.225,29.837,23.251,4.825,7.288,6.427
5606,0.8,36.326,25.252,29.836,23.251,4.946,7.329,6.507
5607,0.797,36.476,25.252,29.846,23.254,4.947,7.329,6.549
5608,0.8,36.592,25.268,29.856,23.258,4.947,7.329,6.508
5609,0.784,36.661,25.229,29.817,23.237,4.825,7.289,6.305
5610,0.777,36.403,25.217,29.836,23.251,4.905,7.41,6.465
5611,0.784,36.525,25.264,29.836,23.247,4.947,7.371,6.467
5612,0.774,36.66,25.237,29.827,23.251,4.907,7.33,6.467
5613,0.767,36.7,25.237,29.827,23.247,4.865,7.451,6.386
5614,0.774,36.269,25.268,29.855,23.258,4.987,7.534,6.547
5615,0.78,36.456,25.253,29.865,23.258,4.988,7.494,6.427
5616,0.764,36.544,25.245,29.856,23.247,4.907,7.494,6.588
5617,0.761,36.555,25.256,29.846,23.247,4.906,7.412,6.427
5618,0.767,36.325,25.252,29.865,23.258,5.028,7.493,6.466
5619,0.78,36.457,25.237,29.846,23.258,4.989,7.494,6.467
5620,0.78,36.554,25.202,29.817,23.247,4.866,7.331,6.304
5621,0.771,36.382,25.221,29.846,23.247,4.946,7.451,6.384
5622,0.787,36.285,25.19,29.846,23.247,4.947,7.371,6.466
5623,0.793,36.408,25.209,29.837,23.251,4.907,7.37,6.386
5624,0.787,36.496,25.252,29.827,23.251,4.906,7.33,6.425
5625,0.79,36.238,25.221,29.846,23.251,4.987,7.41,6.548
5626,0.816,36.389,25.24,29.875,23.261,5.029,7.533,6.508
5627,0.8,36.486,25.244,29.827,23.254,4.948,7.372,6.467
5628,0.807,36.573,25.213,29.855,23.251,4.988,7.411,6.507
5629,0.794,36.21,25.217,29.846,23.247,4.988,7.452,6.467
5630,0.787,36.331,25.24,29.865,23.258,5.029,7.371,6.467
5631,0.79,36.457,25.303,29.837,23.247,4.948,7.33,6.345
5632,0.767,36.525,25.245,29.827,23.247,4.947,7.289,6.384
5633,0.787,36.257,25.26,29.855,23.251,4.988,7.329,6.425
5634,0.771,36.379,25.237,29.827,23.251,4.907,7.289,6.344
5635,0.767,36.505,25.264,29.827,23.244,4.906,7.166,6.384
5636,0.754,36.564,25.229,29.836,23.251,4.906,7.287,6.385
5637,0.77,36.219,25.26,29.875,23.258,5.069,7.369,6.588
5638,0.774,36.369,25.21,29.894,23.254,4.948,7.33,6.468
5639,0.767,36.438,25.232,29.847,23.251,4.988,7.329,6.467
5640,0.77,36.515,25.26,29.846,23.251,4.948,7.248,6.467
5641,0.796,36.248,25.252,29.846,23.261,4.988,7.247,6.467
5642,0.8,36.389,25.264,29.856,23.251,4.948,7.206,6.467
5643,0.781,36.476,25.21,29.817,23.24,4.825,7.125,6.345
5644,0.78,36.525,25.252,29.836,23.247,4.946,7.165,6.425
5645,0.793,36.2,25.237,29.836,23.244,4.988,7.084,6.385
5646,0.81,36.331,25.229,29.836,23.251,4.907,7.123,6.344
5647,0.794,36.428,25.256,29.827,23.244,4.865,7.165,6.425
5648,0.793,36.563,25.233,29.894,23.254,4.987,7.287,6.629
5649,0.793,36.21,25.225,29.885,23.254,4.948,7.125,6.468
5650,0.787,36.302,25.244,29.837,23.254,4.988,7.165,6.507
5651,0.784,36.399,25.28,29.856,23.254,4.988,7.165,6.386
5652,0.784,36.17,25.288,29.865,23.251,4.948,7.206,6.466
5653,0.777,36.254,25.264,29.856,23.254,4.988,7.206,6.386
5654,0.767,36.341,25.253,29.817,23.244,4.826,7.043,6.344
5655,0.774,36.457,25.248,29.846,23.251,4.946,7.082,6.425
5656,0.764,36.036,25.237,29.846,23.247,4.866,7.042,6.426
5657,0.761,36.147,25.241,29.817,23.251,4.824,7.001,6.385
5658,0.757,36.282,25.213,29.827,23.244,4.783,7.041,6.385
5659,0.767,36.36,25.217,29.875,23.254,5.027,7.123,6.547
5660,0.79,36.131,25.252,29.865,23.254,4.907,7.083,6.386
5661,0.777,36.234,25.233,29.837,23.254,4.947,7.083,6.466
5662,0.78,36.36,25.264,29.836,23.258,4.988,7.042,6.507
5663,0.787,36.457,25.237,29.856,23.258,4.988,7.082,6.508
5664,0.797,36.113,25.276,29.856,23.258,4.907,7.042,6.386
5665,0.787,36.215,25.229,29.827,23.244,4.825,6.92,6.385
5666,0.797,36.36,25.221,29.855,23.251,4.905,7.081,6.385
5667,0.797,36.409,25.248,29.837,23.247,4.865,6.961,6.385
5668,0.803,36.064,25.233,29.894,23.244,4.784,6.96,6.385
5669,0.781,36.205,25.178,29.827,23.251,4.864,6.878,6.425
5670,0.78,36.34,25.228,29.855,23.265,5.028,7.081,6.629
5671,0.797,36.399,25.287,29.875,23.254,4.907,6.961,6.428
5672,0.781,36.074,25.253,29.856,23.244,4.947,7.0,6.426
5673,0.78,36.224,25.241,29.837,23.254,4.907,6.96,6.385
5674,0.774,36.331,25.248,29.846,23.261,4.987,7.041,6.385
5675,0.78,36.361,25.233,29.856,23.254,4.866,7.001,6.303
5676,0.764,36.093,25.213,29.817,23.244,4.824,6.96,6.343
5677,0.761,36.215,25.232,29.836,23.258,4.865,7.0,6.384
5678,0.757,36.35,25.248,29.836,23.244,4.906,7.001,6.303
5679,0.767,36.093,25.19,29.846,23.244,4.825,7.001,6.343
5680,0.77,36.042,25.236,29.827,23.24,4.824,7.041,6.384
5681,0.77,36.185,25.225,29.855,23.254,5.027,7.204,6.466
5682,0.803,36.34,25.24,29.884,23.258,4.948,7.165,6.386
5683,0.787,36.016,25.241,29.837,23.254,4.907,7.206,6.507
5684,0.793,36.137,25.268,29.846,23.254,4.865,7.206,6.386
5685,0.8,36.263,25.272,29.856,23.251,4.987,7.287,6.466
5686,0.807,36.36,25.225,29.856,23.258,4.948,7.166,6.386
5687,0.8,36.984,25.276,29.827,23.244,4.785,7.043,6.263
5688,0.794,37.115,25.171,29.846,23.251,4.824,7.204,6.384
5689,0.793,37.251,25.201,29.837,23.251,4.824,7.206,6.344
5690,0.787,37.3,25.209,29.836,23.247,4.824,7.125,6.303
5691,0.777,35.469,25.24,29.836,23.244,4.824,7.165,6.302
5692,0.761,35.594,25.221,29.846,23.258,4.946,7.246,6.425
5693,0.78,35.797,25.225,29.865,23.265,5.029,7.328,6.385
5694,0.777,35.847,25.252,29.837,23.248,4.826,7.289,6.466
5695,0.774,36.174,25.248,29.836,23.254,4.865,7.207,6.426
5696,0.774,36.321,25.241,29.846,23.251,4.906,7.206,6.466
5697,0.774,36.428,25.252,29.846,23.258,4.906,7.206,6.426
5698,0.761,36.477,25.225,29.837,23.247,4.784,7.003,6.344
5699,0.757,35.835,25.19,29.827,23.24,4.824,7.082,6.384
5700,0.774,36.011,25.263,29.836,23.251,4.865,7.205,6.303
5701,0.78,36.118,25.241,29.846,23.244,4.824,7.125,6.343
5702,0.787,36.129,25.221,29.837,23.247,4.824,7.083,6.384
5703,0.784,36.014,25.213,29.836,23.254,4.865,7.123,6.385
5704,0.793,36.175,25.252,29.865,23.265,5.028,7.246,6.507
5705,0.803,36.302,25.241,29.856,23.248,4.826,7.084,6.427
5706,0.797,36.121,25.244,29.846,23.251,4.905,7.123,6.385
5707,0.803,35.86,25.264,29.846,23.251,4.906,7.124,6.466
5708,0.803,36.011,25.241,29.865,23.258,4.947,7.124,6.426
5709,0.79,36.118,25.233,29.837,23.254,4.907,7.124,6.304
5710,0.78,35.889,25.244,29.817,23.237,4.744,7.124,6.302
5711,0.78,36.011,25.245,29.836,23.254,4.864,7.205,6.343
5712,0.784,36.137,25.248,29.836,23.251,4.824,7.165,6.384
5713,0.784,36.225,25.209,29.846,23.247,4.824,7.165,6.303
5714,0.767,35.919,25.209,29.827,23.251,4.824,7.206,6.343
5715,0.774,36.079,25.225,29.865,23.261,4.987,7.369,6.506
5716,0.78,36.234,25.248,29.865,23.251,4.907,7.208,6.345
5717,0.774,36.274,25.248,29.856,23.254,4.825,7.287,6.343
5718,0.777,35.679,25.217,29.856,23.247,4.905,7.329,6.384
5719,0.78,35.846,25.236,29.846,23.254,4.906,7.289,6.466
5720,0.787,35.963,25.252,29.856,23.258,4.865,7.329,6.304
5721,0.78,36.012,25.225,29.827,23.241,4.662,7.207,6.221
5722,0.784,35.965,25.237,29.836,23.244,4.822,7.287,6.383
5723,0.8,36.127,25.229,29.856,23.244,4.865,7.247,6.303
5724,0.794,36.234,25.252,29.827,23.247,4.784,7.247,6.343
5725,0.793,36.264,25.213,29.836,23.247,4.742,7.166,6.343
5726,0.806,35.775,25.217,29.836,23.251,4.864,7.328,6.425
5727,0.807,35.943,25.256,29.875,23.261,4.987,7.37,6.344
5728,0.803,36.031,25.221,29.837,23.251,4.866,7.248,6.343
5729,0.79,36.061,25.233,29.846,23.254,4.906,7.288,6.343
5730,0.793,35.86,25.248,29.827,23.254,4.947,7.329,6.384
5731,0.784,35.982,25.28,29.865,23.254,4.947,7.289,6.507
5732,0.793,36.127,25.253,29.818,23.244,4.744,7.247,6.305
5733,0.771,36.416,25.213,29.827,23.251,4.823,7.288,6.384
5734,0.774,35.873,25.209,29.846,23.247,4.865,7.288,6.344
5735,0.774,35.992,25.213,29.827,23.247,4.824,7.288,6.303
5736,0.767,36.089,25.236,29.836,23.244,4.824,7.288,6.343
5737,0.77,36.09,25.202,29.836,23.244,4.905,7.41,6.303
5738,0.767,36.234,25.197,29.865,23.261,4.987,7.615,6.465
5739,0.793,36.369,25.225,29.865,23.251,4.866,7.535,6.386
5740,0.78,36.428,25.237,29.827,23.251,4.865,7.494,6.425
5741,0.79,35.604,25.244,29.865,23.251,4.824,7.575,6.426
5742,0.8,35.692,25.229,29.856,23.254,4.905,7.616,6.466
5743,0.803,35.827,25.244,29.856,23.251,4.865,7.617,6.304
5744,0.807,35.905,25.209,29.827,23.244,4.784,7.454,6.262
5745,0.803,35.772,25.201,29.836,23.258,4.905,7.534,6.343
5746,0.826,35.914,25.24,29.817,23.244,4.784,7.575,6.343
5747,0.813,36.021,25.205,29.827,23.251,4.824,7.494,6.343
5748,0.813,36.118,25.209,29.817,23.244,4.783,7.534,6.384
5749,0.794,35.649,25.205,29.836,23.251,4.946,7.616,6.466
5750,0.813,35.827,25.26,29.875,23.268,4.988,7.657,6.507
5751,0.803,35.924,25.217,29.856,23.251,4.907,7.617,6.427
5752,0.797,35.992,25.24,29.846,23.251,4.865,7.535,6.466
5753,0.8,35.801,25.241,29.875,23.258,4.946,7.575,6.467
5754,0.803,35.943,25.194,29.865,23.247,4.907,7.575,6.386
5755,0.8,36.041,25.197,29.818,23.24,4.703,7.413,6.263
5756,0.794,36.08,25.267,29.846,23.254,4.782,7.493,6.384
5757,0.813,35.658,25.194,29.827,23.244,4.783,7.494,6.385
5758,0.82,35.798,25.201,29.846,23.247,4.783,7.412,6.385
5759,0.82,35.905,25.213,29.817,23.244,4.742,7.371,6.303
5760,0.839,35.944,25.26,29.846,23.254,4.864,7.533,6.506
5761,0.865,35.858,25.241,29.884,23.258,4.865,7.372,6.467
5762,0.862,35.944,25.217,29.866,23.251,4.906,7.452,6.467
5763,0.869,36.06,25.205,29.856,23.258,4.865,7.371,6.467
5764,0.872,35.869,25.248,29.856,23.258,4.865,7.411,6.467
5765,0.882,35.8,25.217,29.846,23.261,4.906,7.452,6.386
5766,0.885,35.905,25.221,29.817,23.241,4.744,7.249,6.263
5767,0.872,35.992,25.229,29.846,23.251,4.783,7.369,6.384
5768,0.892,35.619,25.244,29.846,23.251,4.783,7.33,6.385
5769,0.876,35.73,25.202,29.827,23.24,4.864,7.248,6.344
5770,0.876,35.837,25.217,29.827,23.244,4.824,7.247,6.384
5771,0.863,35.934,25.236,29.846,23.251,4.824,7.369,6.466
5772,0.869,35.734,25.233,29.875,23.265,4.987,7.37,6.426
5773,0.859,35.827,25.213,29.837,23.248,4.826,7.289,6.426
5774,0.859,35.953,25.232,29.865,23.251,4.865,7.288,6.426
5775,0.859,36.05,25.217,29.846,23.254,4.824,7.288,6.466
5776,0.849,35.735,25.248,29.846,23.254,4.987,7.329,6.386
5777,0.856,35.866,25.233,29.827,23.244,4.785,7.207,6.303
5778,0.853,35.982,25.209,29.827,23.24,4.783,7.125,6.425
5779,0.875,36.06,25.232,29.846,23.251,4.824,7.205,6.344
5780,0.889,35.581,25.24,29.837,23.24,4.865,7.165,6.343
5781,0.885,35.74,25.244,29.817,23.247,4.784,7.124,6.262
5782,0.895,35.837,25.205,29.836,23.247,4.783,7.124,6.343
5783,0.902,35.924,25.221,29.846,23.258,4.946,7.246,6.628
5784,0.912,35.628,25.225,29.884,23.251,4.825,7.125,6.387
5785,0.908,35.75,25.225,29.856,23.251,4.824,7.165,6.466
5786,0.915,35.866,25.24,29.856,23.251,4.865,7.084,6.345
5787,0.912,35.877,25.213,29.846,23.254,4.824,7.123,6.425
5788,0.915,35.647,25.225,29.856,23.251,4.865,7.124,6.344
5789,0.886,35.75,25.209,29.837,23.251,4.824,7.043,6.181
5790,0.876,35.847,25.213,29.817,23.247,4.743,7.082,6.383
5791,0.889,35.934,25.252,29.827,23.251,4.864,7.123,6.263
5792,0.889,35.666,25.237,29.827,23.244,4.784,6.961,6.262
5793,0.889,35.808,25.213,29.817,23.247,4.742,6.96,6.221
5794,0.882,35.876,25.186,29.817,23.251,4.783,7.041,6.342
5795,0.892,35.647,25.228,29.855,23.268,4.946,7.204,6.506
5796,0.886,35.712,25.295,29.865,23.258,4.866,7.084,6.386
5797,0.869,35.808,25.198,29.837,23.254,4.865,7.123,6.303
5798,0.869,35.915,25.228,29.846,23.251,4.906,7.083,6.425
5799,0.876,35.532,25.237,29.846,23.258,4.906,7.083,6.426
5800,0.889,35.643,25.256,29.837,23.251,4.865,7.123,6.304
5801,0.882,35.769,25.237,29.808,23.237,4.784,7.002,6.18
5802,0.872,35.847,25.221,29.826,23.247,4.824,7.082,6.261
5803,0.889,35.598,25.225,29.836,23.251,4.824,7.083,6.302
5804,0.882,35.73,25.213,29.836,23.244,4.783,7.083,6.262
5805,0.879,35.837,25.209,29.836,23.244,4.742,7.083,6.221
5806,0.872,35.905,25.244,29.827,23.247,4.823,7.286,6.342
5807,0.872,35.551,25.213,29.855,23.261,4.946,7.369,6.384
5808,0.885,35.672,25.19,29.856,23.258,4.825,7.248,6.303
5809,0.853,35.808,25.197,29.856,23.254,4.783,7.328,6.302
5810,0.846,35.867,25.26,29.856,23.251,4.824,7.329,6.343
5811,0.836,35.541,25.272,29.865,23.251,4.905,7.41,6.262
5812,0.823,35.701,25.225,29.856,23.254,4.825,7.411,6.302
5813,0.813,35.798,25.225,29.808,23.244,4.702,7.371,6.302
5814,0.807,35.857,25.194,29.826,23.244,4.863,7.452,6.262
5815,0.813,35.522,25.205,29.836,23.247,4.743,7.452,6.262
5816,0.797,35.634,25.268,29.827,23.244,4.823,7.534,6.302
5817,0.784,35.74,25.198,29.836,23.237,4.702,7.494,6.302
5818,0.784,35.818,25.236,29.856,23.258,4.863,7.656,6.506
5819,0.8,35.656,25.225,29.865,23.254,4.824,7.576,6.386
5820,0.794,35.76,25.233,29.846,23.254,4.865,7.575,6.385
5821,0.787,35.857,25.237,29.856,23.251,4.865,7.575,6.425
5822,0.8,35.541,25.229,29.837,23.258,4.865,7.657,6.426
5823,0.807,35.528,25.237,29.856,23.251,4.784,7.576,6.466
5824,0.794,35.643,25.178,29.837,23.251,4.661,7.494,6.182
5825,0.787,35.721,25.205,29.836,23.247,4.782,7.453,6.342
5826,0.793,35.501,25.217,29.836,23.254,4.783,7.615,6.303
5827,0.78,35.605,25.178,29.817,23.247,4.702,7.454,6.343
5828,0.787,35.749,25.201,29.827,23.247,4.742,7.452,6.343
5829,0.764,35.847,25.189,29.817,23.24,4.783,7.493,6.425
5830,0.77,35.483,25.252,29.875,23.258,4.905,7.656,6.548
5831,0.77,35.624,25.221,29.865,23.254,4.825,7.536,6.427
5832,0.761,35.73,25.24,29.846,23.251,4.865,7.534,6.426
5833,0.757,35.808,25.241,29.856,23.261,4.824,7.453,6.385
5834,0.757,35.397,25.166,29.827,23.254,4.824,7.534,6.507
5835,0.754,35.546,25.22,29.846,23.254,4.905,7.494,6.467
5836,0.741,35.634,25.244,29.808,23.237,4.703,7.29,6.467
5837,0.731,35.692,25.205,29.846,23.251,4.823,7.329,6.467
5838,0.731,35.491,25.213,29.837,23.251,4.743,7.37,6.426
5839,0.734,35.614,25.193,29.846,23.24,4.701,7.289,6.426
5840,0.738,35.721,25.224,29.837,23.244,4.701,7.329,6.385
5841,0.734,35.789,25.205,29.846,23.254,4.823,7.37,6.588
5842,0.754,35.464,25.228,29.865,23.261,4.905,7.33,6.59
5843,0.754,35.566,25.205,29.865,23.251,4.784,7.37,6.549
5844,0.748,35.682,25.205,29.837,23.251,4.824,7.452,6.63
5845,0.757,35.721,25.236,29.846,23.251,4.783,7.452,6.55
5846,0.764,35.482,25.237,29.837,23.258,4.824,7.412,6.63
5847,0.77,35.624,25.217,29.827,23.251,4.661,7.249,6.428
5848,0.764,35.711,25.209,29.817,23.251,4.741,7.288,6.588
5849,0.757,35.635,25.229,29.827,23.247,4.823,7.329,6.549
5850,0.748,35.51,25.237,29.827,23.251,4.783,7.289,6.549
5851,0.754,35.633,25.162,29.836,23.251,4.702,7.247,6.508
5852,0.735,35.731,25.201,29.846,23.258,4.863,7.369,6.63
5853,0.751,35.444,25.189,29.884,23.265,4.906,7.452,6.631
5854,0.744,35.479,25.182,29.837,23.254,4.825,7.29,6.55
5855,0.734,35.633,25.209,29.846,23.251,4.824,7.329,6.63
5856,0.731,35.721,25.248,29.865,23.254,4.824,7.37,6.631
5857,0.734,35.463,25.198,29.865,23.261,4.824,7.37,6.509
5858,0.721,35.595,25.221,29.827,23.244,4.743,7.248,6.508
5859,0.721,35.692,25.209,29.827,23.251,4.701,7.328,6.589
5860,0.737,35.779,25.252,29.855,23.251,4.742,7.329,6.509
5861,0.738,35.329,25.198,29.827,23.244,4.742,7.207,6.508
5862,0.741,35.469,25.209,29.817,23.247,4.742,7.287,6.508
5863,0.741,35.595,25.205,29.827,23.244,4.823,7.369,6.63
5864,0.754,35.692,25.232,29.865,23.265,4.905,7.411,6.672
5865,0.754,35.376,25.229,29.837,23.251,4.825,7.33,6.55
5866,0.757,35.507,25.225,29.836,23.258,4.824,7.37,6.549
5867,0.757,35.624,25.244,29.836,23.254,4.824,7.37,6.59
5868,0.764,35.692,25.233,29.856,23.254,4.865,7.33,6.631
5869,0.754,35.357,25.237,29.837,23.251,4.824,7.289,6.509
5870,0.744,35.478,25.217,29.817,23.237,4.743,7.247,6.467
5871,0.738,35.585,25.252,29.846,23.251,4.783,7.369,6.548
5872,0.741,35.644,25.202,29.827,23.244,4.742,7.289,6.549
5873,0.738,35.462,25.193,29.846,23.247,4.701,7.288,6.508
5874,0.728,35.575,25.166,29.837,23.247,4.742,7.288,6.549
5875,0.741,35.73,25.189,29.875,23.265,4.905,7.451,6.712
5876,0.731,35.99,25.256,29.875,23.254,4.825,7.371,6.632
5877,0.728,35.399,25.198,29.856,23.251,4.783,7.37,6.631
5878,0.728,35.546,25.213,29.846,23.251,4.824,7.33,6.672
5879,0.734,35.624,25.236,29.846,23.254,4.824,7.41,6.713
5880,0.744,35.404,25.252,29.865,23.251,4.824,7.371,6.632
5881,0.744,35.412,25.213,29.798,23.244,4.621,7.208,6.55
5882,0.747,35.565,25.201,29.836,23.251,4.741,7.287,6.63
5883,0.751,35.672,25.228,29.836,23.247,4.783,7.288,6.59
5884,0.767,35.213,25.151,29.836,23.251,4.661,7.288,6.59
5885,0.754,35.324,25.173,29.836,23.237,4.741,7.247,6.59
5886,0.761,35.459,25.236,29.846,23.258,4.783,7.41,6.712
5887,0.77,35.604,25.194,29.875,23.258,4.946,7.411,6.672
5888,0.774,35.356,25.201,29.837,23.251,4.744,7.33,6.631
5889,0.767,35.469,25.221,29.846,23.254,4.823,7.248,6.712
5890,0.761,35.614,25.272,29.856,23.247,4.743,7.288,6.713
5891,0.754,35.702,25.206,29.846,23.251,4.864,7.288,6.754
5892,0.754,35.281,25.209,29.827,23.244,4.702,7.166,6.51
5893,0.744,35.372,25.213,29.808,23.247,4.701,7.124,6.63
5894,0.734,35.527,25.143,29.846,23.251,4.701,7.165,6.59
5895,0.741,35.605,25.204,29.837,23.251,4.66,7.206,6.631
5896,0.731,35.289,25.236,29.827,23.24,4.66,7.043,6.631
5897,0.728,35.439,25.166,29.827,23.244,4.741,7.164,6.672
5898,0.731,35.566,25.212,29.875,23.265,4.905,7.328,6.753
5899,0.747,35.605,25.217,29.837,23.254,4.784,7.126,6.673
5900,0.76,35.328,25.272,29.836,23.251,4.783,7.124,6.672
5901,0.79,35.478,25.233,29.856,23.251,4.783,7.083,6.672
5902,0.819,35.595,25.225,29.856,23.251,4.783,7.164,6.753
5903,0.846,35.625,25.225,29.846,23.251,4.783,7.165,6.673
5904,0.866,35.318,25.174,29.817,23.244,4.661,6.962,6.55
5905,0.905,35.459,25.181,29.836,23.251,4.7,7.122,6.63
5906,0.941,35.566,25.244,29.836,23.244,4.701,7.083,6.59
5907,0.951,35.308,25.194,29.817,23.247,4.66,6.961,6.549
5908,0.977,35.219,25.189,29.817,23.251,4.7,6.96,6.59
5909,0.977,35.362,25.193,29.855,23.254,4.863,7.163,6.712
5910,0.994,35.507,25.248,29.875,23.261,4.865,7.002,6.713
5911,1.0,35.173,25.182,29.846,23.244,4.784,7.001,6.672
5912,1.01,35.314,25.224,29.846,23.251,4.824,7.082,6.631
5913,1.036,35.449,25.213,29.846,23.258,4.783,7.042,6.753
5914,1.063,35.547,25.24,29.904,23.258,4.824,7.082,6.673
5915,1.102,35.106,25.198,29.837,23.241,4.661,6.92,6.55
5916,1.132,35.198,25.232,29.817,23.251,4.782,7.0,6.752
5917,1.184,35.362,25.26,29.846,23.254,4.742,7.001,6.673
5918,1.233,35.45,25.186,29.846,23.247,4.742,7.001,6.631
5919,1.276,35.249,25.221,29.817,23.244,4.701,7.001,6.672
5920,1.312,35.381,25.26,29.836,23.254,4.742,7.041,6.672
5921,1.335,35.546,25.233,29.884,23.265,4.864,7.123,6.835
5922,1.342,35.595,25.221,29.837,23.251,4.743,7.043,6.755
5923,1.342,35.184,25.209,29.856,23.251,4.742,7.042,6.714
5924,1.345,35.333,25.147,29.846,23.254,4.783,7.082,6.754
5925,1.388,35.469,25.197,29.846,23.254,4.824,7.123,6.836
5926,1.391,35.518,25.248,29.846,23.254,4.783,7.043,6.796
5927,1.359,35.135,25.213,29.827,23.244,4.661,6.96,6.795
5928,1.342,35.304,25.193,29.855,23.247,4.7,7.041,6.795
5929,1.316,35.411,25.197,29.837,23.247,4.782,7.042,6.836
5930,1.313,35.431,25.236,29.836,23.251,4.742,7.082,6.796
5931,1.296,35.23,25.143,29.836,23.244,4.701,7.042,6.836
5932,1.244,35.372,25.212,29.865,23.258,4.904,7.286,7.162
5933,1.208,35.517,25.217,29.856,23.261,4.784,7.166,7.043
5934,1.133,35.49,25.182,29.865,23.251,4.783,7.206,7.245
5935,1.077,35.24,25.22,29.856,23.247,4.783,7.206,7.328
5936,1.03,35.362,25.26,29.846,23.254,4.864,7.247,7.492
5937,0.978,35.469,25.206,29.875,23.251,4.824,7.328,7.616
5938,0.935,35.24,25.217,29.818,23.244,4.702,7.126,7.698
5939,0.879,35.295,25.221,29.817,23.247,4.742,7.246,8.024
5940,0.83,35.43,25.248,29.836,23.247,4.742,7.247,8.231
5941,0.787,35.537,25.194,29.817,23.251,4.701,7.288,8.436
5942,0.761,35.078,25.197,29.827,23.244,4.701,7.247,8.601
5943,0.728,35.198,25.209,29.836,23.251,4.782,7.369,8.927
5944,0.712,35.362,25.174,29.875,23.261,4.864,7.411,9.093
5945,0.682,35.44,25.205,29.846,23.254,4.743,7.33,9.258
5946,0.659,35.211,25.232,29.846,23.247,4.742,7.37,9.3
5947,0.646,35.372,25.201,29.846,23.254,4.823,7.37,9.463
5948,0.633,35.507,25.228,29.837,23.254,4.865,7.37,9.546
5949,0.639,35.585,25.221,29.836,23.247,4.743,7.248,9.628
5950,0.639,35.145,25.272,29.808,23.24,4.701,7.328,9.629
5951,0.675,35.323,25.21,29.836,23.247,4.742,7.37,9.71
5952,0.714,35.459,25.178,29.846,23.247,4.742,7.33,9.792
5953,0.734,35.489,25.193,29.827,23.254,4.701,7.329,9.834
5954,0.751,35.096,25.178,29.855,23.251,4.742,7.37,10.078
5955,0.783,35.274,25.197,29.884,23.261,4.905,7.573,10.203
5956,0.8,35.372,25.26,29.837,23.254,4.703,7.454,10.285
5957,0.803,35.421,25.249,29.903,23.251,4.742,7.452,10.489
5958,0.81,35.22,25.186,29.856,23.251,4.823,7.452,10.735
5959,0.826,35.352,25.256,29.856,23.258,4.865,7.534,10.9
5960,0.82,35.469,25.288,29.856,23.254,4.702,7.372,10.943
5961,0.823,35.585,25.222,29.827,23.247,4.701,7.452,11.146
5962,0.839,35.299,25.24,29.836,23.254,4.823,7.371,11.393
5963,0.833,35.43,25.194,29.836,23.251,4.783,7.452,11.476
5964,0.836,35.518,25.166,29.817,23.244,4.702,7.371,11.518
5965,0.839,35.183,25.193,29.827,23.244,4.66,7.411,11.721
5966,0.852,35.17,25.248,29.865,23.265,4.944,7.574,11.846
5967,0.853,35.323,25.174,29.846,23.251,4.825,7.372,11.765
5968,0.846,35.411,25.197,29.837,23.251,4.824,7.492,11.764
5969,0.84,35.143,25.24,29.836,23.247,4.824,7.412,11.805
5970,0.826,35.275,25.268,29.856,23.254,4.824,7.452,11.724
5971,0.82,35.382,25.206,29.846,23.254,4.783,7.452,11.723
5972,0.807,35.469,25.189,29.798,23.244,4.661,7.371,11.601
5973,0.81,35.01,25.213,29.836,23.247,4.741,7.37,11.519
5974,0.813,35.216,25.217,29.856,23.251,4.742,7.37,11.396
5975,0.807,35.295,25.19,29.837,23.251,4.701,7.289,11.314
5976,0.8,35.363,25.244,29.817,23.244,4.742,7.329,11.313
5977,0.8,35.066,25.155,29.875,23.254,4.783,7.41,11.313
5978,0.807,35.217,25.208,29.865,23.261,4.864,7.411,11.232
5979,0.813,35.324,25.209,29.856,23.244,4.824,7.33,11.027
5980,0.813,35.373,25.244,29.827,23.254,4.783,7.329,10.985
5981,0.826,35.095,25.237,29.836,23.254,4.824,7.37,10.903
5982,0.826,35.246,25.225,29.856,23.258,4.824,7.33,10.861
5983,0.823,35.353,25.225,29.827,23.244,4.661,7.207,10.617
5984,0.813,35.383,25.162,29.836,23.251,4.741,7.328,10.615
5985,0.829,35.057,25.201,29.827,23.251,4.742,7.248,10.533
5986,0.836,35.169,25.264,29.817,23.251,4.742,7.206,10.37
5987,0.836,35.304,25.143,29.836,23.24,4.661,7.165,10.328
5988,0.83,35.334,25.201,29.798,23.247,4.782,7.287,10.286
5989,0.839,35.085,25.197,29.865,23.265,4.905,7.369,10.286
5990,0.83,35.198,25.256,29.837,23.254,4.744,7.208,10.083
5991,0.823,35.314,25.194,29.836,23.254,4.742,7.206,10.04
5992,0.82,35.258,25.236,29.836,23.258,4.742,7.206,9.918
5993,0.82,35.19,25.217,29.856,23.261,4.783,7.165,9.876
5994,0.82,35.333,25.229,29.894,23.251,4.702,7.165,9.672
5995,0.817,35.43,25.174,29.808,23.244,4.66,7.002,9.548
5996,0.8,34.981,25.256,29.836,23.247,4.782,7.123,9.588
5997,0.813,35.082,25.19,29.856,23.244,4.824,7.083,9.466
5998,0.803,35.198,25.189,29.827,23.251,4.702,7.042,9.343
5999,0.8,35.295,25.205,29.827,23.247,4.701,7.042,9.26
6000,0.816,35.094,25.244,29.846,23.258,4.823,7.164,9.341
6001,0.833,35.274,25.221,29.865,23.261,4.824,7.124,9.219
6002,0.826,35.372,25.197,29.827,23.251,4.743,7.002,9.096
6003,0.83,35.469,25.189,29.827,23.247,4.783,7.082,9.054
6004,0.836,34.808,25.185,29.855,23.251,4.783,7.042,8.973
6005,0.843,34.984,25.205,29.856,23.251,4.742,7.042,8.891
6006,0.839,35.082,25.244,29.817,23.251,4.661,6.92,8.687
6007,0.833,35.121,25.116,29.836,23.247,4.66,6.959,8.684
6008,0.846,35.083,25.204,29.846,23.247,4.741,7.0,8.603
6009,0.836,35.236,25.197,29.837,23.244,4.661,6.919,8.521
6010,0.83,35.324,25.244,29.827,23.247,4.741,6.959,8.479
6011,0.82,35.411,25.166,29.836,23.247,4.701,7.0,8.52
6012,0.817,35.048,25.154,29.856,23.261,4.823,7.082,8.601
6013,0.833,35.188,25.224,29.846,23.251,4.824,6.961,8.399
6014,0.826,35.304,25.217,29.827,23.251,4.783,7.0,8.356
6015,0.823,35.325,25.205,29.836,23.254,4.783,6.919,8.356
6016,0.823,35.027,25.197,29.846,23.258,4.824,6.919,8.275
6017,0.82,35.188,25.248,29.846,23.254,4.743,7.0,8.193
6018,0.82,35.275,25.198,29.817,23.234,4.579,6.919,8.151
6019,0.826,35.497,25.252,29.836,23.254,4.659,6.919,8.11
6020,0.826,35.068,25.26,29.836,23.254,4.741,6.919,8.109
6021,0.833,35.197,25.221,29.836,23.247,4.701,6.919,7.947
6022,0.833,35.295,25.194,29.827,23.244,4.701,7.0,7.986
6023,0.843,34.941,25.205,29.855,23.251,4.782,7.082,8.068
6024,0.853,35.024,25.225,29.942,23.261,4.824,7.123,8.028
6025,0.843,35.111,25.201,29.847,23.247,4.743,7.124,7.946
6026,0.859,35.198,25.217,29.846,23.254,4.701,7.083,7.945
6027,0.859,34.988,25.158,29.856,23.254,4.782,7.083,7.864
6028,0.853,35.12,25.209,29.837,23.251,4.824,7.123,7.782
6029,0.853,35.227,25.221,29.827,23.244,4.702,7.002,7.618
6030,0.84,35.285,25.244,29.817,23.244,4.742,7.041,7.739
6031,0.846,34.922,25.127,29.846,23.247,4.742,7.042,7.659
6032,0.833,35.052,25.228,29.837,23.244,4.701,7.042,7.617
6033,0.826,35.178,25.178,29.817,23.244,4.701,7.042,7.535
6034,0.833,35.247,25.205,29.817,23.247,4.782,7.123,7.697
6035,0.843,35.008,25.205,29.875,23.265,4.864,7.205,7.74
6036,0.833,35.111,25.228,29.846,23.251,4.702,7.125,7.659
6037,0.83,35.256,25.237,29.837,23.258,4.782,7.124,7.576
6038,0.83,35.324,25.174,29.836,23.254,4.824,7.083,7.575
6039,0.839,34.778,25.259,29.856,23.251,4.824,7.123,7.535
6040,0.846,34.926,25.272,29.837,23.251,4.783,7.083,7.453
6041,0.84,35.024,25.214,29.808,23.24,4.661,7.042,7.452
6042,0.843,35.101,25.217,29.836,23.251,4.782,7.123,7.371
6043,0.846,35.025,25.193,29.827,23.251,4.742,7.043,7.411
6044,0.853,35.149,25.143,29.836,23.254,4.701,6.92,7.33
6045,0.849,35.256,25.154,29.827,23.24,4.742,6.959,7.37
6046,0.866,35.295,25.228,29.846,23.254,4.864,7.163,7.452
6047,0.876,34.96,25.131,29.865,23.261,4.865,7.124,7.29
6048,0.869,35.053,25.161,29.827,23.251,4.743,7.124,7.329
6049,0.879,35.159,25.209,29.836,23.251,4.742,7.124,7.329
6050,0.856,35.045,25.264,29.836,23.254,4.783,7.124,7.329
6051,0.862,35.044,25.21,29.846,23.254,4.783,7.083,7.289
6052,0.843,35.159,25.236,29.808,23.244,4.62,7.042,7.125
6053,0.836,35.246,25.217,29.826,23.247,4.741,7.082,7.246
6054,0.839,34.912,25.193,29.836,23.254,4.742,7.083,7.206
6055,0.836,35.023,25.185,29.827,23.247,4.701,7.042,7.165
6056,0.836,35.13,25.224,29.827,23.244,4.742,7.042,7.165
6057,0.839,35.217,25.205,29.875,23.244,4.783,7.123,7.246
6058,0.843,34.911,25.201,29.856,23.261,4.905,7.205,7.206
6059,0.849,35.033,25.236,29.827,23.258,4.744,7.125,7.165
6060,0.849,35.149,25.276,29.846,23.254,4.823,7.083,7.124
6061,0.862,35.237,25.229,29.837,23.258,4.824,7.123,7.124
6062,0.879,34.797,25.272,29.846,23.251,4.824,7.083,7.165
6063,0.876,34.945,25.217,29.827,23.254,4.58,6.92,7.043
6064,0.866,35.052,25.154,29.817,23.247,4.74,7.081,7.123
6065,0.872,35.13,25.193,29.827,23.247,4.783,7.042,7.043
6066,0.869,34.872,25.232,29.827,23.244,4.742,7.042,6.879
6067,0.879,35.013,25.174,29.836,23.247,4.701,7.001,7.0
6068,0.879,35.13,25.138,29.836,23.251,4.742,7.041,7.041
6069,0.882,35.208,25.204,29.836,23.258,4.905,7.204,7.164
6070,0.889,34.959,25.232,29.836,23.258,4.825,7.125,7.043
6071,0.866,35.053,25.201,29.817,23.254,4.783,7.083,7.082
6072,0.876,35.188,25.252,29.846,23.244,4.824,7.123,7.002
6073,0.866,35.237,25.209,29.846,23.254,4.783,7.165,7.041
6074,0.866,34.912,25.225,29.827,23.261,4.783,7.124,7.001
6075,0.859,35.033,25.155,29.779,23.237,4.661,7.002,6.879
6076,0.846,35.14,25.232,29.826,23.251,4.741,7.082,7.0
6077,0.849,35.112,25.221,29.846,23.251,4.742,7.083,6.96
6078,0.853,34.93,25.186,29.808,23.24,4.742,7.042,6.919
6079,0.853,35.043,25.205,29.817,23.237,4.701,7.001,6.959
6080,0.872,35.14,25.209,29.817,23.254,4.782,7.123,7.041
6081,0.889,34.834,25.229,29.875,23.261,4.905,7.165,7.001
6082,0.882,34.869,25.217,29.827,23.251,4.784,7.084,6.96
6083,0.892,35.023,25.205,29.836,23.251,4.824,7.083,7.0
6084,0.879,35.101,25.225,29.865,23.254,4.824,7.123,7.001
6085,0.892,34.776,25.19,29.837,23.254,4.824,7.083,6.96
6086,0.895,34.907,25.244,29.836,23.258,4.783,6.961,6.838
6087,0.895,35.004,25.174,29.808,23.247,4.742,7.041,6.877
6088,0.915,35.12,25.177,29.817,23.247,4.783,7.001,6.877
6089,0.892,34.767,25.236,29.827,23.251,4.783,7.041,6.837
6090,0.889,34.907,25.229,29.817,23.24,4.702,6.92,6.877
6091,0.879,35.023,25.151,29.827,23.244,4.782,7.0,6.877
6092,0.885,35.14,25.197,29.865,23.268,4.986,7.123,7.04
6093,0.895,34.7,25.197,29.837,23.251,4.785,7.043,6.92
6094,0.892,34.858,25.201,29.865,23.254,4.783,6.96,6.837
6095,0.882,34.965,25.182,29.827,23.254,4.824,7.0,6.918
6096,0.885,35.043,25.248,29.836,23.254,4.824,7.041,6.959
6097,0.882,34.862,25.202,29.894,23.251,4.783,6.96,6.878
6098,0.879,34.994,25.189,29.818,23.237,4.661,6.838,6.796
6099,0.879,35.082,25.205,29.836,23.251,4.741,6.918,6.836
6100,0.889,35.121,25.209,29.817,23.251,4.742,6.878,6.837
6101,0.869,34.805,25.201,29.836,23.244,4.742,6.918,6.755
6102,0.892,34.965,25.17,29.808,23.247,4.701,6.837,6.754
6103,0.895,35.072,25.162,29.826,23.254,4.823,6.958,6.876
6104,0.908,35.466,25.22,29.875,23.261,4.824,7.041,6.959
6105,0.912,34.856,25.19,29.837,23.254,4.783,6.96,6.838
6106,0.908,34.965,25.244,29.836,23.254,4.824,7.0,6.796
6107,0.915,35.062,25.198,29.827,23.251,4.783,7.001,6.836
6108,0.918,34.795,25.197,29.836,23.254,4.824,7.001,6.796
6109,0.902,34.792,25.252,29.846,23.244,4.743,6.879,6.673
6110,0.892,34.888,25.206,29.808,23.237,4.742,6.959,6.794
6111,0.908,35.033,25.217,29.817,23.251,4.742,6.919,6.795
6112,0.899,34.737,25.166,29.827,23.244,4.742,6.959,6.755
6113,0.899,34.859,25.177,29.817,23.247,4.742,6.919,6.673
6114,0.895,34.994,25.181,29.827,23.247,4.742,7.0,6.794
6115,0.915,35.13,25.174,29.875,23.261,4.823,7.082,6.917
6116,0.912,34.786,25.216,29.837,23.254,4.783,6.961,6.837
6117,0.905,34.907,25.19,29.836,23.244,4.783,6.878,6.837
6118,0.899,35.052,25.166,29.836,23.254,4.783,7.04,6.837
6119,0.912,35.121,25.267,29.846,23.254,4.783,7.001,6.877
6120,0.915,34.671,25.237,29.856,23.251,4.783,6.838,6.796
6121,0.915,34.8,25.221,29.798,23.237,4.58,6.796,6.714
6122,0.931,34.955,25.182,29.846,23.254,4.74,6.877,6.794
6123,0.941,35.024,25.201,29.846,23.251,4.742,6.877,6.795
6124,0.932,34.746,25.189,29.827,23.251,4.701,6.877,6.714
6125,0.928,34.887,25.162,29.817,23.251,4.742,6.877,6.713
6126,0.944,35.014,25.232,29.855,23.261,4.864,7.04,6.916
6127,0.958,35.101,25.221,29.894,23.254,4.824,6.96,6.756
6128,0.958,34.92,25.182,29.837,23.244,4.743,6.96,6.714
6129,0.948,35.052,25.236,29.827,23.247,4.823,6.919,6.672
6130,0.948,35.169,25.202,29.865,23.251,4.824,6.959,6.875
6131,0.951,35.218,25.232,29.856,23.258,4.865,7.0,6.877
6132,0.948,34.806,25.194,29.817,23.247,4.702,6.838,6.715
6133,0.925,34.917,25.193,29.836,23.247,4.742,6.958,6.713
6134,0.938,35.052,25.209,29.846,23.261,4.783,6.96,6.754
6135,0.941,34.967,25.154,29.837,23.254,4.742,6.878,6.714
6136,0.932,34.909,25.181,29.827,23.251,4.701,6.918,6.713
6137,0.935,35.062,25.193,29.846,23.244,4.742,7.0,6.835
6138,0.941,35.188,25.178,29.875,23.265,4.905,7.123,6.837
6139,0.954,34.902,25.248,29.837,23.244,4.744,7.043,6.796
6140,0.954,34.994,25.213,29.856,23.251,4.823,7.082,6.836
6141,0.964,35.13,25.221,29.837,23.254,4.824,7.002,6.796
6142,0.977,35.227,25.209,29.856,23.254,4.824,7.001,6.836
6143,0.977,34.931,25.209,29.856,23.251,4.783,7.001,6.714
6144,0.964,35.033,25.186,29.837,23.237,4.661,6.96,6.713
6145,0.971,35.168,25.158,29.846,23.251,4.782,7.041,6.672
6146,0.977,35.247,25.197,29.837,23.254,4.661,6.96,6.713
6147,0.997,34.873,25.17,29.827,23.251,4.741,7.0,6.632
6148,0.991,34.994,25.174,29.827,23.251,4.783,7.001,6.672
6149,0.984,35.149,25.216,29.855,23.258,4.905,7.204,6.875
6150,1.007,35.246,25.197,29.875,23.261,4.865,7.206,6.674
6151,0.991,35.084,25.217,29.865,23.254,4.824,7.165,6.753
6152,0.987,35.217,25.221,29.856,23.251,4.783,7.206,6.714
6153,0.984,35.362,25.233,29.865,23.254,4.824,7.206,6.754
6154,0.994,35.411,25.166,29.875,23.247,4.783,7.287,6.632
6155,0.981,35.143,25.166,29.808,23.237,4.702,7.166,6.59
6156,0.977,35.285,25.248,29.846,23.254,4.701,7.246,6.671
6157,0.974,35.401,25.206,29.856,23.247,4.823,7.288,6.672
6158,0.987,35.441,25.193,29.837,23.244,4.702,7.247,6.631
6159,0.991,35.431,25.205,29.846,23.244,4.701,7.247,6.672
6160,1.01,35.575,25.225,29.865,23.258,4.945,7.45,6.835
6161,1.023,35.72,25.174,29.885,23.261,4.866,7.33,6.633
6162,1.014,35.779,25.174,29.856,23.251,4.824,7.289,6.672
6163,1.033,35.416,25.216,29.856,23.251,4.824,7.369,6.672
6164,1.037,35.556,25.209,29.846,23.247,4.865,7.411,6.713
6165,1.046,35.672,25.201,29.856,23.258,4.824,7.411,6.632
6166,1.053,35.616,25.209,29.827,23.237,4.702,7.208,6.55
6167,1.04,35.721,25.197,29.846,23.251,4.742,7.287,6.59
6168,1.059,35.856,25.217,29.846,23.247,4.783,7.247,6.549
6169,1.053,35.944,25.225,29.856,23.247,4.702,7.288,6.549
6170,1.05,35.638,25.19,29.837,23.247,4.823,7.247,6.59
6171,1.043,35.779,25.189,29.856,23.254,4.824,7.328,6.631
6172,1.063,35.933,25.193,29.894,23.268,4.946,7.37,6.631
6173,1.056,36.012,25.205,29.856,23.251,4.785,7.289,6.672
6174,1.053,35.84,25.182,29.856,23.247,4.783,7.329,6.631
6175,1.066,35.953,25.197,29.856,23.258,4.824,7.248,6.672
6176,1.056,36.089,25.236,29.875,23.251,4.824,7.288,6.713
6177,1.066,36.176,25.217,29.865,23.244,4.824,7.125,6.591
6178,1.053,36.148,25.19,29.818,23.244,4.783,7.165,6.631
6179,1.06,36.301,25.221,29.855,23.251,4.742,7.165,6.55
6180,1.076,36.437,25.236,29.856,23.247,4.742,7.124,6.63
6181,1.066,36.477,25.198,29.846,23.247,4.701,7.124,6.509
6182,1.092,36.151,25.185,29.837,23.251,4.742,7.165,6.589
6183,1.102,36.301,25.193,29.875,23.258,4.905,7.287,6.793
6184,1.109,36.456,25.189,29.865,23.251,4.744,7.247,6.592
6185,1.109,36.477,25.189,29.856,23.251,4.783,7.206,6.712
6186,1.119,36.497,25.217,29.856,23.251,4.783,7.206,6.632
6187,1.125,36.641,25.213,29.875,23.251,4.783,7.287,6.672
6188,1.132,36.748,25.19,29.865,23.247,4.864,7.288,6.631
6189,1.122,36.768,25.224,29.827,23.24,4.662,7.125,6.509
6190,1.102,36.576,25.205,29.875,23.254,4.822,7.246,6.589
6191,1.115,36.708,25.189,29.865,23.244,4.743,7.166,6.59
6192,1.115,36.806,25.189,29.856,23.251,4.783,7.246,6.549
6193,1.115,36.759,25.205,29.837,23.247,4.702,7.166,6.508
6194,1.099,36.816,25.17,29.856,23.251,4.863,7.287,6.63
6195,1.125,36.951,25.201,29.894,23.258,4.946,7.41,6.672
6196,1.119,37.038,25.205,29.866,23.247,4.866,7.33,6.631
6197,1.122,36.809,25.209,29.894,23.251,4.824,7.329,6.631
6198,1.125,36.941,25.193,29.885,23.251,4.865,7.37,6.631
6199,1.125,37.057,25.236,29.866,23.254,4.865,7.37,6.672
6200,1.135,37.126,25.237,29.865,23.247,4.784,7.289,6.55
6201,1.122,37.011,25.194,29.846,23.24,4.742,7.369,6.508
6202,1.148,37.154,25.205,29.865,23.244,4.783,7.452,6.508
6203,1.142,37.28,25.186,29.856,23.247,4.742,7.412,6.467
6204,1.158,37.339,25.158,29.894,23.247,4.742,7.411,6.507
6205,1.161,37.128,25.162,29.856,23.247,4.783,7.493,6.549
6206,1.161,37.28,25.236,29.884,23.261,4.905,7.656,6.671
6207,1.184,37.435,25.229,29.894,23.258,4.784,7.576,6.509
6208,1.181,37.455,25.194,29.856,23.251,4.742,7.535,6.549
6209,1.168,37.245,25.217,29.865,23.254,4.823,7.616,6.59
6210,1.168,37.377,25.229,29.875,23.251,4.824,7.535,6.549
6211,1.158,37.493,25.151,29.885,23.254,4.783,7.575,6.59
6212,1.165,37.542,25.197,29.866,23.251,4.661,7.454,6.346
6213,1.148,37.37,25.205,29.846,23.244,4.741,7.615,6.466
6214,1.148,37.522,25.186,29.884,23.254,4.742,7.495,6.467
6215,1.148,37.629,25.189,29.875,23.244,4.783,7.534,6.507
6216,1.155,37.64,25.201,29.865,23.251,4.702,7.453,6.508
6217,1.139,37.563,25.186,29.875,23.247,4.823,7.574,6.549
6218,1.151,37.725,25.178,29.904,23.272,4.946,7.616,6.63
6219,1.152,37.784,25.209,29.856,23.251,4.825,7.576,6.55
6220,1.155,37.679,25.236,29.875,23.254,4.743,7.535,6.468
6221,1.168,37.544,25.202,29.885,23.251,4.864,7.616,6.548
6222,1.158,37.658,25.209,29.894,23.251,4.824,7.454,6.59
6223,1.171,37.745,25.221,29.875,23.251,4.783,7.33,6.468
6224,1.155,37.631,25.209,29.856,23.247,4.783,7.329,6.589
6225,1.158,37.783,25.193,29.894,23.251,4.783,7.37,6.549
6226,1.168,37.881,25.182,29.866,23.254,4.864,7.37,6.468
6227,1.165,37.968,25.193,29.865,23.247,4.865,7.33,6.467
6228,1.145,37.633,25.205,29.865,23.247,4.784,7.329,6.507
6229,1.165,37.774,25.236,29.894,23.258,4.986,7.492,6.67
6230,1.161,37.89,25.198,29.885,23.251,4.826,7.371,6.55
6231,1.142,37.959,25.221,29.875,23.251,4.783,7.411,6.63
6232,1.129,37.787,25.233,29.875,23.254,4.864,7.411,6.55
6233,1.119,37.938,25.201,29.904,23.254,4.906,7.411,6.671
6234,1.112,38.026,25.213,29.875,23.251,4.825,7.33,6.55
6235,1.099,38.085,25.197,29.856,23.24,4.743,7.167,6.468
6236,1.093,37.826,25.158,29.875,23.247,4.783,7.368,6.589
6237,1.086,37.968,25.181,29.885,23.251,4.824,7.248,6.549
6238,1.083,38.074,25.201,29.875,23.251,4.783,7.328,6.508
6239,1.076,38.104,25.213,29.875,23.247,4.661,7.167,6.549
6240,1.076,37.788,25.174,29.875,23.254,4.822,7.328,6.63
6241,1.083,37.986,25.197,29.923,23.258,4.946,7.329,6.631
6242,1.07,38.056,25.205,29.895,23.254,4.785,7.207,6.631
6243,1.066,38.085,25.209,29.904,23.251,4.824,7.247,6.631
6244,1.06,37.893,25.205,29.904,23.254,4.783,7.288,6.631
6245,1.063,38.007,25.189,29.895,23.258,4.864,7.247,6.631
6246,1.05,38.113,25.205,29.866,23.241,4.702,7.044,6.509
6247,1.037,38.412,25.205,29.885,23.254,4.782,7.164,6.589
6248,1.043,37.926,25.209,29.885,23.251,4.824,7.084,6.59
6249,1.024,38.026,25.229,29.866,23.247,4.702,7.123,6.549
6250,1.014,38.113,25.209,29.885,23.251,4.701,7.083,6.549
6251,1.001,37.961,25.162,29.894,23.251,4.863,7.245,6.671
6252,1.0,38.036,25.177,29.923,23.261,4.824,7.288,6.631
6253,0.978,38.123,25.189,29.895,23.251,4.865,7.288,6.631
6254,0.971,38.22,25.205,29.904,23.258,4.824,7.288,6.59
6255,0.961,37.789,25.217,29.914,23.258,4.783,7.288,6.631
6256,0.955,37.9,25.205,29.904,23.254,4.824,7.369,6.631
6257,0.938,38.016,25.209,29.885,23.247,4.661,7.37,6.468
6258,0.925,38.075,25.182,29.875,23.251,4.782,7.452,6.67
6259,0.935,38.191,25.24,29.894,23.251,4.824,7.493,6.509
6260,0.931,38.326,25.221,29.885,23.251,4.824,7.534,6.63
6261,0.931,38.433,25.19,29.885,23.247,4.702,7.534,6.59
6262,0.922,38.501,25.193,29.914,23.261,4.904,7.738,6.793
6263,0.941,37.629,25.201,29.923,23.258,4.784,7.699,6.673
6264,0.922,37.726,25.193,29.895,23.247,4.783,7.658,6.672
6265,0.918,37.852,25.174,29.904,23.258,4.864,7.698,6.631
6266,0.928,37.901,25.201,29.895,23.251,4.906,7.78,6.672
6267,0.922,37.92,25.217,29.914,23.251,4.865,7.7,6.631
6268,0.912,38.045,25.186,29.876,23.244,4.702,7.658,6.468
6269,0.886,38.152,25.228,29.894,23.251,4.742,7.658,6.629
6270,0.882,38.201,25.24,29.904,23.251,4.701,7.698,6.631
6271,0.885,37.837,25.077,29.904,23.251,4.823,7.618,6.55
6272,0.876,37.948,25.184,29.885,23.251,4.743,7.576,6.63
6273,0.859,38.065,25.158,29.894,23.254,4.905,7.738,6.672
6274,0.856,38.114,25.185,29.933,23.265,4.906,7.821,6.672
6275,0.849,37.865,25.189,29.895,23.251,4.865,7.741,6.591
6276,0.843,37.987,25.224,29.933,23.251,4.824,7.74,6.671
6277,0.833,38.103,25.197,29.914,23.251,4.905,7.821,6.713
6278,0.833,37.894,25.182,29.933,23.258,4.825,7.781,6.754
6279,0.833,37.815,25.267,29.895,23.244,4.743,7.659,6.51
6280,0.836,37.92,25.221,29.875,23.24,4.742,7.617,6.63
6281,0.833,38.036,25.225,29.904,23.251,4.864,7.698,6.59
6282,0.833,37.864,25.186,29.904,23.258,4.824,7.699,6.549
6283,0.836,37.968,25.162,29.914,23.244,4.824,7.74,6.508
6284,0.833,38.084,25.158,29.876,23.247,4.743,7.618,6.549
6285,0.833,38.181,25.185,29.923,23.254,4.945,7.779,6.712
6286,0.852,37.693,25.193,29.933,23.258,4.825,7.7,6.551
6287,0.846,37.813,25.197,29.904,23.251,4.783,7.658,6.63
6288,0.843,37.958,25.189,29.933,23.251,4.824,7.698,6.631
6289,0.839,38.026,25.26,29.914,23.254,4.865,7.74,6.631
6290,0.826,37.72,25.19,29.943,23.254,4.865,7.699,6.509
6291,0.817,37.842,25.189,29.895,23.24,4.743,7.658,6.508
6292,0.813,37.939,25.185,29.914,23.251,4.823,7.698,6.589
6293,0.807,38.026,25.185,29.914,23.251,4.783,7.699,6.509
6294,0.8,37.797,25.205,29.904,23.244,4.783,7.699,6.508
6295,0.8,37.948,25.158,29.895,23.247,4.742,7.618,6.508
6296,0.79,38.036,25.193,29.904,23.247,4.864,7.739,6.63
6297,0.8,38.142,25.178,29.962,23.265,4.987,7.821,6.631
6298,0.787,37.913,25.174,29.924,23.251,4.866,7.7,6.631
6299,0.793,38.016,25.228,29.914,23.258,4.824,7.78,6.59
6300,0.803,38.104,25.217,29.923,23.251,4.865,7.74,6.631
6301,0.81,38.162,25.221,29.933,23.254,4.824,7.781,6.631
6302,0.81,37.616,25.178,29.914,23.254,4.783,7.618,6.387
6303,0.797,37.726,25.209,29.904,23.247,4.824,7.82,6.547
6304,0.816,37.842,25.19,29.923,23.251,4.905,7.781,6.468
6305,0.813,37.862,25.182,29.923,23.244,4.906,7.781,6.467
6306,0.803,37.651,25.15,29.904,23.251,4.784,7.74,6.467
6307,0.823,37.774,25.181,29.914,23.251,4.864,7.821,6.629
6308,0.833,37.9,25.197,29.962,23.261,4.987,7.863,6.55
6309,0.826,37.719,25.201,29.905,23.251,4.826,7.863,6.508
6310,0.817,37.803,25.166,29.923,23.251,4.865,7.822,6.63
6311,0.813,37.948,25.173,29.933,23.254,4.906,7.822,6.509
6312,0.81,38.026,25.216,29.933,23.261,4.865,7.822,6.549
6313,0.8,37.548,25.209,29.933,23.254,4.784,7.7,6.386
6314,0.781,37.648,25.178,29.914,23.247,4.783,7.78,6.507
6315,0.793,37.784,25.197,29.923,23.244,4.824,7.7,6.467
6316,0.784,37.871,25.158,29.933,23.247,4.743,7.74,6.507
6317,0.787,37.632,25.181,29.904,23.251,4.742,7.618,6.427
6318,0.787,37.764,25.189,29.933,23.247,4.783,7.739,6.507
6319,0.79,37.9,25.221,29.971,23.265,5.027,7.781,6.63
6320,0.813,37.988,25.174,29.943,23.258,4.785,7.618,6.468
6321,0.807,37.605,25.158,29.952,23.247,4.905,7.657,6.507
6322,0.813,37.735,25.189,29.943,23.251,4.865,7.617,6.508
6323,0.816,37.871,25.221,29.943,23.254,4.865,7.617,6.467
6324,0.826,37.92,25.197,29.952,23.254,4.865,7.535,6.507
6325,0.817,37.662,25.182,29.933,23.24,4.702,7.453,6.345
6326,0.81,37.793,25.193,29.924,23.251,4.782,7.452,6.425
6327,0.82,37.91,25.197,29.923,23.254,4.783,7.452,6.466
6328,0.826,37.94,25.174,29.933,23.247,4.742,7.33,6.426
6329,0.81,37.508,25.22,29.933,23.244,4.783,7.37,6.344
6330,0.81,37.658,25.182,29.933,23.251,4.824,7.452,6.466
6331,0.81,37.803,25.189,29.971,23.261,4.987,7.534,6.507
6332,0.807,38.025,25.162,29.943,23.251,4.785,7.372,6.427
6333,0.8,37.644,25.185,29.952,23.254,4.824,7.411,6.385
6334,0.8,37.764,25.197,29.962,23.251,4.865,7.493,6.425
6335,0.803,37.881,25.213,29.953,23.254,4.784,7.453,6.426
6336,0.797,37.623,25.193,29.953,23.251,4.783,7.371,6.426
6337,0.787,37.62,25.189,29.933,23.24,4.783,7.33,6.385
6338,0.793,37.774,25.174,29.962,23.254,4.742,7.41,6.385
6339,0.79,37.842,25.224,29.953,23.251,4.742,7.371,6.466
6340,0.8,37.536,25.166,29.943,23.244,4.742,7.37,6.386
6341,0.8,37.658,25.181,29.962,23.247,4.742,7.492,6.588
6342,0.816,37.803,25.181,29.981,23.254,4.905,7.534,6.631
6343,0.826,37.9,25.174,29.982,23.251,4.865,7.412,6.509
6344,0.813,37.479,25.201,29.962,23.251,4.865,7.493,6.508
6345,0.823,37.628,25.193,29.962,23.251,4.865,7.534,6.467
6346,0.833,37.726,25.17,29.972,23.254,4.906,7.534,6.507
6347,0.836,37.823,25.181,29.962,23.251,4.825,7.412,6.345
6348,0.833,37.526,25.178,29.924,23.244,4.702,7.289,6.384
6349,0.82,37.658,25.232,29.962,23.251,4.782,7.451,6.385
6350,0.82,37.784,25.151,29.953,23.247,4.742,7.33,6.425
6351,0.807,37.833,25.162,29.953,23.251,4.742,7.329,6.426
6352,0.8,37.574,25.173,29.962,23.244,4.742,7.37,6.426
6353,0.81,37.716,25.181,29.991,23.261,4.986,7.492,6.629
6354,0.807,37.871,25.209,29.982,23.251,4.866,7.412,6.509
6355,0.797,37.872,25.19,29.962,23.247,4.824,7.411,6.508
6356,0.794,37.632,25.15,29.972,23.254,4.824,7.33,6.549
6357,0.793,37.783,25.165,29.981,23.258,4.905,7.37,6.468
6358,0.8,37.89,25.185,29.982,23.261,4.825,7.33,6.507
6359,0.797,37.882,25.221,29.934,23.244,4.743,7.207,6.467
6360,0.803,37.604,25.19,29.952,23.254,4.783,7.287,6.507
6361,0.813,37.726,25.209,29.962,23.244,4.864,7.288,6.427
6362,0.813,37.813,25.17,29.962,23.24,4.743,7.207,6.426
6363,0.813,37.68,25.185,29.953,23.247,4.783,7.206,6.507
6364,0.816,37.611,25.201,29.972,23.258,4.905,7.287,6.63
6365,0.829,37.783,25.217,29.991,23.254,4.865,7.288,6.55
6366,0.83,37.804,25.186,29.972,23.251,4.865,7.288,6.549
6367,0.833,37.497,25.174,29.953,23.254,4.865,7.207,6.508
6368,0.839,37.6,25.197,29.981,23.258,4.865,7.287,6.589
6369,0.833,37.716,25.248,29.991,23.254,4.824,7.166,6.509
6370,0.82,37.775,25.163,29.972,23.247,4.743,7.084,6.345
6371,0.803,37.488,25.189,29.972,23.251,4.864,7.123,6.547
6372,0.813,37.648,25.17,29.972,23.254,4.824,7.205,6.549
6373,0.807,37.764,25.189,29.972,23.251,4.783,7.165,6.468
6374,0.794,37.823,25.166,29.962,23.247,4.742,7.124,6.467
6375,0.793,37.44,25.173,29.972,23.258,4.905,7.287,6.67
6376,0.813,37.609,25.15,30.01,23.265,4.906,7.247,6.55
6377,0.794,37.707,25.15,29.982,23.254,4.865,7.206,6.63
6378,0.8,37.765,25.181,29.982,23.251,4.865,7.206,6.631
6379,0.8,37.574,25.213,30.001,23.251,4.906,7.287,6.55
6380,0.816,37.725,25.166,29.982,23.258,4.865,7.247,6.549
6381,0.816,37.804,25.205,29.953,23.244,4.743,7.084,6.427
6382,0.82,37.824,25.197,29.981,23.247,4.823,7.205,6.466
6383,0.83,37.536,25.197,29.972,23.251,4.824,7.125,6.467
6384,0.82,37.677,25.205,29.972,23.244,4.743,7.165,6.467
6385,0.823,37.784,25.182,29.972,23.24,4.742,7.124,6.467
6386,0.826,37.775,25.174,29.981,23.251,4.864,7.246,6.67
6387,0.839,37.516,25.205,30.029,23.254,4.987,7.328,6.591
6388,0.836,37.61,25.201,29.982,23.254,4.826,7.126,6.549
6389,0.83,37.716,25.232,29.991,23.254,4.865,7.205,6.549
6390,0.83,37.88,25.159,30.001,23.251,4.824,7.206,6.549
6391,0.826,37.546,25.216,30.011,23.258,4.905,7.165,6.549
6392,0.817,37.667,25.205,29.972,23.247,4.825,7.043,6.427
6393,0.8,37.736,25.221,29.981,23.254,4.783,7.164,6.548
6394,0.81,37.497,25.205,29.991,23.254,4.783,7.165,6.508
6395,0.807,37.542,25.201,29.991,23.251,4.824,7.165,6.508
6396,0.79,37.639,25.147,29.991,23.247,4.702,7.124,6.467
6397,0.797,37.736,25.162,29.982,23.251,4.782,7.205,6.629
6398,0.81,37.43,25.197,30.029,23.261,4.864,7.247,6.753
6399,0.813,37.551,25.221,30.001,23.251,4.865,7.247,6.592
6400,0.82,37.658,25.115,30.011,23.247,4.824,7.206,6.549
6401,0.817,37.755,25.173,30.02,23.251,4.865,7.206,6.63
6402,0.82,37.439,25.174,30.02,23.258,4.865,7.247,6.672
6403,0.826,37.571,25.201,30.011,23.258,4.865,7.166,6.55
6404,0.82,37.649,25.205,29.991,23.247,4.702,7.165,6.63
6405,0.826,37.764,25.186,30.001,23.251,4.782,7.124,6.631
6406,0.836,37.267,25.15,29.982,23.244,4.783,7.165,6.631
6407,0.839,37.415,25.181,30.01,23.244,4.742,7.124,6.55
6408,0.836,37.513,25.205,29.982,23.244,4.742,7.165,6.63
6409,0.839,37.61,25.236,30.029,23.261,4.986,7.287,6.794
6410,0.826,37.409,25.147,30.03,23.251,4.826,7.166,6.673
6411,0.813,37.532,25.177,30.011,23.258,4.824,7.246,6.753
6412,0.81,37.648,25.174,30.02,23.254,4.824,7.288,6.632
6413,0.81,37.688,25.197,30.03,23.258,4.824,7.288,6.672
6414,0.81,37.439,25.189,30.011,23.261,4.865,7.288,6.631
6415,0.807,37.523,25.193,29.991,23.247,4.702,7.166,6.59
6416,0.797,37.629,25.123,30.03,23.244,4.782,7.246,6.671
6417,0.794,37.659,25.177,30.02,23.247,4.783,7.206,6.591
6418,0.797,37.371,25.228,30.001,23.247,4.702,7.165,6.549
6419,0.794,37.484,25.213,30.02,23.247,4.782,7.206,6.549
6420,0.803,37.609,25.151,30.03,23.254,4.824,7.287,6.712
6421,0.816,37.419,25.165,30.068,23.265,4.905,7.329,6.632
6422,0.816,37.311,25.189,30.05,23.254,4.865,7.289,6.631
6423,0.826,37.454,25.209,30.03,23.247,4.865,7.288,6.672
6424,0.826,37.532,25.186,30.049,23.251,4.824,7.288,6.672
6425,0.823,37.293,25.209,30.03,23.254,4.905,7.288,6.672
6426,0.83,37.387,25.17,30.011,23.251,4.784,7.166,6.469
6427,0.82,37.484,25.181,30.001,23.247,4.783,7.246,6.589
6428,0.839,37.59,25.189,30.03,23.251,4.824,7.166,6.549
6429,0.823,37.467,25.24,30.02,23.247,4.824,7.165,6.549
6430,0.813,37.628,25.178,30.03,23.247,4.743,7.084,6.549
6431,0.803,37.745,25.174,30.011,23.247,4.742,7.123,6.671
6432,0.813,37.833,25.158,30.068,23.261,4.945,7.246,6.753
6433,0.81,37.124,25.173,30.04,23.251,4.825,7.206,6.632
6434,0.8,37.251,25.177,30.04,23.251,4.865,7.125,6.55
6435,0.803,37.358,25.205,30.04,23.254,4.784,7.165,6.63
6436,0.8,37.435,25.158,30.068,23.258,4.905,7.206,6.631
6437,0.797,37.273,25.209,30.069,23.258,4.784,7.165,6.59
6438,0.79,37.377,25.17,30.011,23.241,4.702,7.043,6.549
6439,0.797,37.493,25.22,30.039,23.254,4.782,7.082,6.549
6440,0.81,37.552,25.158,30.049,23.251,4.864,7.164,6.59
6441,0.803,37.169,25.162,30.03,23.247,4.743,7.043,6.468
6442,0.81,37.309,25.173,30.04,23.244,4.701,7.164,6.548
6443,0.816,37.425,25.189,30.04,23.258,4.904,7.246,6.63
6444,0.836,37.503,25.201,30.068,23.261,4.865,7.206,6.672
6445,0.82,37.13,25.193,30.059,23.254,4.784,7.125,6.509
6446,0.826,37.27,25.154,30.049,23.251,4.824,7.246,6.549
6447,0.833,37.396,25.201,30.059,23.251,4.783,7.247,6.508
6448,0.833,37.35,25.189,30.049,23.254,4.864,7.247,6.63
6449,0.82,37.157,25.228,30.03,23.244,4.702,7.044,6.428
6450,0.807,37.28,25.158,30.049,23.244,4.701,7.204,6.466
6451,0.803,37.416,25.201,30.059,23.247,4.823,7.084,6.507
6452,0.813,37.053,25.205,30.04,23.251,4.824,7.083,6.508
6453,0.79,37.097,25.193,30.059,23.24,4.661,7.083,6.427
6454,0.79,37.251,25.197,30.059,23.254,4.863,7.327,6.588
6455,0.803,37.367,25.205,30.078,23.265,4.906,7.289,6.549
6456,0.787,37.071,25.154,30.069,23.258,4.744,7.247,6.549
6457,0.79,37.212,25.173,30.078,23.251,4.783,7.247,6.508
6458,0.8,37.338,25.197,30.069,23.254,4.824,7.288,6.549
6459,0.79,37.407,25.205,30.088,23.254,4.783,7.166,6.508
6460,0.79,37.024,25.115,30.05,23.244,4.62,7.043,6.386
6461,0.784,37.154,25.181,30.049,23.251,4.781,7.164,6.466
6462,0.806,37.299,25.205,30.068,23.251,4.783,7.165,6.426
6463,0.794,37.339,25.186,30.059,23.247,4.702,7.124,6.344
6464,0.8,37.09,25.185,30.059,23.244,4.701,7.124,6.343
6465,0.807,37.231,25.185,30.069,23.251,4.782,7.246,6.506
6466,0.813,37.358,25.174,30.107,23.265,4.864,7.288,6.589
6467,0.82,37.426,25.185,30.069,23.251,4.784,7.207,6.427
6468,0.81,37.005,25.178,30.059,23.251,4.742,7.206,6.344
6469,0.81,37.125,25.213,30.069,23.254,4.742,7.247,6.466
6470,0.8,37.251,25.115,30.088,23.251,4.742,7.288,6.467
6471,0.797,37.271,25.192,30.088,23.251,4.783,7.125,6.345
6472,0.787,37.022,25.189,30.04,23.244,4.702,7.083,6.343
6473,0.78,37.164,25.197,30.078,23.244,4.742,7.164,6.384
6474,0.777,37.29,25.193,30.078,23.254,4.742,7.124,6.385
6475,0.787,37.607,25.197,30.069,23.251,4.701,7.124,6.344
6476,0.767,37.016,25.143,30.059,23.244,4.701,7.043,6.343
6477,0.77,37.154,25.165,30.078,23.258,4.863,7.204,6.588
6478,0.787,37.27,25.205,30.107,23.261,4.906,7.084,6.427
6479,0.784,37.051,25.186,30.079,23.244,4.744,7.083,6.466
6480,0.78,37.078,25.099,30.088,23.254,4.823,7.083,6.426
6481,0.79,37.212,25.161,30.078,23.258,4.783,7.042,6.466
6482,0.79,37.309,25.166,30.107,23.258,4.824,7.123,6.467
6483,0.803,36.888,25.17,30.088,23.247,4.661,6.961,6.304
6484,0.787,36.98,25.181,30.05,23.251,4.7,7.041,6.384
6485,0.797,37.115,25.178,30.068,23.251,4.742,7.001,6.385
6486,0.794,37.184,25.135,30.059,23.244,4.701,7.041,6.344
6487,0.803,36.926,25.146,30.069,23.244,4.701,7.001,6.262
6488,0.797,37.048,25.181,30.088,23.251,4.742,7.041,6.465
6489,0.803,37.212,25.224,30.136,23.261,4.823,7.204,6.548
6490,0.8,37.271,25.104,30.108,23.258,4.743,7.084,6.468
6491,0.79,36.888,25.157,30.088,23.251,4.661,7.123,6.345
6492,0.79,36.999,25.162,30.107,23.258,4.822,7.165,6.425
6493,0.79,37.125,25.189,30.088,23.254,4.743,7.165,6.426
6494,0.78,37.193,25.213,30.098,23.258,4.701,7.165,6.344
6495,0.774,36.935,25.205,30.079,23.244,4.62,7.084,6.384
6496,0.774,37.086,25.174,30.088,23.251,4.781,7.245,6.466
6497,0.771,37.222,25.146,30.088,23.254,4.742,7.206,6.386
6498,0.774,37.252,25.189,30.107,23.244,4.742,7.206,6.344
6499,0.774,36.945,25.193,30.079,23.251,4.661,7.206,6.384
6500,0.767,37.086,25.111,30.117,23.254,4.863,7.45,6.547
6501,0.793,37.231,25.153,30.127,23.261,4.824,7.371,6.468
6502,0.777,37.214,25.162,30.108,23.251,4.783,7.33,6.467
6503,0.784,36.993,25.185,30.107,23.258,4.742,7.329,6.467
6504,0.793,37.115,25.178,30.117,23.251,4.864,7.37,6.507
6505,0.793,37.213,25.22,30.117,23.254,4.824,7.37,6.467
6506,0.79,37.07,25.154,30.117,23.244,4.661,7.167,6.304
6507,0.79,36.992,25.154,30.098,23.247,4.782,7.328,6.384
6508,0.806,37.135,25.212,30.117,23.251,4.742,7.248,6.425
6509,0.797,37.213,25.178,30.088,23.247,4.701,7.288,6.344
6510,0.781,36.926,25.201,30.107,23.251,4.742,7.166,6.384
6511,0.79,37.0,25.189,30.127,23.251,4.783,7.328,6.507
6512,0.79,37.183,25.205,30.136,23.261,4.905,7.41,6.549
6513,0.774,37.252,25.189,30.108,23.254,4.784,7.249,6.468
6514,0.78,36.821,25.162,30.117,23.254,4.824,7.247,6.548
6515,0.774,36.96,25.216,30.127,23.258,4.824,7.206,6.549
6516,0.774,37.077,25.166,30.146,23.258,4.824,7.287,6.549
6517,0.774,37.164,25.177,30.127,23.251,4.783,7.044,6.386
6518,0.754,36.935,25.205,30.108,23.244,4.702,7.082,6.507
6519,0.774,37.096,25.213,30.117,23.251,4.701,7.123,6.467
6520,0.784,37.222,25.166,30.136,23.251,4.742,7.043,6.467
6521,0.78,37.281,25.127,30.117,23.244,4.742,7.001,6.426
6522,0.78,36.763,25.126,30.107,23.247,4.783,7.041,6.426
6523,0.787,36.94,25.169,30.155,23.258,4.864,7.245,6.71
6524,0.797,37.096,25.162,30.146,23.254,4.784,7.084,6.51
6525,0.787,37.097,25.201,30.137,23.251,4.783,7.042,6.549
6526,0.803,36.915,25.15,30.146,23.247,4.783,7.082,6.59
6527,0.797,37.038,25.165,30.137,23.254,4.864,7.123,6.59
6528,0.8,37.154,25.201,30.146,23.251,4.824,7.083,6.549
6529,0.8,37.175,25.213,30.108,23.244,4.661,6.961,6.427
6530,0.774,36.81,25.131,30.136,23.251,4.782,6.96,6.507
6531,0.777,36.96,25.134,30.136,23.244,4.702,6.96,6.589
6532,0.767,37.048,25.158,30.136,23.251,4.742,7.0,6.509
6533,0.764,37.126,25.189,30.117,23.251,4.661,7.001,6.549
6534,0.77,36.877,25.185,30.127,23.251,4.822,7.001,6.63
6535,0.777,37.038,25.185,30.184,23.261,4.905,7.041,6.631
6536,0.764,37.087,25.142,30.156,23.254,4.744,6.92,6.59
6537,0.761,36.886,25.201,30.137,23.251,4.742,6.959,6.631
6538,0.754,36.951,25.174,30.146,23.254,4.783,6.96,6.631
6539,0.757,37.077,25.232,30.165,23.261,4.864,7.0,6.672
6540,0.774,37.174,25.182,30.146,23.247,4.702,6.879,6.469
6541,0.767,36.734,25.166,30.108,23.251,4.701,6.837,6.589
6542,0.774,36.883,25.197,30.155,23.247,4.782,6.837,6.59
6543,0.78,36.999,25.182,30.146,23.244,4.742,6.796,6.549
6544,0.784,37.106,25.178,30.127,23.24,4.661,6.714,6.549
6545,0.787,36.877,25.205,30.136,23.247,4.741,6.794,6.59
6546,0.787,37.038,25.104,30.165,23.254,4.905,6.958,6.671
6547,0.793,37.202,25.185,30.165,23.251,4.744,6.838,6.631
6548,0.784,37.223,25.209,30.146,23.251,4.823,6.918,6.55
6549,0.79,36.744,25.178,30.165,23.251,4.743,6.878,6.63
6550,0.78,36.902,25.193,30.213,23.254,4.823,6.837,6.631
6551,0.793,37.009,25.162,30.176,23.251,4.824,6.755,6.509
6552,0.777,37.02,25.154,30.127,23.24,4.661,6.754,6.549
6553,0.774,36.866,25.185,30.175,23.251,4.741,6.754,6.549
6554,0.764,36.989,25.181,30.156,23.247,4.742,6.754,6.549
6555,0.764,37.096,25.197,30.146,23.247,4.701,6.754,6.508
6556,0.738,37.155,25.178,30.194,23.244,4.701,6.754,6.549
6557,0.747,36.81,25.166,30.185,23.265,4.904,6.917,6.752
6558,0.76,36.96,25.205,30.175,23.254,4.825,6.837,6.592
6559,0.744,37.029,25.158,30.185,23.254,4.824,6.837,6.631
6560,0.764,37.154,25.166,30.252,23.258,4.783,6.837,6.631
6561,0.767,36.849,25.158,30.185,23.258,4.824,6.837,6.59
6562,0.764,36.951,25.209,30.175,23.254,4.743,6.755,6.549
6563,0.764,37.019,25.193,30.156,23.247,4.742,6.754,6.59
6564,0.774,36.828,25.174,30.175,23.251,4.783,6.795,6.509
6565,0.774,36.816,25.244,30.175,23.247,4.702,6.795,6.508
6566,0.79,36.931,25.065,30.185,23.244,4.66,6.755,6.508
6567,0.78,37.029,25.169,30.175,23.251,4.741,6.795,6.549
6568,0.797,36.761,25.248,30.213,23.261,4.864,6.958,6.63
6569,0.794,36.873,25.163,30.166,23.251,4.824,6.919,6.55
6570,0.767,36.99,25.173,30.242,23.251,4.783,6.878,6.508
6571,0.761,37.087,25.146,30.176,23.247,4.783,6.877,6.589
6572,0.774,36.714,25.173,30.194,23.254,4.824,6.918,6.59
6573,0.761,36.844,25.185,30.195,23.254,4.783,6.837,6.427
6574,0.754,36.922,25.142,30.147,23.244,4.62,6.877,6.426
6575,0.754,37.019,25.197,30.184,23.247,4.822,6.918,6.466
6576,0.754,36.694,25.131,30.194,23.254,4.702,6.878,6.507
6577,0.748,36.844,25.169,30.185,23.251,4.66,6.918,6.467
6578,0.747,36.941,25.181,30.166,23.244,4.7,6.878,6.467
6579,0.751,37.029,25.197,30.213,23.258,4.863,7.162,6.67
6580,0.767,36.723,25.143,30.214,23.254,4.784,7.043,6.469
6581,0.761,36.854,25.165,30.195,23.251,4.702,7.042,6.507
6582,0.77,36.961,25.142,30.204,23.251,4.782,6.96,6.549
6583,0.78,37.019,25.165,30.204,23.258,4.742,7.041,6.508
6584,0.774,36.761,25.15,30.204,23.251,4.823,7.082,6.508
6585,0.774,36.883,25.193,30.185,23.24,4.661,6.92,6.386
6586,0.777,36.97,25.135,30.185,23.251,4.741,7.041,6.547
6587,0.787,37.019,25.177,30.194,23.254,4.783,7.001,6.508
6588,0.79,36.684,25.213,30.195,23.244,4.742,7.001,6.508
6589,0.777,36.805,25.178,30.185,23.244,4.661,7.001,6.467
6590,0.758,36.922,25.127,30.223,23.251,4.822,7.123,6.629
6591,0.777,36.856,25.165,30.262,23.258,4.865,7.165,6.55
6592,0.761,36.75,25.181,30.214,23.251,4.743,7.124,6.59
6593,0.754,36.864,25.185,30.223,23.247,4.823,7.124,6.549
6594,0.751,36.961,25.17,30.224,23.254,4.743,7.083,6.508
6595,0.757,36.597,25.205,30.224,23.254,4.823,7.123,6.63
6596,0.754,36.651,25.131,30.224,23.244,4.743,7.083,6.428
6597,0.735,36.767,25.185,30.204,23.251,4.701,7.042,6.588
6598,0.747,36.873,25.205,30.214,23.251,4.782,7.001,6.509
6599,0.747,36.539,25.217,30.195,23.247,4.742,7.041,6.508
6600,0.754,36.66,25.108,30.214,23.247,4.701,6.96,6.467
6601,0.761,36.786,25.165,30.214,23.244,4.66,7.041,6.507
6602,0.764,36.883,25.173,30.252,23.254,4.822,7.164,6.63
6603,0.78,36.577,25.174,30.243,23.251,4.783,7.043,6.55
6604,0.771,36.699,25.177,30.243,23.251,4.824,7.042,6.59
6605,0.767,36.815,25.217,30.224,23.251,4.824,7.082,6.549
6606,0.77,36.884,25.209,30.233,23.258,4.865,7.123,6.549
6607,0.78,36.549,25.15,30.243,23.251,4.824,7.043,6.427
6608,0.774,36.651,25.201,30.214,23.237,4.661,6.92,6.304
6609,0.774,36.767,25.178,30.233,23.251,4.782,7.122,6.465
6610,0.767,36.835,25.177,30.224,23.251,4.783,7.043,6.507
6611,0.767,36.548,25.174,30.224,23.251,4.742,7.042,6.386
6612,0.761,36.679,25.236,30.204,23.24,4.742,7.001,6.425
6613,0.754,36.796,25.19,30.233,23.254,4.864,7.163,6.588
6614,0.764,36.883,25.209,30.272,23.258,4.865,7.084,6.549
6615,0.744,36.52,25.182,30.243,23.254,4.784,7.083,6.427
6616,0.738,36.631,25.099,30.262,23.247,4.824,7.164,6.466
6617,0.747,36.757,25.161,30.262,23.251,4.824,7.206,6.548
6618,0.757,36.979,25.189,30.253,23.258,4.783,7.165,6.508
6619,0.751,36.569,25.174,30.243,23.244,4.62,7.043,6.386
6620,0.744,36.699,25.158,30.262,23.247,4.781,7.123,6.547
6621,0.754,36.786,25.162,30.224,23.251,4.783,7.124,6.427
6622,0.754,36.442,25.205,30.233,23.251,4.742,7.124,6.385
6623,0.764,36.467,25.193,30.233,23.244,4.701,7.165,6.385
6624,0.764,36.612,25.193,30.243,23.254,4.742,7.328,6.507
6625,0.777,36.728,25.205,30.281,23.258,4.905,7.451,6.67
6626,0.787,36.499,25.178,30.253,23.251,4.825,7.249,6.428
6627,0.784,36.612,25.162,30.253,23.247,4.783,7.288,6.507
6628,0.78,36.709,25.181,30.243,23.254,4.742,7.369,6.549
6629,0.774,36.806,25.142,30.272,23.251,4.823,7.37,6.468
6630,0.771,36.452,25.165,30.253,23.247,4.824,7.33,6.548
6631,0.757,36.544,25.162,30.233,23.24,4.621,7.248,6.427
6632,0.751,36.67,25.209,30.262,23.251,4.7,7.41,6.466
6633,0.748,36.757,25.201,30.272,23.254,4.823,7.33,6.467
6634,0.741,36.461,25.193,30.243,23.247,4.783,7.329,6.467
6635,0.747,36.592,25.217,30.252,23.251,4.702,7.37,6.507
6636,0.738,36.718,25.197,30.281,23.247,4.863,7.533,6.67
6637,0.754,36.815,25.146,30.301,23.258,4.865,7.494,6.55
6638,0.751,36.375,25.212,30.282,23.251,4.824,7.453,6.59
6639,0.741,36.515,25.154,30.282,23.251,4.824,7.493,6.59
6640,0.76,36.65,25.15,30.282,23.251,4.783,7.575,6.59
6641,0.761,36.69,25.181,30.272,23.258,4.824,7.535,6.59
6642,0.754,36.479,25.166,30.282,23.244,4.743,7.412,6.509
6643,0.757,36.564,25.146,30.262,23.254,4.742,7.533,6.549
6644,0.77,36.699,25.201,30.272,23.251,4.823,7.494,6.59
6645,0.77,36.719,25.225,30.272,23.251,4.783,7.494,6.509
6646,0.774,36.326,25.186,30.301,23.244,4.661,7.331,6.467
6647,0.777,36.457,25.142,30.263,23.244,4.782,7.451,6.548
6648,0.787,36.602,25.197,30.301,23.258,4.864,7.615,6.671
6649,0.797,36.517,25.174,30.263,23.247,4.824,7.454,6.55
6650,0.771,36.554,25.158,30.262,23.251,4.702,7.452,6.549
6651,0.767,36.689,25.138,30.291,23.254,4.823,7.452,6.59
6652,0.77,36.777,25.173,30.291,23.254,4.783,7.452,6.631
6653,0.77,36.26,25.193,30.263,23.244,4.742,7.249,6.346
6654,0.754,36.322,25.182,30.272,23.251,4.742,7.328,6.466
6655,0.754,36.466,25.22,30.282,23.251,4.823,7.329,6.548
6656,0.754,36.573,25.201,30.291,23.244,4.702,7.248,6.468
6657,0.748,36.248,25.131,30.282,23.247,4.701,7.288,6.426
6658,0.757,36.379,25.212,30.282,23.247,4.782,7.329,6.548
6659,0.757,36.534,25.182,30.339,23.265,4.946,7.37,6.63
6660,0.774,36.612,25.166,30.301,23.254,4.785,7.248,6.509
6661,0.774,36.249,25.127,30.301,23.247,4.824,7.288,6.508
6662,0.764,36.398,25.154,30.291,23.254,4.824,7.288,6.589
6663,0.78,36.525,25.169,30.33,23.254,4.824,7.288,6.549
6664,0.784,36.593,25.166,30.301,23.251,4.702,7.085,6.427
6665,0.767,36.21,25.193,30.253,23.247,4.742,7.164,6.507
6666,0.787,36.379,25.201,30.358,23.244,4.783,7.165,6.467
6667,0.787,36.505,25.143,30.302,23.251,4.783,7.124,6.426
6668,0.79,36.526,25.216,30.282,23.244,4.742,7.083,6.385
6669,0.79,36.171,25.147,30.301,23.247,4.783,7.123,6.507
6670,0.78,36.369,25.173,30.32,23.261,4.946,7.287,6.63
6671,0.793,36.476,25.166,30.32,23.251,4.825,7.044,6.468
6672,0.774,36.458,25.185,30.301,23.251,4.824,7.123,6.548
6673,0.761,36.237,25.217,30.311,23.254,4.783,7.124,6.508
6674,0.761,36.379,25.186,30.311,23.254,4.824,7.165,6.549
6675,0.774,36.476,25.205,30.311,23.251,4.783,7.124,6.468
6676,0.751,36.458,25.189,30.291,23.244,4.702,7.043,6.548
6677,0.748,36.314,25.162,30.301,23.244,4.742,7.082,6.549
6678,0.754,36.409,25.209,30.32,23.247,4.742,7.083,6.508
6679,0.751,36.534,25.143,30.301,23.244,4.701,7.002,6.467
6680,0.748,36.219,25.181,30.311,23.247,4.701,7.082,6.467
6681,0.764,36.34,25.158,30.33,23.265,4.904,7.245,6.629
6682,0.787,36.457,25.216,30.311,23.258,4.865,7.084,6.55
6683,0.774,36.535,25.197,30.33,23.251,4.743,7.083,6.549
6684,0.774,36.171,25.174,30.33,23.251,4.823,7.123,6.63
6685,0.787,36.302,25.216,30.33,23.254,4.865,7.083,6.59
6686,0.793,36.447,25.19,30.32,23.258,4.824,7.002,6.468
6687,0.793,36.477,25.146,30.301,23.244,4.702,6.919,6.467
6688,0.78,36.142,25.208,30.32,23.251,4.742,7.0,6.507
6689,0.787,36.301,25.139,30.34,23.247,4.783,6.96,6.508
6690,0.777,36.418,25.165,30.321,23.251,4.702,6.919,6.427
6691,0.771,36.477,25.15,30.32,23.247,4.701,6.959,6.507
6692,0.774,36.075,25.185,30.33,23.258,4.782,7.082,6.67
6693,0.777,36.253,25.197,30.368,23.261,4.905,7.123,6.591
6694,0.764,36.351,25.162,30.34,23.251,4.865,7.043,6.59
6695,0.761,36.39,25.193,30.33,23.251,4.865,7.001,6.631
6696,0.738,36.198,25.193,30.359,23.254,4.865,7.123,6.631
6697,0.751,36.35,25.178,30.359,23.254,4.865,7.083,6.631
6698,0.764,36.457,25.174,30.34,23.244,4.743,6.961,6.509
6699,0.748,36.468,25.154,30.34,23.251,4.783,7.0,6.549
6700,0.773,36.228,25.185,30.34,23.251,4.742,6.96,6.59
6701,0.774,36.321,25.15,30.349,23.244,4.742,6.96,6.549
6702,0.774,36.428,25.197,30.349,23.244,4.661,6.96,6.508
6703,0.771,36.784,25.182,30.34,23.244,4.741,7.041,6.63
6704,0.78,36.26,25.193,30.388,23.261,4.905,7.164,6.753
6705,0.784,36.379,25.193,30.35,23.251,4.906,7.043,6.632
6706,0.787,36.467,25.162,30.349,23.254,4.784,7.042,6.59
6707,0.793,36.142,25.154,30.34,23.251,4.742,7.082,6.631
6708,0.797,36.129,25.185,30.378,23.254,4.823,7.083,6.631
6709,0.797,36.273,25.127,30.378,23.251,4.783,7.123,6.55
6710,0.774,36.332,25.146,30.331,23.244,4.742,7.083,6.549
6711,0.787,36.073,25.146,30.368,23.247,4.742,7.042,6.59
6712,0.774,36.147,25.24,30.34,23.247,4.783,7.001,6.509
6713,0.767,36.282,25.209,30.349,23.247,4.661,7.041,6.549
6714,0.761,36.389,25.19,30.359,23.244,4.741,7.123,6.549
6715,0.764,36.448,25.209,30.378,23.261,4.945,7.287,6.63
6716,0.767,36.621,25.166,30.378,23.254,4.825,7.166,6.631
6717,0.751,36.709,25.154,30.359,23.251,4.783,7.165,6.631
6718,0.761,36.767,25.212,30.378,23.254,4.864,7.206,6.631
6719,0.77,35.905,25.135,30.388,23.254,4.906,7.247,6.59
6720,0.761,36.05,25.142,30.407,23.251,4.825,7.125,6.549
6721,0.767,36.147,25.115,30.35,23.24,4.661,7.124,6.468
6722,0.757,36.215,25.169,30.378,23.251,4.822,7.165,6.589
6723,0.774,36.005,25.181,30.378,23.251,4.783,7.165,6.509
6724,0.777,36.137,25.178,30.369,23.251,4.783,7.124,6.508
6725,0.777,36.225,25.22,30.378,23.244,4.742,7.124,6.549
6726,0.797,36.293,25.162,30.388,23.251,4.823,7.408,6.63
6727,0.794,36.044,25.185,30.436,23.265,4.865,7.289,6.55
6728,0.787,36.137,25.193,30.398,23.251,4.784,7.288,6.508
6729,0.797,36.253,25.154,30.417,23.254,4.824,7.288,6.63
6730,0.777,36.283,25.181,30.417,23.247,4.743,7.369,6.59
6731,0.777,36.044,25.123,30.398,23.258,4.823,7.452,6.509
6732,0.777,36.166,25.2,30.388,23.247,4.702,7.249,6.467
6733,0.761,36.235,25.143,30.359,23.247,4.742,7.369,6.548
6734,0.774,36.111,25.177,30.407,23.251,4.783,7.411,6.508
6735,0.761,35.975,25.22,30.388,23.251,4.742,7.411,6.427
6736,0.754,36.108,25.174,30.407,23.244,4.742,7.411,6.507
6737,0.748,36.205,25.15,30.407,23.247,4.742,7.493,6.63
6738,0.767,36.034,25.201,30.427,23.265,4.823,7.656,6.672
6739,0.777,36.147,25.15,30.417,23.251,4.824,7.455,6.509
6740,0.767,36.263,25.177,30.408,23.251,4.783,7.452,6.508
6741,0.78,36.351,25.131,30.417,23.247,4.783,7.534,6.549
6742,0.771,35.92,25.157,30.417,23.254,4.783,7.534,6.508
6743,0.78,36.079,25.142,30.427,23.254,4.783,7.453,6.427
6744,0.771,36.167,25.138,30.388,23.244,4.702,7.412,6.507
6745,0.78,36.273,25.216,30.417,23.254,4.742,7.411,6.467
6746,0.797,35.881,25.178,30.408,23.251,4.783,7.371,6.507
6747,0.79,35.992,25.154,30.417,23.251,4.702,7.33,6.386
6748,0.787,36.108,25.185,30.398,23.244,4.701,7.289,6.466
6749,0.797,36.205,25.146,30.446,23.258,4.863,7.491,6.629
6750,0.797,35.976,25.169,30.437,23.251,4.865,7.412,6.509
6751,0.777,36.089,25.127,30.427,23.251,4.784,7.533,6.549
6752,0.787,36.205,25.185,30.427,23.254,4.824,7.453,6.549
6753,0.774,36.254,25.17,30.427,23.251,4.824,7.534,6.549
6754,0.777,35.909,25.158,30.446,23.254,4.783,7.575,6.346
6755,0.764,36.011,25.189,30.398,23.244,4.661,7.494,6.466
6756,0.754,36.147,25.174,30.427,23.251,4.782,7.616,6.467
6757,0.761,36.177,25.158,30.427,23.251,4.783,7.657,6.426
6758,0.754,35.928,25.189,30.436,23.247,4.702,7.617,6.466
6759,0.748,36.05,25.158,30.437,23.244,4.701,7.657,6.426
6760,0.77,36.185,25.162,30.465,23.265,4.863,7.861,6.588
6761,0.777,36.254,25.166,30.466,23.254,4.824,7.782,6.468
6762,0.771,35.804,25.205,30.427,23.251,4.824,7.781,6.467
6763,0.79,35.934,25.174,30.456,23.254,4.824,7.74,6.507
6764,0.793,36.06,25.174,30.456,23.258,4.865,7.781,6.589
6765,0.787,35.898,25.193,30.446,23.258,4.824,7.781,6.468
6766,0.78,35.973,25.143,30.427,23.237,4.661,7.659,6.386
6767,0.787,36.108,25.165,30.446,23.258,4.7,7.78,6.466
6768,0.797,36.196,25.209,30.456,23.247,4.782,7.781,6.507
6769,0.797,35.688,25.131,30.437,23.244,4.702,7.618,6.386
6770,0.781,35.808,25.161,30.437,23.251,4.742,7.698,6.425
6771,0.784,35.943,25.173,30.484,23.254,4.905,7.943,6.629
6772,0.79,36.069,25.197,30.466,23.251,4.865,7.742,6.468
6773,0.771,35.869,25.193,30.475,23.254,4.824,7.699,6.507
6774,0.777,36.03,25.166,30.466,23.254,4.783,7.74,6.508
6775,0.771,36.147,25.185,30.446,23.251,4.864,7.781,6.467
6776,0.777,36.244,25.178,30.465,23.251,4.906,7.781,6.507
6777,0.767,35.746,25.119,30.437,23.237,4.703,7.537,6.345
6778,0.767,35.866,25.189,30.446,23.251,4.782,7.738,6.425
6779,0.77,36.001,25.135,30.475,23.244,4.742,7.74,6.466
6780,0.774,36.06,25.158,30.466,23.244,4.742,7.659,6.386
6781,0.784,35.85,25.158,30.456,23.24,4.783,7.576,6.344
6782,0.777,35.982,25.201,30.465,23.251,4.783,7.698,6.506
6783,0.79,36.156,25.197,30.504,23.261,4.905,7.74,6.508
6784,0.797,36.187,25.178,30.476,23.244,4.825,7.618,6.467
6785,0.8,35.813,25.174,30.494,23.254,4.824,7.698,6.426
6786,0.8,35.953,25.166,30.485,23.251,4.824,7.658,6.426
6787,0.82,36.06,25.158,30.485,23.254,4.824,7.658,6.426
6788,0.83,36.08,25.205,30.475,23.258,4.824,7.617,6.385
6789,0.826,35.773,25.049,30.475,23.247,4.702,7.454,6.344
6790,0.813,35.933,25.141,30.475,23.254,4.782,7.574,6.384
6791,0.816,36.05,25.15,30.475,23.251,4.783,7.535,6.344
6792,0.816,35.84,25.189,30.466,23.251,4.742,7.534,6.384
6793,0.807,35.829,25.185,30.456,23.247,4.701,7.534,6.303
6794,0.82,35.972,25.189,30.504,23.261,4.863,7.697,6.465
6795,0.83,36.127,25.221,30.514,23.265,4.824,7.536,6.467
6796,0.813,35.688,25.186,30.495,23.258,4.824,7.575,6.426
6797,0.82,35.798,25.146,30.504,23.251,4.824,7.575,6.507
6798,0.826,35.914,25.193,30.514,23.254,4.824,7.616,6.508
6799,0.833,36.021,25.146,30.504,23.251,4.824,7.495,6.467
6800,0.836,35.773,25.15,30.485,23.251,4.702,7.412,6.264
6801,0.83,35.895,25.142,30.485,23.247,4.782,7.452,6.384
6802,0.843,36.04,25.22,30.504,23.254,4.824,7.493,6.385
6803,0.839,36.118,25.186,30.504,23.251,4.783,7.453,6.344
6804,0.833,35.592,25.166,30.495,23.247,4.702,7.493,6.384
6805,0.839,35.74,25.181,30.495,23.254,4.742,7.656,6.425
6806,0.852,35.914,25.197,30.543,23.268,4.905,7.698,6.466
6807,0.869,35.954,25.162,30.495,23.251,4.703,7.577,6.426
6808,0.856,35.801,25.189,30.504,23.254,4.823,7.657,6.385
6809,0.859,35.962,25.131,30.533,23.251,4.824,7.617,6.466
6810,0.859,36.06,25.138,30.533,23.258,4.865,7.698,6.467
6811,0.866,36.128,25.122,30.514,23.251,4.702,7.536,6.304
6812,0.853,35.688,25.142,30.476,23.244,4.742,7.616,6.384
6813,0.862,35.865,25.165,30.523,23.251,4.742,7.576,6.385
6814,0.866,35.973,25.166,30.504,23.251,4.742,7.616,6.303
6815,0.862,35.993,25.205,30.495,23.237,4.701,7.535,6.343
6816,0.859,35.638,25.174,30.504,23.244,4.823,7.616,6.466
6817,0.869,35.807,25.15,30.552,23.265,4.905,7.698,6.548
6818,0.876,35.905,25.212,30.533,23.251,4.744,7.577,6.427
6819,0.859,35.887,25.127,30.543,23.24,4.783,7.616,6.466
6820,0.869,35.829,25.122,30.543,23.254,4.783,7.657,6.467
6821,0.866,35.963,25.13,30.533,23.254,4.824,7.698,6.507
6822,0.866,36.06,25.138,30.514,23.251,4.783,7.618,6.345
6823,0.862,35.639,25.134,30.495,23.237,4.742,7.535,6.384
6824,0.885,35.74,25.173,30.543,23.251,4.783,7.534,6.425
6825,0.895,35.856,25.205,30.524,23.251,4.702,7.616,6.426
6826,0.889,35.963,25.193,30.524,23.244,4.701,7.535,6.385
6827,0.905,35.532,25.135,30.504,23.24,4.701,7.494,6.425
6828,0.899,35.691,25.22,30.552,23.254,4.904,7.738,6.548
6829,0.899,35.846,25.166,30.572,23.265,4.784,7.618,6.508
6830,0.886,35.896,25.158,30.553,23.251,4.783,7.617,6.386
6831,0.889,35.628,25.142,30.553,23.251,4.783,7.576,6.385
6832,0.882,35.769,25.162,30.562,23.254,4.742,7.535,6.466
6833,0.872,35.895,25.158,30.543,23.254,4.783,7.534,6.467
6834,0.859,35.963,25.15,30.524,23.244,4.62,7.412,6.304
6835,0.836,35.552,25.181,30.543,23.247,4.822,7.493,6.425
6836,0.833,35.711,25.174,30.553,23.247,4.824,7.534,6.426
6837,0.836,35.827,25.135,30.562,23.247,4.783,7.412,6.466
6838,0.817,35.857,25.173,30.534,23.244,4.742,7.33,6.467
6839,0.807,35.647,25.17,30.581,23.247,4.823,7.451,6.548
6840,0.833,35.817,25.158,30.591,23.261,4.865,7.493,6.59
6841,0.82,35.895,25.158,30.563,23.254,4.743,7.371,6.509
6842,0.813,35.935,25.138,30.553,23.251,4.783,7.411,6.549
6843,0.813,35.638,25.142,30.553,23.254,4.783,7.411,6.59
6844,0.816,35.798,25.158,30.572,23.254,4.783,7.452,6.59
6845,0.816,35.876,25.185,30.562,23.24,4.661,7.249,6.427
6846,0.8,36.174,25.146,30.534,23.24,4.7,7.247,6.507
6847,0.813,35.65,25.15,30.572,23.247,4.742,7.369,6.508
6848,0.803,35.759,25.208,30.553,23.247,4.701,7.289,6.467
6849,0.807,35.857,25.15,30.562,23.247,4.66,7.288,6.467
6850,0.784,35.599,25.165,30.562,23.251,4.782,7.369,6.629
6851,0.8,35.692,25.181,30.62,23.261,4.864,7.411,6.59
6852,0.781,35.789,25.185,30.572,23.258,4.824,7.33,6.509
6853,0.771,35.886,25.185,30.591,23.247,4.743,7.329,6.508
6854,0.77,35.503,25.166,30.572,23.254,4.864,7.289,6.549
6855,0.77,35.624,25.197,30.601,23.261,4.824,7.329,6.59
6856,0.751,35.759,25.185,30.582,23.251,4.661,7.167,6.305
6857,0.738,35.809,25.142,30.553,23.244,4.741,7.246,6.506
6858,0.734,35.521,25.189,30.591,23.247,4.783,7.084,6.508
6859,0.731,35.672,25.111,30.572,23.247,4.702,7.123,6.508
6860,0.738,35.798,25.149,30.591,23.247,4.701,7.124,6.467
6861,0.741,35.857,25.165,30.582,23.247,4.742,7.246,6.629
6862,0.754,35.675,25.216,30.62,23.265,4.945,7.206,6.631
6863,0.761,35.779,25.182,30.592,23.248,4.744,7.165,6.509
6864,0.748,35.914,25.142,30.582,23.251,4.742,7.124,6.508
6865,0.757,35.983,25.142,30.601,23.258,4.783,7.124,6.589
6866,0.754,35.475,25.142,30.591,23.251,4.824,7.205,6.549
6867,0.764,35.614,25.165,30.601,23.24,4.661,7.003,6.427
6868,0.744,35.702,25.162,30.582,23.24,4.741,6.96,6.466
6869,0.76,35.76,25.142,30.61,23.251,4.742,7.0,6.507
6870,0.744,35.578,25.126,30.592,23.251,4.783,7.001,6.467
6871,0.734,35.701,25.169,30.601,23.251,4.702,6.96,6.507
6872,0.721,35.798,25.162,30.582,23.244,4.782,7.0,6.589
6873,0.728,35.866,25.189,30.62,23.258,4.946,7.082,6.671
6874,0.731,35.551,25.174,30.601,23.247,4.785,6.961,6.509
6875,0.718,35.672,25.146,30.62,23.247,4.783,6.96,6.549
6876,0.718,35.789,25.165,30.611,23.251,4.783,6.96,6.59
6877,0.711,35.55,25.173,30.639,23.254,4.742,7.0,6.59
6878,0.721,35.471,25.185,30.63,23.251,4.783,6.96,6.59
6879,0.711,35.585,25.154,30.592,23.24,4.661,6.797,6.427
6880,0.715,35.673,25.123,30.62,23.251,4.741,6.917,6.507
6881,0.737,35.453,25.169,30.63,23.254,4.783,6.878,6.508
6882,0.741,35.575,25.162,30.611,23.251,4.702,6.837,6.589
6883,0.731,35.701,25.17,30.611,23.247,4.62,6.796,6.468
6884,0.731,35.808,25.174,30.601,23.251,4.741,6.958,6.629
6885,0.747,36.039,25.201,30.659,23.268,4.905,7.0,6.631
6886,0.747,36.176,25.162,30.621,23.254,4.703,6.879,6.631
6887,0.747,36.302,25.146,30.611,23.251,4.782,6.837,6.59
6888,0.747,36.361,25.197,30.62,23.251,4.742,6.918,6.631
6889,0.747,35.047,25.111,30.64,23.254,4.783,6.796,6.631
6890,0.741,35.188,25.142,30.63,23.247,4.702,6.755,6.59
6891,0.721,35.285,25.138,30.601,23.244,4.701,6.795,6.631
6892,0.731,35.392,25.197,30.63,23.251,4.742,6.795,6.631
6893,0.725,35.623,25.178,30.621,23.244,4.783,6.795,6.55
6894,0.715,35.74,25.177,30.611,23.244,4.661,6.755,6.549
6895,0.718,35.856,25.193,30.611,23.247,4.66,6.876,6.712
6896,0.724,35.953,25.178,30.668,23.261,4.863,7.04,6.794
6897,0.721,35.341,25.166,30.63,23.251,4.743,6.839,6.714
6898,0.718,35.488,25.212,30.649,23.251,4.783,6.918,6.713
6899,0.715,35.624,25.178,30.697,23.254,4.783,6.919,6.713
6900,0.728,35.654,25.135,30.631,23.254,4.783,6.959,6.672
6901,0.721,35.501,25.13,30.63,23.247,4.702,6.797,6.55
6902,0.721,35.605,25.157,30.621,23.244,4.701,6.958,6.671
6903,0.731,35.73,25.166,30.63,23.254,4.66,7.0,6.672
6904,0.738,35.712,25.162,30.64,23.247,4.66,6.96,6.631
6905,0.734,35.415,25.142,30.621,23.244,4.66,6.919,6.59
6906,0.741,35.556,25.15,30.63,23.247,4.7,7.122,6.671
6907,0.744,35.682,25.22,30.668,23.265,4.904,7.165,6.753
6908,0.757,35.395,25.154,30.65,23.251,4.784,7.084,6.673
6909,0.751,35.46,25.15,30.649,23.251,4.742,7.083,6.631
6910,0.735,35.595,25.15,30.649,23.251,4.783,7.123,6.672
6911,0.738,35.701,25.169,30.649,23.254,4.702,7.165,6.672
6912,0.738,35.415,25.158,30.659,23.251,4.701,7.124,6.591
6913,0.721,35.517,25.13,30.64,23.24,4.579,7.043,6.509
6914,0.718,35.681,25.13,30.669,23.251,4.74,7.042,6.67
6915,0.721,35.741,25.204,30.65,23.251,4.742,7.082,6.631
6916,0.721,35.319,25.162,30.64,23.244,4.701,7.083,6.631
6917,0.711,35.469,25.154,30.649,23.251,4.742,7.002,6.509
6918,0.724,35.595,25.22,30.669,23.258,4.823,7.245,6.711
6919,0.737,35.711,25.139,30.707,23.258,4.743,7.166,6.632
6920,0.738,35.367,25.165,30.669,23.251,4.742,7.124,6.55
6921,0.747,35.498,25.127,30.659,23.251,4.823,7.165,6.63
6922,0.741,35.605,25.181,30.678,23.254,4.824,7.206,6.672
6923,0.744,35.682,25.162,30.688,23.254,4.702,7.125,6.631
6924,0.744,35.376,25.146,30.64,23.244,4.66,6.961,6.468
6925,0.741,35.479,25.123,30.649,23.247,4.741,7.082,6.589
6926,0.757,35.633,25.157,30.678,23.247,4.742,7.042,6.631
6927,0.754,35.673,25.181,30.64,23.251,4.701,7.042,6.55
6928,0.748,35.376,25.111,30.649,23.247,4.66,7.001,6.508
6929,0.741,35.507,25.165,30.659,23.247,4.822,7.123,6.711
6930,0.747,35.653,25.173,30.688,23.268,4.865,7.165,6.632
6931,0.747,35.836,25.205,30.679,23.254,4.824,7.043,6.59
6932,0.751,35.32,25.213,30.688,23.258,4.783,7.082,6.712
6933,0.761,35.459,25.182,30.679,23.254,4.783,7.002,6.713
6934,0.787,35.575,25.146,30.688,23.258,4.864,7.123,6.632
6935,0.793,35.394,25.158,30.659,23.244,4.662,6.961,6.509
6936,0.81,35.383,25.173,30.659,23.247,4.7,7.041,6.63
6937,0.846,35.555,25.162,30.678,23.254,4.782,7.042,6.631
6938,0.862,35.634,25.189,30.659,23.247,4.783,7.082,6.631
6939,0.879,35.27,25.08,30.688,23.247,4.661,7.123,6.59
6940,0.911,35.372,25.141,30.679,23.247,4.782,7.205,6.631
6941,0.931,35.527,25.181,30.707,23.261,4.864,7.328,6.794
6942,0.964,35.586,25.181,30.688,23.251,4.784,7.248,6.633
6943,0.981,35.26,25.178,30.659,23.251,4.783,7.328,6.753
6944,1.004,35.41,25.181,30.678,23.251,4.783,7.329,6.673
6945,1.043,35.537,25.119,30.688,23.251,4.783,7.289,6.672
6946,1.085,35.634,25.161,30.688,23.251,4.783,7.288,6.55
6947,1.131,35.5,25.185,30.65,23.237,4.661,7.288,6.63
6948,1.194,35.691,25.123,30.688,23.251,4.741,7.288,6.672
6949,1.227,35.798,25.13,30.679,23.251,4.701,7.288,6.631
6950,1.279,35.847,25.122,30.678,23.251,4.66,7.288,6.631
6951,1.309,35.1,25.232,30.678,23.247,4.741,7.369,6.794
6952,1.339,35.303,25.217,30.726,23.265,4.945,7.492,6.836
6953,1.365,35.392,25.158,30.679,23.254,4.744,7.412,6.796
6954,1.378,35.431,25.193,30.688,23.254,4.783,7.371,6.795
6955,1.391,35.393,25.189,30.688,23.251,4.824,7.37,6.877
6956,1.408,35.546,25.182,30.717,23.251,4.783,7.411,6.918
6957,1.408,35.672,25.154,30.679,23.247,4.702,7.249,6.796
6958,1.411,35.635,25.158,30.678,23.237,4.782,7.288,6.917
6959,1.431,35.165,25.06,30.698,23.247,4.742,7.288,6.837
6960,1.421,35.304,25.114,30.688,23.247,4.701,7.329,6.837
6961,1.405,35.411,25.134,30.679,23.247,4.782,7.248,6.837
6962,1.398,35.431,25.173,30.678,23.247,4.783,7.369,6.958
6963,1.391,35.431,25.189,30.736,23.265,4.905,7.492,7.041
6964,1.343,35.566,25.185,30.698,23.248,4.825,7.371,7.082
6965,1.284,35.663,25.119,30.707,23.254,4.743,7.37,7.042
6966,1.237,35.146,25.173,30.708,23.251,4.864,7.492,7.164
6967,1.208,35.198,25.189,30.708,23.261,4.824,7.494,7.328
6968,1.149,35.333,25.111,30.698,23.247,4.743,7.412,7.451
6969,1.077,35.421,25.126,30.669,23.247,4.701,7.452,7.574
6970,1.011,35.316,25.15,30.688,23.251,4.742,7.493,7.779
6971,0.935,35.44,25.201,30.688,23.254,4.742,7.412,8.066
6972,0.85,35.575,25.154,30.707,23.24,4.742,7.452,8.231
6973,0.775,35.673,25.154,30.679,23.244,4.742,7.493,8.558
6974,0.709,35.165,25.162,30.726,23.258,4.864,7.616,8.968
6975,0.669,35.323,25.185,30.727,23.251,4.824,7.495,9.053
6976,0.613,35.421,25.166,30.708,23.251,4.824,7.494,9.298
6977,0.57,35.508,25.142,30.717,23.251,4.824,7.494,9.463
6978,0.544,35.231,25.193,30.698,23.254,4.743,7.534,9.627
6979,0.521,35.372,25.146,30.727,23.258,4.905,7.494,9.751
6980,0.514,35.488,25.13,30.689,23.241,4.662,7.412,9.712
6981,0.527,35.528,25.111,30.698,23.247,4.822,7.452,9.914
6982,0.57,35.125,25.161,30.688,23.254,4.783,7.493,9.957
6983,0.616,35.256,25.166,30.707,23.251,4.824,7.371,9.998
6984,0.652,35.41,25.111,30.688,23.247,4.702,7.33,10.121
6985,0.678,35.431,25.118,30.698,23.254,4.863,7.492,10.366
6986,0.721,35.211,25.157,30.736,23.261,4.906,7.616,10.49
6987,0.76,35.324,25.158,30.708,23.247,4.784,7.454,10.654
6988,0.78,35.421,25.154,30.727,23.254,4.783,7.452,10.859
6989,0.803,35.642,25.142,30.727,23.251,4.824,7.534,11.186
6990,0.813,35.213,25.165,30.727,23.258,4.865,7.494,11.393
6991,0.803,35.343,25.189,30.708,23.244,4.743,7.331,11.598
6992,0.807,35.402,25.142,30.698,23.24,4.661,7.41,11.844
6993,0.8,35.143,25.15,30.717,23.254,4.822,7.452,12.05
6994,0.79,35.16,25.123,30.727,23.254,4.743,7.412,12.296
6995,0.79,35.294,25.118,30.689,23.244,4.701,7.33,12.421
6996,0.793,35.382,25.126,30.688,23.244,4.742,7.37,12.544
6997,0.787,35.239,25.185,30.727,23.265,4.945,7.492,12.829
6998,0.81,35.391,25.154,30.736,23.254,4.744,7.371,12.71
6999,0.787,35.508,25.142,30.717,23.247,4.823,7.37,12.75
7000,0.8,35.595,25.154,30.727,23.251,4.824,7.37,12.709
7001,0.803,35.164,25.181,30.708,23.251,4.824,7.33,12.587
7002,0.803,35.313,25.166,30.717,23.254,4.783,7.248,12.423
7003,0.8,35.411,25.15,30.688,23.24,4.661,7.206,12.34
7004,0.813,35.479,25.146,30.707,23.254,4.741,7.206,12.339
7005,0.823,35.115,25.165,30.717,23.254,4.742,7.206,12.217
7006,0.804,35.256,25.138,30.717,23.244,4.783,7.125,12.135
7007,0.82,35.391,25.169,30.688,23.244,4.824,7.165,12.012
7008,0.823,35.421,25.146,30.707,23.254,4.783,7.287,12.011
7009,0.833,35.057,25.169,30.746,23.265,4.986,7.288,11.889
7010,0.813,35.178,25.142,30.717,23.254,4.826,7.207,11.725
7011,0.803,35.285,25.177,30.717,23.251,4.865,7.247,11.642
7012,0.8,35.324,25.205,30.727,23.254,4.865,7.247,11.56
7013,0.807,35.238,25.135,30.736,23.261,4.865,7.206,11.356
7014,0.8,35.362,25.15,30.698,23.241,4.702,6.962,11.151
7015,0.771,35.45,25.119,30.698,23.247,4.782,7.122,11.189
7016,0.783,35.499,25.13,30.727,23.251,4.742,7.043,11.068
7017,0.774,35.154,25.189,30.708,23.251,4.783,7.082,10.985
7018,0.78,35.285,25.115,30.688,23.244,4.742,7.042,10.862
7019,0.784,35.411,25.146,30.707,23.244,4.742,7.123,10.739
7020,0.81,35.201,25.162,30.755,23.258,4.945,7.246,10.779
7021,0.803,35.141,25.197,30.708,23.251,4.825,7.044,10.535
7022,0.803,35.265,25.182,30.717,23.254,4.824,7.164,10.37
7023,0.816,35.363,25.138,30.727,23.258,4.824,7.206,10.368
7024,0.816,35.143,25.161,30.727,23.258,4.824,7.206,10.246
7025,0.816,35.256,25.154,30.727,23.251,4.824,7.165,10.042
7026,0.803,35.382,25.123,30.689,23.237,4.702,7.043,9.999
7027,0.829,35.479,25.161,30.727,23.251,4.782,7.164,9.917
7028,0.826,34.933,25.123,30.708,23.251,4.783,7.124,9.672
7029,0.836,35.091,25.126,30.698,23.247,4.742,7.124,9.67
7030,0.82,35.207,25.118,30.679,23.244,4.742,7.124,9.67
7031,0.813,35.314,25.212,30.726,23.265,4.945,7.287,9.67
7032,0.823,35.114,25.217,30.717,23.254,4.825,7.207,9.426
7033,0.804,35.227,25.182,30.717,23.254,4.702,7.206,9.342
7034,0.813,35.372,25.174,30.708,23.258,4.823,7.206,9.342
7035,0.807,35.431,25.138,30.736,23.258,4.865,7.287,9.26
7036,0.807,35.057,25.146,30.727,23.251,4.865,7.247,9.056
7037,0.79,35.178,25.134,30.698,23.24,4.743,7.125,8.973
7038,0.803,35.285,25.126,30.727,23.251,4.823,7.246,9.013
7039,0.797,35.363,25.115,30.708,23.247,4.824,7.084,8.891
7040,0.8,35.114,25.11,30.708,23.251,4.702,7.164,8.809
7041,0.816,35.246,25.161,30.688,23.244,4.701,7.084,8.726
7042,0.813,35.362,25.158,30.707,23.251,4.823,7.245,8.766
7043,0.833,35.431,25.166,30.755,23.261,4.905,7.328,8.726
7044,0.83,35.086,25.162,30.727,23.254,4.784,7.167,8.603
7045,0.83,35.198,25.123,30.736,23.254,4.824,7.206,8.562
7046,0.833,35.314,25.142,30.727,23.254,4.865,7.206,8.48
7047,0.833,35.238,25.173,30.727,23.254,4.824,7.165,8.56
7048,0.83,35.007,25.111,30.717,23.251,4.743,7.002,8.236
7049,0.826,35.101,25.103,30.679,23.24,4.701,7.082,8.233
7050,0.826,35.227,25.134,30.717,23.251,4.701,7.083,8.233
7051,0.82,35.103,25.193,30.708,23.247,4.782,7.083,8.192
7052,0.817,35.179,25.084,30.708,23.244,4.702,7.002,8.07
7053,0.813,35.333,25.11,30.708,23.244,4.782,7.041,8.109
7054,0.826,35.469,25.157,30.727,23.261,4.946,7.204,8.191
7055,0.83,34.971,25.13,30.708,23.244,4.744,7.084,8.029
7056,0.817,35.11,25.157,30.708,23.251,4.864,7.042,7.987
7057,0.803,35.236,25.138,30.727,23.254,4.824,7.001,7.986
7058,0.807,35.324,25.142,30.736,23.254,4.865,7.123,7.946
7059,0.82,35.008,25.134,30.708,23.247,4.784,6.88,7.742
7060,0.813,35.12,25.134,30.669,23.233,4.742,7.0,7.781
7061,0.826,35.265,25.177,30.698,23.244,4.783,6.919,7.822
7062,0.833,35.324,25.115,30.688,23.251,4.783,6.919,7.7
7063,0.83,34.932,25.138,30.688,23.251,4.742,6.919,7.618
7064,0.833,35.1,25.146,30.688,23.244,4.783,6.959,7.698
7065,0.849,35.236,25.126,30.746,23.265,4.946,7.122,7.861
7066,0.843,35.276,25.15,30.708,23.251,4.825,6.961,7.66
7067,0.853,35.094,25.189,30.698,23.251,4.824,6.919,7.617
7068,0.846,35.274,25.119,30.707,23.251,4.824,6.959,7.576
7069,0.846,35.391,25.142,30.727,23.254,4.824,6.96,7.535
7070,0.853,35.412,25.134,30.708,23.254,4.743,6.878,7.494
7071,0.833,34.971,25.165,30.679,23.237,4.742,6.877,7.453
7072,0.83,35.129,25.056,30.707,23.247,4.823,6.877,7.412
7073,0.836,35.256,25.114,30.698,23.254,4.783,6.837,7.452
7074,0.82,35.612,25.13,30.679,23.247,4.742,6.837,7.371
7075,0.823,35.098,25.118,30.698,23.244,4.783,6.877,7.452
7076,0.823,35.274,25.15,30.736,23.265,4.946,7.0,7.534
7077,0.823,35.382,25.189,30.708,23.251,4.866,6.919,7.372
7078,0.83,35.066,25.123,30.698,23.254,4.824,6.959,7.37
7079,0.826,35.082,25.118,30.698,23.254,4.824,7.0,7.411
7080,0.836,35.207,25.142,30.707,23.251,4.865,7.001,7.371
7081,0.839,35.314,25.173,30.708,23.244,4.784,6.879,7.289
7082,0.83,34.845,25.076,30.669,23.244,4.742,6.918,7.369
7083,0.843,35.013,25.141,30.707,23.244,4.783,6.919,7.208
7084,0.839,35.13,25.158,30.679,23.244,4.783,6.959,7.206
7085,0.843,35.208,25.064,30.688,23.251,4.783,6.878,7.165
7086,0.843,34.863,25.106,30.679,23.247,4.824,7.04,7.287
7087,0.866,35.042,25.2,30.717,23.258,4.905,7.123,7.369
7088,0.862,35.178,25.115,30.688,23.254,4.784,6.961,7.208
7089,0.859,35.237,25.122,30.688,23.247,4.824,7.0,7.125
7090,0.862,34.959,25.157,30.688,23.251,4.824,7.001,7.205
7091,0.853,35.11,25.173,30.707,23.258,4.824,7.041,7.247
7092,0.846,35.227,25.08,30.708,23.247,4.743,7.001,7.044
7093,0.833,35.257,25.11,30.65,23.244,4.701,7.001,7.042
7094,0.843,35.104,25.126,30.688,23.247,4.782,6.96,7.082
7095,0.839,35.236,25.075,30.688,23.251,4.783,6.96,7.042
7096,0.836,35.343,25.114,30.688,23.251,4.742,6.919,6.96
7097,0.833,35.382,25.157,30.669,23.247,4.783,7.0,7.122
7098,0.846,34.855,25.068,30.707,23.258,4.986,7.082,7.205
7099,0.853,35.013,25.122,30.688,23.254,4.785,6.961,7.043
7100,0.846,35.092,25.138,30.688,23.251,4.783,6.96,7.042
7101,0.843,35.102,25.181,30.688,23.258,4.824,7.041,7.123
7102,0.849,35.064,25.174,30.698,23.251,4.865,7.082,7.043
7103,0.869,35.159,25.138,30.707,23.251,4.784,7.042,7.001
7104,0.859,35.227,25.134,30.65,23.24,4.702,6.96,6.96
7105,0.869,35.113,25.099,30.678,23.251,4.823,7.122,6.919
7106,0.869,35.016,25.122,30.678,23.247,4.743,7.124,6.837
7107,0.882,35.159,25.169,30.659,23.244,4.783,7.083,6.837
7108,0.879,35.237,25.095,30.669,23.251,4.783,7.164,6.877
7109,0.879,34.902,25.142,30.659,23.258,4.864,7.368,7.04
7110,0.889,35.023,25.154,30.678,23.258,4.784,7.289,6.96
7111,0.872,35.092,25.189,30.678,23.254,4.783,7.288,6.96
7112,0.879,35.217,25.135,30.688,23.254,4.864,7.288,6.919
7113,0.866,34.854,25.122,30.688,23.251,4.824,7.41,6.878
7114,0.862,35.004,25.142,30.688,23.251,4.824,7.371,6.877
7115,0.853,35.101,25.107,30.65,23.23,4.661,7.208,6.796
7116,0.853,35.188,25.142,30.659,23.244,4.822,7.369,6.917
7117,0.856,35.602,25.173,30.659,23.251,4.824,7.37,6.837
7118,0.853,35.74,25.095,30.669,23.244,4.783,7.411,6.877
7119,0.853,35.847,25.134,30.65,23.251,4.742,7.371,6.877
7120,0.856,35.905,25.165,30.688,23.251,4.864,7.492,6.959
7121,0.879,34.477,25.212,30.707,23.261,4.865,7.453,6.878
7122,0.869,34.578,25.166,30.66,23.254,4.824,7.412,6.877
7123,0.879,34.732,25.127,30.678,23.251,4.743,7.452,6.837
7124,0.885,34.791,25.138,30.669,23.254,4.823,7.493,6.918
7125,0.892,34.878,25.119,30.678,23.251,4.824,7.494,6.878
7126,0.886,35.023,25.134,30.659,23.247,4.702,7.453,6.755
7127,0.889,35.12,25.165,30.64,23.247,4.742,7.452,6.795
7128,0.892,35.16,25.111,30.649,23.247,4.742,7.452,6.795
7129,0.902,34.94,25.118,30.649,23.247,4.701,7.534,6.673
7130,0.892,35.081,25.107,30.649,23.244,4.66,7.453,6.713
7131,0.876,35.188,25.181,30.659,23.247,4.782,7.574,6.835
7132,0.892,35.343,25.119,30.697,23.265,4.864,7.738,6.837
7133,0.886,34.913,25.114,30.65,23.251,4.743,7.659,6.714
7134,0.879,35.043,25.138,30.669,23.254,4.783,7.617,6.713
7135,0.869,35.14,25.115,30.669,23.254,4.864,7.657,6.794
7136,0.879,34.891,25.134,30.669,23.254,4.824,7.739,6.795
7137,0.876,34.946,25.212,30.659,23.251,4.702,7.618,6.714
7138,0.859,35.072,25.092,30.64,23.244,4.782,7.657,6.713
7139,0.866,35.198,25.13,30.669,23.251,4.783,7.739,6.672
7140,0.872,34.786,25.122,30.64,23.244,4.824,7.618,6.631
7141,0.882,34.917,25.193,30.63,23.247,4.661,7.657,6.59
7142,0.882,35.033,25.119,30.649,23.247,4.7,7.739,6.671
7143,0.905,35.168,25.15,30.669,23.258,4.863,7.943,6.794
7144,0.908,34.757,25.154,30.65,23.254,4.743,7.742,6.673
7145,0.905,34.878,25.115,30.649,23.254,4.783,7.74,6.713
7146,0.915,35.013,25.15,30.64,23.247,4.783,7.781,6.754
7147,0.925,35.072,25.189,30.659,23.254,4.783,7.822,6.673
7148,0.918,34.699,25.123,30.65,23.251,4.783,7.7,6.631
7149,0.918,34.849,25.154,30.611,23.244,4.702,7.577,6.55
7150,0.912,35.004,25.138,30.63,23.254,4.782,7.738,6.671
7151,0.905,35.034,25.197,30.621,23.247,4.742,7.659,6.631
7152,0.905,34.862,25.084,30.63,23.244,4.742,7.658,6.672
7153,0.902,34.984,25.032,30.611,23.24,4.783,7.617,6.631
7154,0.912,35.158,25.11,30.659,23.268,4.946,7.779,6.794
7155,0.912,35.218,25.099,30.64,23.248,4.825,7.618,6.633
7156,0.908,34.796,25.134,30.649,23.254,4.783,7.617,6.631
7157,0.895,34.926,25.177,30.649,23.247,4.783,7.535,6.672
7158,0.902,35.052,25.096,30.659,23.258,4.824,7.657,6.631
7159,0.902,35.082,25.153,30.64,23.251,4.743,7.455,6.468
7160,0.892,34.814,25.111,30.601,23.247,4.823,7.452,6.629
7161,0.918,34.974,25.185,30.62,23.251,4.743,7.371,6.55
7162,0.915,35.101,25.146,30.63,23.247,4.823,7.411,6.549
7163,0.925,34.824,25.111,30.611,23.251,4.743,7.33,6.549
7164,0.922,34.792,25.142,30.63,23.251,4.823,7.37,6.63
7165,0.944,34.965,25.103,30.668,23.261,4.946,7.411,6.712
7166,0.938,35.053,25.146,30.621,23.254,4.744,7.33,6.632
7167,0.945,34.862,25.201,30.611,23.251,4.864,7.329,6.631
7168,0.948,34.984,25.104,30.62,23.254,4.824,7.329,6.631
7169,0.961,35.13,25.146,30.649,23.254,4.865,7.289,6.631
7170,0.945,35.198,25.142,30.611,23.24,4.702,7.166,6.387
7171,0.945,34.777,25.177,30.592,23.24,4.823,7.206,6.588
7172,0.951,34.936,25.119,30.611,23.244,4.783,7.206,6.549
7173,0.932,35.081,25.142,30.601,23.244,4.742,7.247,6.59
7174,0.931,35.15,25.119,30.611,23.247,4.742,7.166,6.468
7175,0.928,34.776,24.993,30.611,23.254,4.742,7.287,6.629
7176,0.944,34.964,25.125,30.649,23.272,4.945,7.288,6.631
7177,0.938,35.081,25.165,30.611,23.251,4.744,7.207,6.631
7178,0.932,35.159,25.138,30.611,23.254,4.823,7.247,6.631
7179,0.944,34.911,25.134,30.63,23.254,4.743,7.206,6.631
7180,0.951,35.071,25.154,30.621,23.258,4.905,7.247,6.631
7181,0.958,35.178,25.189,30.582,23.254,4.703,7.084,6.468
7182,0.948,35.199,25.146,30.591,23.247,4.742,7.205,6.548
7183,0.967,34.834,25.162,30.601,23.247,4.742,7.206,6.549
7184,0.964,34.984,25.127,30.591,23.254,4.742,7.125,6.508
7185,0.971,35.082,25.107,30.582,23.247,4.661,7.124,6.467
7186,0.984,35.131,25.142,30.591,23.251,4.782,7.205,6.548
7187,1.0,34.939,25.189,30.649,23.268,4.864,7.287,6.59
7188,0.997,35.062,25.115,30.582,23.244,4.784,7.125,6.59
7189,0.997,35.178,25.122,30.591,23.251,4.742,7.083,6.549
7190,0.997,35.199,25.126,30.611,23.251,4.823,7.123,6.549
7191,0.987,35.103,25.196,30.611,23.251,4.824,7.165,6.59
7192,0.997,35.236,25.131,30.601,23.254,4.783,7.043,6.468
7193,0.984,35.295,25.146,30.553,23.234,4.661,6.96,6.467
7194,0.987,35.123,25.146,30.581,23.247,4.782,7.041,6.507
7195,0.987,35.217,25.119,30.582,23.247,4.824,7.001,6.508
7196,0.984,35.343,25.083,30.572,23.244,4.743,6.96,6.386
7197,0.994,35.421,25.161,30.582,23.244,4.742,6.96,6.547
7198,0.987,35.163,25.06,30.601,23.261,4.905,7.122,6.671
7199,0.997,35.342,25.114,30.591,23.254,4.825,7.002,6.591
7200,1.004,35.43,25.157,30.553,23.254,4.824,7.041,6.509
7201,1.01,35.498,25.185,30.591,23.251,4.743,6.96,6.508
7202,1.017,35.374,25.162,30.591,23.258,4.823,7.041,6.63
7203,1.023,35.507,25.166,30.591,23.251,4.865,7.001,6.59
7204,1.03,35.633,25.146,30.553,23.244,4.581,6.797,6.427
7205,1.027,35.683,25.099,30.562,23.251,4.781,6.958,6.507
7206,1.037,35.328,25.122,30.572,23.251,4.783,6.919,6.508
7207,1.043,35.44,25.173,30.562,23.244,4.702,6.959,6.467
7208,1.059,35.566,25.095,30.553,23.24,4.742,6.96,6.426
7209,1.056,35.634,25.134,30.572,23.254,4.823,7.163,6.548
7210,1.069,35.673,25.169,30.61,23.268,4.946,7.206,6.63
7211,1.047,35.789,25.162,30.572,23.258,4.785,7.084,6.55
7212,1.046,35.895,25.095,30.553,23.251,4.702,7.123,6.549
7213,1.037,35.954,25.153,30.572,23.254,4.823,7.205,6.549
7214,1.043,35.868,25.138,30.582,23.258,4.824,7.287,6.508
7215,1.043,35.982,25.142,30.591,23.247,4.783,7.125,6.386
7216,1.027,36.06,25.072,30.534,23.24,4.661,7.205,6.507
7217,1.043,36.444,25.176,30.552,23.244,4.782,7.287,6.427
7218,1.043,35.969,25.029,30.581,23.251,4.824,7.247,6.426
7219,1.04,36.06,25.117,30.553,23.244,4.702,7.166,6.426
7220,1.05,36.157,25.146,30.543,23.244,4.742,7.206,6.426
7221,1.069,36.177,25.193,30.572,23.258,4.945,7.45,6.629
7222,1.082,36.292,25.166,30.553,23.251,4.744,7.29,6.55
7223,1.076,36.389,25.127,30.553,23.251,4.864,7.288,6.427
7224,1.076,36.496,25.15,30.562,23.247,4.824,7.288,6.548
7225,1.086,36.113,25.165,30.629,23.254,4.865,7.288,6.508
7226,1.086,36.224,25.107,30.563,23.261,4.824,7.329,6.427
7227,1.092,36.341,25.165,30.534,23.244,4.702,7.167,6.344
7228,1.092,36.438,25.131,30.591,23.247,4.823,7.287,6.384
7229,1.115,36.333,25.13,30.543,23.251,4.783,7.207,6.425
7230,1.102,36.476,25.15,30.533,23.247,4.742,7.247,6.385
7231,1.102,36.583,25.173,30.524,23.247,4.701,7.166,6.425
7232,1.102,36.68,25.146,30.562,23.254,4.863,7.328,6.548
7233,1.102,36.556,25.08,30.572,23.258,4.906,7.289,6.549
7234,1.086,36.651,25.122,30.543,23.254,4.865,7.247,6.386
7235,1.089,36.748,25.134,30.524,23.251,4.743,7.247,6.507
7236,1.102,36.835,25.103,30.543,23.258,4.823,7.288,6.467
7237,1.093,36.797,25.157,30.553,23.261,4.783,7.288,6.507
7238,1.092,36.922,25.123,30.524,23.247,4.702,7.207,6.345
7239,1.083,37.019,25.111,30.533,23.251,4.823,7.206,6.384
7240,1.096,37.077,25.165,30.533,23.247,4.743,7.287,6.425
7241,1.102,36.781,25.173,30.514,23.251,4.783,7.247,6.385
7242,1.099,36.902,25.138,30.514,23.244,4.702,7.247,6.344
7243,1.106,36.99,25.119,30.533,23.258,4.863,7.41,6.588
7244,1.128,37.077,25.138,30.552,23.268,4.906,7.411,6.468
7245,1.122,36.972,25.119,30.533,23.254,4.865,7.33,6.426
7246,1.116,37.096,25.114,30.533,23.258,4.784,7.289,6.344
7247,1.138,37.184,25.173,30.533,23.254,4.824,7.329,6.425
7248,1.145,37.184,25.146,30.6,23.251,4.824,7.41,6.385
7249,1.139,37.156,25.13,30.505,23.247,4.661,7.208,6.344
7250,1.122,37.251,25.142,30.495,23.24,4.7,7.247,6.384
7251,1.125,37.358,25.201,30.504,23.254,4.782,7.328,6.425
7252,1.125,37.177,25.178,30.533,23.251,4.742,7.329,6.385
7253,1.116,37.271,25.099,30.505,23.251,4.783,7.207,6.303
7254,1.109,37.396,25.114,30.495,23.251,4.783,7.328,6.384
7255,1.115,37.522,25.11,30.543,23.261,4.905,7.41,6.466
7256,1.119,37.217,25.122,30.505,23.247,4.784,7.208,6.386
7257,1.099,37.338,25.173,30.514,23.254,4.742,7.287,6.385
7258,1.099,37.483,25.15,30.524,23.254,4.823,7.247,6.385
7259,1.099,37.561,25.146,30.543,23.254,4.865,7.288,6.385
7260,1.109,37.457,25.158,30.495,23.244,4.662,7.125,6.222
7261,1.099,37.571,25.205,30.514,23.254,4.782,7.124,6.342
7262,1.109,37.697,25.17,30.504,23.251,4.783,7.165,6.303
7263,1.112,37.765,25.123,30.495,23.244,4.702,7.084,6.262
7264,1.093,37.392,25.15,30.495,23.244,4.742,7.083,6.302
7265,1.099,37.551,25.091,30.523,23.254,4.823,7.245,6.506
7266,1.102,37.706,25.138,30.524,23.254,4.865,7.206,6.345
7267,1.102,37.688,25.173,30.476,23.254,4.784,7.125,6.303
7268,1.096,37.563,25.095,30.494,23.254,4.864,7.205,6.343
7269,1.099,37.677,25.106,30.504,23.251,4.824,7.125,6.343
7270,1.086,37.793,25.153,30.514,23.261,4.783,7.124,6.343
7271,1.07,37.804,25.201,30.476,23.251,4.702,7.002,6.221
7272,1.05,37.526,25.119,30.485,23.251,4.782,7.082,6.342
7273,1.043,37.686,25.13,30.504,23.251,4.742,7.042,6.262
7274,1.033,37.794,25.146,30.466,23.251,4.783,7.042,6.262
7275,1.027,37.891,25.13,30.466,23.24,4.702,7.042,6.221
7276,1.02,37.719,25.118,30.475,23.247,4.782,7.164,6.342
7277,1.014,37.871,25.173,30.514,23.261,4.864,7.246,6.466
7278,1.004,37.978,25.146,30.495,23.254,4.824,7.125,6.304
7279,0.994,37.643,25.126,30.475,23.251,4.783,7.124,6.384
7280,0.997,37.707,25.15,30.485,23.251,4.783,7.124,6.385
7281,0.991,37.803,25.181,30.485,23.254,4.783,7.124,6.344
7282,0.987,37.929,25.138,30.475,23.244,4.742,7.124,6.221
7283,0.971,37.662,25.111,30.446,23.24,4.661,7.165,6.383
7284,0.984,37.822,25.177,30.475,23.251,4.822,7.206,6.385
7285,0.971,37.939,25.142,30.456,23.24,4.661,7.206,6.303
7286,0.968,38.007,25.103,30.446,23.244,4.741,7.206,6.262
7287,0.958,37.586,25.138,30.446,23.247,4.783,7.287,6.343
7288,0.964,37.754,25.142,30.485,23.261,4.864,7.41,6.466
7289,0.961,37.881,25.107,30.475,23.251,4.784,7.249,6.345
7290,0.948,37.93,25.134,30.466,23.254,4.824,7.328,6.343
7291,0.932,37.719,25.142,30.456,23.254,4.783,7.289,6.384
7292,0.931,37.861,25.111,30.456,23.258,4.824,7.329,6.425
7293,0.918,37.968,25.118,30.456,23.258,4.824,7.329,6.344
7294,0.902,37.998,25.111,30.437,23.244,4.661,7.207,6.262
7295,0.889,37.739,25.126,30.446,23.251,4.7,7.247,6.384
7296,0.889,37.89,25.138,30.446,23.251,4.701,7.247,6.344
7297,0.872,37.968,25.134,30.427,23.247,4.701,7.247,6.343
7298,0.872,38.007,25.142,30.436,23.24,4.701,7.166,6.343
7299,0.872,37.595,25.122,30.446,23.247,4.782,7.287,6.466
7300,0.882,37.754,25.161,30.475,23.258,4.864,7.288,6.426
7301,0.869,37.823,25.17,30.437,23.247,4.702,7.207,6.385
7302,0.869,37.91,25.131,30.437,23.251,4.782,7.247,6.385
7303,0.869,37.834,25.134,30.456,23.254,4.783,7.247,6.425
7304,0.872,37.987,25.142,30.446,23.258,4.783,7.206,6.507
7305,0.869,38.075,25.142,30.427,23.251,4.702,7.084,6.345
7306,0.853,37.73,25.103,30.417,23.247,4.782,7.164,6.384
7307,0.879,37.688,25.149,30.427,23.251,4.702,7.084,6.344
7308,0.872,37.832,25.138,30.427,23.247,4.701,7.083,6.303
7309,0.872,37.91,25.122,30.417,23.247,4.66,7.123,6.302
7310,0.843,37.623,25.154,30.417,23.247,4.741,7.043,6.384
7311,0.839,37.774,25.15,30.465,23.265,4.823,7.245,6.547
7312,0.833,37.9,25.123,30.446,23.254,4.783,7.125,6.386
7313,0.826,37.968,25.103,30.427,23.254,4.824,7.083,6.385
7314,0.82,37.653,25.149,30.417,23.258,4.743,7.083,6.385
7315,0.826,37.803,25.138,30.436,23.254,4.742,7.083,6.385
7316,0.823,37.929,25.126,30.427,23.251,4.661,6.961,6.344
7317,0.8,37.949,25.146,30.388,23.244,4.66,7.0,6.384
7318,0.81,37.633,25.162,30.426,23.251,4.741,6.96,6.344
7319,0.803,37.745,25.099,30.417,23.254,4.742,6.919,6.384
7320,0.807,37.861,25.142,30.398,23.244,4.701,6.878,6.303
7321,0.813,37.91,25.165,30.398,23.251,4.742,6.918,6.343
7322,0.826,37.662,25.166,30.427,23.261,4.823,7.122,6.588
7323,0.826,37.832,25.162,30.417,23.261,4.743,6.961,6.427
7324,0.82,37.891,25.115,30.417,23.251,4.701,6.96,6.426
7325,0.82,37.949,25.134,30.417,23.251,4.782,6.96,6.426
7326,0.83,37.681,25.134,30.427,23.258,4.824,6.96,6.507
7327,0.839,37.803,25.173,30.427,23.258,4.702,7.0,6.386
7328,0.833,37.929,25.142,30.408,23.247,4.66,6.879,6.263
7329,0.813,37.94,25.099,30.379,23.251,4.7,6.959,6.343
7330,0.816,37.633,25.188,30.388,23.244,4.701,6.878,6.384
7331,0.813,37.755,25.131,30.379,23.244,4.742,6.959,6.344
7332,0.81,37.852,25.13,30.398,23.247,4.701,6.878,6.303
7333,0.794,37.709,25.126,30.379,23.247,4.742,6.959,6.425
7334,0.8,37.583,25.134,30.426,23.265,4.864,7.041,6.466
7335,0.794,37.687,25.099,30.388,23.258,4.743,7.001,6.386
7336,0.787,37.784,25.11,30.388,23.251,4.742,6.96,6.344
7337,0.784,37.516,25.142,30.407,23.251,4.783,7.041,6.425
7338,0.78,37.6,25.162,30.398,23.254,4.783,7.001,6.507
7339,0.78,37.726,25.123,30.398,23.254,4.742,6.96,6.345
7340,0.774,37.784,25.15,30.369,23.244,4.661,6.919,6.343
7341,0.793,37.564,25.162,30.369,23.251,4.7,7.041,6.384
7342,0.793,37.696,25.107,30.359,23.247,4.742,6.96,6.385
7343,0.8,37.794,25.126,30.378,23.247,4.742,6.919,6.385
7344,0.797,37.871,25.118,30.369,23.251,4.701,6.919,6.466
7345,0.8,37.306,25.142,30.417,23.258,4.863,7.081,6.548
7346,0.823,37.454,25.126,30.398,23.251,4.743,6.961,6.468
7347,0.817,37.552,25.115,30.35,23.251,4.783,6.96,6.426
7348,0.82,37.639,25.13,30.388,23.254,4.783,6.878,6.385
7349,0.826,37.486,25.111,30.369,23.251,4.783,6.959,6.425
7350,0.813,37.629,25.173,30.369,23.258,4.742,7.0,6.426
7351,0.813,37.716,25.131,30.35,23.241,4.661,6.797,6.304
7352,0.807,37.784,25.138,30.388,23.251,4.741,6.917,6.465
7353,0.787,37.449,25.146,30.369,23.254,4.742,6.919,6.386
7354,0.78,37.59,25.134,30.359,23.247,4.742,6.919,6.344
7355,0.784,37.725,25.048,30.378,23.244,4.661,6.919,6.343
7356,0.793,37.736,25.114,30.378,23.258,4.782,7.163,6.547
7357,0.79,37.449,25.157,30.388,23.254,4.783,7.124,6.549
7358,0.787,37.532,25.029,30.379,23.254,4.783,7.165,6.468
7359,0.777,37.648,25.11,30.378,23.251,4.702,7.165,6.507
7360,0.784,37.87,25.149,30.359,23.254,4.742,7.287,6.467
7361,0.797,37.46,25.173,30.369,23.254,4.701,7.207,6.467
7362,0.794,37.59,25.068,30.35,23.24,4.62,7.206,6.386
7363,0.79,37.706,25.133,30.349,23.247,4.659,7.287,6.425
7364,0.803,37.305,25.134,30.349,23.254,4.7,7.288,6.426
7365,0.807,37.31,25.126,30.34,23.251,4.701,7.288,6.426
7366,0.803,37.445,25.111,30.34,23.244,4.66,7.288,6.344
7367,0.807,37.542,25.11,30.321,23.251,4.863,7.491,6.506
7368,0.829,37.351,25.153,30.397,23.254,4.784,7.453,6.467
7369,0.833,37.435,25.111,30.331,23.251,4.661,7.412,6.426
7370,0.826,37.542,25.169,30.34,23.251,4.782,7.493,6.426
7371,0.813,37.648,25.103,30.349,23.258,4.742,7.494,6.466
7372,0.82,37.371,25.13,30.349,23.254,4.823,7.494,6.467
7373,0.807,37.503,25.146,30.34,23.247,4.621,7.371,6.345
7374,0.794,37.581,25.115,30.321,23.244,4.7,7.37,6.384
7375,0.806,37.677,25.087,30.33,23.254,4.66,7.33,6.385
7376,0.8,37.257,25.11,30.311,23.254,4.782,7.329,6.385
7377,0.794,37.367,25.169,30.301,23.247,4.661,7.329,6.385
7378,0.79,37.503,25.111,30.33,23.247,4.741,7.329,6.507
7379,0.79,37.59,25.122,30.34,23.261,4.945,7.451,6.549
7380,0.806,38.004,25.134,30.321,23.247,4.703,7.33,6.468
7381,0.8,38.123,25.177,30.32,23.251,4.742,7.329,6.467
7382,0.807,38.239,25.123,30.33,23.254,4.742,7.37,6.467
7383,0.816,38.279,25.126,30.33,23.258,4.823,7.248,6.426
7384,0.826,37.061,25.099,30.32,23.251,4.661,7.206,6.304
7385,0.813,37.164,25.11,30.282,23.244,4.66,7.206,6.384
7386,0.82,37.299,25.134,30.31,23.247,4.741,7.206,6.425
7387,0.833,37.31,25.111,30.282,23.244,4.701,7.206,6.344
7388,0.826,37.406,25.134,30.282,23.244,4.66,7.165,6.343
7389,0.826,37.513,25.103,30.272,23.247,4.66,7.287,6.425
7390,0.836,37.638,25.188,30.32,23.261,4.822,7.369,6.548
7391,0.826,37.486,25.123,30.301,23.251,4.702,7.289,6.427
7392,0.82,37.418,25.099,30.282,23.251,4.742,7.247,6.426
7393,0.817,37.542,25.103,30.301,23.254,4.783,7.328,6.426
7394,0.816,37.648,25.091,30.311,23.251,4.783,7.207,6.466
7395,0.82,37.189,25.048,30.291,23.258,4.824,7.165,6.345
7396,0.8,37.252,25.094,30.253,23.237,4.58,7.206,6.466
7397,0.797,37.386,25.165,30.272,23.251,4.74,7.206,6.507
7398,0.81,37.503,25.111,30.282,23.244,4.742,7.165,6.427
7399,0.797,37.197,25.099,30.282,23.247,4.701,7.206,6.344
7400,0.803,37.319,25.122,30.262,23.251,4.66,7.165,6.466
7401,0.816,37.454,25.161,30.301,23.251,4.863,7.287,6.589
7402,0.826,37.552,25.107,30.311,23.251,4.824,7.247,6.509
7403,0.82,37.226,25.095,30.272,23.251,4.743,7.247,6.549
7404,0.83,37.396,25.11,30.282,23.251,4.742,7.288,6.508
7405,0.836,37.503,25.13,30.262,23.251,4.742,7.207,6.549
7406,0.839,37.552,25.142,30.272,23.251,4.823,7.206,6.59
7407,0.839,37.274,25.111,30.234,23.24,4.661,6.962,6.387
7408,0.83,37.406,25.122,30.243,23.251,4.822,7.122,6.547
7409,0.843,37.532,25.111,30.243,23.251,4.743,7.083,6.468
7410,0.839,37.562,25.165,30.233,23.247,4.701,7.002,6.548
7411,0.82,37.265,25.084,30.224,23.24,4.742,7.001,6.468
7412,0.817,37.406,25.118,30.262,23.258,4.823,7.082,6.629
7413,0.836,37.551,25.142,30.281,23.261,4.824,7.042,6.55
7414,0.82,37.562,25.126,30.243,23.251,4.743,7.001,6.508
7415,0.81,37.265,25.025,30.233,23.254,4.783,7.041,6.508
7416,0.816,37.396,25.113,30.243,23.251,4.783,7.082,6.508
7417,0.807,37.493,25.177,30.252,23.258,4.824,7.002,6.589
7418,0.8,37.485,25.099,30.214,23.244,4.661,6.879,6.468
7419,0.8,37.216,25.099,30.233,23.258,4.741,7.04,6.467
7420,0.807,37.357,25.142,30.214,23.247,4.701,6.92,6.467
7421,0.816,37.455,25.162,30.214,23.24,4.701,6.878,6.507
7422,0.82,37.178,25.08,30.204,23.247,4.701,6.959,6.467
7423,0.826,37.251,25.114,30.233,23.251,4.782,7.041,6.589
7424,0.83,37.425,25.153,30.262,23.261,4.824,7.082,6.549
7425,0.83,37.484,25.134,30.214,23.251,4.824,7.002,6.549
7426,0.833,37.063,25.138,30.204,23.254,4.743,7.001,6.468
7427,0.846,37.183,25.115,30.204,23.254,4.864,7.001,6.507
7428,0.836,37.319,25.11,30.223,23.258,4.865,7.041,6.467
7429,0.843,37.387,25.126,30.195,23.247,4.702,6.96,6.386
7430,0.826,37.081,25.15,30.175,23.244,4.66,7.041,6.507
7431,0.843,37.26,25.099,30.213,23.254,4.782,7.001,6.508
7432,0.823,37.367,25.114,30.195,23.251,4.742,7.001,6.467
7433,0.807,37.426,25.122,30.195,23.251,4.661,6.96,6.467
7434,0.807,37.101,25.126,30.185,23.254,4.741,7.122,6.507
7435,0.82,37.26,25.138,30.252,23.265,4.945,7.287,6.63
7436,0.826,37.377,25.111,30.195,23.251,4.703,7.125,6.509
7437,0.807,37.417,25.161,30.195,23.251,4.823,7.083,6.508
7438,0.81,37.024,25.13,30.195,23.251,4.743,7.164,6.589
7439,0.81,37.173,25.118,30.223,23.254,4.783,7.206,6.549
7440,0.813,37.29,25.134,30.195,23.258,4.742,7.165,6.508
7441,0.803,37.291,25.15,30.147,23.237,4.579,7.124,6.508
7442,0.81,37.07,25.13,30.223,23.251,4.74,7.205,6.508
7443,0.82,37.212,25.115,30.185,23.251,4.701,7.287,6.467
7444,0.826,37.309,25.122,30.166,23.244,4.701,7.125,6.386
7445,0.82,37.588,25.099,30.165,23.247,4.701,7.165,6.466
7446,0.83,37.093,25.149,30.194,23.254,4.823,7.409,6.629
7447,0.856,37.241,25.107,30.204,23.254,4.865,7.289,6.55
7448,0.833,37.329,25.107,30.175,23.254,4.784,7.288,6.508
7449,0.846,37.042,25.134,30.175,23.258,4.742,7.247,6.508
7450,0.833,37.049,25.115,30.166,23.251,4.742,7.288,6.549
7451,0.826,37.183,25.087,30.185,23.258,4.742,7.288,6.549
7452,0.813,37.261,25.11,30.137,23.241,4.661,7.085,6.468
7453,0.816,37.003,25.142,30.156,23.254,4.863,7.205,6.507
7454,0.807,37.144,25.13,30.156,23.247,4.662,7.165,6.427
7455,0.81,37.242,25.087,30.185,23.244,4.7,7.165,6.385
7456,0.797,37.3,25.11,30.137,23.24,4.66,7.206,6.385
7457,0.803,37.866,25.165,30.156,23.254,4.822,7.328,6.629
7458,0.807,38.045,25.123,30.194,23.261,4.783,7.207,6.509
7459,0.787,38.123,25.114,30.147,23.251,4.742,7.206,6.467
7460,0.797,38.181,25.107,30.146,23.258,4.783,7.206,6.548
7461,0.803,36.504,25.165,30.156,23.258,4.824,7.206,6.468
7462,0.813,36.631,25.107,30.146,23.251,4.702,7.125,6.426
7463,0.8,36.728,25.107,30.117,23.24,4.62,7.083,6.385
7464,0.81,36.835,25.13,30.146,23.251,4.659,7.123,6.344
7465,0.82,37.075,25.111,30.127,23.247,4.7,7.083,6.384
7466,0.82,37.212,25.13,30.127,23.247,4.62,7.042,6.385
7467,0.817,37.309,25.083,30.108,23.244,4.659,7.123,6.385
7468,0.839,37.378,25.114,30.165,23.261,4.904,7.287,6.547
7469,0.849,36.851,25.15,30.127,23.251,4.703,7.085,6.386
7470,0.836,36.97,25.169,30.127,23.254,4.742,7.123,6.425
7471,0.82,37.077,25.111,30.127,23.251,4.783,7.083,6.507
7472,0.826,37.116,25.087,30.136,23.258,4.742,7.164,6.467
7473,0.807,36.934,25.091,30.136,23.247,4.661,7.043,6.345
7474,0.79,37.038,25.095,30.108,23.237,4.497,7.001,6.384
7475,0.79,37.154,25.122,30.184,23.254,4.699,7.082,6.385
7476,0.797,37.079,25.114,30.118,23.251,4.742,7.083,6.344
7477,0.794,36.953,25.122,30.107,23.247,4.701,7.083,6.303
7478,0.793,37.077,25.126,30.174,23.24,4.701,7.042,6.384
7479,0.787,37.203,25.111,30.146,23.258,4.904,7.204,6.547
7480,0.803,36.83,25.169,30.137,23.251,4.703,7.125,6.427
7481,0.8,36.864,25.174,30.108,23.251,4.701,7.165,6.426
7482,0.797,36.999,25.06,30.136,23.254,4.742,7.165,6.385
7483,0.813,37.096,25.094,30.117,23.258,4.783,7.287,6.547
7484,0.826,36.838,25.114,30.117,23.254,4.742,7.288,6.386
7485,0.817,36.96,25.114,30.088,23.24,4.661,7.085,6.344
7486,0.81,37.067,25.114,30.107,23.244,4.741,7.286,6.425
7487,0.829,37.164,25.068,30.098,23.251,4.701,7.247,6.385
7488,0.833,36.753,25.118,30.088,23.244,4.701,7.166,6.344
7489,0.839,36.883,25.142,30.078,23.244,4.701,7.206,6.425
7490,0.813,37.018,25.173,30.098,23.254,4.823,7.409,6.548
7491,0.826,37.125,25.095,30.117,23.265,4.783,7.371,6.427
7492,0.81,36.896,25.103,30.098,23.251,4.783,7.33,6.426
7493,0.807,37.028,25.103,30.098,23.247,4.742,7.37,6.466
7494,0.8,37.145,25.095,30.088,23.258,4.742,7.37,6.386
7495,0.8,37.213,25.11,30.155,23.258,4.783,7.37,6.425
7496,0.794,36.859,25.091,30.06,23.247,4.702,7.167,6.344
7497,0.78,36.941,25.141,30.078,23.251,4.701,7.287,6.384
7498,0.79,37.115,25.142,30.107,23.251,4.742,7.329,6.466
7499,0.787,37.136,25.083,30.088,23.244,4.661,7.289,6.386
7500,0.787,36.848,25.13,30.069,23.244,4.7,7.247,6.344
7501,0.797,36.97,25.15,30.078,23.254,4.782,7.41,6.547
7502,0.81,37.115,25.111,30.126,23.261,4.864,7.452,6.508
7503,0.803,37.232,25.103,30.079,23.251,4.743,7.412,6.467
7504,0.81,36.868,25.095,30.088,23.247,4.701,7.452,6.467
7505,0.813,37.018,25.11,30.098,23.251,4.823,7.452,6.386
7506,0.82,37.116,25.146,30.079,23.254,4.824,7.493,6.547
7507,0.813,36.781,25.083,30.069,23.244,4.661,7.412,6.264
7508,0.813,36.787,25.11,30.05,23.247,4.741,7.452,6.424
7509,0.829,36.95,25.114,30.059,23.251,4.742,7.493,6.426
7510,0.813,37.048,25.15,30.049,23.247,4.742,7.453,6.385
7511,0.797,36.79,25.056,30.049,23.244,4.701,7.452,6.344
7512,0.787,36.922,25.106,30.059,23.247,4.782,7.452,6.466
7513,0.797,37.067,25.134,30.107,23.268,4.824,7.574,6.629
7514,0.797,37.154,25.122,30.069,23.251,4.783,7.494,6.428
7515,0.79,36.714,25.118,30.059,23.251,4.702,7.453,6.466
7516,0.79,36.844,25.103,30.069,23.247,4.782,7.534,6.548
7517,0.787,36.98,25.149,30.078,23.265,4.824,7.453,6.427
7518,0.79,37.039,25.138,30.078,23.248,4.702,7.412,6.344
7519,0.767,36.732,25.076,30.03,23.244,4.66,7.411,6.506
7520,0.774,36.902,25.137,30.068,23.251,4.7,7.533,6.386
7521,0.787,36.999,25.115,30.05,23.251,4.742,7.412,6.466
7522,0.793,37.068,25.134,30.059,23.244,4.742,7.493,6.426
7523,0.784,36.828,25.099,30.04,23.247,4.701,7.534,6.426
7524,0.806,36.989,25.114,30.107,23.261,4.863,7.697,6.629
7525,0.807,37.125,25.126,30.069,23.254,4.784,7.618,6.509
7526,0.8,37.136,25.142,30.059,23.258,4.742,7.657,6.467
7527,0.807,36.695,25.087,30.049,23.251,4.783,7.658,6.507
7528,0.813,36.834,25.134,30.059,23.254,4.783,7.658,6.549
7529,0.807,36.941,25.13,30.049,23.258,4.783,7.617,6.386
7530,0.79,36.933,25.126,30.011,23.237,4.702,7.617,6.385
7531,0.767,36.865,25.099,30.059,23.251,4.742,7.657,6.425
7532,0.787,37.009,25.114,30.04,23.244,4.701,7.576,6.385
7533,0.784,37.106,25.118,30.03,23.244,4.701,7.535,6.385
7534,0.777,36.838,25.118,30.02,23.247,4.66,7.657,6.425
7535,0.78,36.817,25.138,30.059,23.258,4.863,7.739,6.629
7536,0.787,36.979,25.115,30.069,23.254,4.743,7.618,6.509
7537,0.761,37.039,25.165,30.059,23.251,4.701,7.617,6.467
7538,0.757,36.684,25.103,30.069,23.254,4.823,7.576,6.548
7539,0.774,36.815,25.099,30.059,23.254,4.743,7.535,6.549
7540,0.78,36.922,25.145,30.059,23.254,4.783,7.534,6.468
7541,0.771,36.98,25.126,30.011,23.247,4.661,7.372,6.426
7542,0.767,36.78,25.087,30.068,23.251,4.741,7.452,6.466
7543,0.774,36.893,25.071,30.04,23.247,4.661,7.452,6.467
7544,0.78,37.019,25.102,30.04,23.254,4.741,7.371,6.386
7545,0.784,37.077,25.138,30.03,23.244,4.742,7.33,6.425
7546,0.803,36.761,25.126,30.059,23.251,4.823,7.492,6.629
7547,0.813,36.94,25.099,30.059,23.261,4.865,7.453,6.468
7548,0.807,37.038,25.091,30.049,23.251,4.784,7.371,6.467
7549,0.794,37.106,25.126,30.049,23.251,4.783,7.411,6.426
7550,0.793,36.743,25.142,30.03,23.247,4.783,7.33,6.507
7551,0.767,36.873,25.122,30.059,23.254,4.824,7.37,6.508
7552,0.783,36.97,25.095,30.021,23.251,4.661,7.248,6.386
7553,0.777,37.029,25.103,30.03,23.258,4.741,7.369,6.466
7554,0.78,36.905,25.118,30.02,23.247,4.742,7.33,6.467
7555,0.767,37.028,25.122,30.011,23.244,4.701,7.289,6.426
7556,0.777,37.106,25.091,30.02,23.244,4.742,7.288,6.426
7557,0.761,37.145,25.138,30.02,23.254,4.823,7.451,6.629
7558,0.78,36.791,25.134,30.078,23.265,4.824,7.534,6.59
7559,0.764,36.874,25.111,30.03,23.251,4.824,7.412,6.509
7560,0.767,36.99,25.153,30.03,23.251,4.783,7.493,6.549
7561,0.783,36.981,25.119,30.03,23.258,4.742,7.494,6.549
7562,0.777,36.876,25.099,30.04,23.258,4.783,7.494,6.468
7563,0.78,36.98,25.032,30.001,23.244,4.62,7.371,6.386
7564,0.78,37.077,25.098,30.011,23.247,4.781,7.492,6.466
7565,0.787,36.675,25.114,30.011,23.247,4.702,7.453,6.467
7566,0.784,36.719,25.138,30.02,23.251,4.66,7.534,6.426
7567,0.787,36.835,25.052,30.011,23.244,4.741,7.534,6.426
7568,0.79,36.96,25.094,30.03,23.251,4.823,7.779,6.548
7569,0.803,36.751,25.181,30.04,23.261,4.865,7.7,6.468
7570,0.787,36.854,25.135,30.03,23.254,4.743,7.78,6.507
7571,0.78,37.018,25.048,30.04,23.258,4.864,7.822,6.467
7572,0.784,37.087,25.102,30.02,23.254,4.743,7.863,6.467
7573,0.78,36.646,25.103,30.03,23.251,4.783,7.904,6.548
7574,0.774,36.786,25.099,29.992,23.244,4.661,7.823,6.305
7575,0.764,36.874,25.099,30.02,23.251,4.741,7.903,6.425
7576,0.774,36.97,25.079,30.011,23.247,4.742,7.945,6.426
7577,0.761,36.655,25.11,29.982,23.244,4.701,7.945,6.507
7578,0.757,36.805,25.11,29.991,23.244,4.66,7.864,6.427
7579,0.748,36.903,25.103,30.01,23.251,4.782,8.066,6.466
7580,0.77,36.99,25.161,30.03,23.261,4.864,8.109,6.548
7581,0.78,36.636,25.13,30.011,23.251,4.784,7.987,6.468
7582,0.774,36.786,25.134,30.011,23.258,4.824,8.027,6.386
7583,0.787,36.883,25.076,30.03,23.254,4.783,7.987,6.507
7584,0.793,36.923,25.13,30.011,23.254,4.783,7.986,6.508
7585,0.787,36.789,25.111,30.001,23.244,4.702,7.783,6.386
7586,0.777,36.874,25.126,29.991,23.244,4.701,7.822,6.425
7587,0.787,37.009,25.099,30.001,23.247,4.742,7.863,6.385
7588,0.79,37.327,25.087,29.982,23.247,4.742,7.782,6.344
7589,0.787,36.649,25.138,29.972,23.244,4.701,7.74,6.343
7590,0.793,36.767,25.119,29.972,23.247,4.701,7.821,6.425
7591,0.787,36.921,25.161,30.049,23.261,4.904,7.903,6.548
7592,0.784,36.645,25.123,30.011,23.254,4.662,7.782,6.386
7593,0.774,36.661,25.118,30.001,23.254,4.741,7.7,6.466
7594,0.771,36.796,25.146,29.982,23.251,4.823,7.74,6.467
7595,0.774,36.912,25.111,30.02,23.258,4.824,7.659,6.467
7596,0.771,36.597,25.107,29.992,23.251,4.743,7.617,6.304
7597,0.744,36.67,25.114,29.972,23.244,4.701,7.535,6.384
7598,0.76,36.834,25.103,30.001,23.251,4.782,7.575,6.385
7599,0.761,36.932,25.099,29.991,23.24,4.742,7.494,6.303
7600,0.754,36.607,25.145,29.982,23.247,4.783,7.453,6.343
7601,0.757,36.747,25.126,29.982,23.244,4.702,7.493,6.384
7602,0.77,36.883,25.138,30.01,23.258,4.823,7.616,6.466
7603,0.79,36.98,25.122,30.001,23.251,4.743,7.454,6.345
7604,0.787,36.463,25.134,29.982,23.251,4.823,7.493,6.343
7605,0.78,36.611,25.111,30.001,23.251,4.743,7.453,6.343
7606,0.793,36.738,25.165,30.001,23.254,4.823,7.452,6.384
7607,0.806,36.796,25.134,29.982,23.254,4.743,7.412,6.303
7608,0.8,36.557,25.079,29.953,23.24,4.62,7.289,6.262
7609,0.8,36.699,25.153,29.991,23.251,4.822,7.329,6.302
7610,0.79,36.834,25.095,29.982,23.251,4.783,7.37,6.343
7611,0.774,36.865,25.11,29.962,23.254,4.661,7.248,6.303
7612,0.774,36.596,25.056,29.953,23.24,4.782,7.328,6.343
7613,0.784,36.747,25.129,30.0,23.261,4.946,7.492,6.466
7614,0.784,36.902,25.122,29.991,23.251,4.744,7.29,6.304
7615,0.767,36.884,25.122,29.972,23.251,4.864,7.329,6.384
7616,0.767,36.577,25.118,29.991,23.258,4.743,7.37,6.385
7617,0.761,36.689,25.099,29.982,23.254,4.823,7.33,6.385
7618,0.761,36.834,25.134,29.982,23.251,4.783,7.207,6.303
7619,0.748,36.606,25.122,29.953,23.237,4.62,7.206,6.343
7620,0.76,36.527,25.146,29.972,23.247,4.7,7.328,6.303
7621,0.77,36.66,25.08,29.991,23.247,4.742,7.207,6.343
7622,0.767,36.757,25.063,29.972,23.244,4.661,7.125,6.343
7623,0.761,36.432,25.098,29.953,23.247,4.66,7.165,6.343
7624,0.774,36.573,25.103,29.991,23.254,4.863,7.328,6.425
7625,0.79,36.737,25.114,29.991,23.265,4.824,7.289,6.304
7626,0.784,36.787,25.134,29.972,23.251,4.743,7.288,6.343
7627,0.787,36.346,25.072,29.962,23.251,4.701,7.288,6.343
7628,0.793,36.486,25.11,29.962,23.254,4.823,7.329,6.343
7629,0.793,36.602,25.142,29.991,23.258,4.824,7.289,6.384
7630,0.787,36.69,25.142,29.962,23.251,4.743,7.125,6.141
7631,0.774,36.441,25.072,29.981,23.258,4.742,7.246,6.301
7632,0.777,36.611,25.075,29.962,23.254,4.823,7.166,6.302
7633,0.761,36.738,25.114,29.972,23.247,4.743,7.287,6.262
7634,0.754,36.787,25.099,29.953,23.237,4.701,7.125,6.18
7635,0.761,36.404,25.095,29.962,23.251,4.823,7.287,6.342
7636,0.764,36.544,25.177,30.01,23.265,4.905,7.369,6.384
7637,0.754,36.66,25.076,29.982,23.254,4.744,7.289,6.303
7638,0.754,36.709,25.118,29.982,23.258,4.823,7.247,6.384
7639,0.757,36.451,25.157,29.953,23.247,4.824,7.288,6.344
7640,0.761,36.602,25.127,29.991,23.251,4.783,7.247,6.343
7641,0.757,36.699,25.017,29.972,23.251,4.702,7.166,6.221
7642,0.754,36.691,25.078,29.943,23.244,4.701,7.165,6.302
7643,0.77,36.364,25.114,29.972,23.247,4.782,7.165,6.262
7644,0.774,36.476,25.118,29.962,23.244,4.783,7.124,6.262
7645,0.767,36.583,25.087,29.943,23.24,4.702,7.165,6.221
7646,0.774,36.641,25.122,29.952,23.24,4.742,7.165,6.302
7647,0.793,36.441,25.079,30.0,23.261,4.864,7.328,6.384
7648,0.797,36.573,25.118,29.972,23.251,4.824,7.207,6.344
7649,0.787,36.67,25.15,29.953,23.254,4.824,7.125,6.343
7650,0.78,36.422,25.126,29.953,23.251,4.783,7.165,6.343
7651,0.777,36.486,25.146,30.0,23.258,4.824,7.287,6.425
7652,0.767,36.612,25.08,29.953,23.254,4.743,7.207,6.304
7653,0.757,36.671,25.102,29.933,23.251,4.783,7.206,6.384
7654,0.761,36.268,25.134,29.962,23.254,4.783,7.287,6.385
7655,0.754,36.399,25.119,29.953,23.251,4.702,7.329,6.344
7656,0.754,36.505,25.13,29.943,23.244,4.66,7.289,6.262
7657,0.744,36.583,25.095,29.952,23.247,4.782,7.329,6.465
7658,0.757,36.306,25.114,29.981,23.265,4.946,7.614,6.589
7659,0.754,36.428,25.134,29.943,23.251,4.744,7.373,6.427
7660,0.748,36.534,25.142,29.952,23.251,4.783,7.452,6.426
7661,0.767,36.612,25.017,29.962,23.251,4.824,7.412,6.466
7662,0.777,36.22,25.098,29.953,23.258,4.824,7.411,6.507
7663,0.777,36.369,25.099,29.962,23.247,4.702,7.249,6.305
7664,0.771,36.457,25.079,29.933,23.24,4.66,7.41,6.384
7665,0.787,36.544,25.095,29.952,23.251,4.782,7.411,6.344
7666,0.8,36.353,25.13,29.933,23.24,4.742,7.371,6.384
7667,0.8,36.447,25.068,29.924,23.247,4.742,7.33,6.344
7668,0.79,36.583,25.091,29.933,23.244,4.742,7.41,6.384
7669,0.78,36.651,25.118,29.962,23.258,4.823,7.493,6.466
7670,0.797,36.134,25.15,29.953,23.251,4.783,7.29,6.426
7671,0.787,36.263,25.076,29.953,23.254,4.702,7.288,6.466
7672,0.774,36.389,25.11,29.953,23.254,4.782,7.369,6.426
7673,0.767,36.515,25.126,29.962,23.254,4.824,7.33,6.426
7674,0.77,36.305,25.111,29.953,23.244,4.783,7.329,6.344
7675,0.754,36.38,25.095,29.914,23.244,4.661,7.207,6.343
7676,0.748,36.505,25.13,29.923,23.247,4.782,7.328,6.303
7677,0.738,36.219,25.122,29.943,23.254,4.742,7.248,6.343
7678,0.738,36.216,25.083,29.933,23.244,4.701,7.206,6.384
7679,0.744,36.331,25.071,29.933,23.247,4.701,7.287,6.425
7680,0.757,36.438,25.11,29.962,23.258,4.823,7.369,6.548
7681,0.77,36.17,25.146,29.991,23.254,4.824,7.289,6.386
7682,0.777,36.244,25.091,29.943,23.254,4.743,7.329,6.466
7683,0.771,36.36,25.134,29.952,23.254,4.742,7.289,6.426
7684,0.783,36.467,25.126,29.962,23.254,4.823,7.329,6.426
7685,0.787,36.132,25.111,29.962,23.251,4.743,7.207,6.426
7686,0.78,36.225,25.134,29.914,23.247,4.579,7.206,6.263
7687,0.79,36.36,25.056,29.933,23.247,4.781,7.165,6.343
7688,0.797,36.457,25.102,29.933,23.247,4.742,7.206,6.384
7689,0.794,36.103,25.106,29.933,23.247,4.701,7.206,6.303
7690,0.777,36.234,25.103,29.904,23.251,4.701,7.165,6.343
7691,0.771,36.369,25.091,29.952,23.251,4.823,7.287,6.547
7692,0.787,36.476,25.118,29.953,23.258,4.783,7.207,6.427
7693,0.771,36.247,25.138,29.953,23.254,4.702,7.125,6.426
7694,0.761,36.37,25.138,29.943,23.254,4.782,7.124,6.426
7695,0.761,36.505,25.13,29.933,23.251,4.824,7.205,6.466
7696,0.761,36.554,25.13,29.933,23.251,4.743,7.206,6.467
7697,0.754,35.999,25.068,29.924,23.24,4.701,7.043,6.264
7698,0.738,36.127,25.075,29.923,23.254,4.742,7.123,6.465
7699,0.747,36.244,25.134,29.923,23.251,4.742,7.124,6.426
7700,0.747,36.264,25.134,29.923,23.251,4.742,7.043,6.385
7701,0.76,36.197,25.033,29.943,23.244,4.701,6.96,6.344
7702,0.767,36.331,25.094,29.933,23.251,4.742,7.122,6.506
7703,0.787,36.476,25.118,29.962,23.265,4.905,7.124,6.467
7704,0.78,36.247,25.122,29.943,23.251,4.825,7.043,6.426
7705,0.784,36.072,25.095,29.924,23.251,4.783,7.042,6.426
7706,0.767,36.195,25.138,29.933,23.258,4.783,7.042,6.466
7707,0.783,36.292,25.119,30.0,23.258,4.824,7.042,6.386
7708,0.79,36.006,25.079,29.924,23.244,4.661,6.92,6.263
7709,0.777,36.07,25.134,29.895,23.244,4.7,6.959,6.384
7710,0.777,36.195,25.091,29.942,23.24,4.782,7.041,6.344
7711,0.774,36.302,25.095,29.914,23.244,4.742,6.96,6.303
7712,0.774,36.006,25.079,29.923,23.244,4.701,6.878,6.302
7713,0.767,36.118,25.095,29.904,23.251,4.742,6.918,6.343
7714,0.767,36.292,25.118,29.952,23.254,4.905,7.122,6.506
7715,0.77,36.399,25.114,29.933,23.258,4.744,6.921,6.345
7716,0.751,35.988,25.13,29.924,23.251,4.783,6.919,6.343
7717,0.751,36.118,25.064,29.943,23.251,4.824,6.959,6.343
7718,0.754,36.263,25.094,29.933,23.254,4.824,6.919,6.384
7719,0.748,36.331,25.157,29.943,23.254,4.702,6.878,6.263
7720,0.751,36.073,25.134,29.914,23.24,4.66,6.755,6.262
7721,0.738,36.214,25.122,29.952,23.258,4.741,6.836,6.343
7722,0.764,36.34,25.099,29.914,23.247,4.742,6.837,6.303
7723,0.767,36.409,25.087,29.914,23.244,4.701,6.837,6.262
7724,0.767,35.834,25.087,29.904,23.247,4.66,6.796,6.343
7725,0.764,35.991,25.056,29.923,23.254,4.782,6.877,6.466
7726,0.79,36.147,25.126,29.933,23.261,4.824,6.796,6.345
7727,0.784,36.167,25.087,29.914,23.251,4.783,6.795,6.343
7728,0.787,36.024,25.095,29.914,23.254,4.742,6.836,6.343
7729,0.78,36.156,25.149,29.914,23.254,4.701,6.755,6.343
7730,0.793,36.273,25.138,29.923,23.251,4.782,6.795,6.303
7731,0.777,36.495,25.119,29.943,23.254,4.661,6.633,6.221
7732,0.764,35.941,25.079,29.914,23.247,4.7,6.753,6.342
7733,0.764,36.088,25.11,29.923,23.254,4.701,6.714,6.303
7734,0.754,36.176,25.11,29.895,23.247,4.742,6.713,6.302
7735,0.757,35.976,25.091,29.885,23.244,4.661,6.672,6.262
7736,0.757,36.022,25.149,29.904,23.244,4.741,6.794,6.343
7737,0.754,36.195,25.142,30.0,23.261,4.864,6.958,6.425
7738,0.764,36.312,25.095,29.915,23.258,4.784,6.797,6.304
7739,0.748,35.833,25.165,29.914,23.251,4.783,6.795,6.343
7740,0.747,35.972,25.088,29.923,23.251,4.742,6.836,6.384
7741,0.76,36.098,25.126,29.923,23.251,4.864,6.755,6.425
7742,0.767,36.186,25.079,29.923,23.251,4.784,6.754,6.304
7743,0.764,35.899,25.083,29.895,23.24,4.661,6.673,6.262
7744,0.77,36.05,25.087,29.914,23.251,4.822,6.794,6.302
7745,0.787,36.185,25.099,29.914,23.244,4.743,6.795,6.262
7746,0.78,36.235,25.142,29.904,23.247,4.783,6.836,6.302
7747,0.78,35.775,25.103,29.895,23.247,4.661,6.837,6.262
7748,0.793,35.943,25.103,29.923,23.254,4.782,7.04,6.424
7749,0.797,36.117,25.146,29.914,23.258,4.824,6.92,6.385
7750,0.794,36.119,25.134,29.914,23.247,4.824,6.919,6.344
7751,0.78,35.975,25.095,29.895,23.251,4.743,6.959,6.343
7752,0.78,36.127,25.095,29.923,23.254,4.823,7.041,6.425
7753,0.78,36.225,25.161,29.914,23.251,4.824,7.001,6.385
7754,0.767,36.274,25.127,29.885,23.24,4.661,6.879,6.222
7755,0.754,35.852,25.107,29.894,23.251,4.782,7.0,6.302
7756,0.748,35.992,25.134,29.904,23.247,4.783,7.001,6.302
7757,0.757,36.108,25.111,29.895,23.254,4.702,6.96,6.343
7758,0.744,36.109,25.087,29.894,23.244,4.782,6.96,6.303
7759,0.751,35.927,25.118,29.914,23.258,4.824,7.122,6.425
7760,0.77,36.098,25.087,29.943,23.261,4.865,7.002,6.385
7761,0.77,36.167,25.079,29.914,23.251,4.784,7.041,6.385
7762,0.774,35.861,25.098,29.914,23.254,4.742,7.042,6.425
7763,0.774,35.762,25.11,29.904,23.247,4.864,7.042,6.385
7764,0.777,35.885,25.075,29.914,23.254,4.743,7.042,6.303
7765,0.777,35.992,25.11,29.895,23.24,4.62,6.92,6.221
7766,0.774,35.83,25.122,29.904,23.251,4.7,7.041,6.383
7767,0.79,35.991,25.087,29.933,23.251,4.782,7.082,6.303
7768,0.8,36.079,25.095,29.895,23.247,4.742,7.002,6.221
7769,0.797,36.167,25.126,29.875,23.247,4.742,7.001,6.342
7770,0.784,35.813,25.103,29.913,23.254,4.823,7.163,6.506
7771,0.774,35.972,25.099,29.923,23.251,4.743,7.084,6.305
7772,0.771,36.079,25.11,29.904,23.251,4.783,7.042,6.302
7773,0.77,36.138,25.142,29.895,23.247,4.783,7.082,6.302
7774,0.77,35.822,25.15,29.914,23.258,4.824,7.123,6.343
7775,0.78,35.963,25.134,29.904,23.247,4.783,7.043,6.303
7776,0.774,36.07,25.119,29.875,23.237,4.661,7.042,6.262
7777,0.738,36.147,25.111,29.894,23.254,4.822,7.123,6.302
7778,0.741,35.784,25.068,29.894,23.237,4.743,7.124,6.302
7779,0.754,35.905,25.118,29.875,23.251,4.701,7.083,6.302
7780,0.751,36.021,25.064,29.885,23.244,4.66,7.164,6.302
7781,0.777,36.089,25.098,29.914,23.261,4.904,7.246,6.506
7782,0.787,35.86,25.095,29.923,23.261,4.784,7.206,6.386
7783,0.774,35.953,25.087,29.895,23.251,4.783,7.125,6.385
7784,0.784,36.069,25.118,29.904,23.254,4.864,7.246,6.425
7785,0.793,36.109,25.114,29.904,23.258,4.784,7.288,6.385
7786,0.797,35.831,25.146,29.914,23.258,4.824,7.207,6.303
7787,0.8,35.953,25.08,29.895,23.237,4.661,7.125,6.221
7788,0.794,36.05,25.087,29.885,23.254,4.741,7.246,6.302
7789,0.803,36.003,25.126,29.885,23.251,4.783,7.206,6.343
7790,0.797,35.792,25.13,29.885,23.244,4.661,7.287,6.303
7791,0.787,35.914,25.025,29.875,23.247,4.7,7.207,6.302
7792,0.797,36.031,25.051,29.894,23.251,4.782,7.328,6.425
7793,0.8,35.754,25.071,29.933,23.265,4.905,7.329,6.385
7794,0.797,35.818,25.098,29.895,23.254,4.744,7.289,6.385
7795,0.8,35.943,25.114,29.914,23.247,4.823,7.288,6.385
7796,0.797,36.06,25.138,29.914,23.254,4.824,7.329,6.344
7797,0.807,35.639,25.13,29.914,23.254,4.865,7.37,6.384
7798,0.813,35.788,25.072,29.895,23.251,4.702,7.167,6.263
7799,0.8,35.857,25.141,29.875,23.251,4.742,7.246,6.384
7800,0.82,36.001,25.099,29.894,23.247,4.742,7.247,6.344
7801,0.833,35.725,25.079,29.885,23.244,4.661,7.288,6.384
7802,0.836,35.856,25.071,29.885,23.247,4.741,7.288,6.303
7803,0.846,35.963,25.075,29.875,23.244,4.783,7.369,6.384
7804,0.872,36.089,25.126,29.913,23.258,4.824,7.411,6.425
7805,0.866,35.735,25.103,29.885,23.254,4.743,7.371,6.344
7806,0.862,35.875,25.142,29.923,23.251,4.783,7.37,6.425
7807,0.866,35.992,25.029,29.895,23.254,4.783,7.33,6.385
7808,0.859,36.06,25.075,29.904,23.258,4.824,7.329,6.385
7809,0.859,35.706,25.13,29.895,23.247,4.702,7.329,6.263
7810,0.856,35.827,25.111,29.875,23.244,4.701,7.37,6.302
7811,0.859,35.963,25.095,29.933,23.251,4.742,7.37,6.343
7812,0.853,36.002,25.048,29.885,23.247,4.742,7.33,6.262
7813,0.843,35.658,25.094,29.866,23.24,4.661,7.329,6.262
7814,0.83,35.798,25.099,29.865,23.244,4.66,7.329,6.343
7815,0.849,35.924,25.083,29.913,23.254,4.863,7.532,6.466
7816,0.856,36.29,25.153,29.876,23.254,4.784,7.331,6.304
7817,0.843,35.747,25.099,29.952,23.251,4.742,7.329,6.343
7818,0.846,35.875,25.079,29.895,23.254,4.783,7.41,6.425
7819,0.856,35.982,25.169,29.904,23.258,4.824,7.411,6.344
7820,0.862,35.734,25.095,29.895,23.258,4.743,7.33,6.262
7821,0.866,35.741,25.087,29.885,23.241,4.62,7.167,6.262
7822,0.862,35.856,25.079,29.875,23.247,4.741,7.246,6.262
7823,0.872,35.953,25.126,29.865,23.254,4.701,7.288,6.221
7824,0.869,35.628,25.111,29.875,23.247,4.66,7.207,6.261
7825,0.863,35.75,25.087,29.885,23.247,4.66,7.287,6.221
7826,0.879,35.904,25.141,29.885,23.258,4.822,7.329,6.383
7827,0.905,36.021,25.119,29.904,23.254,4.824,7.207,6.222
7828,0.902,35.562,25.091,29.895,23.247,4.783,7.247,6.261
7829,0.905,35.701,25.13,29.894,23.251,4.783,7.206,6.302
7830,0.899,35.846,25.072,29.894,23.251,4.824,7.165,6.343
7831,0.892,35.925,25.133,29.875,23.254,4.743,7.206,6.303
7832,0.873,35.676,25.103,29.856,23.244,4.742,7.084,6.18
7833,0.866,35.798,25.071,29.875,23.244,4.742,7.123,6.261
7834,0.862,35.934,25.114,29.894,23.247,4.701,7.124,6.262
7835,0.862,36.002,25.083,29.875,23.244,4.782,7.083,6.221
7836,0.843,35.859,25.102,29.865,23.244,4.742,7.083,6.22
7837,0.833,35.982,25.091,29.885,23.247,4.742,7.205,6.383
7838,0.839,36.137,25.126,29.923,23.261,4.945,7.247,6.385
7839,0.833,36.177,25.122,29.895,23.251,4.825,7.166,6.303
7840,0.839,35.429,25.118,29.885,23.251,4.824,7.287,6.384
7841,0.865,35.565,25.071,29.904,23.251,4.824,7.247,6.303
7842,0.869,35.72,25.102,29.875,23.258,4.824,7.328,6.343
7843,0.869,35.712,25.095,29.885,23.251,4.702,7.207,6.181
7844,0.846,35.635,25.087,29.846,23.237,4.742,7.206,6.301
7845,0.836,35.807,25.087,29.884,23.251,4.742,7.287,6.262
7846,0.83,35.915,25.13,29.875,23.244,4.742,7.288,6.302
7847,0.833,35.733,25.111,29.865,23.244,4.701,7.247,6.221
7848,0.817,35.607,25.083,29.875,23.244,4.782,7.328,6.302
7849,0.829,35.759,25.145,29.894,23.261,4.946,7.532,6.384
7850,0.83,35.857,25.064,29.885,23.254,4.785,7.412,6.303
7851,0.804,35.589,25.087,29.866,23.254,4.824,7.493,6.343
7852,0.797,35.701,25.099,29.894,23.258,4.824,7.453,6.303
7853,0.79,35.808,25.134,29.894,23.254,4.905,7.574,6.384
7854,0.78,35.915,25.122,29.885,23.254,4.784,7.413,6.222
7855,0.761,35.379,25.107,29.856,23.247,4.824,7.574,6.261
7856,0.767,35.536,25.142,29.856,23.251,4.743,7.535,6.262
7857,0.754,35.672,25.122,29.875,23.247,4.742,7.534,6.302
7858,0.748,35.75,25.079,29.875,23.244,4.783,7.575,6.262
7859,0.751,35.454,25.13,29.856,23.251,4.824,7.657,6.384
7860,0.751,35.633,25.103,29.904,23.258,4.946,7.698,6.344
7861,0.744,35.74,25.095,29.875,23.251,4.785,7.618,6.303
7862,0.751,35.808,25.083,29.894,23.251,4.864,7.535,6.262
7863,0.751,35.502,25.087,29.875,23.258,4.824,7.657,6.343
7864,0.751,35.643,25.11,29.894,23.258,4.783,7.617,6.303
7865,0.754,35.759,25.103,29.856,23.237,4.661,7.495,6.221
7866,0.741,35.789,25.13,29.856,23.244,4.822,7.616,6.261
7867,0.754,35.464,25.111,29.846,23.254,4.783,7.535,6.262
7868,0.751,35.604,25.052,29.865,23.247,4.702,7.575,6.221
7869,0.748,35.711,25.129,29.846,23.244,4.66,7.535,6.261
7870,0.741,35.751,25.06,29.856,23.251,4.782,7.657,6.384
7871,0.744,35.597,25.102,29.904,23.268,4.946,7.617,6.344
7872,0.731,35.701,25.11,29.875,23.251,4.785,7.617,6.262
7873,0.728,35.808,25.126,29.875,23.247,4.783,7.617,6.343
7874,0.715,35.953,25.13,29.885,23.254,4.824,7.576,6.303
7875,0.718,35.561,25.118,29.875,23.261,4.783,7.616,6.302
7876,0.708,35.653,25.142,29.856,23.244,4.742,7.495,6.18
7877,0.685,35.75,25.111,29.846,23.244,4.742,7.534,6.301
7878,0.688,35.511,25.071,29.865,23.244,4.823,7.575,6.262
7879,0.695,35.566,25.13,29.846,23.24,4.824,7.494,6.262
7880,0.695,35.672,25.036,29.856,23.24,4.702,7.453,6.221
7881,0.701,35.779,25.059,29.846,23.244,4.701,7.615,6.342
7882,0.714,35.406,25.09,29.894,23.258,4.904,7.657,6.384
7883,0.718,35.517,25.06,29.875,23.254,4.744,7.617,6.303
7884,0.721,35.653,25.094,29.865,23.251,4.823,7.657,6.262
7885,0.728,35.721,25.087,29.885,23.251,4.783,7.698,6.302
7886,0.728,35.731,25.145,29.875,23.254,4.824,7.699,6.302
7887,0.731,35.895,25.119,29.856,23.251,4.743,7.618,6.18
7888,0.721,35.973,25.052,29.827,23.24,4.701,7.657,6.301
7889,0.728,36.07,25.165,29.855,23.251,4.782,7.739,6.221
7890,0.731,35.284,25.084,29.865,23.244,4.661,7.659,6.22
7891,0.712,35.43,25.079,29.837,23.247,4.782,7.698,6.22
7892,0.705,35.546,25.098,29.836,23.251,4.742,7.78,6.342
7893,0.711,35.624,25.153,29.875,23.258,4.864,7.903,6.506
7894,0.715,35.5,25.13,29.875,23.251,4.743,7.782,6.386
7895,0.705,35.624,25.079,29.865,23.251,4.783,7.74,6.344
7896,0.708,35.75,25.137,29.846,23.251,4.783,7.781,6.343
7897,0.708,35.808,25.115,29.884,23.254,4.864,7.822,6.425
7898,0.692,35.665,25.103,29.875,23.251,4.784,7.781,6.344
7899,0.688,35.779,25.126,29.837,23.237,4.661,7.618,6.303
7900,0.688,35.866,25.091,29.865,23.247,4.782,7.739,6.343
7901,0.701,35.925,25.087,29.865,23.251,4.742,7.659,6.343
7902,0.698,35.302,25.059,29.846,23.247,4.742,7.617,6.343
7903,0.705,35.43,25.079,29.856,23.244,4.661,7.617,6.303
7904,0.721,35.556,25.095,29.865,23.251,4.782,7.779,6.465
7905,0.731,35.461,25.103,29.885,23.254,4.864,7.822,6.467
7906,0.721,35.422,25.142,29.856,23.254,4.784,7.781,6.426
7907,0.724,35.556,25.091,29.856,23.247,4.824,7.7,6.426
7908,0.734,35.653,25.091,29.856,23.254,4.783,7.699,6.426
7909,0.734,35.328,25.134,29.875,23.251,4.905,7.78,6.385
7910,0.741,35.43,25.099,29.875,23.247,4.744,7.578,6.303
7911,0.715,35.527,25.114,29.846,23.244,4.742,7.616,6.425
7912,0.721,35.662,25.083,29.856,23.247,4.701,7.617,6.426
7913,0.724,35.338,25.145,29.856,23.244,4.782,7.535,6.385
7914,0.711,35.478,25.111,29.846,23.247,4.702,7.575,6.344
7915,0.715,35.604,25.095,29.856,23.244,4.782,7.575,6.466
7916,0.711,35.721,25.157,29.894,23.254,4.905,7.698,6.67
7917,0.718,35.242,25.111,29.866,23.251,4.784,7.577,6.509
7918,0.705,35.372,25.107,29.856,23.251,4.783,7.575,6.549
7919,0.705,35.498,25.118,29.875,23.247,4.742,7.494,6.549
7920,0.708,35.576,25.036,29.875,23.258,4.823,7.534,6.549
7921,0.724,35.346,25.086,29.875,23.247,4.783,7.412,6.427
7922,0.708,35.45,25.079,29.827,23.24,4.661,7.371,6.426
7923,0.731,35.566,25.134,29.846,23.258,4.822,7.452,6.426
7924,0.731,35.634,25.119,29.865,23.247,4.743,7.33,6.507
7925,0.728,35.299,25.118,29.856,23.24,4.742,7.37,6.386
7926,0.725,35.43,25.103,29.837,23.244,4.742,7.248,6.466
7927,0.737,35.575,25.099,29.875,23.261,4.905,7.41,6.629
7928,0.757,35.634,25.095,29.875,23.247,4.784,7.33,6.509
7929,0.751,35.366,25.142,29.856,23.251,4.824,7.289,6.549
7930,0.748,35.498,25.048,29.856,23.254,4.824,7.288,6.508
7931,0.738,35.624,25.094,29.875,23.258,4.824,7.288,6.508
7932,0.734,35.615,25.126,29.875,23.254,4.743,7.288,6.508
7933,0.725,35.328,25.126,29.827,23.24,4.661,7.125,6.386
7934,0.724,35.449,25.122,29.846,23.251,4.822,7.205,6.507
7935,0.721,35.585,25.114,29.846,23.247,4.743,7.125,6.508
7936,0.718,35.327,25.091,29.846,23.251,4.661,7.083,6.467
7937,0.724,35.401,25.091,29.846,23.244,4.7,7.083,6.507
7938,0.715,35.556,25.063,29.865,23.254,4.904,7.286,6.67
7939,0.734,35.691,25.169,29.885,23.258,4.825,7.207,6.713
7940,0.757,35.213,25.064,29.856,23.251,4.783,7.125,6.51
7941,0.787,35.362,25.067,29.856,23.251,4.783,7.124,6.549
7942,0.813,35.488,25.079,29.856,23.251,4.864,7.124,6.549
7943,0.852,35.585,25.087,29.875,23.258,4.824,7.165,6.63
7944,0.882,35.231,25.099,29.837,23.244,4.743,7.043,6.387
7945,0.895,35.353,25.087,29.856,23.247,4.783,7.123,6.507
7946,0.912,35.507,25.134,29.856,23.251,4.742,7.124,6.549
7947,0.951,35.595,25.115,29.846,23.247,4.783,7.083,6.468
7948,0.958,35.28,25.068,29.856,23.244,4.742,7.042,6.467
7949,0.971,35.43,25.141,29.856,23.251,4.823,7.123,6.589
7950,1.0,35.566,25.06,29.884,23.261,4.905,7.205,6.631
7951,1.0,35.615,25.094,29.846,23.251,4.784,7.125,6.59
7952,1.03,35.27,25.044,29.865,23.254,4.824,7.165,6.59
7953,1.043,35.401,25.133,29.865,23.258,4.824,7.084,6.631
7954,1.089,35.556,25.111,29.875,23.254,4.824,7.083,6.55
7955,1.138,35.567,25.107,29.827,23.244,4.702,6.961,6.468
7956,1.181,35.222,25.107,29.836,23.251,4.823,7.041,6.589
7957,1.233,35.391,25.087,29.846,23.258,4.824,7.042,6.549
7958,1.273,35.479,25.11,29.846,23.244,4.783,7.001,6.508
7959,1.289,35.729,25.099,29.837,23.247,4.742,7.001,6.508
7960,1.303,35.281,25.079,29.884,23.254,4.905,7.123,6.67
7961,1.303,35.43,25.091,29.875,23.254,4.906,7.083,6.631
7962,1.306,35.479,25.083,29.846,23.247,4.825,7.042,6.631
7963,1.313,35.413,25.087,29.856,23.254,4.824,7.001,6.672
7964,1.361,35.469,25.091,29.856,23.254,4.824,7.082,6.753
7965,1.359,35.604,25.102,29.865,23.254,4.865,7.042,6.795
7966,1.342,35.673,25.149,29.827,23.237,4.743,6.879,6.551
7967,1.29,35.146,25.111,29.846,23.247,4.823,6.959,6.671
7968,1.309,35.294,25.087,29.837,23.254,4.824,7.041,6.631
7969,1.309,35.392,25.114,29.827,23.251,4.783,6.96,6.631
7970,1.277,35.469,25.071,29.827,23.244,4.864,6.96,6.672
7971,1.218,35.154,25.102,29.846,23.244,4.824,7.041,6.875
7972,1.185,35.333,25.071,29.875,23.258,4.905,7.123,6.877
7973,1.11,35.43,25.11,29.846,23.254,4.906,7.043,7.0
7974,1.054,35.518,25.122,29.846,23.247,4.825,6.96,7.123
7975,1.011,35.164,25.072,29.846,23.251,4.865,7.082,7.287
7976,0.958,35.313,25.126,29.856,23.254,4.906,7.083,7.451
7977,0.906,35.449,25.072,29.837,23.251,4.744,7.042,7.574
7978,0.837,35.479,25.075,29.827,23.244,4.742,7.001,7.82
7979,0.784,35.202,25.114,29.855,23.24,4.783,6.96,8.188
7980,0.745,35.362,25.06,29.837,23.24,4.783,7.0,8.436
7981,0.715,35.469,25.067,29.836,23.247,4.742,7.001,8.56
7982,0.685,35.518,25.04,29.827,23.244,4.783,7.082,8.886
7983,0.666,35.154,25.094,29.855,23.258,4.946,7.164,9.256
7984,0.646,35.304,25.095,29.856,23.247,4.825,7.124,9.381
7985,0.626,35.411,25.095,29.837,23.247,4.865,7.083,9.586
7986,0.61,35.441,25.122,29.836,23.254,4.824,7.083,9.669
7987,0.596,35.22,25.103,29.865,23.251,4.865,7.123,9.792
7988,0.616,35.362,25.106,29.837,23.247,4.865,7.043,9.793
7989,0.626,35.44,25.118,29.808,23.24,4.662,6.96,9.834
7990,0.668,35.336,25.091,29.817,23.247,4.822,7.0,9.916
7991,0.698,35.239,25.083,29.836,23.244,4.743,7.001,9.998
7992,0.721,35.362,25.067,29.827,23.244,4.783,7.041,10.161
7993,0.747,35.45,25.114,29.836,23.24,4.742,7.001,10.285
7994,0.764,35.153,25.083,29.836,23.254,4.905,7.163,10.571
7995,0.787,35.256,25.106,29.875,23.251,4.865,7.084,10.614
7996,0.797,35.353,25.114,29.846,23.251,4.784,7.083,10.777
7997,0.803,35.45,25.075,29.846,23.247,4.824,7.083,11.064
7998,0.803,35.115,25.102,29.846,23.258,4.824,7.083,11.351
7999,0.787,35.246,25.11,29.837,23.251,4.824,7.123,11.517
8000,0.78,35.353,25.103,29.827,23.244,4.702,6.961,11.559
8001,0.79,35.44,25.091,29.827,23.247,4.742,7.041,11.762
8002,0.797,35.067,25.083,29.836,23.247,4.783,7.123,11.968
8003,0.816,35.207,25.102,29.846,23.244,4.783,7.043,11.97
8004,0.807,35.333,25.11,29.837,23.244,4.783,7.001,12.133
8005,0.81,35.411,25.095,29.846,23.247,4.783,7.041,12.215
8006,0.82,35.095,25.134,29.875,23.261,4.946,7.204,12.298
8007,0.823,35.255,25.083,29.846,23.247,4.825,7.084,12.136
8008,0.82,35.353,25.083,29.837,23.247,4.905,7.083,12.175
8009,0.817,35.421,25.11,29.846,23.254,4.825,7.123,12.053
8010,0.823,35.028,25.052,29.865,23.258,4.824,7.083,12.052
8011,0.82,35.14,25.086,29.837,23.244,4.743,6.961,11.808
8012,0.8,35.208,25.083,29.808,23.247,4.823,7.041,11.806
8013,0.803,35.285,25.153,29.826,23.247,4.743,7.001,11.643
8014,0.8,35.123,25.134,29.827,23.251,4.783,6.919,11.641
8015,0.787,35.256,25.111,29.827,23.244,4.702,6.919,11.56
8016,0.79,35.382,25.122,29.827,23.251,4.823,7.0,11.519
8017,0.787,35.584,25.091,29.865,23.261,4.905,7.001,11.477
8018,0.784,35.126,25.079,29.837,23.251,4.825,6.96,11.355
8019,0.78,35.246,25.102,29.827,23.251,4.824,7.0,11.232
8020,0.784,35.362,25.052,29.855,23.254,4.865,7.001,11.19
8021,0.8,35.114,25.051,29.846,23.251,4.824,7.001,11.108
8022,0.807,35.16,25.083,29.817,23.251,4.743,6.838,10.823
8023,0.79,35.237,25.118,29.817,23.24,4.742,6.958,10.861
8024,0.81,35.381,25.111,29.846,23.244,4.783,6.96,10.698
8025,0.803,35.018,25.122,29.817,23.244,4.742,6.878,10.534
8026,0.813,35.13,25.087,29.817,23.24,4.701,6.959,10.573
8027,0.803,35.256,25.079,29.836,23.247,4.782,6.96,10.451
8028,0.82,35.353,25.118,29.836,23.261,4.864,7.122,10.45
8029,0.839,35.085,25.087,29.846,23.254,4.743,7.002,10.206
8030,0.823,35.217,25.083,29.837,23.251,4.742,7.082,10.123
8031,0.813,35.324,25.059,29.827,23.251,4.823,7.245,10.041
8032,0.807,35.411,25.102,29.846,23.258,4.824,7.206,9.958
8033,0.803,35.019,25.099,29.846,23.251,4.865,7.287,9.876
8034,0.797,35.139,25.064,29.817,23.24,4.702,7.166,9.672
8035,0.794,35.275,25.075,29.827,23.251,4.742,7.287,9.629
8036,0.803,35.343,25.13,29.827,23.247,4.823,7.288,9.507
8037,0.794,35.028,25.091,29.827,23.247,4.743,7.247,9.425
8038,0.79,35.159,25.071,29.827,23.244,4.783,7.247,9.342
8039,0.787,35.275,25.13,29.846,23.254,4.864,7.41,9.464
8040,0.8,35.353,25.076,29.875,23.251,4.865,7.371,9.18
8041,0.8,35.095,25.055,29.846,23.254,4.784,7.37,9.177
8042,0.807,35.246,25.083,29.846,23.244,4.824,7.37,9.096
8043,0.81,35.334,25.114,29.827,23.251,4.824,7.411,9.095
8044,0.82,35.373,25.11,29.836,23.258,4.824,7.371,8.932
8045,0.817,35.028,25.095,29.817,23.244,4.702,7.289,8.728
8046,0.813,35.14,25.075,29.817,23.247,4.823,7.369,8.726
8047,0.826,35.285,25.102,29.827,23.254,4.824,7.289,8.644
8048,0.83,35.085,25.103,29.817,23.251,4.783,7.247,8.603
8049,0.82,35.054,25.103,29.807,23.244,4.742,7.288,8.48
8050,0.826,35.178,25.079,29.807,23.251,4.823,7.41,8.56
8051,0.826,35.342,25.083,29.874,23.265,4.946,7.452,8.521
8052,0.81,34.989,25.114,29.837,23.254,4.825,7.371,8.398
8053,0.816,35.101,25.068,29.846,23.251,4.865,7.37,8.316
8054,0.8,35.246,25.079,29.837,23.251,4.824,7.33,8.315
8055,0.807,35.343,25.063,29.836,23.251,4.865,7.37,8.274
8056,0.807,35.047,25.133,29.827,23.247,4.824,7.208,8.071
8057,0.794,35.159,25.087,29.798,23.24,4.824,7.287,8.15
8058,0.8,35.304,25.071,29.826,23.251,4.824,7.288,8.11
8059,0.797,35.373,25.141,29.827,23.247,4.743,7.207,8.069
8060,0.8,34.932,25.056,29.817,23.247,4.823,7.084,7.946
8061,0.81,35.091,25.083,29.827,23.251,4.783,7.245,8.026
8062,0.823,35.246,25.079,29.875,23.265,4.986,7.288,7.987
8063,0.82,35.276,25.095,29.818,23.254,4.826,7.207,7.864
8064,0.81,35.056,25.095,29.836,23.251,4.783,7.206,7.904
8065,0.829,35.217,25.099,29.836,23.254,4.824,7.165,7.863
8066,0.823,35.333,25.079,29.846,23.247,4.865,7.124,7.822
8067,0.833,35.402,25.091,29.837,23.247,4.824,7.083,7.7
8068,0.833,34.875,25.095,29.808,23.244,4.743,7.123,7.658
8069,0.833,35.052,25.095,29.817,23.247,4.783,7.124,7.576
8070,0.833,35.169,25.099,29.827,23.244,4.783,7.043,7.494
8071,0.83,35.199,25.079,29.817,23.237,4.783,7.042,7.453
8072,0.83,35.065,25.102,29.807,23.247,4.783,7.123,7.574
8073,0.843,35.245,25.091,29.846,23.265,4.905,7.205,7.698
8074,0.839,35.362,25.099,29.846,23.251,4.825,7.084,7.496
8075,0.813,35.239,25.099,29.827,23.254,4.865,7.042,7.534
8076,0.813,34.959,25.091,29.836,23.251,4.824,7.123,7.494
8077,0.823,35.091,25.067,29.836,23.251,4.865,7.043,7.534
8078,0.81,35.198,25.11,29.856,23.251,4.824,7.042,7.372
8079,0.81,35.055,25.071,29.789,23.244,4.661,7.001,7.37
8080,0.81,35.178,25.079,29.826,23.258,4.782,7.041,7.37
8081,0.816,35.323,25.075,29.817,23.247,4.783,7.042,7.37
8082,0.826,35.392,25.083,29.827,23.247,4.742,7.001,7.289
8083,0.817,34.798,25.102,29.798,23.24,4.783,7.082,7.288
8084,0.839,34.945,25.099,29.846,23.254,4.864,7.286,7.451
8085,0.846,35.12,25.11,29.865,23.254,4.743,7.166,7.208
8086,0.83,35.141,25.11,29.827,23.251,4.783,7.246,7.247
8087,0.836,34.824,25.075,29.817,23.247,4.864,7.288,7.247
8088,0.843,34.984,25.098,29.827,23.254,4.865,7.247,7.206
8089,0.853,35.101,25.11,29.836,23.247,4.906,7.369,7.206
8090,0.846,35.188,25.087,29.846,23.244,4.703,7.289,7.084
8091,0.82,34.892,25.036,29.798,23.247,4.863,7.369,7.164
8092,0.839,35.061,25.067,29.817,23.244,4.743,7.452,7.124
8093,0.83,35.159,25.141,29.798,23.247,4.783,7.412,7.083
8094,0.823,35.237,25.06,29.807,23.24,4.702,7.452,7.123
8095,0.823,34.902,25.09,29.817,23.247,4.823,7.534,7.205
8096,0.83,35.071,25.079,29.855,23.265,4.905,7.657,7.165
8097,0.826,35.169,25.11,29.817,23.244,4.906,7.576,7.124
8098,0.817,35.227,25.118,29.827,23.251,4.784,7.535,7.124
8099,0.826,34.844,25.087,29.836,23.254,4.824,7.616,7.165
8100,0.82,35.003,25.067,29.836,23.251,4.824,7.576,7.124
8101,0.839,35.12,25.051,29.817,23.247,4.743,7.454,7.002
8102,0.826,35.447,25.083,29.788,23.24,4.701,7.452,7.041
8103,0.839,34.933,25.083,29.807,23.251,4.742,7.493,7.042
8104,0.849,35.062,25.087,29.836,23.244,4.742,7.494,7.001
8105,0.853,35.169,25.102,29.808,23.244,4.701,7.453,6.919
8106,0.853,34.863,25.095,29.817,23.244,4.701,7.371,7.081
8107,0.856,34.917,25.114,29.846,23.258,4.904,7.614,7.164
8108,0.869,35.052,25.087,29.817,23.251,4.744,7.413,6.962
8109,0.859,35.111,25.114,29.817,23.258,4.823,7.493,6.919
8110,0.862,34.805,25.107,29.817,23.254,4.743,7.412,7.041
8111,0.859,34.965,25.032,29.827,23.258,4.823,7.452,7.001
8112,0.853,35.081,25.075,29.817,23.251,4.783,7.371,6.919
8113,0.843,35.121,25.067,29.779,23.24,4.661,7.208,6.919
8114,0.843,34.891,25.079,29.817,23.244,4.822,7.287,6.919
8115,0.836,35.042,25.106,29.798,23.247,4.702,7.288,6.919
8116,0.843,35.14,25.067,29.798,23.247,4.742,7.247,6.756
8117,0.839,35.237,25.098,29.788,23.244,4.742,7.247,6.836
8118,0.849,34.806,25.095,29.836,23.258,4.905,7.45,6.999
8119,0.853,34.984,25.118,29.846,23.254,4.825,7.33,6.96
8120,0.846,35.091,25.071,29.798,23.247,4.824,7.37,6.878
8121,0.843,35.14,25.059,29.836,23.251,4.824,7.289,6.877
8122,0.853,34.853,25.087,29.817,23.251,4.865,7.369,6.918
8123,0.866,34.984,25.071,29.836,23.251,4.784,7.33,6.796
8124,0.856,35.082,25.059,29.798,23.244,4.742,7.126,6.673
8125,0.859,35.14,25.071,29.817,23.251,4.823,7.287,6.794
8126,0.872,34.911,25.071,29.817,23.251,4.743,7.288,6.755
8127,0.885,35.052,25.094,29.817,23.244,4.701,7.166,6.754
8128,0.882,35.149,25.079,29.798,23.244,4.742,7.206,6.754
8129,0.882,35.189,25.098,29.826,23.251,4.864,7.409,6.876
8130,0.892,34.815,25.095,29.846,23.258,4.824,7.289,6.715
8131,0.879,34.927,25.071,29.827,23.251,4.783,7.247,6.794
8132,0.869,35.024,25.118,29.827,23.254,4.783,7.288,6.795
8133,0.859,35.024,25.079,29.846,23.261,4.864,7.329,6.755
8134,0.859,35.015,25.083,29.827,23.247,4.824,7.37,6.714
8135,0.859,35.149,25.071,29.798,23.237,4.702,7.208,6.591
8136,0.859,35.227,25.094,29.817,23.258,4.823,7.328,6.712
8137,0.862,34.71,25.118,29.817,23.251,4.702,7.289,6.672
8138,0.853,34.782,25.111,29.817,23.244,4.742,7.329,6.672
8139,0.853,34.897,25.095,29.798,23.244,4.783,7.329,6.713
8140,0.856,35.023,25.067,29.817,23.247,4.864,7.451,6.876
8141,0.882,34.814,25.102,29.846,23.254,4.865,7.412,6.715
8142,0.872,34.907,25.091,29.837,23.251,4.824,7.452,6.713
8143,0.876,35.052,25.079,29.817,23.251,4.865,7.412,6.754
8144,0.889,35.121,25.079,29.827,23.254,4.824,7.452,6.754
8145,0.885,34.738,25.087,29.827,23.251,4.824,7.493,6.714
8146,0.898,34.859,25.087,29.798,23.244,4.702,7.29,6.632
8147,0.889,34.984,25.087,29.826,23.251,4.823,7.491,6.712
8148,0.902,35.062,25.095,29.808,23.247,4.783,7.412,6.632
8149,0.902,34.785,25.083,29.779,23.244,4.783,7.371,6.59
8150,0.905,34.917,25.071,29.797,23.244,4.783,7.33,6.59
8151,0.889,35.062,25.063,29.807,23.254,4.824,7.492,6.753
8152,0.918,35.159,25.11,29.846,23.261,4.865,7.412,6.714
8153,0.892,34.786,25.103,29.817,23.254,4.824,7.33,6.713
8154,0.892,34.955,25.106,29.827,23.251,4.824,7.37,6.632
8155,0.889,35.062,25.087,29.827,23.251,4.824,7.411,6.631
8156,0.882,35.121,25.052,29.817,23.254,4.824,7.411,6.631
8157,0.885,34.862,25.044,29.788,23.24,4.743,7.289,6.55
8158,0.882,35.023,25.086,29.817,23.251,4.823,7.41,6.671
8159,0.889,35.111,25.059,29.817,23.244,4.743,7.33,6.631
8160,0.879,35.188,25.059,29.798,23.244,4.742,7.37,6.55
8161,0.892,34.844,25.094,29.798,23.244,4.742,7.33,6.508
8162,0.899,34.994,25.13,29.836,23.261,4.986,7.532,6.752
8163,0.912,35.12,25.122,29.827,23.258,4.826,7.453,6.551
8164,0.912,34.795,25.114,29.817,23.247,4.824,7.412,6.63
8165,0.918,34.85,25.091,29.836,23.251,4.865,7.493,6.631
8166,0.925,34.984,25.114,29.827,23.251,4.946,7.494,6.631
8167,0.925,35.11,25.091,29.836,23.251,4.825,7.371,6.55
8168,0.931,34.709,25.079,29.798,23.244,4.702,7.33,6.549
8169,0.935,34.868,25.095,29.817,23.247,4.782,7.289,6.59
8170,0.938,35.004,25.063,29.865,23.251,4.702,7.369,6.509
8171,0.925,35.072,25.059,29.798,23.247,4.782,7.33,6.467
8172,0.925,34.814,25.079,29.798,23.24,4.783,7.37,6.589
8173,0.922,34.984,25.122,29.846,23.254,4.986,7.452,6.631
8174,0.935,35.139,25.111,29.837,23.258,4.744,7.412,6.509
8175,0.918,35.208,25.083,29.798,23.247,4.783,7.33,6.508
8176,0.915,34.835,25.091,29.817,23.251,4.824,7.41,6.508
8177,0.931,35.013,25.083,29.817,23.251,4.824,7.411,6.508
8178,0.928,35.13,25.098,29.827,23.251,4.865,7.371,6.549
8179,0.915,35.16,25.087,29.788,23.24,4.662,7.33,6.386
8180,0.909,34.901,25.083,29.807,23.244,4.782,7.329,6.507
8181,0.925,35.042,25.056,29.817,23.247,4.702,7.37,6.467
8182,0.938,35.13,25.106,29.798,23.24,4.701,7.289,6.386
8183,0.941,35.169,25.079,29.788,23.244,4.782,7.329,6.466
8184,0.948,35.016,25.095,29.845,23.258,4.864,7.451,6.589
8185,0.971,35.197,25.067,29.837,23.254,4.824,7.29,6.427
8186,0.964,35.276,25.032,29.836,23.251,4.743,7.491,6.466
8187,0.961,35.305,25.063,29.817,23.251,4.823,7.331,6.467
8188,0.981,35.046,25.114,29.817,23.254,4.865,7.37,6.467
8189,0.984,35.197,25.071,29.817,23.254,4.824,7.248,6.426
8190,0.991,35.295,25.055,29.788,23.237,4.702,7.206,6.263
8191,0.971,35.123,25.083,29.817,23.254,4.782,7.287,6.424
8192,0.971,35.131,25.083,29.807,23.247,4.742,7.288,6.385
8193,0.974,35.256,25.024,29.807,23.247,4.742,7.247,6.344
8194,0.964,35.362,25.067,29.807,23.247,4.661,7.247,6.343
8195,0.977,35.239,25.048,29.817,23.254,4.822,7.369,6.547
8196,0.984,35.372,25.059,29.846,23.258,4.865,7.37,6.427
8197,0.984,35.498,25.063,29.817,23.254,4.865,7.33,6.385
8198,0.981,35.585,25.102,29.807,23.254,4.784,7.289,6.425
8199,0.981,35.337,25.091,29.826,23.258,4.824,7.288,6.426
8200,0.987,35.526,25.083,29.817,23.258,4.905,7.288,6.426
8201,1.004,35.605,25.067,29.807,23.251,4.662,7.166,6.304
8202,0.991,35.673,25.087,29.807,23.244,4.741,7.206,6.384
8203,1.01,35.367,25.095,29.826,23.251,4.783,7.247,6.344
8204,1.014,35.507,25.095,29.808,23.247,4.783,7.206,6.303
8205,1.014,35.624,25.067,29.798,23.24,4.742,7.043,6.302
8206,1.03,35.692,25.091,29.807,23.247,4.823,7.204,6.425
8207,1.046,35.722,25.091,29.855,23.261,5.027,7.287,6.466
8208,1.05,35.808,25.095,29.798,23.254,4.826,7.207,6.304
8209,1.043,35.924,25.067,29.817,23.247,4.783,7.165,6.384
8210,1.059,35.992,25.098,29.807,23.247,4.824,7.165,6.425
8211,1.056,35.753,25.06,29.817,23.251,4.865,7.206,6.426
8212,1.063,35.876,25.083,29.798,23.251,4.784,7.043,6.344
8213,1.043,35.925,25.087,29.798,23.244,4.742,7.123,6.343
8214,1.05,36.012,25.036,29.807,23.251,4.742,7.043,6.303
8215,1.037,36.07,25.071,29.798,23.251,4.742,7.082,6.302
8216,1.04,36.205,25.044,29.798,23.247,4.783,7.002,6.302
8217,1.037,36.312,25.067,29.807,23.244,4.824,7.041,6.343
8218,1.046,36.294,25.118,29.846,23.261,4.905,7.164,6.466
8219,1.05,36.197,25.079,29.817,23.251,4.744,7.124,6.426
8220,1.043,36.292,25.098,29.807,23.24,4.823,7.002,6.344
8221,1.063,36.399,25.075,29.817,23.251,4.783,7.082,6.384
8222,1.066,36.304,25.098,29.817,23.254,4.824,7.083,6.425
8223,1.076,36.428,25.087,29.827,23.251,4.783,7.042,6.344
8224,1.079,36.534,25.028,29.788,23.244,4.661,6.96,6.303
8225,1.07,36.641,25.063,29.798,23.254,4.822,7.0,6.343
8226,1.089,36.393,25.055,29.798,23.247,4.783,6.96,6.384
8227,1.102,36.534,25.075,29.798,23.247,4.824,6.96,6.344
8228,1.102,36.651,25.102,29.778,23.247,4.702,7.0,6.303
8229,1.096,36.719,25.06,29.817,23.254,4.863,7.082,6.465
8230,1.119,36.595,25.102,29.827,23.258,4.784,7.002,6.426
8231,1.102,36.709,25.091,29.817,23.251,4.824,7.041,6.385
8232,1.102,36.815,25.114,29.827,23.247,4.743,7.082,6.466
8233,1.109,36.874,25.11,29.808,23.254,4.823,7.042,6.467
8234,1.106,36.894,25.075,29.836,23.254,4.824,6.96,6.386
8235,1.096,37.028,25.063,29.788,23.244,4.743,6.838,6.263
8236,1.089,37.125,25.032,29.807,23.251,4.783,6.918,6.424
8237,1.105,37.184,25.067,29.798,23.251,4.742,6.959,6.385
8238,1.096,37.06,25.094,29.788,23.24,4.783,6.919,6.425
8239,1.092,37.145,25.048,29.817,23.24,4.783,6.919,6.385
8240,1.086,37.29,25.071,29.807,23.247,4.702,7.041,6.507
8241,1.112,37.339,25.087,29.836,23.265,4.945,7.082,6.467
8242,1.112,37.081,25.118,29.808,23.254,4.825,7.002,6.386
8243,1.119,37.212,25.087,29.807,23.251,4.865,7.041,6.466
8244,1.132,37.319,25.071,29.817,23.254,4.824,7.042,6.467
8245,1.135,37.675,25.11,29.807,23.258,4.865,7.042,6.507
8246,1.142,37.381,25.079,29.846,23.251,4.702,6.96,6.305
8247,1.132,37.484,25.052,29.789,23.247,4.823,7.122,6.384
8248,1.148,37.6,25.114,29.798,23.244,4.824,7.124,6.466
8249,1.126,37.38,25.068,29.798,23.244,4.702,7.083,6.345
8250,1.148,37.417,25.063,29.788,23.247,4.782,7.002,6.343
8251,1.135,37.532,25.071,29.778,23.247,4.864,7.204,6.506
8252,1.155,37.687,25.157,29.855,23.261,4.906,7.206,6.427
8253,1.145,37.429,25.084,29.817,23.251,4.825,7.084,6.466
8254,1.139,37.551,25.087,29.817,23.251,4.824,7.164,6.467
8255,1.129,37.668,25.11,29.798,23.258,4.824,7.206,6.507
8256,1.132,37.755,25.107,29.817,23.254,4.865,7.206,6.467
8257,1.125,37.526,25.083,29.798,23.247,4.702,7.003,6.304
8258,1.112,37.639,25.052,29.798,23.251,4.823,7.123,6.506
8259,1.119,37.774,25.067,29.807,23.254,4.783,7.124,6.386
8260,1.125,37.852,25.067,29.798,23.244,4.824,7.043,6.425
8261,1.119,37.642,25.036,29.788,23.251,4.743,7.082,6.385
8262,1.132,37.764,25.102,29.807,23.258,4.905,7.245,6.507
8263,1.148,37.9,25.11,29.846,23.261,4.825,7.125,6.467
8264,1.129,37.92,25.091,29.817,23.254,4.824,7.124,6.467
8265,1.132,37.777,25.063,29.817,23.258,4.824,7.205,6.548
8266,1.116,37.89,25.087,29.827,23.261,4.824,7.165,6.549
8267,1.138,38.007,25.079,29.836,23.254,4.905,7.084,6.468
8268,1.145,38.027,25.095,29.779,23.24,4.744,6.92,6.304
8269,1.129,37.778,25.044,29.817,23.251,4.823,7.041,6.465
8270,1.135,37.91,25.047,29.807,23.244,4.743,7.082,6.304
8271,1.119,38.016,25.083,29.779,23.244,4.742,7.042,6.384
8272,1.106,38.017,25.126,29.778,23.247,4.742,6.96,6.385
8273,1.106,37.883,25.099,29.817,23.254,4.905,7.122,6.588
8274,1.096,38.074,25.11,29.827,23.258,4.825,7.002,6.387
8275,1.079,38.124,25.064,29.808,23.254,4.783,7.001,6.466
8276,1.07,38.028,25.094,29.807,23.251,4.905,7.082,6.467
8277,1.06,38.046,25.083,29.807,23.251,4.825,7.042,6.467
8278,1.047,38.152,25.087,29.817,23.258,4.783,7.042,6.507
8279,1.03,38.22,25.083,29.779,23.241,4.742,6.798,6.345
8280,1.017,37.924,25.071,29.778,23.251,4.783,6.958,6.506
8281,1.023,38.045,25.052,29.778,23.251,4.783,6.919,6.467
8282,1.036,38.162,25.079,29.797,23.251,4.742,6.837,6.426
8283,1.024,38.239,25.114,29.788,23.244,4.701,6.837,6.426
8284,1.023,38.02,25.064,29.788,23.251,4.823,6.918,6.548
8285,1.03,38.19,25.075,29.836,23.258,4.865,7.122,6.549
8286,1.024,38.297,25.079,29.865,23.254,4.824,7.002,6.508
8287,1.01,38.365,25.052,29.798,23.254,4.824,6.96,6.508
8288,1.017,37.887,25.122,29.798,23.254,4.824,6.96,6.549
8289,1.01,38.064,25.099,29.874,23.258,4.865,6.96,6.549
8290,1.004,38.162,25.052,29.789,23.247,4.743,6.838,6.305
8291,0.971,38.182,25.094,29.769,23.247,4.783,6.918,6.425
8292,0.961,38.067,25.126,29.797,23.254,4.742,6.878,6.426
8293,0.951,38.21,25.075,29.769,23.251,4.742,6.837,6.385
8294,0.938,38.317,25.028,29.788,23.247,4.742,6.877,6.425
8295,0.922,38.346,25.047,29.769,23.247,4.783,6.877,6.426
8296,0.915,38.011,25.083,29.807,23.261,4.946,6.918,6.629
8297,0.922,38.18,25.098,29.826,23.258,4.866,6.837,6.387
8298,0.902,38.249,25.083,29.798,23.251,4.824,6.877,6.507
8299,0.892,38.259,25.075,29.807,23.254,4.824,6.837,6.508
8300,0.899,38.049,25.083,29.817,23.251,4.865,6.877,6.467
8301,0.895,38.181,25.056,29.817,23.251,4.865,6.837,6.386
8302,0.882,38.259,25.102,29.779,23.244,4.784,6.755,6.385
8303,0.889,38.231,25.099,29.797,23.251,4.783,6.836,6.385
8304,0.885,38.039,25.052,29.778,23.247,4.742,6.796,6.385
8305,0.869,38.142,25.067,29.769,23.258,4.701,6.836,6.344
8306,0.879,38.23,25.055,29.845,23.244,4.742,6.796,6.466
8307,0.879,38.0,25.063,29.827,23.265,4.945,6.917,6.589
8308,0.885,38.084,25.114,29.788,23.254,4.744,6.796,6.427
8309,0.872,38.2,25.071,29.836,23.251,4.823,6.836,6.426
8310,0.879,38.278,25.059,29.779,23.251,4.865,6.796,6.426
8311,0.863,37.943,25.09,29.788,23.254,4.784,6.836,6.466
8312,0.853,38.065,25.126,29.788,23.251,4.864,6.755,6.426
8313,0.84,38.2,25.068,29.769,23.237,4.621,6.673,6.385
8314,0.833,38.259,25.016,29.778,23.247,4.741,6.794,6.466
8315,0.823,37.982,25.059,29.788,23.247,4.701,6.795,6.386
8316,0.813,38.113,25.032,29.788,23.247,4.742,6.673,6.303
8317,0.813,38.22,25.078,29.778,23.244,4.661,6.713,6.343
8318,0.81,38.307,25.102,29.797,23.251,4.863,6.794,6.628
8319,0.82,37.924,25.056,29.817,23.254,4.824,6.795,6.468
8320,0.803,38.055,25.075,29.817,23.251,4.783,6.633,6.467
8321,0.803,38.142,25.059,29.798,23.254,4.783,6.672,6.426
8322,0.807,38.21,25.133,29.798,23.254,4.824,6.713,6.466
8323,0.813,37.943,25.087,29.807,23.254,4.743,6.713,6.386
8324,0.803,38.055,25.087,29.779,23.24,4.62,6.51,6.344
8325,0.803,38.162,25.071,29.788,23.251,4.741,6.711,6.425
8326,0.813,38.201,25.067,29.807,23.251,4.823,6.672,6.426
8327,0.803,37.895,25.032,29.788,23.244,4.824,6.631,6.385
8328,0.803,38.007,25.055,29.769,23.244,4.743,6.631,6.303
8329,0.81,38.132,25.071,29.797,23.254,4.864,6.712,6.547
8330,0.833,38.488,25.071,29.836,23.265,4.906,6.754,6.427
8331,0.813,37.898,25.094,29.798,23.251,4.825,6.673,6.466
8332,0.803,38.026,25.13,29.798,23.251,4.824,6.631,6.426
8333,0.794,38.152,25.095,29.807,23.251,4.824,6.672,6.466
8334,0.793,37.961,25.067,29.817,23.254,4.865,6.713,6.426
8335,0.793,37.959,25.083,29.798,23.251,4.743,6.551,6.304
8336,0.777,38.055,25.028,29.778,23.244,4.823,6.671,6.425
8337,0.774,38.181,25.063,29.797,23.247,4.783,6.672,6.385
8338,0.774,37.731,25.087,29.817,23.244,4.783,6.672,6.385
8339,0.764,37.813,25.028,29.788,23.251,4.742,6.591,6.303
8340,0.761,37.958,25.071,29.807,23.254,4.905,6.712,6.465
8341,0.767,38.074,25.059,29.826,23.261,4.906,6.794,6.467
8342,0.774,37.845,25.094,29.779,23.254,4.825,6.795,6.345
8343,0.774,37.968,25.017,29.817,23.254,4.783,6.714,6.384
8344,0.777,38.094,25.059,29.817,23.251,4.824,6.713,6.385
8345,0.793,38.172,25.083,29.807,23.254,4.783,6.794,6.385
8346,0.793,37.779,25.079,29.779,23.24,4.702,6.673,6.263
8347,0.784,37.91,25.044,29.797,23.247,4.823,6.713,6.384
8348,0.797,38.026,25.098,29.788,23.247,4.824,6.713,6.344
8349,0.797,38.065,25.064,29.788,23.251,4.783,6.672,6.303
8350,0.79,37.701,25.048,29.778,23.244,4.661,6.713,6.262
8351,0.78,37.832,25.063,29.788,23.251,4.822,6.794,6.465
8352,0.797,37.996,25.079,29.845,23.265,4.987,6.795,6.345
8353,0.787,38.008,25.059,29.798,23.251,4.826,6.755,6.425
8354,0.774,37.797,25.051,29.807,23.251,4.865,6.754,6.344
8355,0.777,37.948,25.094,29.807,23.251,4.865,6.795,6.425
8356,0.764,38.036,25.118,29.807,23.254,4.865,6.755,6.385
8357,0.764,38.066,25.099,29.779,23.251,4.702,6.673,6.222
8358,0.751,37.769,25.083,29.778,23.251,4.823,6.753,6.383
8359,0.764,37.938,25.083,29.807,23.254,4.865,6.836,6.466
8360,0.761,38.045,25.095,29.798,23.247,4.743,6.755,6.345
8361,0.757,37.816,25.06,29.778,23.247,4.701,6.714,6.343
8362,0.764,37.689,25.071,29.778,23.251,4.742,6.835,6.425
8363,0.783,37.842,25.091,29.836,23.265,4.905,6.999,6.426
8364,0.78,37.929,25.06,29.798,23.254,4.825,6.879,6.304
8365,0.784,37.662,25.094,29.817,23.254,4.865,7.0,6.343
8366,0.784,37.765,25.087,29.817,23.254,4.784,7.001,6.466
8367,0.787,37.89,25.044,29.807,23.258,4.864,6.96,6.426
8368,0.8,37.949,25.102,29.798,23.251,4.784,6.96,6.263
8369,0.784,37.719,25.067,29.759,23.244,4.742,7.0,6.343
8370,0.797,37.88,25.067,29.797,23.251,4.823,7.041,6.303
8371,0.781,37.987,25.091,29.798,23.247,4.783,7.042,6.302
8372,0.774,38.065,25.067,29.778,23.24,4.824,7.042,6.343
8373,0.777,37.548,25.063,29.778,23.251,4.743,7.123,6.343
8374,0.774,37.725,25.071,29.836,23.265,4.986,7.287,6.506
8375,0.784,37.861,25.055,29.808,23.258,4.826,7.166,6.345
8376,0.771,37.891,25.063,29.798,23.251,4.865,7.206,6.384
8377,0.764,37.767,25.044,29.798,23.247,4.824,7.206,6.425
8378,0.767,37.929,25.098,29.807,23.254,4.865,7.328,6.426
8379,0.764,38.007,25.075,29.807,23.258,4.946,7.207,6.344
8380,0.754,38.046,25.055,29.779,23.241,4.703,7.084,6.221
8381,0.761,37.711,25.059,29.797,23.244,4.782,7.245,6.342
8382,0.78,37.823,25.087,29.788,23.251,4.783,7.166,6.343
8383,0.767,37.929,25.122,29.769,23.247,4.702,7.206,6.303
8384,0.764,37.969,25.068,29.778,23.244,4.782,7.165,6.302
8385,0.78,37.72,25.087,29.797,23.258,4.905,7.328,6.465
8386,0.79,37.88,25.009,29.855,23.258,4.865,7.248,6.426
8387,0.79,37.959,25.043,29.808,23.251,4.824,7.206,6.385
8388,0.8,38.017,25.11,29.788,23.247,4.824,7.287,6.344
8389,0.797,37.596,24.986,29.807,23.258,4.865,7.247,6.384
8390,0.797,37.725,25.066,29.817,23.258,4.865,7.247,6.344
8391,0.787,37.813,25.075,29.769,23.244,4.621,7.125,6.262
8392,0.774,37.613,25.083,29.778,23.24,4.822,7.287,6.424
8393,0.774,37.716,25.052,29.788,23.251,4.783,7.247,6.304
8394,0.751,37.832,24.985,29.798,23.247,4.742,7.206,6.302
8395,0.774,37.92,25.062,29.788,23.244,4.742,7.125,6.221
8396,0.764,37.595,24.962,29.798,23.24,4.823,7.246,6.383
8397,0.78,37.754,25.035,29.817,23.261,4.905,7.328,6.466
8398,0.78,37.861,25.102,29.798,23.251,4.825,7.207,6.426
8399,0.754,37.93,24.993,29.798,23.258,4.905,7.287,6.344
8400,0.751,37.566,25.047,29.798,23.251,4.825,7.207,6.466
8401,0.767,37.716,25.075,29.798,23.258,4.824,7.287,6.467
8402,0.777,37.832,25.102,29.807,23.251,4.783,7.288,6.386
8403,0.774,37.872,25.06,29.759,23.244,4.661,7.125,6.263
8404,0.777,37.671,25.048,29.778,23.251,4.822,7.246,6.384
8405,0.787,37.822,25.059,29.797,23.247,4.743,7.247,6.344
8406,0.79,37.92,25.071,29.778,23.251,4.742,7.206,6.262
8407,0.797,37.969,25.02,29.788,23.244,4.742,7.165,6.262
8408,0.797,37.595,25.094,29.778,23.254,4.864,7.287,6.384
8409,0.81,37.783,25.079,29.817,23.261,4.865,7.247,6.263
8410,0.8,37.843,25.036,29.798,23.251,4.824,7.247,6.302
8411,0.794,37.881,25.11,29.798,23.251,4.824,7.288,6.302
8412,0.79,37.642,25.118,29.798,23.251,4.824,7.288,6.302
8413,0.8,37.784,25.087,29.807,23.254,4.865,7.288,6.343
8414,0.784,37.871,24.989,29.769,23.244,4.662,7.085,6.221
8415,0.761,37.872,25.035,29.778,23.258,4.782,7.286,6.302
8416,0.777,37.661,25.063,29.778,23.247,4.824,7.166,6.262
8417,0.78,37.774,25.04,29.769,23.251,4.743,7.165,6.262
8418,0.764,37.871,25.079,29.759,23.244,4.742,7.124,6.302
8419,0.757,37.68,25.052,29.778,23.247,4.823,7.205,6.343
8420,0.777,37.717,25.051,29.817,23.265,4.946,7.287,6.384
8421,0.777,37.823,25.11,29.788,23.248,4.866,7.125,6.303
8422,0.78,37.891,25.146,29.798,23.254,4.865,7.205,6.302
8423,0.774,37.604,25.115,29.798,23.247,4.824,7.165,6.262
8424,0.784,37.726,25.048,29.798,23.251,4.783,7.124,6.343
8425,0.78,37.842,25.063,29.798,23.244,4.702,7.083,6.262
8426,0.784,37.881,25.048,29.769,23.237,4.701,7.042,6.302
8427,0.797,37.517,25.051,29.788,23.254,4.782,7.082,6.262
8428,0.794,37.638,25.125,29.759,23.251,4.783,7.123,6.221
8429,0.803,37.764,25.083,29.816,23.244,4.742,7.002,6.22
8430,0.8,37.842,25.048,29.779,23.244,4.783,7.041,6.261
8431,0.79,37.594,25.098,29.797,23.254,4.986,7.286,6.424
8432,0.806,37.725,25.122,29.798,23.251,4.826,7.125,6.263
8433,0.781,37.813,25.04,29.798,23.254,4.865,7.083,6.302
8434,0.784,37.881,25.036,29.788,23.254,4.865,7.083,6.302
8435,0.784,37.585,25.059,29.788,23.251,4.824,7.123,6.343
8436,0.777,37.725,25.098,29.845,23.254,4.824,7.043,6.221
8437,0.774,37.804,25.021,29.76,23.24,4.743,6.879,6.18
8438,0.758,37.852,25.121,29.788,23.247,4.864,7.0,6.22
8439,0.754,37.479,25.052,29.817,23.247,4.865,7.001,6.22
8440,0.754,37.59,25.067,29.779,23.24,4.784,6.879,6.261
8441,0.764,37.697,25.055,29.769,23.24,4.742,6.959,6.18
8442,0.777,37.717,25.11,29.769,23.247,4.864,7.082,6.342
8443,0.79,37.669,25.122,29.874,23.261,4.906,7.042,6.343
8444,0.79,37.745,25.025,29.779,23.251,4.784,7.001,6.221
8445,0.79,37.852,25.059,29.788,23.254,4.783,7.001,6.302
8446,0.787,37.728,25.059,29.798,23.251,4.946,7.082,6.302
8447,0.8,37.545,25.067,29.788,23.251,4.785,7.042,6.302
8448,0.8,37.648,25.106,29.759,23.247,4.742,6.879,6.18
8449,0.787,37.736,25.064,29.759,23.251,4.783,7.04,6.22
8450,0.806,37.506,25.063,29.778,23.254,4.742,7.001,6.22
8451,0.79,37.59,25.094,29.769,23.244,4.783,6.96,6.22
8452,0.767,37.716,25.079,29.769,23.24,4.783,6.96,6.18
8453,0.774,37.803,25.067,29.778,23.247,4.783,6.96,6.342
8454,0.774,37.488,25.02,29.797,23.258,4.946,7.0,6.343
8455,0.784,37.59,25.02,29.788,23.254,4.785,6.96,6.262
8456,0.774,37.697,25.055,29.798,23.254,4.824,6.96,6.262
8457,0.764,37.775,25.036,29.788,23.251,4.905,6.96,6.262
8458,0.767,37.238,25.078,29.798,23.258,4.865,6.96,6.343
8459,0.761,37.405,25.083,29.807,23.251,4.784,6.878,6.181
8460,0.744,37.484,25.063,29.769,23.251,4.783,6.918,6.22
8461,0.767,37.581,25.079,29.778,23.251,4.824,6.878,6.261
8462,0.78,37.534,25.091,29.778,23.247,4.824,6.877,6.221
8463,0.771,37.667,25.048,29.759,23.251,4.743,6.837,6.22
8464,0.78,37.784,25.051,29.759,23.247,4.864,6.877,6.342
8465,0.797,37.871,25.071,29.807,23.258,4.987,7.04,6.384
8466,0.787,37.441,25.059,29.826,23.251,4.866,6.879,6.263
8467,0.784,37.561,25.044,29.808,23.251,4.865,6.918,6.302
8468,0.793,37.668,25.094,29.798,23.254,4.865,6.959,6.384
8469,0.797,37.717,25.099,29.846,23.254,4.946,6.96,6.303
8470,0.79,37.439,25.067,29.789,23.251,4.825,6.96,6.262
8471,0.767,37.532,25.091,29.759,23.24,4.783,6.878,6.221
8472,0.77,37.658,25.122,29.778,23.247,4.824,6.959,6.302
8473,0.774,37.956,25.033,29.778,23.247,4.743,7.0,6.302
8474,0.777,37.432,25.075,29.778,23.244,4.783,7.041,6.262
8475,0.78,37.532,25.052,29.759,23.247,4.824,7.082,6.302
8476,0.784,37.667,25.067,29.845,23.254,4.946,7.205,6.506
8477,0.774,37.304,25.063,29.798,23.258,4.907,7.125,6.305
8478,0.751,37.282,25.083,29.798,23.251,4.825,7.124,6.384
8479,0.751,37.406,25.067,29.817,23.254,4.905,7.165,6.344
8480,0.757,37.494,25.048,29.798,23.254,4.906,7.246,6.425
8481,0.757,37.245,25.102,29.798,23.251,4.865,7.206,6.385
8482,0.767,37.338,25.106,29.769,23.244,4.743,7.003,6.263
8483,0.761,37.445,24.931,29.788,23.251,4.823,7.204,6.302
8484,0.77,37.551,25.034,29.778,23.251,4.865,7.206,6.302
8485,0.767,37.188,25.078,29.769,23.251,4.865,7.247,6.302
8486,0.77,37.309,25.063,29.759,23.244,4.865,7.166,6.343
8487,0.761,37.445,25.071,29.778,23.251,4.865,7.328,6.384
8488,0.777,37.532,25.052,29.807,23.265,4.987,7.41,6.466
8489,0.784,37.169,25.055,29.769,23.258,4.866,7.208,6.386
8490,0.777,37.328,25.055,29.778,23.247,4.865,7.287,6.385
8491,0.777,37.416,25.09,29.778,23.254,4.824,7.247,6.385
8492,0.774,37.494,25.063,29.797,23.251,4.865,7.288,6.385
8493,0.774,37.216,25.051,29.788,23.251,4.906,7.125,6.222
8494,0.758,37.338,25.055,29.759,23.244,4.825,7.246,6.342
8495,0.757,37.454,25.079,29.778,23.247,4.824,7.206,6.343
8496,0.757,37.513,24.993,29.788,23.251,4.824,7.125,6.262
8497,0.744,37.188,25.031,29.75,23.244,4.783,7.043,6.302
8498,0.734,37.299,25.086,29.749,23.244,4.824,7.082,6.343
8499,0.741,37.445,25.056,29.816,23.258,4.987,7.245,6.466
8500,0.751,37.484,25.055,29.779,23.251,4.866,7.084,6.426
8501,0.748,37.178,25.059,29.769,23.247,4.865,7.042,6.344
8502,0.751,37.309,25.106,29.778,23.251,4.906,7.082,6.343
8503,0.754,37.416,25.017,29.778,23.254,4.906,7.164,6.343
8504,0.754,37.302,25.063,29.797,23.251,4.825,7.084,6.384
8505,0.761,37.272,25.055,29.74,23.24,4.661,6.961,6.222
8506,0.757,37.396,25.055,29.787,23.251,4.822,7.122,6.383
8507,0.764,37.493,25.075,29.769,23.247,4.824,7.043,6.303
8508,0.764,37.015,25.036,29.749,23.244,4.783,6.96,6.302
8509,0.757,37.096,25.039,29.759,23.251,4.783,7.0,6.262
8510,0.774,37.232,25.055,29.788,23.258,4.905,7.163,6.465
8511,0.774,37.348,25.09,29.807,23.258,4.906,7.124,6.345
8512,0.758,37.129,25.048,29.769,23.254,4.825,7.043,6.303
8513,0.757,37.289,25.04,29.797,23.251,4.865,7.082,6.384
8514,0.754,37.416,25.079,29.778,23.251,4.865,7.164,6.344
8515,0.748,37.503,25.063,29.778,23.258,4.906,7.043,6.343
8516,0.751,37.015,25.012,29.769,23.241,4.784,6.96,6.181
8517,0.731,37.106,25.047,29.759,23.251,4.783,7.041,6.342
8518,0.734,37.251,25.063,29.769,23.247,4.864,7.042,6.343
8519,0.741,37.31,25.005,29.759,23.247,4.784,7.001,6.343
8520,0.728,37.128,25.027,29.759,23.251,4.702,6.96,6.384
8521,0.731,37.27,25.051,29.759,23.254,4.863,7.082,6.425
8522,0.751,37.406,25.118,29.797,23.261,4.946,7.123,6.548
8523,0.761,37.455,25.075,29.778,23.254,4.825,7.043,6.427
8524,0.754,37.072,25.075,29.778,23.247,4.824,7.042,6.466
8525,0.764,37.193,25.04,29.797,23.247,4.905,7.001,6.467
8526,0.77,37.328,25.079,29.778,23.258,4.906,7.041,6.426
8527,0.767,37.349,25.075,29.788,23.251,4.784,7.042,6.385
8528,0.767,37.042,25.024,29.74,23.24,4.742,6.879,6.385
8529,0.761,37.202,25.067,29.768,23.254,4.864,7.04,6.344
8530,0.774,37.281,25.055,29.769,23.251,4.784,7.001,6.343
8531,0.764,37.291,25.09,29.749,23.244,4.702,6.96,6.343
8532,0.751,37.08,25.06,29.73,23.244,4.782,6.919,6.384
8533,0.764,37.25,25.04,29.807,23.258,4.946,7.122,6.547
8534,0.764,37.348,25.067,29.779,23.254,4.866,7.002,6.468
8535,0.744,37.061,25.051,29.778,23.254,4.824,7.123,6.386
8536,0.747,37.145,25.051,29.769,23.254,4.865,7.002,6.385
8537,0.744,37.27,25.055,29.769,23.251,4.865,6.96,6.466
8538,0.738,37.377,25.063,29.778,23.258,4.824,7.082,6.467
8539,0.734,37.004,25.059,29.759,23.241,4.702,6.798,6.304
8540,0.725,37.115,25.048,29.769,23.251,4.823,6.999,6.425
8541,0.731,37.251,25.098,29.769,23.244,4.824,6.96,6.344
8542,0.738,37.329,25.079,29.759,23.247,4.702,6.919,6.303
8543,0.747,36.937,25.067,29.759,23.244,4.742,6.919,6.384
8544,0.751,37.057,25.059,29.759,23.247,4.864,7.041,6.588
8545,0.774,37.212,25.063,29.816,23.258,4.946,7.123,6.549
8546,0.758,37.271,25.044,29.779,23.251,4.825,7.043,6.427
8547,0.767,36.888,25.036,29.778,23.247,4.783,6.96,6.507
8548,0.767,37.018,25.098,29.759,23.247,4.824,7.0,6.427
8549,0.767,37.154,25.067,29.769,23.251,4.865,7.041,6.385
8550,0.774,37.194,25.055,29.749,23.254,4.824,6.879,6.344
8551,0.751,37.06,25.083,29.74,23.244,4.743,6.959,6.425
8552,0.757,37.222,25.095,29.787,23.258,4.823,6.96,6.426
8553,0.751,37.319,24.966,29.778,23.247,4.783,6.838,6.385
8554,0.741,37.378,25.011,29.75,23.244,4.783,6.796,6.303
8555,0.741,36.908,25.035,29.759,23.247,4.824,6.917,6.506
8556,0.738,37.095,25.043,29.797,23.265,5.027,7.041,6.549
8557,0.744,37.174,25.032,29.769,23.254,4.826,6.96,6.468
8558,0.731,37.482,25.075,29.769,23.254,4.783,6.96,6.507
8559,0.721,36.967,25.059,29.769,23.251,4.905,7.0,6.549
8560,0.724,37.096,25.024,29.778,23.254,4.825,6.96,6.549
8561,0.731,37.184,25.082,29.769,23.244,4.743,6.797,6.386
8562,0.728,36.993,25.083,29.749,23.247,4.823,6.917,6.466
8563,0.744,37.048,25.083,29.768,23.251,4.824,6.919,6.426
8564,0.754,37.164,25.063,29.759,23.247,4.783,6.878,6.426
8565,0.754,37.251,25.055,29.769,23.244,4.742,6.837,6.385
8566,0.748,36.859,25.051,29.749,23.251,4.783,6.877,6.547
8567,0.764,36.97,25.11,29.797,23.268,4.986,7.04,6.712
8568,0.77,37.106,25.036,29.769,23.254,4.785,6.879,6.51
8569,0.764,37.184,25.071,29.759,23.254,4.824,6.837,6.549
8570,0.767,36.926,25.052,29.788,23.251,4.783,6.918,6.59
8571,0.764,37.057,25.086,29.778,23.251,4.905,6.919,6.59
8572,0.748,37.174,25.04,29.769,23.247,4.825,6.837,6.468
8573,0.741,37.232,25.016,29.759,23.24,4.743,6.796,6.507
8574,0.738,36.878,25.055,29.759,23.244,4.823,6.836,6.549
8575,0.738,37.018,25.047,29.769,23.251,4.783,6.755,6.508
8576,0.734,37.125,24.985,29.759,23.244,4.702,6.754,6.467
8577,0.728,37.174,25.055,29.74,23.244,4.823,6.754,6.426
8578,0.721,36.858,25.087,29.778,23.251,4.865,6.876,6.67
8579,0.734,37.047,25.024,29.826,23.261,4.824,6.796,6.55
8580,0.721,37.126,25.032,29.779,23.251,4.743,6.795,6.508
8581,0.721,37.174,25.028,29.778,23.254,4.864,6.836,6.549
8582,0.724,36.916,25.09,29.778,23.254,4.784,6.837,6.59
8583,0.744,37.076,25.052,29.788,23.258,4.905,6.877,6.468
8584,0.738,37.164,25.071,29.759,23.247,4.784,6.755,6.386
8585,0.734,37.165,25.059,29.749,23.247,4.824,6.754,6.547
8586,0.744,36.925,25.059,29.768,23.247,4.743,6.795,6.468
8587,0.751,37.057,25.067,29.778,23.244,4.742,6.795,6.426
8588,0.738,37.145,25.032,29.75,23.244,4.701,6.755,6.426
8589,0.747,37.031,25.059,29.759,23.24,4.782,6.754,6.466
8590,0.757,36.943,25.055,29.797,23.261,4.864,6.917,6.548
8591,0.757,37.067,25.098,29.778,23.251,4.824,6.796,6.468
8592,0.735,37.145,25.04,29.759,23.251,4.783,6.755,6.467
8593,0.738,36.887,25.047,29.788,23.251,4.864,6.795,6.467
8594,0.741,36.98,25.059,29.788,23.251,4.824,6.795,6.467
8595,0.734,37.096,25.071,29.778,23.261,4.743,6.714,6.386
8596,0.718,37.193,25.032,29.769,23.241,4.661,6.632,6.466
8597,0.724,36.705,25.039,29.759,23.251,4.782,6.712,6.426
8598,0.715,36.806,25.086,29.769,23.251,4.783,6.754,6.426
8599,0.711,36.941,25.063,29.797,23.247,4.783,6.714,6.344
8600,0.718,37.019,25.036,29.75,23.247,4.742,6.713,6.343
8601,0.718,36.905,25.055,29.759,23.254,4.864,6.876,6.506
8602,0.741,37.086,25.09,29.797,23.254,4.824,6.715,6.467
8603,0.728,37.183,24.993,29.759,23.247,4.824,6.672,6.467
8604,0.738,37.232,25.043,29.778,23.247,4.783,6.753,6.426
8605,0.744,36.763,25.047,29.778,23.251,4.783,6.754,6.466
8606,0.744,36.893,25.047,29.778,23.254,4.824,6.795,6.426
8607,0.744,36.99,25.067,29.75,23.244,4.661,6.633,6.304
8608,0.744,37.01,25.005,29.759,23.247,4.741,6.712,6.425
8609,0.754,36.722,25.051,29.759,23.254,4.823,6.713,6.385
8610,0.751,36.863,25.071,29.759,23.247,4.702,6.672,6.222
8611,0.738,36.951,25.075,29.759,23.24,4.701,6.672,6.302
8612,0.738,37.019,25.024,29.769,23.251,4.782,6.794,6.465
8613,0.754,36.866,25.051,29.817,23.254,4.864,6.836,6.467
8614,0.741,36.951,25.051,29.779,23.251,4.824,6.714,6.345
8615,0.721,37.077,25.063,29.778,23.251,4.743,6.754,6.384
8616,0.728,37.203,25.036,29.788,23.258,4.864,6.754,6.507
8617,0.725,36.878,25.039,29.778,23.258,4.784,6.714,6.467
8618,0.728,36.98,25.079,29.759,23.244,4.661,6.591,6.345
8619,0.708,37.039,25.048,29.749,23.24,4.782,6.712,6.466
8620,0.728,36.704,25.047,29.768,23.251,4.742,6.713,6.467
8621,0.721,36.758,25.067,29.759,23.244,4.701,6.632,6.345
8622,0.728,36.873,25.075,29.749,23.244,4.701,6.631,6.384
8623,0.715,36.961,25.048,29.768,23.251,4.863,6.631,6.507
8624,0.731,36.808,25.024,29.807,23.254,4.906,6.875,6.549
8625,0.744,36.903,25.047,29.769,23.251,4.784,6.674,6.427
8626,0.747,37.019,25.051,29.778,23.251,4.702,6.672,6.466
8627,0.747,37.106,25.086,29.788,23.251,4.742,6.713,6.548
8628,0.757,36.58,25.009,29.788,23.254,4.823,6.713,6.468
8629,0.757,36.718,25.027,29.759,23.251,4.743,6.632,6.345
8630,0.751,36.815,25.051,29.749,23.237,4.742,6.672,6.303
8631,0.748,36.893,25.083,29.788,23.251,4.783,6.713,6.384
8632,0.734,36.635,25.04,29.769,23.251,4.742,6.672,6.344
8633,0.734,36.776,25.016,29.769,23.237,4.701,6.591,6.343
8634,0.731,36.883,25.039,29.749,23.244,4.701,6.59,6.343
8635,0.728,36.98,25.047,29.807,23.258,4.904,6.834,6.588
8636,0.734,36.741,25.067,29.788,23.251,4.784,6.714,6.427
8637,0.728,36.864,25.051,29.759,23.251,4.783,6.713,6.426
8638,0.728,36.951,25.098,29.788,23.247,4.742,6.713,6.466
8639,0.728,37.0,25.095,29.826,23.254,4.823,6.713,6.467
8640,0.725,36.655,25.052,29.808,23.254,4.783,6.754,6.467
8641,0.711,36.748,25.067,29.75,23.237,4.783,6.51,6.304
8642,0.715,36.844,25.11,29.759,23.251,4.864,6.711,6.425
8643,0.728,36.903,24.97,29.778,23.244,4.784,6.672,6.385
8644,0.728,36.741,25.039,29.778,23.244,4.702,6.672,6.385
8645,0.734,36.873,25.039,29.759,23.247,4.701,6.631,6.385
8646,0.734,36.961,25.036,29.769,23.254,4.823,6.834,6.507
8647,0.754,36.732,25.086,29.807,23.261,4.905,6.796,6.508
8648,0.757,36.652,24.993,29.779,23.258,4.744,6.755,6.467
8649,0.751,36.796,25.047,29.769,23.247,4.864,6.795,6.426
8650,0.761,36.874,25.051,29.788,23.251,4.824,6.836,6.426
8651,0.757,36.625,25.102,29.778,23.254,4.824,6.837,6.426
8652,0.751,36.728,25.036,29.769,23.244,4.702,6.755,6.385
8653,0.738,36.854,25.036,29.769,23.251,4.701,6.836,6.425
8654,0.734,36.941,25.098,29.778,23.244,4.782,6.796,6.344
8655,0.728,36.492,25.044,29.769,23.244,4.702,6.755,6.384
8656,0.721,36.631,25.036,29.74,23.247,4.701,6.714,6.425
8657,0.721,36.747,25.047,29.768,23.251,4.742,6.876,6.466
8658,0.724,36.864,25.051,29.817,23.265,4.864,6.959,6.548
8659,0.718,36.548,25.059,29.769,23.254,4.784,6.878,6.386
8660,0.715,36.679,25.04,29.778,23.254,4.824,6.877,6.466
8661,0.724,36.815,25.102,29.788,23.258,4.824,6.877,6.507
8662,0.731,36.864,25.091,29.798,23.251,4.824,6.877,6.467
8663,0.734,36.539,25.071,29.769,23.251,4.743,6.715,6.264
8664,0.728,36.631,25.067,29.74,23.247,4.742,6.713,6.384
8665,0.738,36.776,25.063,29.768,23.251,4.661,6.754,6.425
8666,0.741,36.816,25.063,29.749,23.251,4.741,6.795,6.344
8667,0.744,36.557,25.051,29.759,23.247,4.701,6.755,6.303
8668,0.741,36.689,25.02,29.759,23.247,4.742,6.795,6.384
8669,0.754,36.853,25.047,29.807,23.261,4.905,6.958,6.466
8670,0.754,36.884,25.032,29.769,23.251,4.784,6.838,6.345
8671,0.748,36.472,25.051,29.769,23.247,4.742,6.796,6.384
8672,0.747,36.602,25.012,29.778,23.258,4.864,6.795,6.425
8673,0.744,36.709,25.047,29.788,23.254,4.906,6.836,6.466
8674,0.741,36.662,25.063,29.769,23.251,4.825,6.796,6.304
8675,0.725,36.489,25.028,29.759,23.237,4.661,6.755,6.302
8676,0.711,36.621,25.067,29.769,23.244,4.782,6.795,6.221
8677,0.724,36.738,25.02,29.759,23.251,4.702,6.836,6.342
8678,0.711,36.403,25.047,29.759,23.247,4.742,6.837,6.343
8679,0.718,36.477,25.047,29.778,23.247,4.661,6.958,6.384
8680,0.715,36.631,25.059,29.797,23.258,4.863,7.122,6.507
8681,0.731,36.738,25.09,29.778,23.251,4.743,7.002,6.427
8682,0.721,36.384,25.013,29.769,23.244,4.823,7.082,6.304
8683,0.718,36.553,25.027,29.778,23.261,4.824,7.123,6.343
8684,0.737,36.66,25.032,29.769,23.251,4.824,7.124,6.466
8685,0.747,36.748,25.032,29.788,23.258,4.824,7.083,6.386
8686,0.741,36.327,25.036,29.74,23.244,4.661,7.083,6.303
8687,0.747,36.447,25.078,29.759,23.247,4.782,7.164,6.384
8688,0.754,36.592,24.989,29.759,23.247,4.783,7.084,6.344
8689,0.754,36.661,25.031,29.769,23.244,4.742,7.123,6.303
8690,0.751,37.103,25.055,29.759,23.244,4.742,7.205,6.384
8691,0.754,37.26,25.09,29.788,23.254,4.864,7.287,6.507
8692,0.754,37.415,25.028,29.826,23.265,4.865,7.207,6.427
8693,0.748,37.436,25.012,29.779,23.251,4.743,7.287,6.466
8694,0.738,35.95,25.039,29.778,23.251,4.783,7.247,6.426
8695,0.738,36.088,25.036,29.797,23.254,4.824,7.328,6.507
8696,0.734,36.205,25.063,29.778,23.254,4.865,7.289,6.427
8697,0.734,36.254,25.036,29.75,23.247,4.743,7.247,6.222
8698,0.715,36.552,25.078,29.749,23.244,4.783,7.328,6.383
8699,0.724,36.699,25.067,29.768,23.247,4.783,7.37,6.425
8700,0.715,36.806,25.036,29.749,23.247,4.783,7.289,6.344
8701,0.715,37.133,25.09,29.749,23.244,4.742,7.207,6.343
8702,0.721,36.196,25.067,29.759,23.247,4.783,7.369,6.384
8703,0.728,36.359,25.059,29.816,23.265,4.905,7.492,6.547
8704,0.751,36.457,25.016,29.769,23.251,4.825,7.29,6.468
8705,0.741,36.353,25.047,29.778,23.251,4.743,7.369,6.467
8706,0.747,36.428,25.051,29.769,23.251,4.823,7.33,6.426
8707,0.751,36.563,25.075,29.797,23.254,4.824,7.37,6.466
8708,0.754,36.651,25.032,29.788,23.247,4.824,7.289,6.386
8709,0.754,36.105,25.028,29.75,23.244,4.661,7.247,6.303
8710,0.754,36.243,25.078,29.778,23.254,4.741,7.328,6.343
8711,0.751,36.36,25.091,29.769,23.247,4.783,7.248,6.303
8712,0.748,36.457,25.024,29.769,23.247,4.783,7.206,6.343
8713,0.731,36.218,25.051,29.73,23.247,4.783,7.165,6.343
8714,0.728,36.388,25.044,29.778,23.254,4.905,7.368,6.588
8715,0.738,36.534,25.055,29.797,23.258,4.784,7.248,6.387
8716,0.731,36.583,25.04,29.759,23.251,4.824,7.288,6.425
8717,0.721,36.229,25.032,29.778,23.254,4.824,7.247,6.426
8718,0.731,36.369,25.086,29.778,23.254,4.783,7.247,6.466
8719,0.728,36.496,25.056,29.788,23.261,4.824,7.247,6.426
8720,0.715,36.564,25.04,29.75,23.237,4.702,7.084,6.304
8721,0.708,36.286,25.047,29.768,23.251,4.782,7.123,6.425
8722,0.731,36.408,25.086,29.778,23.244,4.783,7.124,6.385
8723,0.738,36.544,25.04,29.826,23.24,4.742,7.083,6.385
8724,0.741,36.584,25.008,29.76,23.247,4.783,7.042,6.344
8725,0.734,36.2,25.039,29.769,23.254,4.824,7.164,6.506
8726,0.751,36.36,25.039,29.817,23.261,4.905,7.287,6.467
8727,0.754,36.457,25.075,29.769,23.254,4.825,7.085,6.467
8728,0.757,36.487,25.055,29.778,23.251,4.865,7.164,6.507
8729,0.754,36.276,25.028,29.778,23.258,4.824,7.165,6.467
8730,0.764,36.418,25.071,29.778,23.254,4.824,7.165,6.467
8731,0.748,36.515,25.063,29.759,23.251,4.743,7.043,6.304
8732,0.725,36.257,24.95,29.769,23.244,4.742,7.082,6.425
8733,0.731,36.149,25.027,29.788,23.251,4.783,7.083,6.466
8734,0.731,36.282,25.02,29.778,23.24,4.702,7.042,6.426
8735,0.725,36.36,25.059,29.759,23.244,4.782,7.082,6.344
8736,0.718,36.093,25.048,29.759,23.247,4.783,7.042,6.425
8737,0.721,36.224,25.032,29.788,23.258,4.864,7.245,6.629
8738,0.731,36.379,25.071,29.798,23.254,4.865,7.084,6.509
8739,0.715,36.419,25.052,29.778,23.254,4.824,7.123,6.508
8740,0.718,36.103,25.032,29.778,23.251,4.824,7.124,6.549
8741,0.721,36.215,25.051,29.769,23.251,4.824,7.165,6.508
8742,0.734,36.36,25.044,29.788,23.254,4.824,7.124,6.549
8743,0.738,36.438,25.047,29.769,23.24,4.702,6.961,6.427
8744,0.731,36.045,25.024,29.749,23.251,4.823,7.082,6.507
8745,0.741,36.233,25.055,29.768,23.251,4.783,7.083,6.467
8746,0.744,36.341,25.04,29.778,23.251,4.742,7.002,6.467
8747,0.747,36.409,25.094,29.759,23.247,4.742,7.041,6.426
8748,0.747,36.074,25.079,29.807,23.247,4.701,7.123,6.466
8749,0.76,36.253,25.016,29.798,23.268,4.985,7.165,6.629
8750,0.757,36.351,25.086,29.778,23.251,4.785,7.124,6.468
8751,0.754,36.38,25.04,29.788,23.254,4.824,7.083,6.548
8752,0.751,36.064,25.055,29.769,23.254,4.865,7.083,6.549
8753,0.748,36.214,25.02,29.797,23.258,4.865,7.123,6.549
8754,0.751,36.321,25.055,29.769,23.247,4.743,6.961,6.386
8755,0.725,36.313,25.059,29.759,23.247,4.823,7.041,6.507
8756,0.731,36.063,25.048,29.778,23.251,4.743,7.001,6.508
8757,0.731,36.186,25.047,29.769,23.251,4.783,7.041,6.345
8758,0.725,36.292,25.024,29.769,23.247,4.742,7.042,6.466
8759,0.718,36.399,25.039,29.769,23.251,4.823,7.204,6.548
8760,0.715,36.199,25.055,29.797,23.261,4.905,7.206,6.549
8761,0.721,36.292,25.071,29.778,23.247,4.744,7.084,6.508
8762,0.721,36.389,25.005,29.778,23.254,4.823,7.083,6.467
8763,0.728,36.074,25.031,29.788,23.254,4.783,7.083,6.548
8764,0.744,36.147,25.047,29.798,23.258,4.824,7.123,6.549
8765,0.754,36.263,25.063,29.778,23.247,4.743,6.961,6.386
8766,0.728,36.331,25.032,29.75,23.244,4.783,7.041,6.507
8767,0.747,35.92,25.063,29.768,23.251,4.783,6.96,6.467
8768,0.751,36.05,25.009,29.769,23.251,4.824,7.041,6.426
8769,0.751,36.195,25.035,29.759,23.24,4.743,6.92,6.344
8770,0.751,36.254,25.063,29.759,23.247,4.783,6.959,6.466
8771,0.751,36.024,25.067,29.788,23.261,4.824,7.163,6.589
8772,0.751,36.166,24.985,29.788,23.251,4.824,7.043,6.549
8773,0.738,36.283,24.992,29.778,23.244,4.743,7.001,6.468
8774,0.744,36.341,25.047,29.769,23.258,4.823,7.041,6.507
8775,0.741,35.997,25.04,29.788,23.258,4.865,7.001,6.63
8776,0.734,36.127,25.032,29.788,23.254,4.743,6.919,6.468
8777,0.728,36.225,25.055,29.769,23.24,4.661,6.796,6.467
8778,0.725,36.293,24.969,29.788,23.251,4.741,6.877,6.589
8779,0.711,35.986,25.031,29.788,23.247,4.742,6.837,6.549
8780,0.718,36.127,25.09,29.769,23.251,4.742,6.837,6.508
8781,0.721,36.215,25.067,29.769,23.244,4.661,6.714,6.508
8782,0.728,36.283,24.973,29.797,23.244,4.822,6.916,6.67
8783,0.725,36.006,25.019,29.807,23.258,4.865,6.919,6.672
8784,0.731,36.118,25.0,29.779,23.254,4.824,6.837,6.509
8785,0.731,36.234,25.016,29.778,23.251,4.783,6.877,6.589
8786,0.757,36.283,25.024,29.769,23.258,4.783,6.837,6.59
8787,0.761,35.958,25.063,29.788,23.251,4.783,6.877,6.671
8788,0.767,36.069,25.028,29.759,23.258,4.742,6.796,6.591
8789,0.744,36.186,25.055,29.749,23.237,4.742,6.673,6.468
8790,0.747,35.928,25.063,29.778,23.251,4.823,6.794,6.548
8791,0.757,35.925,25.079,29.778,23.254,4.743,6.714,6.549
8792,0.751,36.05,25.02,29.797,23.247,4.701,6.794,6.549
8793,0.744,36.147,25.02,29.759,23.244,4.742,6.795,6.549
8794,0.734,35.889,25.024,29.788,23.258,4.905,6.999,6.752
8795,0.747,36.03,25.067,29.798,23.258,4.784,6.797,6.632
8796,0.721,36.128,25.012,29.778,23.251,4.824,6.877,6.631
8797,0.731,36.205,25.051,29.778,23.254,4.865,6.877,6.712
8798,0.725,35.851,25.028,29.797,23.254,4.784,7.0,6.713
8799,0.708,35.982,25.051,29.798,23.261,4.742,6.919,6.713
8800,0.708,36.079,25.051,29.759,23.241,4.661,6.756,6.51
8801,0.711,36.147,25.055,29.769,23.251,4.7,6.957,6.67
8802,0.731,35.918,25.02,29.778,23.247,4.782,6.919,6.672
8803,0.734,36.069,25.039,29.778,23.251,4.702,6.837,6.631
8804,0.734,36.157,25.024,29.759,23.244,4.742,6.837,6.509
8805,0.734,36.225,25.043,29.769,23.251,4.823,6.918,6.752
8806,0.754,35.861,25.043,29.807,23.265,4.946,6.959,6.754
8807,0.748,35.953,25.075,29.798,23.258,4.785,6.878,6.673
8808,0.76,36.098,24.938,29.807,23.251,4.742,6.918,6.631
8809,0.761,36.157,25.035,29.798,23.254,4.823,6.919,6.712
8810,0.754,35.87,25.071,29.798,23.258,4.824,6.959,6.713
8811,0.757,35.992,25.028,29.798,23.251,4.783,6.838,6.632
8812,0.741,36.099,25.075,29.807,23.24,4.62,6.877,6.631
8813,0.728,36.128,25.048,29.779,23.251,4.822,6.877,6.672
8814,0.734,35.937,25.083,29.778,23.247,4.702,6.959,6.672
8815,0.738,36.079,25.071,29.759,23.247,4.701,6.919,6.631
8816,0.728,36.176,25.028,29.769,23.244,4.742,6.878,6.631
8817,0.728,36.024,25.086,29.797,23.254,4.823,7.081,6.834
8818,0.738,35.878,25.087,29.893,23.258,4.865,7.083,6.796
8819,0.734,35.973,25.02,29.789,23.251,4.824,7.123,6.755
8820,0.747,36.06,25.063,29.788,23.254,4.783,7.083,6.673
8821,0.734,35.792,25.009,29.778,23.251,4.824,7.123,6.753
8822,0.747,35.914,25.051,29.788,23.254,4.783,7.124,6.714
8823,0.754,36.031,25.016,29.798,23.251,4.702,7.002,6.551
8824,0.748,36.061,25.031,29.769,23.244,4.742,7.082,6.671
8825,0.757,35.735,25.047,29.788,23.254,4.742,7.123,6.631
8826,0.754,35.866,25.028,29.778,23.251,4.701,7.002,6.631
8827,0.757,36.001,25.075,29.797,23.244,4.701,7.001,6.59
8828,0.761,36.06,25.024,29.788,23.251,4.701,7.123,6.712
8829,0.787,35.773,25.016,29.817,23.258,4.863,7.205,6.754
8830,0.8,35.924,25.078,29.798,23.251,4.743,7.084,6.632
8831,0.781,36.021,25.024,29.807,23.251,4.742,7.083,6.672
8832,0.777,36.099,25.039,29.836,23.254,4.742,7.123,6.713
8833,0.787,35.745,25.016,29.798,23.251,4.742,7.083,6.672
8834,0.8,35.875,25.086,29.807,23.258,4.742,7.083,6.794
8835,0.794,35.973,25.056,29.788,23.247,4.579,6.92,6.633
8836,0.784,36.031,25.044,29.788,23.251,4.781,7.0,6.631
8837,0.8,35.744,25.086,29.798,23.247,4.742,6.96,6.712
8838,0.8,35.904,25.001,29.807,23.244,4.661,6.96,6.672
8839,0.794,36.002,25.027,29.788,23.247,4.66,6.878,6.631
8840,0.803,36.022,25.067,29.798,23.251,4.741,7.0,6.753
8841,0.82,35.811,25.036,29.826,23.261,4.905,7.041,6.836
8842,0.833,35.953,25.055,29.855,23.251,4.744,6.92,6.674
8843,0.817,36.041,25.005,29.817,23.261,4.701,6.959,6.713
8844,0.816,36.3,25.031,29.807,23.254,4.742,6.96,6.713
8845,0.823,35.756,25.032,29.807,23.254,4.783,6.878,6.754
8846,0.83,35.904,25.039,29.817,23.258,4.783,6.796,6.673
8847,0.82,35.973,25.071,29.779,23.241,4.62,6.714,6.55
8848,0.83,35.648,24.966,29.807,23.247,4.7,6.835,6.671
8849,0.833,35.712,24.992,29.798,23.254,4.701,6.837,6.672
8850,0.833,35.818,25.051,29.788,23.247,4.701,6.796,6.631
8851,0.833,35.905,25.04,29.788,23.244,4.701,6.714,6.59
8852,0.826,35.666,25.043,29.826,23.258,4.823,6.916,6.793
8853,0.852,35.846,25.016,29.836,23.261,4.865,6.796,6.633
8854,0.84,35.934,25.047,29.827,23.247,4.784,6.795,6.631
8855,0.826,36.021,25.059,29.817,23.251,4.824,6.836,6.631
8856,0.856,35.639,25.059,29.827,23.258,4.743,6.755,6.631
8857,0.849,35.769,25.094,29.827,23.258,4.701,6.836,6.631
8858,0.836,35.885,25.009,29.798,23.241,4.62,6.633,6.509
8859,0.807,35.973,25.035,29.817,23.244,4.741,6.712,6.63
8860,0.813,35.772,25.047,29.817,23.247,4.742,6.672,6.55
8861,0.823,35.933,25.063,29.827,23.251,4.661,6.713,6.63
8862,0.833,36.04,24.997,29.808,23.237,4.7,6.672,6.59
8863,0.83,36.118,25.016,29.817,23.254,4.863,6.794,6.753
8864,0.862,35.64,25.051,29.865,23.261,4.865,6.755,6.632
8865,0.849,35.75,25.067,29.818,23.247,4.743,6.795,6.59
8866,0.849,35.866,25.071,29.827,23.251,4.742,6.795,6.671
8867,0.862,35.915,25.094,29.827,23.254,4.701,6.795,6.631
8868,0.862,35.705,25.052,29.846,23.258,4.782,6.755,6.55
8869,0.869,35.808,25.051,29.837,23.251,4.702,6.673,6.468
8870,0.853,35.876,25.04,29.798,23.244,4.66,6.713,6.467
8871,0.849,35.915,25.047,29.826,23.24,4.741,6.713,6.548
8872,0.833,35.57,25.04,29.817,23.251,4.742,6.794,6.468
8873,0.833,35.711,25.032,29.817,23.244,4.701,6.795,6.426
8874,0.826,35.818,25.086,29.798,23.251,4.66,6.795,6.629
8875,0.836,35.8,25.063,29.846,23.261,4.822,6.999,6.712
8876,0.833,35.838,25.044,29.837,23.254,4.783,6.879,6.51
8877,0.826,35.924,25.051,29.836,23.254,4.824,6.877,6.589
8878,0.823,36.04,24.977,29.856,23.247,4.783,6.918,6.509
8879,0.817,35.476,25.031,29.856,23.251,4.783,6.878,6.63
8880,0.807,35.576,25.067,29.827,23.254,4.783,6.918,6.55
8881,0.81,35.673,25.067,29.817,23.244,4.62,6.756,6.427
8882,0.787,35.741,25.063,29.855,23.251,4.7,6.876,6.548
8883,0.79,35.492,25.04,29.827,23.247,4.782,6.918,6.508
8884,0.787,35.643,25.032,29.827,23.247,4.702,6.837,6.467
8885,0.784,35.759,25.032,29.836,23.244,4.742,6.714,6.467
8886,0.784,35.847,25.055,29.836,23.247,4.864,6.876,6.629
8887,0.793,35.627,25.051,29.875,23.265,4.906,7.0,6.631
8888,0.803,35.769,25.008,29.856,23.251,4.825,6.879,6.509
8889,0.787,35.885,25.035,29.837,23.251,4.743,6.877,6.549
8890,0.784,35.954,25.059,29.836,23.254,4.783,6.918,6.59
8891,0.787,35.427,25.075,29.836,23.258,4.824,6.959,6.59
8892,0.764,35.585,24.938,29.865,23.254,4.702,6.838,6.509
8893,0.751,35.682,25.031,29.818,23.237,4.66,6.755,6.386
8894,0.751,35.741,25.071,29.846,23.258,4.7,6.836,6.507
8895,0.744,35.636,25.071,29.846,23.254,4.782,6.755,6.427
8896,0.738,35.759,25.075,29.837,23.247,4.702,6.714,6.426
8897,0.718,35.895,25.04,29.817,23.251,4.701,6.672,6.466
8898,0.721,35.915,25.039,29.875,23.254,4.782,6.875,6.67
8899,0.724,35.57,25.02,29.875,23.258,4.824,6.837,6.55
8900,0.711,35.644,25.055,29.856,23.251,4.743,6.796,6.549
8901,0.718,35.779,25.032,29.865,23.254,4.742,6.755,6.549
8902,0.715,35.79,25.024,29.846,23.254,4.823,6.754,6.549
8903,0.708,35.617,25.051,29.875,23.251,4.783,6.795,6.549
8904,0.711,35.74,25.051,29.856,23.247,4.661,6.633,6.386
8905,0.698,35.799,25.067,29.827,23.24,4.7,6.753,6.507
8906,0.727,35.406,25.048,29.855,23.247,4.701,6.754,6.508
8907,0.725,35.441,25.055,29.846,23.247,4.701,6.714,6.427
8908,0.721,35.575,24.973,29.837,23.24,4.66,6.632,6.385
8909,0.715,35.673,25.011,29.836,23.24,4.7,6.712,6.466
8910,0.721,35.587,25.074,29.875,23.258,4.863,6.916,6.629
8911,0.721,35.721,25.052,29.885,23.254,4.824,6.756,6.509
8912,0.695,35.837,25.032,29.933,23.251,4.824,6.754,6.467
8913,0.695,35.924,25.016,29.876,23.254,4.824,6.754,6.507
8914,0.688,35.407,25.074,29.856,23.254,4.824,6.795,6.63
8915,0.682,35.546,25.067,29.875,23.251,4.824,6.795,6.55
8916,0.672,35.672,25.059,29.837,23.24,4.58,6.633,6.427
8917,0.672,35.712,25.055,29.836,23.251,4.781,6.712,6.548
8918,0.659,35.549,25.001,29.875,23.251,4.742,6.794,6.468
8919,0.669,35.691,25.02,29.865,23.244,4.783,6.795,6.426
8920,0.659,35.798,25.059,29.846,23.244,4.702,6.755,6.466
8921,0.662,35.838,25.055,29.865,23.244,4.742,6.836,6.467
8922,0.678,35.435,25.012,29.894,23.265,4.905,6.958,6.711
8923,0.685,35.566,24.996,29.875,23.254,4.744,6.797,6.51
8924,0.669,35.663,25.008,29.875,23.247,4.783,6.836,6.549
8925,0.688,35.702,25.039,29.875,23.254,4.742,6.837,6.59
8926,0.692,35.492,25.051,29.885,23.258,4.783,6.958,6.671
8927,0.698,35.624,25.051,29.875,23.251,4.824,6.919,6.55
8928,0.705,35.711,25.012,29.837,23.237,4.661,6.796,6.468
8929,0.698,36.009,25.016,29.884,23.254,4.7,6.958,6.589
8930,0.705,35.504,25.059,29.875,23.244,4.823,6.919,6.59
8931,0.692,35.624,25.02,29.875,23.247,4.824,6.878,6.59
8932,0.675,35.74,25.031,29.904,23.251,4.702,6.918,6.631
8933,0.682,35.367,25.0,29.885,23.247,4.782,7.041,6.712
8934,0.692,35.354,25.063,29.914,23.261,4.905,7.082,6.713
8935,0.675,35.469,25.051,29.885,23.247,4.784,7.002,6.713
8936,0.669,35.576,25.016,29.875,23.254,4.742,7.041,6.672
8937,0.675,35.414,25.074,29.894,23.258,4.823,7.082,6.753
8938,0.678,35.546,25.075,29.914,23.251,4.865,7.083,6.795
8939,0.675,35.691,25.036,29.895,23.251,4.702,7.002,6.633
8940,0.665,35.731,25.082,29.856,23.244,4.66,6.96,6.672
8941,0.672,35.396,24.989,29.884,23.251,4.782,7.082,6.713
8942,0.678,35.546,25.031,29.885,23.251,4.661,7.042,6.632
8943,0.669,35.643,25.028,29.875,23.251,4.7,7.001,6.55
8944,0.675,35.74,25.035,29.885,23.244,4.66,7.082,6.671
8945,0.682,35.319,25.055,29.923,23.254,4.985,7.205,6.875
8946,0.708,35.516,25.051,29.923,23.258,4.826,7.084,6.715
8947,0.705,35.586,25.102,29.895,23.247,4.783,7.042,6.672
8948,0.702,35.653,25.04,29.904,23.247,4.824,7.042,6.713
8949,0.701,35.376,25.036,29.895,23.258,4.865,7.082,6.672
8950,0.708,35.507,25.086,29.894,23.254,4.824,7.083,6.631
8951,0.695,35.624,24.978,29.894,23.244,4.661,7.002,6.55
8952,0.688,35.663,25.015,29.904,23.254,4.782,7.001,6.671
8953,0.685,35.395,25.004,29.904,23.251,4.742,7.082,6.631
8954,0.688,35.527,25.035,29.904,23.251,4.783,7.002,6.631
8955,0.685,35.643,25.043,29.885,23.244,4.702,7.041,6.631
8956,0.695,35.673,25.008,29.904,23.251,4.782,7.123,6.712
8957,0.701,35.328,25.082,29.933,23.265,4.864,7.205,6.754
8958,0.682,35.449,24.977,29.904,23.248,4.784,7.043,6.632
8959,0.675,35.556,25.031,29.914,23.251,4.824,7.164,6.712
8960,0.672,35.433,25.055,29.914,23.254,4.824,7.124,6.672
8961,0.688,35.335,25.036,29.923,23.254,4.783,7.124,6.713
8962,0.692,35.44,25.0,29.904,23.247,4.742,7.043,6.551
8963,0.688,35.546,25.0,29.895,23.244,4.701,7.082,6.63
8964,0.695,35.279,25.086,29.914,23.251,4.782,7.164,6.631
8965,0.698,35.372,25.044,29.904,23.247,4.702,7.043,6.509
8966,0.695,35.488,25.032,29.904,23.24,4.701,7.123,6.508
8967,0.705,35.576,25.055,29.904,23.244,4.742,7.205,6.549
8968,0.724,35.356,25.04,29.942,23.258,4.864,7.369,6.752
8969,0.724,35.517,25.039,29.924,23.254,4.743,7.248,6.51
8970,0.711,35.595,25.055,29.904,23.254,4.783,7.288,6.549
8971,0.708,35.692,24.93,29.933,23.258,4.742,7.247,6.59
8972,0.708,35.242,25.027,29.933,23.254,4.823,7.328,6.59
8973,0.705,35.372,25.047,29.933,23.254,4.824,7.207,6.549
8974,0.705,35.488,25.04,29.933,23.244,4.661,7.125,6.386
8975,0.698,35.528,25.036,29.914,23.251,4.822,7.205,6.507
8976,0.724,35.365,25.047,29.923,23.251,4.743,7.206,6.467
8977,0.737,35.488,25.032,29.904,23.244,4.701,7.206,6.467
8978,0.767,35.614,24.969,29.923,23.247,4.742,7.206,6.548
8979,0.787,35.673,24.992,29.933,23.247,4.742,7.328,6.63
8980,0.826,35.328,25.023,29.952,23.261,4.864,7.37,6.672
8981,0.852,35.459,25.035,29.933,23.247,4.743,7.33,6.591
8982,0.856,35.556,24.993,29.943,23.251,4.823,7.289,6.631
8983,0.901,35.615,25.023,29.943,23.254,4.743,7.288,6.631
8984,0.905,35.308,25.078,29.943,23.251,4.823,7.329,6.631
8985,0.921,35.468,25.079,29.933,23.247,4.783,7.207,6.55
8986,0.941,35.528,25.04,29.924,23.233,4.661,7.125,6.508
8987,0.974,35.682,25.059,29.933,23.251,4.782,7.165,6.508
8988,1.003,35.232,25.032,29.924,23.251,4.702,7.165,6.508
8989,1.023,35.372,25.016,29.923,23.247,4.742,7.043,6.467
8990,1.075,35.45,25.039,29.923,23.247,4.701,7.123,6.589
8991,1.128,35.249,24.969,29.962,23.261,4.823,7.205,6.671
8992,1.187,35.372,25.043,29.972,23.251,4.743,7.125,6.631
8993,1.22,35.46,25.016,29.934,23.254,4.823,7.165,6.631
8994,1.253,35.575,25.059,29.943,23.254,4.783,7.165,6.631
8995,1.283,35.212,25.032,29.952,23.254,4.783,7.206,6.672
8996,1.296,35.352,25.063,29.972,23.254,4.824,7.125,6.672
8997,1.286,35.469,25.059,29.934,23.244,4.743,7.002,6.672
8998,1.286,35.528,24.958,29.914,23.237,4.701,7.123,6.794
8999,1.303,35.212,25.027,29.943,23.247,4.782,7.083,6.714
9000,1.338,35.352,25.051,29.933,23.247,4.742,7.083,6.754
9001,1.352,35.459,25.024,29.933,23.24,4.661,6.961,6.714
9002,1.326,35.537,25.024,29.991,23.244,4.741,7.122,6.794
9003,1.306,35.173,25.0,29.982,23.258,4.905,7.205,6.958
9004,1.306,35.323,25.059,29.962,23.251,4.784,7.084,6.797
9005,1.303,35.43,25.012,29.962,23.247,4.824,7.042,6.836
9006,1.299,35.489,25.043,29.962,23.258,4.783,7.123,6.837
9007,1.257,35.154,25.036,29.962,23.251,4.783,7.246,6.958
9008,1.205,35.294,25.032,29.962,23.251,4.783,7.166,6.878
9009,1.142,35.401,25.008,29.953,23.237,4.661,7.165,6.959
9010,1.09,35.441,25.047,29.972,23.251,4.741,7.206,7.163
9011,1.04,35.105,25.051,29.972,23.251,4.823,7.206,7.287
9012,0.972,35.246,24.997,29.962,23.247,4.743,7.287,7.532
9013,0.925,35.343,25.023,29.953,23.237,4.783,7.329,7.697
9014,0.853,35.392,25.028,29.972,23.254,4.783,7.41,8.187
9015,0.791,35.287,25.012,30.001,23.265,4.905,7.371,8.395
9016,0.728,35.372,25.027,29.972,23.254,4.744,7.33,8.763
9017,0.695,35.479,25.047,29.972,23.247,4.783,7.451,9.011
9018,0.649,35.221,25.028,30.02,23.254,4.783,7.452,9.42
9019,0.62,35.189,25.028,29.982,23.254,4.824,7.452,9.627
9020,0.577,35.304,25.086,29.972,23.247,4.702,7.33,9.67
9021,0.534,35.382,25.036,29.953,23.247,4.742,7.37,9.995
9022,0.55,35.153,25.036,29.981,23.244,4.742,7.37,10.161
9023,0.544,35.285,25.012,29.972,23.251,4.742,7.411,10.204
9024,0.541,35.401,25.027,29.962,23.244,4.701,7.289,10.326
9025,0.576,35.508,25.024,29.981,23.247,4.742,7.369,10.49
9026,0.622,35.087,25.024,30.001,23.265,4.945,7.452,10.735
9027,0.675,35.236,25.051,30.02,23.251,4.744,7.33,10.697
9028,0.698,35.362,25.047,30.001,23.251,4.742,7.37,10.778
9029,0.727,35.44,25.024,29.982,23.254,4.823,7.411,10.901
9030,0.764,35.086,25.063,29.982,23.251,4.824,7.411,11.146
9031,0.774,35.236,25.059,30.02,23.251,4.783,7.371,11.23
9032,0.764,35.362,25.012,29.963,23.24,4.702,7.248,11.393
9033,0.774,35.411,25.035,29.981,23.254,4.823,7.369,11.72
9034,0.787,35.095,25.016,30.001,23.251,4.743,7.289,11.927
9035,0.774,35.236,25.031,29.991,23.251,4.701,7.288,12.051
9036,0.764,35.372,25.016,29.972,23.24,4.701,7.166,12.296
9037,0.757,35.412,25.07,30.001,23.251,4.782,7.409,12.542
9038,0.78,35.115,25.016,30.03,23.261,4.905,7.371,12.748
9039,0.761,35.246,25.004,30.001,23.251,4.825,7.289,12.872
9040,0.761,35.324,25.066,30.001,23.258,4.824,7.288,12.873
9041,0.767,35.373,25.059,30.03,23.251,4.824,7.288,12.914
9042,0.774,35.162,25.044,30.078,23.254,4.783,7.288,12.915
9043,0.774,35.294,25.004,30.011,23.254,4.742,7.166,12.711
9044,0.764,35.382,25.012,29.982,23.244,4.701,7.165,12.75
9045,0.78,35.297,25.027,30.01,23.251,4.742,7.165,12.669
9046,0.784,35.085,25.028,30.001,23.247,4.742,7.165,12.627
9047,0.78,35.198,25.047,30.001,23.247,4.742,7.206,12.505
9048,0.784,35.295,25.047,30.001,23.244,4.701,7.084,12.341
9049,0.787,35.123,25.012,30.02,23.258,4.823,7.245,12.421
9050,0.797,35.275,25.074,30.03,23.258,4.824,7.288,12.178
9051,0.784,35.372,24.989,30.02,23.251,4.783,7.207,12.094
9052,0.784,35.469,25.039,30.03,23.251,4.783,7.206,11.971
9053,0.78,34.914,25.028,30.04,23.258,4.783,7.206,11.889
9054,0.78,35.043,25.047,30.03,23.258,4.864,7.287,11.766
9055,0.771,35.178,25.047,30.02,23.247,4.662,7.085,11.439
9056,0.754,35.227,25.008,30.011,23.244,4.741,7.164,11.477
9057,0.761,35.065,25.07,30.011,23.251,4.783,7.206,11.355
9058,0.767,35.226,25.044,30.011,23.247,4.742,7.125,11.273
9059,0.754,35.333,25.016,30.03,23.247,4.661,7.124,11.19
9060,0.754,35.421,25.07,30.03,23.247,4.822,7.165,11.149
9061,0.761,34.99,25.024,30.059,23.268,4.987,7.328,10.986
9062,0.774,35.11,25.02,30.04,23.251,4.785,7.289,10.822
9063,0.771,35.217,25.016,30.04,23.251,4.783,7.288,10.739
9064,0.78,35.314,24.992,30.03,23.254,4.824,7.288,10.657
9065,0.787,35.114,25.023,30.04,23.254,4.905,7.247,10.493
9066,0.787,35.227,25.047,30.049,23.251,4.784,7.206,10.329
9067,0.78,35.295,25.051,30.001,23.24,4.742,7.125,10.246
9068,0.79,35.363,25.044,30.03,23.254,4.742,7.205,10.082
9069,0.797,34.999,24.989,30.049,23.244,4.701,7.125,9.999
9070,0.79,35.12,25.082,30.03,23.247,4.742,7.124,9.877
9071,0.784,35.246,24.958,30.03,23.244,4.742,7.205,9.753
9072,0.787,35.602,25.004,30.068,23.258,4.823,7.287,9.874
9073,0.8,35.011,25.051,30.069,23.251,4.783,7.166,9.631
9074,0.784,35.091,25.079,30.04,23.251,4.783,7.165,9.507
9075,0.793,35.217,25.087,30.04,23.247,4.783,7.124,9.465
9076,0.777,35.046,25.036,30.049,23.251,4.783,7.205,9.383
9077,0.78,35.101,25.051,30.059,23.258,4.742,7.165,9.382
9078,0.78,35.217,25.055,30.04,23.241,4.661,7.043,9.057
9079,0.758,35.305,25.008,30.03,23.251,4.741,7.123,9.217
9080,0.767,34.989,25.07,30.068,23.247,4.823,7.165,9.056
9081,0.77,35.101,25.059,30.069,23.244,4.783,7.084,8.932
9082,0.777,35.217,25.001,30.03,23.251,4.702,7.123,8.85
9083,0.774,35.324,25.02,30.04,23.251,4.742,7.205,8.849
9084,0.8,34.932,25.047,30.088,23.254,4.864,7.328,8.889
9085,0.807,35.091,25.063,30.069,23.247,4.743,7.207,8.768
9086,0.8,35.217,25.051,30.059,23.254,4.742,7.165,8.685
9087,0.8,35.276,25.071,30.088,23.254,4.742,7.246,8.684
9088,0.81,34.931,25.055,30.078,23.251,4.823,7.288,8.522
9089,0.826,35.052,25.016,30.059,23.254,4.743,7.125,8.398
9090,0.8,35.159,25.055,30.03,23.24,4.661,7.124,8.316
9091,0.807,35.266,25.036,30.107,23.251,4.741,7.205,8.356
9092,0.8,34.931,25.004,30.069,23.244,4.742,7.165,8.275
9093,0.794,35.052,25.008,30.04,23.247,4.701,7.124,8.233
9094,0.787,35.169,25.004,30.049,23.244,4.742,7.124,8.192
9095,0.793,35.237,25.024,30.078,23.258,4.823,7.287,8.273
9096,0.793,34.988,25.024,30.107,23.254,4.824,7.207,8.111
9097,0.777,35.101,25.051,30.069,23.254,4.824,7.165,8.109
9098,0.787,35.217,25.04,30.097,23.251,4.824,7.165,8.109
9099,0.777,35.237,25.016,30.088,23.251,4.824,7.206,8.069
9100,0.78,34.94,25.098,30.078,23.251,4.824,7.165,8.028
9101,0.79,35.062,25.021,30.069,23.251,4.661,7.002,7.865
9102,0.79,35.14,24.985,30.069,23.244,4.7,7.082,7.822
9103,0.79,35.026,25.023,30.088,23.247,4.701,7.123,7.863
9104,0.797,34.948,25.02,30.059,23.251,4.701,7.043,7.741
9105,0.81,35.062,25.02,30.059,23.24,4.701,6.96,7.699
9106,0.81,35.178,25.016,30.069,23.244,4.742,7.041,7.699
9107,0.8,34.853,25.078,30.107,23.261,4.905,7.164,7.861
9108,0.816,34.984,25.052,30.088,23.254,4.744,7.043,7.66
9109,0.81,35.082,25.016,30.088,23.251,4.783,7.042,7.617
9110,0.813,35.179,25.094,30.088,23.247,4.783,7.001,7.657
9111,0.813,34.844,24.997,30.098,23.254,4.783,7.001,7.617
9112,0.813,34.994,25.043,30.107,23.254,4.702,6.96,7.495
9113,0.807,35.082,25.001,30.069,23.24,4.62,6.838,7.453
9114,0.81,35.169,25.039,30.069,23.251,4.822,6.958,7.452
9115,0.8,34.815,25.032,30.078,23.254,4.743,6.96,7.452
9116,0.8,34.955,24.993,30.088,23.244,4.742,6.838,7.412
9117,0.8,35.062,25.023,30.078,23.244,4.742,6.837,7.371
9118,0.803,35.169,25.008,30.107,23.247,4.783,6.918,7.492
9119,0.803,35.007,25.047,30.136,23.265,4.905,7.0,7.412
9120,0.794,35.13,25.055,30.098,23.251,4.744,6.879,7.371
9121,0.8,35.265,25.036,30.117,23.247,4.742,6.918,7.37
9122,0.794,35.324,25.008,30.117,23.251,4.783,6.878,7.33
9123,0.793,34.855,25.031,30.117,23.251,4.864,6.877,7.329
9124,0.806,35.013,25.039,30.117,23.244,4.784,6.837,7.207
9125,0.807,35.092,25.004,30.079,23.24,4.702,6.877,7.247
9126,0.816,35.159,25.031,30.107,23.251,4.742,6.877,7.206
9127,0.82,34.901,25.036,30.107,23.247,4.701,6.877,7.125
9128,0.826,35.052,25.012,30.098,23.247,4.742,6.796,7.083
9129,0.836,35.14,25.024,30.088,23.244,4.742,6.917,7.123
9130,0.839,35.198,25.051,30.117,23.261,4.823,7.0,7.287
9131,0.843,34.911,25.071,30.136,23.254,4.783,6.919,7.166
9132,0.826,35.014,25.04,30.108,23.251,4.742,6.878,7.084
9133,0.813,35.12,25.063,30.117,23.254,4.823,6.918,7.123
9134,0.823,34.834,25.059,30.127,23.254,4.824,6.878,7.165
9135,0.813,34.927,25.028,30.127,23.254,4.865,6.918,7.084
9136,0.816,35.043,25.02,30.108,23.247,4.743,6.796,6.92
9137,0.797,35.13,25.059,30.098,23.244,4.742,6.917,7.041
9138,0.807,34.776,25.036,30.117,23.251,4.783,6.878,7.042
9139,0.807,34.907,25.012,30.127,23.254,4.702,6.877,6.96
9140,0.807,35.014,25.047,30.108,23.24,4.701,6.877,6.878
9141,0.81,35.111,25.001,30.117,23.247,4.742,6.877,7.0
9142,0.82,34.91,25.047,30.155,23.265,4.905,6.959,7.123
9143,0.833,35.052,25.028,30.137,23.248,4.744,6.878,6.921
9144,0.82,35.169,25.039,30.136,23.247,4.742,6.918,6.959
9145,0.823,35.256,25.043,30.146,23.254,4.783,6.878,7.0
9146,0.826,34.643,25.043,30.127,23.247,4.783,6.877,6.96
9147,0.823,34.8,25.036,30.136,23.254,4.742,6.877,6.878
9148,0.82,34.898,25.036,30.108,23.244,4.661,6.755,6.877
9149,0.833,34.994,25.028,30.136,23.251,4.741,6.836,6.796
9150,0.839,34.784,25.055,30.117,23.244,4.701,6.918,6.714
9151,0.843,34.955,24.997,30.155,23.244,4.701,6.837,6.754
9152,0.83,35.053,24.992,30.146,23.247,4.701,6.877,6.795
9153,0.833,35.111,25.051,30.165,23.258,4.945,7.04,6.958
9154,0.843,34.757,25.075,30.156,23.251,4.785,6.92,6.838
9155,0.813,34.878,25.059,30.146,23.247,4.783,6.919,6.837
9156,0.82,35.004,25.044,30.165,23.258,4.824,6.919,6.837
9157,0.826,35.024,25.043,30.165,23.244,4.783,6.959,6.796
9158,0.82,34.89,25.04,30.156,23.251,4.783,6.96,6.795
9159,0.803,34.975,25.0,30.118,23.244,4.742,6.838,6.755
9160,0.813,35.082,25.047,30.165,23.251,4.783,6.877,6.795
9161,0.807,34.862,25.024,30.175,23.247,4.783,6.877,6.795
9162,0.823,34.869,24.985,30.146,23.251,4.702,6.877,6.673
9163,0.833,34.985,25.0,30.137,23.24,4.742,6.877,6.753
9164,0.833,35.082,25.055,30.146,23.251,4.823,7.04,6.876
9165,0.849,34.776,25.047,30.194,23.258,4.865,7.001,6.755
9166,0.833,34.859,25.032,30.156,23.244,4.784,6.96,6.795
9167,0.846,34.984,25.039,30.146,23.251,4.824,7.0,6.673
9168,0.843,35.091,25.032,30.175,23.254,4.824,6.919,6.794
9169,0.853,34.661,25.016,30.166,23.258,4.824,6.959,6.714
9170,0.856,34.791,25.063,30.146,23.247,4.743,6.838,6.591
9171,0.84,34.898,25.012,30.184,23.244,4.742,6.877,6.631
9172,0.849,35.004,25.0,30.156,23.254,4.864,6.959,6.672
9173,0.84,34.765,25.023,30.165,23.251,4.784,6.878,6.55
9174,0.852,34.897,25.028,30.156,23.247,4.742,6.918,6.549
9175,0.84,35.042,25.02,30.156,23.247,4.742,6.878,6.549
9176,0.852,35.121,25.039,30.204,23.265,4.986,7.162,6.752
9177,0.843,34.709,25.016,30.185,23.248,4.826,7.002,6.632
9178,0.826,34.82,25.031,30.194,23.254,4.905,7.082,6.55
9179,0.826,34.965,25.032,30.175,23.254,4.825,7.042,6.671
9180,0.843,35.024,25.039,30.175,23.258,4.783,7.082,6.631
9181,0.853,34.746,25.039,30.185,23.251,4.783,7.042,6.55
9182,0.853,34.859,24.993,30.166,23.233,4.742,6.96,6.468
9183,0.84,34.975,25.016,30.165,23.251,4.823,7.082,6.548
9184,0.859,35.024,25.0,30.194,23.247,4.743,7.042,6.508
9185,0.866,34.718,25.016,30.166,23.247,4.701,7.042,6.467
9186,0.853,34.858,25.02,30.185,23.24,4.701,7.123,6.507
9187,0.872,34.956,25.043,30.194,23.251,4.823,7.165,6.589
9188,0.879,34.88,25.047,30.223,23.254,4.905,7.409,6.671
9189,0.892,34.707,25.012,30.176,23.247,4.784,7.249,6.509
9190,0.882,34.83,25.035,30.185,23.251,4.824,7.247,6.549
9191,0.898,34.936,25.028,30.214,23.251,4.824,7.288,6.549
9192,0.892,34.698,25.008,30.204,23.251,4.824,7.288,6.59
9193,0.879,34.781,25.043,30.204,23.251,4.783,7.288,6.509
9194,0.872,34.897,25.004,30.166,23.244,4.62,7.207,6.386
9195,0.859,34.985,25.016,30.194,23.251,4.781,7.328,6.547
9196,0.879,34.727,25.024,30.204,23.247,4.742,7.289,6.386
9197,0.856,34.868,25.016,30.195,23.247,4.701,7.288,6.425
9198,0.849,34.994,25.008,30.185,23.247,4.66,7.288,6.385
9199,0.856,35.091,25.047,30.214,23.251,4.904,7.41,6.629
9200,0.879,34.69,25.024,30.243,23.261,4.825,7.452,6.59
9201,0.872,34.829,25.016,30.205,23.251,4.743,7.371,6.549
9202,0.885,34.927,25.024,30.204,23.247,4.823,7.452,6.468
9203,0.882,35.014,25.055,30.223,23.247,4.824,7.493,6.507
9204,0.892,34.718,25.005,30.233,23.261,4.783,7.534,6.508
9205,0.899,34.858,25.031,30.224,23.247,4.702,7.372,6.345
9206,0.892,34.956,25.0,30.195,23.244,4.62,7.452,6.425
9207,0.912,35.033,25.0,30.204,23.247,4.741,7.493,6.507
9208,0.928,34.814,25.02,30.223,23.244,4.742,7.371,6.386
9209,0.912,34.917,25.016,30.224,23.247,4.742,7.452,6.344
9210,0.912,35.033,25.02,30.214,23.247,4.783,7.452,6.384
9211,0.925,35.082,25.028,30.262,23.258,4.905,7.696,6.629
9212,0.928,34.987,25.039,30.243,23.254,4.825,7.577,6.55
9213,0.925,35.082,25.063,30.233,23.254,4.865,7.698,6.468
9214,0.922,35.188,25.051,30.233,23.254,4.865,7.74,6.548
9215,0.918,35.438,25.055,30.243,23.251,4.784,7.781,6.508
9216,0.909,34.837,25.02,30.262,23.254,4.702,7.822,6.508
9217,0.912,34.917,24.989,30.205,23.244,4.66,7.741,6.345
9218,0.905,35.043,25.019,30.223,23.251,4.822,7.862,6.466
9219,0.912,34.842,25.02,30.224,23.247,4.743,7.863,6.507
9220,0.918,34.869,25.008,30.243,23.244,4.742,7.944,6.427
9221,0.905,35.004,24.981,30.224,23.244,4.661,7.945,6.466
9222,0.915,35.12,25.004,30.233,23.251,4.782,8.026,6.589
9223,0.938,34.862,25.055,30.262,23.261,4.905,8.068,6.631
9224,0.941,34.975,25.032,30.243,23.247,4.825,8.028,6.55
9225,0.945,35.091,25.063,30.233,23.254,4.865,8.109,6.549
9226,0.951,35.179,25.028,30.243,23.258,4.784,8.028,6.549
9227,0.954,34.825,25.059,30.262,23.254,4.864,8.068,6.63
9228,0.964,34.965,25.024,30.253,23.244,4.702,8.028,6.468
9229,0.955,35.062,24.977,30.224,23.244,4.782,8.027,6.589
9230,0.964,35.159,25.039,30.262,23.251,4.742,8.027,6.549
9231,0.964,34.978,24.985,30.262,23.244,4.701,8.027,6.427
9232,0.955,35.12,24.976,30.253,23.24,4.782,7.905,6.507
9233,0.964,35.236,25.015,30.243,23.247,4.783,8.026,6.589
9234,0.971,35.305,25.059,30.272,23.258,4.864,8.109,6.712
9235,0.974,35.219,25.067,30.291,23.258,4.784,7.987,6.632
9236,0.955,35.343,25.024,30.243,23.251,4.783,8.027,6.631
9237,0.964,35.459,25.008,30.262,23.251,4.824,7.987,6.712
9238,0.964,35.518,25.024,30.272,23.254,4.824,7.986,6.713
9239,0.971,35.365,25.016,30.282,23.254,4.824,7.864,6.632
9240,0.958,35.469,25.012,30.234,23.237,4.621,7.782,6.631
9241,0.958,35.614,25.004,30.262,23.247,4.822,7.862,6.712
9242,1.0,35.615,24.996,30.253,23.254,4.783,7.863,6.632
9243,0.991,35.414,25.027,30.262,23.244,4.702,7.782,6.55
9244,0.997,35.556,25.028,30.253,23.24,4.701,7.74,6.549
9245,1.013,35.663,25.02,30.281,23.251,4.863,7.862,6.752
9246,1.02,35.635,25.035,30.301,23.258,4.865,7.782,6.673
9247,1.01,35.568,25.039,30.282,23.251,4.743,7.781,6.672
9248,1.017,35.73,25.016,30.272,23.247,4.742,7.7,6.753
9249,1.036,35.818,25.039,30.262,23.254,4.823,7.699,6.632
9250,1.046,35.819,25.039,30.291,23.254,4.865,7.658,6.631
9251,1.03,35.943,25.016,30.263,23.244,4.662,7.576,6.55
9252,1.03,36.05,25.016,30.281,23.247,4.822,7.575,6.712
9253,1.03,36.157,25.016,30.262,23.251,4.783,7.494,6.672
9254,1.033,35.707,25.055,30.262,23.247,4.702,7.494,6.631
9255,1.033,35.856,25.016,30.262,23.24,4.742,7.453,6.55
9256,1.04,36.011,25.031,30.281,23.254,4.823,7.615,6.834
9257,1.05,36.099,25.036,30.301,23.261,4.824,7.576,6.755
9258,1.04,36.071,25.012,30.291,23.258,4.783,7.494,6.673
9259,1.037,36.214,25.031,30.301,23.251,4.702,7.494,6.672
9260,1.03,36.34,25.043,30.311,23.258,4.742,7.494,6.672
9261,1.03,36.399,25.047,30.311,23.254,4.823,7.534,6.672
9262,1.05,36.189,24.985,30.272,23.24,4.661,7.291,6.509
9263,1.043,36.321,25.004,30.291,23.244,4.782,7.41,6.63
9264,1.063,36.447,25.035,30.282,23.247,4.824,7.371,6.631
9265,1.069,36.496,25.016,30.291,23.251,4.702,7.37,6.55
9266,1.069,36.43,25.004,30.282,23.251,4.701,7.33,6.63
9267,1.069,36.544,25.004,30.291,23.251,4.782,7.37,6.672
9268,1.099,36.699,25.031,30.33,23.261,4.783,7.533,6.753
9269,1.099,36.719,25.032,30.301,23.251,4.783,7.453,6.592
9270,1.089,36.614,25.024,30.301,23.247,4.824,7.452,6.671
9271,1.096,36.757,25.032,30.311,23.251,4.783,7.493,6.672
9272,1.086,36.854,25.004,30.311,23.254,4.824,7.616,6.672
9273,1.089,36.913,25.024,30.311,23.247,4.824,7.495,6.55
9274,1.083,36.712,25.039,30.301,23.24,4.661,7.371,6.63
9275,1.079,36.882,25.051,30.311,23.254,4.741,7.614,6.59
9276,1.079,36.961,25.004,30.311,23.247,4.742,7.535,6.631
9277,1.089,36.837,24.988,30.301,23.24,4.701,7.534,6.672
9278,1.076,36.941,24.992,30.311,23.244,4.701,7.534,6.631
9279,1.083,37.057,25.059,30.33,23.258,4.863,7.779,6.875
9280,1.092,37.183,25.044,30.368,23.254,4.784,7.7,6.715
9281,1.092,37.031,25.016,30.33,23.251,4.824,7.658,6.713
9282,1.102,37.154,24.996,30.349,23.254,4.824,7.698,6.754
9283,1.102,37.27,25.02,30.34,23.254,4.824,7.74,6.754
9284,1.102,37.358,25.02,30.34,23.251,4.865,7.699,6.673
9285,1.109,37.081,25.031,30.321,23.244,4.662,7.536,6.591
9286,1.099,37.203,25.004,30.33,23.247,4.7,7.657,6.671
9287,1.122,37.338,25.02,30.33,23.251,4.823,7.698,6.631
9288,1.132,37.407,25.004,30.33,23.247,4.702,7.658,6.59
9289,1.135,37.254,25.039,30.32,23.247,4.701,7.495,6.59
9290,1.122,37.386,25.004,30.33,23.244,4.823,7.575,6.753
9291,1.132,37.532,25.016,30.359,23.261,4.865,7.779,6.795
9292,1.132,37.591,25.0,30.34,23.247,4.784,7.659,6.714
9293,1.109,37.457,25.012,30.349,23.254,4.742,7.617,6.632
9294,1.112,37.59,25.008,30.349,23.251,4.864,7.657,6.631
9295,1.109,37.687,25.031,30.369,23.244,4.865,7.617,6.712
9296,1.119,37.736,25.032,30.369,23.254,4.865,7.617,6.591
9297,1.102,37.449,24.977,30.33,23.24,4.662,7.413,6.549
9298,1.096,37.599,24.996,30.368,23.254,4.782,7.574,6.712
9299,1.096,37.678,25.031,30.369,23.251,4.783,7.535,6.672
9300,1.089,37.995,25.0,30.359,23.244,4.783,7.494,6.631
9301,1.076,37.682,24.965,30.349,23.244,4.742,7.494,6.59
9302,1.073,37.813,25.008,30.378,23.254,4.783,7.575,6.712
9303,1.102,37.948,25.07,30.417,23.261,4.905,7.616,6.754
9304,1.096,37.719,25.036,30.36,23.251,4.784,7.535,6.592
9305,1.086,37.717,25.047,30.359,23.254,4.783,7.534,6.671
9306,1.089,37.842,25.036,30.388,23.254,4.783,7.534,6.672
9307,1.089,37.92,25.016,30.398,23.254,4.905,7.575,6.672
9308,1.079,37.71,24.992,30.379,23.244,4.784,7.494,6.591
9309,1.079,37.784,25.031,30.35,23.24,4.661,7.453,6.509
9310,1.073,37.938,25.008,30.378,23.251,4.741,7.534,6.549
9311,1.076,38.026,24.992,30.369,23.247,4.783,7.575,6.549
9312,1.057,37.691,24.988,30.378,23.244,4.702,7.535,6.549
9313,1.056,37.803,25.027,30.378,23.247,4.701,7.494,6.549
9314,1.047,37.939,25.051,30.388,23.258,4.904,7.697,6.712
9315,1.037,38.045,25.028,30.426,23.261,4.825,7.618,6.591
9316,1.024,37.816,25.024,30.379,23.251,4.824,7.617,6.631
9317,1.02,37.958,25.004,30.398,23.251,4.824,7.657,6.55
9318,1.004,38.074,25.0,30.398,23.254,4.865,7.658,6.63
9319,0.997,38.133,25.039,30.417,23.254,4.824,7.739,6.631
9320,0.994,37.808,24.965,30.398,23.244,4.661,7.496,6.468
9321,0.978,37.919,24.992,30.379,23.247,4.741,7.697,6.589
9322,1.0,38.055,24.988,30.398,23.254,4.742,7.658,6.468
9323,0.987,38.085,25.019,30.407,23.251,4.742,7.617,6.507
9324,0.971,37.951,25.004,30.388,23.251,4.701,7.617,6.467
9325,0.955,38.036,25.027,30.407,23.247,4.701,7.657,6.589
9326,0.958,38.181,25.047,30.417,23.258,4.823,7.78,6.671
9327,0.968,38.22,25.04,30.446,23.254,4.865,7.74,6.55
9328,0.951,37.761,25.02,30.427,23.244,4.784,7.74,6.508
9329,0.948,37.871,25.028,30.427,23.251,4.783,7.74,6.549
9330,0.941,37.978,24.989,30.427,23.251,4.824,7.699,6.508
9331,0.932,38.017,25.016,30.436,23.251,4.783,7.699,6.549
9332,0.918,38.027,24.977,30.417,23.251,4.742,7.658,6.427
9333,0.892,38.104,25.0,30.388,23.24,4.701,7.617,6.466
9334,0.895,38.201,24.992,30.426,23.251,4.823,7.617,6.426
9335,0.892,37.866,24.984,30.408,23.251,4.743,7.576,6.548
9336,0.873,37.949,25.0,30.417,23.247,4.742,7.575,6.549
9337,0.859,38.065,24.977,30.417,23.247,4.661,7.535,6.508
9338,0.859,38.152,25.019,30.427,23.251,4.822,7.697,6.63
9339,0.862,37.961,25.047,30.475,23.254,4.905,7.74,6.672
9340,0.853,38.065,24.989,30.427,23.247,4.744,7.659,6.591
9341,0.83,38.181,25.016,30.436,23.251,4.783,7.536,6.549
9342,0.846,38.259,25.0,30.437,23.247,4.824,7.616,6.549
9343,0.846,38.432,25.074,30.456,23.251,4.824,7.657,6.549
9344,0.853,38.559,25.005,30.456,23.254,4.824,7.576,6.468
9345,0.827,38.637,24.984,30.427,23.24,4.661,7.454,6.467
9346,0.833,38.704,25.016,30.446,23.251,4.782,7.534,6.507
9347,0.833,37.583,24.973,30.446,23.254,4.783,7.453,6.508
9348,0.83,37.754,25.004,30.437,23.247,4.742,7.412,6.467
9349,0.826,37.823,25.024,30.427,23.247,4.701,7.452,6.467
9350,0.826,37.881,25.0,30.446,23.261,4.823,7.574,6.629
9351,0.839,37.959,25.059,30.475,23.258,4.865,7.535,6.428
9352,0.826,38.065,24.985,30.456,23.251,4.784,7.494,6.588
9353,0.804,38.171,25.039,30.446,23.251,4.824,7.494,6.509
9354,0.8,38.182,25.051,30.465,23.251,4.865,7.494,6.508
9355,0.79,37.808,25.028,30.466,23.254,4.824,7.453,6.549
9356,0.784,37.929,25.004,30.446,23.244,4.702,7.29,6.346
9357,0.774,37.997,25.0,30.446,23.244,4.782,7.41,6.506
9358,0.793,38.209,25.016,30.475,23.251,4.824,7.371,6.467
9359,0.764,37.856,25.035,30.456,23.244,4.783,7.411,6.467
9360,0.77,37.958,25.024,30.456,23.247,4.742,7.371,6.426
9361,0.77,38.084,25.043,30.456,23.247,4.823,7.452,6.548
9362,0.777,37.807,25.012,30.513,23.258,4.865,7.452,6.59
9363,0.78,37.833,25.031,30.476,23.244,4.743,7.371,6.509
9364,0.771,37.929,25.063,30.494,23.251,4.783,7.411,6.549
9365,0.774,38.026,24.993,30.495,23.254,4.824,7.493,6.549
9366,0.78,37.691,25.0,30.495,23.251,4.865,7.453,6.63
9367,0.777,37.813,24.945,30.504,23.244,4.743,7.29,6.468
9368,0.774,37.91,24.968,30.447,23.244,4.742,7.369,6.507
9369,0.79,37.997,25.027,30.465,23.254,4.823,7.33,6.508
9370,0.79,37.739,24.985,30.485,23.251,4.783,7.37,6.508
9371,0.777,37.909,25.0,30.475,23.247,4.783,7.248,6.386
9372,0.774,37.988,24.992,30.475,23.244,4.702,7.288,6.466
9373,0.777,38.075,25.059,30.504,23.254,4.863,7.451,6.629
9374,0.78,37.788,24.997,30.514,23.258,4.824,7.33,6.631
9375,0.764,37.881,25.02,30.495,23.251,4.824,7.329,6.55
9376,0.764,37.997,24.996,30.504,23.254,4.865,7.289,6.549
9377,0.754,38.065,24.992,30.504,23.258,4.865,7.369,6.59
9378,0.757,37.644,25.027,30.504,23.251,4.824,7.248,6.549
9379,0.751,37.755,25.035,30.485,23.24,4.702,7.166,6.468
9380,0.735,37.861,25.012,30.494,23.244,4.823,7.287,6.548
9381,0.731,37.92,25.008,30.514,23.247,4.783,7.288,6.549
9382,0.738,37.758,25.02,30.495,23.247,4.783,7.166,6.468
9383,0.738,37.871,25.051,30.504,23.24,4.742,7.084,6.467
9384,0.741,37.958,24.973,30.504,23.251,4.905,7.245,6.589
9385,0.754,38.017,25.035,30.552,23.261,4.947,7.328,6.631
9386,0.777,37.691,24.985,30.524,23.254,4.866,7.167,6.59
9387,0.761,37.784,24.926,30.504,23.251,4.784,7.165,6.59
9388,0.764,37.89,24.984,30.523,23.251,4.783,7.246,6.549
9389,0.78,37.709,25.043,30.533,23.254,4.864,7.206,6.549
9390,0.787,37.707,24.989,30.533,23.254,4.824,7.206,6.549
9391,0.774,37.794,24.988,30.495,23.237,4.661,7.125,6.468
9392,0.761,37.871,25.035,30.523,23.247,4.863,7.165,6.548
9393,0.767,37.594,25.043,30.504,23.244,4.824,7.165,6.549
9394,0.757,37.697,24.989,30.514,23.244,4.702,7.246,6.508
9395,0.744,37.803,24.984,30.504,23.244,4.782,7.206,6.467
9396,0.757,37.919,25.012,30.543,23.258,4.905,7.45,6.67
9397,0.761,37.604,25.012,30.543,23.254,4.947,7.33,6.55
9398,0.751,37.716,25.0,30.533,23.244,4.785,7.37,6.508
9399,0.728,37.842,25.039,30.533,23.254,4.783,7.411,6.549
9400,0.738,37.891,24.989,30.543,23.254,4.824,7.411,6.549
9401,0.744,37.671,25.0,30.562,23.258,4.865,7.371,6.63
9402,0.747,37.793,24.984,30.534,23.251,4.702,7.33,6.428
9403,0.738,37.843,25.012,30.524,23.24,4.823,7.329,6.548
9404,0.754,37.939,25.027,30.543,23.251,4.783,7.451,6.59
9405,0.77,37.432,25.035,30.533,23.251,4.783,7.452,6.549
9406,0.764,37.57,25.02,30.533,23.244,4.742,7.412,6.508
9407,0.751,37.668,24.965,30.533,23.244,4.742,7.493,6.549
9408,0.761,37.745,24.992,30.591,23.261,4.905,7.616,6.712
9409,0.787,37.698,25.055,30.563,23.258,4.825,7.454,6.51
9410,0.771,37.832,24.954,30.553,23.247,4.783,7.493,6.467
9411,0.767,37.91,24.992,30.562,23.251,4.864,7.453,6.548
9412,0.77,37.92,25.0,30.572,23.254,4.865,7.493,6.59
9413,0.751,37.547,25.027,30.572,23.251,4.784,7.371,6.509
9414,0.748,37.648,24.934,30.534,23.244,4.742,7.289,6.467
9415,0.738,37.764,24.949,30.552,23.251,4.823,7.41,6.507
9416,0.747,37.756,25.0,30.553,23.251,4.824,7.411,6.549
9417,0.747,37.631,24.977,30.543,23.244,4.824,7.33,6.468
9418,0.741,37.726,25.0,30.543,23.247,4.783,7.329,6.507
9419,0.741,37.852,25.051,30.543,23.254,4.864,7.41,6.67
9420,0.754,37.642,24.997,30.6,23.268,4.946,7.493,6.672
9421,0.748,37.726,25.004,30.582,23.251,4.785,7.371,6.55
9422,0.751,37.823,24.977,30.572,23.247,4.864,7.37,6.549
9423,0.748,37.91,25.035,30.572,23.251,4.865,7.33,6.549
9424,0.764,37.441,24.965,30.572,23.258,4.906,7.329,6.59
9425,0.774,37.561,24.961,30.582,23.251,4.825,7.289,6.387
9426,0.771,37.648,25.007,30.553,23.24,4.743,7.247,6.466
9427,0.777,37.774,25.0,30.581,23.251,4.823,7.328,6.467
9428,0.777,37.373,25.008,30.582,23.247,4.783,7.207,6.507
9429,0.787,37.512,25.063,30.563,23.244,4.783,7.287,6.386
9430,0.774,37.638,24.985,30.572,23.244,4.742,7.288,6.466
9431,0.78,37.736,25.012,30.601,23.261,4.945,7.491,6.67
9432,0.78,37.583,25.024,30.611,23.258,4.825,7.331,6.509
9433,0.764,37.668,25.028,30.601,23.251,4.824,7.329,6.508
9434,0.754,37.793,24.961,30.611,23.254,4.824,7.37,6.549
9435,0.757,37.871,24.984,30.592,23.258,4.865,7.411,6.59
9436,0.767,37.508,25.012,30.591,23.258,4.865,7.371,6.549
9437,0.751,37.629,24.965,30.582,23.247,4.743,7.208,6.386
9438,0.748,37.726,25.0,30.582,23.244,4.823,7.287,6.547
9439,0.744,37.765,25.039,30.591,23.244,4.824,7.288,6.468
9440,0.757,37.564,24.973,30.591,23.244,4.783,7.329,6.507
9441,0.748,37.687,24.98,30.601,23.24,4.783,7.248,6.467
9442,0.754,37.784,24.984,30.591,23.251,4.864,7.328,6.589
9443,0.767,38.121,25.082,30.62,23.261,4.946,7.532,6.631
9444,0.787,37.453,25.005,30.611,23.244,4.866,7.372,6.55
9445,0.774,37.542,24.996,30.611,23.247,4.824,7.37,6.549
9446,0.784,37.667,25.004,30.611,23.251,4.865,7.452,6.63
9447,0.78,37.554,24.984,30.659,23.254,4.906,7.493,6.631
9448,0.764,37.62,24.988,30.592,23.247,4.703,7.331,6.468
9449,0.78,37.678,25.016,30.572,23.251,4.742,7.41,6.426
9450,0.78,37.822,24.926,30.61,23.251,4.783,7.493,6.507
9451,0.787,37.363,24.988,30.592,23.254,4.783,7.371,6.467
9452,0.774,37.483,25.023,30.591,23.251,4.702,7.411,6.467
9453,0.764,37.581,25.071,30.611,23.244,4.823,7.533,6.548
9454,0.77,37.706,25.001,30.649,23.261,4.946,7.534,6.671
9455,0.774,37.391,24.977,30.602,23.247,4.866,7.412,6.591
9456,0.764,37.522,25.015,30.611,23.251,4.865,7.452,6.631
9457,0.774,37.619,24.961,30.63,23.254,4.824,7.534,6.631
9458,0.758,37.735,25.007,30.621,23.254,4.824,7.494,6.59
9459,0.751,37.928,25.031,30.62,23.247,4.783,7.412,6.631
9460,0.748,38.026,24.95,30.592,23.244,4.824,7.411,6.631
9461,0.747,38.171,25.007,30.62,23.247,4.824,7.411,6.631
9462,0.767,38.201,24.985,30.63,23.244,4.743,7.411,6.59
9463,0.767,37.032,25.043,30.601,23.244,4.783,7.289,6.549
9464,0.77,37.154,25.032,30.611,23.251,4.824,7.288,6.63
9465,0.78,37.299,25.043,30.659,23.265,4.905,7.451,6.753
9466,0.784,37.358,25.02,30.65,23.251,4.825,7.29,6.592
9467,0.777,37.522,24.985,30.669,23.247,4.824,7.329,6.59
9468,0.784,37.667,24.984,30.63,23.254,4.783,7.329,6.631
9469,0.793,37.765,25.027,30.64,23.254,4.824,7.289,6.631
9470,0.803,37.794,24.895,30.678,23.258,4.905,7.288,6.55
9471,0.787,37.43,24.976,30.611,23.244,4.703,7.207,6.508
9472,0.777,37.542,24.992,30.649,23.254,4.742,7.287,6.589
9473,0.777,37.658,25.039,30.63,23.251,4.742,7.207,6.59
9474,0.767,37.486,24.958,30.649,23.244,4.783,7.206,6.509
9475,0.767,37.37,24.953,30.63,23.247,4.742,7.206,6.549
9476,0.764,37.512,24.992,30.659,23.261,4.823,7.369,6.671
9477,0.767,37.667,24.961,30.678,23.261,4.905,7.289,6.55
9478,0.764,37.343,24.965,30.65,23.251,4.784,7.329,6.63
9479,0.744,37.454,25.011,30.659,23.251,4.783,7.248,6.672
9480,0.741,37.59,24.961,30.669,23.254,4.824,7.288,6.631
9481,0.734,37.697,24.972,30.659,23.258,4.783,7.207,6.631
9482,0.747,37.257,25.0,30.65,23.247,4.742,7.043,6.509
9483,0.744,37.348,25.051,30.649,23.247,4.783,7.204,6.589
9484,0.757,37.503,24.993,30.649,23.247,4.824,7.165,6.549
9485,0.764,37.6,25.004,30.659,23.251,4.743,7.287,6.468
9486,0.764,37.294,24.988,30.659,23.247,4.742,7.125,6.507
9487,0.764,37.435,25.0,30.63,23.251,4.742,7.165,6.467
9488,0.774,37.599,24.977,30.697,23.254,4.905,7.328,6.711
9489,0.787,37.649,25.058,30.688,23.254,4.825,7.207,6.551
9490,0.777,37.218,25.036,30.736,23.247,4.783,7.206,6.549
9491,0.784,37.377,24.977,30.669,23.251,4.824,7.247,6.508
9492,0.767,37.484,24.996,30.678,23.254,4.824,7.206,6.549
9493,0.774,37.523,25.047,30.688,23.254,4.783,7.165,6.549
9494,0.771,37.284,25.016,30.707,23.244,4.661,7.043,6.427
9495,0.751,37.435,24.969,30.66,23.251,4.741,7.164,6.507
9496,0.757,37.551,24.976,30.659,23.251,4.783,7.165,6.345
9497,0.754,37.572,24.973,30.669,23.247,4.742,7.084,6.425
9498,0.761,37.275,24.984,30.659,23.237,4.742,7.164,6.466
9499,0.748,37.406,25.039,30.669,23.247,4.783,7.206,6.507
9500,0.757,37.522,25.004,30.726,23.258,4.864,7.247,6.549
9501,0.741,37.533,25.0,30.669,23.254,4.743,7.206,6.508
9502,0.747,37.226,24.977,30.678,23.254,4.783,7.206,6.467
9503,0.777,37.329,25.004,30.698,23.254,4.824,7.206,6.507
9504,0.767,37.426,25.008,30.698,23.254,4.824,7.206,6.549
9505,0.77,37.206,24.996,30.688,23.254,4.743,7.125,6.427
9506,0.761,37.252,24.996,30.65,23.244,4.701,7.165,6.466
9507,0.777,37.406,24.922,30.688,23.251,4.782,7.165,6.467
9508,0.78,37.503,24.991,30.688,23.251,4.702,7.124,6.507
9509,0.777,37.092,25.035,30.679,23.244,4.742,7.083,6.386
9510,0.777,37.203,24.977,30.669,23.244,4.742,7.164,6.425
9511,0.784,37.367,25.012,30.717,23.258,4.945,7.368,6.629
9512,0.79,37.464,25.012,30.708,23.254,4.785,7.248,6.468
9513,0.764,37.609,25.031,30.698,23.244,4.742,7.206,6.507
9514,0.767,37.745,24.961,30.698,23.251,4.742,7.287,6.549
9515,0.764,37.9,25.023,30.707,23.254,4.864,7.329,6.549
9516,0.764,37.959,24.989,30.708,23.251,4.784,7.289,6.468
9517,0.748,36.741,24.93,30.669,23.237,4.702,7.207,6.345
9518,0.741,36.902,24.988,30.688,23.247,4.782,7.206,6.547
9519,0.741,37.019,25.039,30.698,23.244,4.742,7.206,6.508
9520,0.738,37.077,25.004,30.698,23.244,4.661,7.247,6.508
9521,0.734,37.107,24.981,30.679,23.244,4.7,7.288,6.427
9522,0.738,37.232,25.004,30.707,23.251,4.782,7.329,6.588
9523,0.757,37.377,25.066,30.746,23.258,4.824,7.329,6.509
9524,0.757,37.378,24.977,30.708,23.251,4.743,7.289,6.508
9525,0.757,37.043,24.969,30.708,23.254,4.742,7.247,6.508
9526,0.764,37.173,24.984,30.708,23.254,4.864,7.288,6.508
9527,0.767,37.309,24.992,30.708,23.254,4.784,7.288,6.508
9528,0.767,37.33,24.996,30.698,23.254,4.702,7.166,6.427
9529,0.761,37.109,25.0,30.679,23.24,4.66,7.124,6.426
9530,0.78,37.27,25.016,30.755,23.251,4.741,7.246,6.426
9531,0.78,37.387,24.965,30.708,23.244,4.701,7.125,6.385
9532,0.767,37.119,25.019,30.698,23.251,4.782,7.083,6.344
9533,0.757,37.097,25.035,30.688,23.244,4.702,7.164,6.425
9534,0.754,37.27,24.95,30.746,23.258,4.863,7.287,6.629
9535,0.751,37.358,24.964,30.737,23.251,4.702,7.044,6.428
9536,0.754,37.014,24.992,30.708,23.251,4.742,7.082,6.507
9537,0.741,37.135,24.93,30.727,23.254,4.742,7.123,6.589
9538,0.744,37.242,24.984,30.708,23.254,4.783,7.165,6.549
9539,0.738,37.348,25.047,30.736,23.251,4.742,7.124,6.549
9540,0.738,36.85,24.911,30.689,23.237,4.661,7.002,6.346
9541,0.728,36.989,24.984,30.717,23.244,4.782,7.082,6.506
9542,0.741,37.106,24.988,30.708,23.247,4.702,7.083,6.467
9543,0.738,37.193,25.047,30.698,23.244,4.742,7.002,6.426
9544,0.747,36.993,24.962,30.698,23.24,4.701,7.082,6.426
9545,0.76,37.154,24.965,30.717,23.251,4.742,7.123,6.588
9546,0.764,37.309,25.023,30.756,23.268,4.823,7.205,6.59
9547,0.761,37.358,24.989,30.708,23.251,4.783,7.206,6.468
9548,0.764,36.985,24.98,30.727,23.251,4.783,7.084,6.507
9549,0.764,37.106,25.023,30.727,23.251,4.824,7.245,6.549
9550,0.774,37.251,25.008,30.727,23.247,4.824,7.247,6.549
9551,0.771,37.281,24.981,30.727,23.251,4.743,7.166,6.386
9552,0.748,36.994,24.992,30.717,23.251,4.742,7.165,6.547
9553,0.751,37.154,25.039,30.727,23.247,4.742,7.206,6.427
9554,0.741,37.261,25.028,30.756,23.247,4.701,7.206,6.426
9555,0.738,37.272,24.95,30.718,23.244,4.66,7.206,6.426
9556,0.738,36.917,25.019,30.698,23.251,4.822,7.247,6.507
9557,0.721,37.076,25.024,30.765,23.265,4.905,7.45,6.549
9558,0.731,37.183,24.989,30.727,23.254,4.825,7.29,6.468
9559,0.734,37.127,25.027,30.717,23.254,4.743,7.329,6.548
9560,0.731,37.021,24.934,30.756,23.254,4.823,7.37,6.549
9561,0.728,37.144,24.999,30.746,23.251,4.824,7.208,6.508
9562,0.734,37.213,24.969,30.746,23.247,4.743,7.165,6.345
9563,0.738,36.849,25.011,30.708,23.244,4.783,7.246,6.425
9564,0.754,36.951,24.953,30.727,23.247,4.742,7.288,6.466
9565,0.744,37.086,25.019,30.746,23.244,4.701,7.247,6.467
9566,0.76,37.174,25.008,30.708,23.251,4.742,7.206,6.426
9567,0.748,36.925,24.903,30.727,23.247,4.742,7.165,6.466
9568,0.747,37.086,24.983,30.775,23.265,4.945,7.409,6.589
9569,0.76,37.222,25.031,30.727,23.251,4.744,7.249,6.468
9570,0.751,37.29,24.926,30.746,23.254,4.742,7.247,6.467
9571,0.761,36.85,24.976,30.727,23.251,4.742,7.206,6.507
9572,0.761,36.98,24.984,30.746,23.254,4.823,7.287,6.508
9573,0.748,37.096,25.055,30.737,23.251,4.783,7.207,6.386
9574,0.744,37.136,24.923,30.717,23.237,4.702,7.084,6.466
9575,0.734,36.915,25.011,30.727,23.254,4.742,7.205,6.386
9576,0.731,37.019,24.996,30.746,23.251,4.783,7.125,6.344
9577,0.734,37.135,24.965,30.727,23.244,4.702,7.124,6.343
9578,0.728,37.194,24.984,30.727,23.247,4.742,7.043,6.425
9579,0.721,36.926,25.008,30.756,23.261,4.823,7.245,6.548
9580,0.731,37.086,24.981,30.775,23.258,4.783,7.166,6.427
9581,0.725,37.174,24.969,30.766,23.254,4.742,7.043,6.466
9582,0.734,37.184,24.957,30.746,23.247,4.783,7.082,6.426
9583,0.738,36.916,25.023,30.756,23.258,4.783,7.123,6.385
9584,0.738,37.038,25.039,30.775,23.258,4.824,7.083,6.425
9585,0.747,37.135,25.0,30.747,23.244,4.783,6.92,6.304
9586,0.738,37.385,24.988,30.756,23.244,4.702,7.081,6.425
9587,0.754,36.995,24.914,30.756,23.251,4.66,6.961,6.344
9588,0.751,37.106,24.952,30.756,23.251,4.782,6.919,6.425
9589,0.757,37.193,25.035,30.727,23.244,4.661,6.837,6.263
9590,0.767,36.83,24.958,30.746,23.251,4.741,6.999,6.465
9591,0.767,36.884,25.0,30.804,23.265,4.864,7.041,6.467
9592,0.751,36.99,25.016,30.747,23.251,4.743,6.96,6.426
9593,0.748,37.077,25.02,30.765,23.261,4.742,6.96,6.426
9594,0.757,36.829,25.008,30.756,23.247,4.783,7.0,6.466
9595,0.744,36.979,24.961,30.756,23.254,4.742,7.041,6.467
9596,0.738,37.086,24.957,30.746,23.247,4.742,6.879,6.304
9597,0.728,37.136,24.945,30.746,23.244,4.701,6.918,6.384
9598,0.734,36.82,24.976,30.746,23.247,4.66,6.919,6.303
9599,0.731,36.931,25.031,30.737,23.251,4.7,6.837,6.384
9600,0.731,37.038,24.973,30.727,23.244,4.66,6.837,6.344
9601,0.708,37.106,24.988,30.746,23.251,4.741,6.877,6.425
9602,0.728,36.743,25.004,30.765,23.258,4.905,7.0,6.548
9603,0.754,36.912,25.02,30.756,23.251,4.744,6.96,6.386
9604,0.735,36.98,25.024,30.756,23.247,4.742,6.878,6.425
9605,0.751,37.058,24.981,30.756,23.251,4.783,6.877,6.466
9606,0.757,36.924,25.012,30.775,23.251,4.824,6.877,6.467
9607,0.754,37.067,24.957,30.766,23.258,4.865,6.877,6.386
9608,0.744,37.164,24.976,30.727,23.244,4.621,6.755,6.344
9609,0.751,37.175,25.047,30.746,23.247,4.7,6.836,6.384
9610,0.751,36.791,24.95,30.737,23.251,4.66,6.837,6.303
9611,0.764,36.912,24.98,30.746,23.244,4.66,6.755,6.343
9612,0.751,37.028,25.015,30.717,23.244,4.66,6.714,6.303
9613,0.757,37.039,25.039,30.756,23.254,4.782,6.916,6.547
9614,0.741,36.943,25.016,30.785,23.258,4.824,6.919,6.468
9615,0.728,37.057,24.977,30.747,23.244,4.743,6.796,6.426
9616,0.725,37.145,24.961,30.737,23.247,4.783,6.836,6.385
9617,0.734,37.04,24.984,30.765,23.251,4.783,6.837,6.385
9618,0.734,37.058,24.965,30.766,23.261,4.824,6.796,6.344
9619,0.728,37.164,25.027,30.746,23.244,4.661,6.755,6.221
9620,0.708,37.232,24.981,30.737,23.244,4.741,6.795,6.342
9621,0.721,36.677,24.984,30.746,23.244,4.742,6.714,6.303
9622,0.718,36.748,25.012,30.737,23.244,4.742,6.713,6.302
9623,0.731,36.864,25.035,30.737,23.247,4.661,6.754,6.302
9624,0.728,36.951,25.067,30.746,23.251,4.66,6.795,6.465
9625,0.744,36.827,25.024,30.794,23.265,4.863,6.958,6.467
9626,0.751,36.979,25.004,30.756,23.251,4.784,6.756,6.345
9627,0.744,37.096,24.992,30.785,23.251,4.742,6.754,6.425
9628,0.751,37.184,24.965,30.766,23.251,4.823,6.795,6.344
9629,0.757,36.811,25.031,30.766,23.251,4.783,6.836,6.425
9630,0.761,36.96,24.899,30.775,23.254,4.824,6.837,6.304
9631,0.748,37.029,24.964,30.718,23.24,4.661,6.674,6.18
9632,0.744,37.106,25.008,30.746,23.247,4.741,6.753,6.261
9633,0.754,36.771,25.027,30.756,23.254,4.742,6.754,6.302
9634,0.751,36.902,24.965,30.737,23.244,4.742,6.673,6.221
9635,0.731,37.038,24.984,30.737,23.24,4.701,6.713,6.261
9636,0.738,37.097,25.008,30.756,23.251,4.782,6.794,6.384
9637,0.731,36.867,24.977,30.775,23.265,4.905,6.836,6.385
9638,0.731,36.989,24.976,30.756,23.254,4.744,6.837,6.303
9639,0.712,37.096,25.047,30.756,23.251,4.742,6.796,6.302
9640,0.721,37.116,24.938,30.766,23.251,4.783,6.877,6.343
9641,0.718,36.81,24.98,30.756,23.261,4.824,6.796,6.425
9642,0.734,36.922,24.992,30.756,23.251,4.743,6.755,6.263
9643,0.725,37.009,24.988,30.746,23.24,4.742,6.714,6.262
9644,0.734,37.02,24.984,30.746,23.254,4.742,6.754,6.302
9645,0.738,36.876,25.0,30.746,23.24,4.701,6.632,6.262
9646,0.741,36.99,24.988,30.756,23.24,4.742,6.712,6.302
9647,0.738,37.096,25.0,30.756,23.247,4.742,6.754,6.302
9648,0.751,36.752,24.988,30.766,23.254,4.823,6.876,6.465
9649,0.767,36.825,25.047,30.766,23.254,4.783,6.796,6.386
9650,0.754,36.912,24.977,30.756,23.254,4.783,6.795,6.385
9651,0.757,37.0,24.984,30.737,23.251,4.783,6.795,6.385
9652,0.751,36.684,25.008,30.765,23.254,4.864,6.917,6.385
9653,0.744,36.815,25.004,30.756,23.251,4.743,6.756,6.344
9654,0.731,36.893,24.938,30.737,23.24,4.701,6.754,6.303
9655,0.734,37.019,24.949,30.746,23.251,4.782,6.795,6.302
9656,0.731,36.713,24.996,30.746,23.251,4.783,6.795,6.302
9657,0.731,36.834,24.91,30.756,23.244,4.742,6.755,6.302
9658,0.725,36.96,24.976,30.727,23.247,4.742,6.836,6.343
9659,0.724,37.077,25.066,30.784,23.265,4.864,6.958,6.588
9660,0.731,36.637,25.009,30.795,23.251,4.824,6.838,6.427
9661,0.718,36.757,24.985,30.766,23.254,4.783,6.877,6.385
9662,0.731,36.845,24.98,30.746,23.251,4.824,6.837,6.466
9663,0.731,36.932,25.019,30.765,23.254,4.824,6.837,6.426
9664,0.738,36.827,24.946,30.746,23.251,4.824,6.837,6.385
9665,0.738,36.932,24.945,30.737,23.244,4.661,6.714,6.303
9666,0.741,37.048,24.984,30.765,23.251,4.741,6.835,6.465
9667,0.744,37.106,24.984,30.766,23.244,4.701,6.755,6.264
9668,0.76,36.675,24.973,30.737,23.24,4.742,6.754,6.343
9669,0.741,36.796,25.015,30.727,23.247,4.701,6.714,6.303
9670,0.751,36.922,25.004,30.765,23.258,4.823,6.957,6.547
9671,0.767,37.268,24.984,30.785,23.261,4.783,6.797,6.305
9672,0.751,36.744,25.008,30.747,23.251,4.783,6.836,6.343
9673,0.744,36.873,25.008,30.756,23.251,4.742,6.837,6.425
9674,0.734,36.99,24.875,30.756,23.258,4.742,6.918,6.344
9675,0.741,36.655,24.936,30.766,23.258,4.864,6.878,6.425
9676,0.734,36.652,24.945,30.746,23.247,4.702,6.796,6.222
9677,0.721,36.767,24.867,30.756,23.247,4.742,6.795,6.342
9678,0.731,36.873,24.967,30.737,23.244,4.783,6.795,6.343
9679,0.718,36.548,24.992,30.756,23.247,4.783,6.755,6.384
9680,0.718,36.708,24.957,30.746,23.244,4.702,6.754,6.344
9681,0.711,36.806,24.972,30.756,23.244,4.742,6.836,6.466
9682,0.721,36.912,25.011,30.775,23.265,4.905,6.999,6.548
9683,0.741,36.549,25.039,30.737,23.248,4.825,6.838,6.427
9684,0.734,36.641,24.961,30.765,23.254,4.824,6.796,6.466
9685,0.744,36.786,24.976,30.766,23.254,4.824,6.836,6.467
9686,0.747,36.845,24.976,30.775,23.254,4.783,6.837,6.507
9687,0.751,36.491,24.992,30.766,23.247,4.824,6.755,6.467
9688,0.751,36.621,25.008,30.708,23.24,4.661,6.673,6.345
9689,0.741,36.728,24.981,30.736,23.254,4.741,6.794,6.466
9690,0.757,36.835,25.004,30.756,23.251,4.823,6.795,6.304
9691,0.741,36.596,24.957,30.727,23.244,4.743,6.714,6.384
9692,0.731,36.718,25.027,30.727,23.247,4.742,6.672,6.385
9693,0.734,36.854,24.977,30.756,23.247,4.783,6.916,6.629
9694,0.741,36.941,24.984,30.785,23.251,4.864,6.796,6.509
9695,0.734,36.53,24.976,30.737,23.251,4.743,6.755,6.467
9696,0.721,36.66,24.961,30.746,23.251,4.823,6.795,6.426
9697,0.718,36.757,24.968,30.746,23.258,4.824,6.755,6.548
9698,0.721,36.816,24.972,30.765,23.261,4.824,6.836,6.549
9699,0.721,36.548,25.011,30.746,23.244,4.743,6.674,6.427
9700,0.705,36.67,24.988,30.708,23.244,4.742,6.794,6.466
9701,0.711,36.825,24.969,30.736,23.247,4.823,6.877,6.507
9702,0.728,36.606,25.027,30.737,23.247,4.783,6.877,6.386
9703,0.731,36.45,24.996,30.727,23.244,4.783,6.837,6.385
9704,0.741,36.583,25.016,30.717,23.251,4.702,6.877,6.547
9705,0.751,36.718,25.012,30.784,23.268,4.985,7.0,6.63
9706,0.757,36.365,24.988,30.737,23.248,4.785,7.001,6.509
9707,0.751,36.457,24.988,30.727,23.254,4.824,7.041,6.467
9708,0.761,36.611,24.98,30.746,23.251,4.946,7.042,6.507
9709,0.757,36.671,24.984,30.746,23.258,4.907,7.082,6.508
9710,0.757,36.355,24.984,30.746,23.251,4.825,6.961,6.386
9711,0.757,36.447,24.953,30.698,23.233,4.743,6.96,6.385
9712,0.748,36.573,25.035,30.727,23.247,4.823,6.96,6.344
9713,0.738,36.651,24.965,30.736,23.251,4.783,7.041,6.425
9714,0.725,36.422,24.996,30.708,23.244,4.742,7.001,6.344
9715,0.734,36.534,24.988,30.708,23.251,4.742,7.001,6.425
9716,0.721,36.66,24.977,30.736,23.254,4.823,7.123,6.466
9717,0.731,36.757,24.961,30.765,23.258,4.905,7.165,6.467
9718,0.725,36.365,24.941,30.727,23.254,4.784,7.084,6.426
9719,0.734,36.495,25.046,30.708,23.244,4.824,7.042,6.466
9720,0.721,36.66,24.969,30.746,23.251,4.824,7.082,6.467
9721,0.721,36.69,24.98,30.746,23.254,4.824,7.083,6.507
9722,0.724,36.307,25.015,30.727,23.244,4.824,6.961,6.386
9723,0.705,36.428,25.008,30.708,23.24,4.824,7.0,6.466
9724,0.734,36.554,24.957,30.727,23.247,4.865,6.96,6.386
9725,0.734,36.593,24.992,30.736,23.247,4.743,7.0,6.425
9726,0.738,36.383,24.965,30.708,23.24,4.742,7.001,6.304
9727,0.734,36.515,24.996,30.727,23.247,4.864,7.001,6.465
9728,0.741,36.66,24.953,30.746,23.261,4.987,7.163,6.548
9729,0.757,36.776,24.972,30.727,23.251,4.826,7.124,6.346
9730,0.748,36.404,24.984,30.727,23.254,4.824,7.043,6.343
9731,0.747,36.525,24.973,30.727,23.251,4.824,7.042,6.425
9732,0.754,36.631,25.015,30.727,23.254,4.865,7.123,6.507
9733,0.748,36.776,24.977,30.746,23.258,4.865,7.083,6.305
9734,0.734,36.893,24.973,30.689,23.241,4.743,6.961,6.302
9735,0.728,37.009,24.957,30.717,23.247,4.783,7.082,6.384
9736,0.725,37.125,24.968,30.727,23.247,4.824,7.002,6.303
9737,0.721,35.995,24.976,30.708,23.247,4.783,7.041,6.343
9738,0.711,36.07,24.976,30.708,23.251,4.783,7.042,6.303
9739,0.711,36.214,24.988,30.698,23.247,4.905,7.042,6.425
9740,0.721,36.36,25.016,30.746,23.261,4.906,7.204,6.507
9741,0.728,36.284,24.977,30.727,23.251,4.825,7.084,6.386
9742,0.718,36.408,25.023,30.717,23.254,4.824,7.083,6.425
9743,0.728,36.505,24.969,30.708,23.244,4.865,7.042,6.466
9744,0.738,36.593,24.972,30.736,23.258,4.865,7.123,6.426
9745,0.738,36.21,24.976,30.717,23.258,4.824,7.002,6.385
9746,0.725,36.312,24.953,30.679,23.244,4.702,6.96,6.263
9747,0.728,36.457,24.984,30.726,23.251,4.782,7.041,6.384
9748,0.744,36.535,24.98,30.698,23.251,4.824,7.001,6.425
9749,0.744,36.219,24.976,30.688,23.247,4.743,6.919,6.344
9750,0.747,36.369,24.984,30.688,23.24,4.701,7.0,6.343
9751,0.747,36.476,24.996,30.707,23.258,4.823,7.163,6.547
9752,0.76,36.564,25.074,30.727,23.254,4.865,7.043,6.386
9753,0.735,36.171,24.97,30.698,23.247,4.824,7.001,6.344
9754,0.738,36.321,24.961,30.707,23.258,4.865,6.96,6.466
9755,0.738,36.428,24.933,30.727,23.254,4.865,7.041,6.386
9756,0.734,36.439,24.96,30.698,23.254,4.865,7.001,6.385
9757,0.715,36.371,24.961,30.688,23.244,4.702,6.879,6.303
9758,0.724,36.505,24.953,30.688,23.247,4.823,6.959,6.343
9759,0.721,36.583,25.031,30.698,23.251,4.824,7.0,6.343
9760,0.708,36.287,24.981,30.688,23.247,4.824,6.879,6.384
9761,0.705,36.207,24.98,30.698,23.251,4.824,6.918,6.385
9762,0.711,36.35,25.043,30.717,23.258,4.865,7.081,6.466
9763,0.737,36.486,25.02,30.717,23.251,4.906,6.961,6.386
9764,0.731,36.209,24.989,30.784,23.251,4.865,6.96,6.425
9765,0.734,36.312,24.918,30.699,23.251,4.784,6.96,6.385
9766,0.738,36.457,24.96,30.698,23.261,4.864,7.041,6.385
9767,0.741,36.535,24.965,30.717,23.251,4.906,6.96,6.344
9768,0.738,36.037,25.008,30.669,23.244,4.703,6.878,6.262
9769,0.738,36.166,24.934,30.669,23.251,4.863,7.0,6.384
9770,0.757,36.321,24.968,30.659,23.247,4.743,6.96,6.344
9771,0.748,36.37,25.023,30.678,23.247,4.742,6.96,6.262
9772,0.738,36.083,25.024,30.659,23.24,4.783,6.96,6.343
9773,0.731,36.262,24.992,30.688,23.251,4.824,7.082,6.425
9774,0.744,36.399,25.004,30.707,23.258,4.987,7.083,6.426
9775,0.738,36.448,24.969,30.688,23.247,4.907,6.961,6.426
9776,0.721,36.18,24.976,30.679,23.254,4.906,6.96,6.426
9777,0.724,36.311,24.992,30.698,23.244,4.825,7.041,6.385
9778,0.721,36.428,24.984,30.688,23.251,4.905,7.082,6.385
9779,0.728,36.458,25.008,30.688,23.254,4.784,6.92,6.344
9780,0.715,36.103,24.949,30.65,23.244,4.742,6.959,6.303
9781,0.724,36.253,24.968,30.678,23.251,4.864,6.96,6.384
9782,0.721,36.37,25.027,30.669,23.247,4.824,6.919,6.344
9783,0.731,36.371,24.993,30.64,23.251,4.743,6.878,6.303
9784,0.731,36.064,24.984,30.659,23.251,4.783,6.877,6.343
9785,0.741,36.224,24.996,30.707,23.265,4.986,7.081,6.547
9786,0.751,36.35,25.023,30.688,23.251,4.826,6.92,6.346
9787,0.741,36.303,24.989,30.669,23.254,4.824,6.959,6.384
9788,0.738,36.188,24.973,30.678,23.251,4.824,6.919,6.425
9789,0.754,36.302,24.996,30.669,23.254,4.865,7.0,6.426
9790,0.744,36.418,24.984,30.669,23.258,4.865,6.838,6.304
9791,0.744,35.93,24.957,30.621,23.241,4.702,6.755,6.343
9792,0.747,36.012,25.011,30.668,23.254,4.782,6.795,6.384
9793,0.734,36.137,24.946,30.669,23.247,4.742,6.836,6.425
9794,0.741,36.244,24.984,30.659,23.247,4.742,6.755,6.344
9795,0.734,36.053,24.965,30.65,23.244,4.742,6.795,6.303
9796,0.738,36.185,25.004,30.659,23.254,4.864,6.958,6.547
9797,0.728,36.34,24.996,30.688,23.258,4.906,6.919,6.386
9798,0.725,36.399,24.992,30.65,23.258,4.825,6.878,6.425
9799,0.731,36.074,24.941,30.659,23.251,4.824,6.877,6.466
9800,0.731,36.224,24.976,30.669,23.254,4.824,6.959,6.467
9801,0.731,36.36,24.976,30.669,23.258,4.865,6.878,6.467
9802,0.734,36.399,24.984,30.65,23.241,4.743,6.796,6.304
9803,0.734,35.949,24.953,30.649,23.247,4.823,6.877,6.384
9804,0.747,36.108,24.964,30.64,23.247,4.824,6.837,6.385
9805,0.747,36.215,24.996,30.64,23.24,4.783,6.877,6.344
9806,0.744,36.264,25.004,30.649,23.247,4.742,6.837,6.384
9807,0.744,35.986,24.977,30.659,23.254,4.823,6.958,6.547
9808,0.777,36.185,24.996,30.669,23.261,4.905,6.919,6.468
9809,0.774,36.244,24.977,30.64,23.251,4.825,6.878,6.426
9810,0.777,36.293,24.984,30.64,23.254,4.824,6.877,6.344
9811,0.784,36.034,24.976,30.64,23.247,4.865,6.959,6.466
9812,0.771,36.166,25.031,30.649,23.254,4.906,6.919,6.386
9813,0.764,36.273,24.969,30.63,23.24,4.744,6.756,6.222
9814,0.751,36.581,24.953,30.63,23.251,4.823,6.917,6.342
9815,0.783,35.97,24.996,30.63,23.251,4.783,6.837,6.425
9816,0.777,36.098,24.961,30.611,23.244,4.742,6.755,6.344
9817,0.787,36.186,25.0,30.63,23.247,4.742,6.754,6.262
9818,0.777,36.033,24.969,30.63,23.247,4.823,6.876,6.424
9819,0.787,36.099,24.953,30.688,23.261,4.946,7.04,6.466
9820,0.8,36.215,24.976,30.631,23.254,4.866,6.96,6.426
9821,0.794,36.302,24.98,30.63,23.251,4.824,6.96,6.385
9822,0.81,35.977,25.031,30.64,23.251,4.824,6.96,6.466
9823,0.81,36.089,24.957,30.649,23.254,4.824,7.041,6.467
9824,0.807,36.205,24.992,30.63,23.251,4.743,6.879,6.386
9825,0.797,36.264,24.992,30.601,23.244,4.701,6.959,6.385
9826,0.807,35.852,24.977,30.62,23.251,4.782,7.0,6.385
9827,0.816,36.001,24.973,30.62,23.244,4.702,6.96,6.344
9828,0.82,36.108,24.965,30.592,23.24,4.701,6.96,6.303
9829,0.817,36.157,24.984,30.591,23.247,4.742,7.0,6.384
9830,0.826,35.937,25.008,30.668,23.254,4.945,7.204,6.507
9831,0.833,36.079,24.981,30.621,23.247,4.785,7.084,6.427
9832,0.826,36.147,25.023,30.62,23.258,4.824,7.002,6.426
9833,0.82,36.225,24.957,30.62,23.254,4.783,7.041,6.466
9834,0.823,35.861,24.98,30.62,23.258,4.864,7.123,6.426
9835,0.826,36.011,24.953,30.63,23.254,4.784,7.043,6.344
9836,0.817,36.089,24.949,30.592,23.24,4.702,6.879,6.262
9837,0.813,36.138,24.961,30.611,23.247,4.701,7.04,6.384
9838,0.839,35.937,24.953,30.611,23.251,4.742,7.082,6.385
9839,0.826,36.05,24.968,30.582,23.247,4.742,7.002,6.344
9840,0.826,36.166,24.984,30.601,23.244,4.701,6.919,6.343
9841,0.82,36.206,24.992,30.601,23.258,4.823,7.081,6.466
9842,0.83,35.995,25.055,30.639,23.258,4.865,7.042,6.467
9843,0.833,36.089,24.969,30.611,23.247,4.824,7.001,6.386
9844,0.833,36.215,24.969,30.62,23.258,4.783,7.001,6.466
9845,0.843,35.995,24.953,30.611,23.254,4.783,7.001,6.467
9846,0.846,35.926,24.961,30.62,23.254,4.824,6.96,6.426
9847,0.856,36.031,24.953,30.572,23.251,4.661,6.797,6.304
9848,0.856,36.109,24.984,30.591,23.254,4.741,6.877,6.343
9849,0.866,35.802,24.945,30.591,23.258,4.742,6.918,6.303
9850,0.853,35.886,24.937,30.591,23.251,4.742,6.919,6.302
9851,0.856,36.011,24.992,30.582,23.24,4.701,6.837,6.343
9852,0.846,36.099,25.035,30.601,23.251,4.823,6.877,6.506
9853,0.84,35.86,24.942,30.63,23.265,4.824,6.918,6.386
9854,0.836,35.944,25.003,30.582,23.251,4.783,6.878,6.425
9855,0.826,36.108,24.969,30.572,23.251,4.783,6.877,6.466
9856,0.826,36.186,24.976,30.591,23.247,4.824,6.959,6.467
9857,0.82,35.87,24.984,30.591,23.254,4.824,6.919,6.507
9858,0.817,36.021,24.965,30.572,23.244,4.702,6.756,6.305
9859,0.807,36.108,25.011,30.582,23.251,4.742,6.876,6.465
9860,0.813,36.215,24.977,30.572,23.244,4.783,6.918,6.426
9861,0.797,35.794,24.969,30.572,23.247,4.702,6.837,6.385
9862,0.794,35.914,25.0,30.562,23.24,4.701,6.877,6.425
9863,0.793,36.059,25.012,30.582,23.258,4.782,7.081,6.629
9864,0.803,36.138,25.02,30.601,23.261,4.824,6.961,6.468
9865,0.79,35.812,24.953,30.572,23.247,4.743,7.041,6.507
9866,0.784,35.934,24.996,30.582,23.254,4.701,7.042,6.508
9867,0.787,36.079,24.988,30.591,23.254,4.863,7.042,6.549
9868,0.8,36.099,25.016,30.591,23.251,4.824,7.001,6.468
9869,0.781,35.908,24.922,30.543,23.244,4.661,6.919,6.345
9870,0.774,36.021,24.937,30.553,23.251,4.741,6.959,6.466
9871,0.78,36.147,24.996,30.553,23.247,4.742,6.96,6.467
9872,0.761,36.158,24.977,30.553,23.251,4.701,6.96,6.507
9873,0.748,35.851,24.894,30.562,23.247,4.66,6.919,6.345
9874,0.731,35.972,24.964,30.572,23.247,4.904,7.0,6.628
9875,0.744,36.118,25.019,30.591,23.258,4.906,7.123,6.509
9876,0.734,35.726,25.016,30.563,23.251,4.784,6.961,6.508
9877,0.728,35.77,24.989,30.562,23.247,4.783,7.122,6.508
9878,0.725,35.905,25.008,30.572,23.254,4.742,7.083,6.508
9879,0.721,35.992,24.985,30.553,23.251,4.823,7.042,6.549
9880,0.711,35.753,24.984,30.553,23.251,4.743,6.92,6.386
9881,0.698,35.837,24.976,30.543,23.244,4.661,6.959,6.466
9882,0.718,35.992,24.976,30.553,23.251,4.782,6.96,6.467
9883,0.708,36.06,24.945,30.543,23.254,4.702,6.96,6.426
9884,0.702,35.639,24.964,30.533,23.244,4.66,6.96,6.385
9885,0.698,35.788,24.953,30.524,23.244,4.741,7.0,6.507
9886,0.714,35.943,25.004,30.591,23.258,4.905,7.163,6.589
9887,0.711,36.012,24.984,30.553,23.251,4.703,7.002,6.468
9888,0.715,35.696,24.984,30.553,23.251,4.742,7.041,6.548
9889,0.724,35.827,24.957,30.533,23.251,4.823,7.001,6.468
9890,0.728,35.953,24.965,30.562,23.251,4.824,7.001,6.507
9891,0.715,36.021,24.992,30.534,23.251,4.783,7.001,6.345
9892,0.705,35.821,24.973,30.495,23.233,4.702,6.838,6.425
9893,0.695,35.982,24.969,30.543,23.251,4.701,6.958,6.466
9894,0.692,36.118,24.961,30.533,23.244,4.701,6.96,6.467
9895,0.685,36.129,24.98,30.524,23.247,4.701,6.878,6.426
9896,0.666,35.592,25.004,30.524,23.251,4.742,6.918,6.466
9897,0.669,35.74,24.992,30.562,23.258,4.864,7.081,6.548
9898,0.688,35.895,25.02,30.562,23.258,4.824,6.88,6.427
9899,0.669,35.944,24.961,30.553,23.251,4.743,6.959,6.426
9900,0.672,35.839,24.953,30.543,23.251,4.742,7.0,6.548
9901,0.675,35.972,25.011,30.533,23.254,4.823,7.082,6.508
9902,0.669,36.089,24.996,30.543,23.258,4.783,7.042,6.467
9903,0.685,35.745,24.934,30.485,23.244,4.539,6.798,6.345
9904,0.688,35.703,24.945,30.514,23.251,4.699,6.999,6.466
9905,0.685,35.818,24.988,30.514,23.251,4.742,7.001,6.507
9906,0.682,35.934,24.992,30.504,23.244,4.701,6.919,6.467
9907,0.688,35.609,24.973,30.495,23.24,4.66,7.041,6.467
9908,0.685,35.759,24.98,30.533,23.251,4.863,7.164,6.67
9909,0.711,35.933,24.961,30.543,23.265,4.824,7.165,6.509
9910,0.698,35.973,24.98,30.514,23.244,4.743,7.124,6.549
9911,0.708,35.638,24.996,30.514,23.244,4.742,7.124,6.549
9912,0.705,35.779,25.023,30.514,23.251,4.742,7.165,6.508
9913,0.689,35.905,24.957,30.514,23.254,4.783,7.165,6.508
9914,0.698,35.973,24.961,30.495,23.244,4.661,7.084,6.427
9915,0.675,35.59,24.972,30.485,23.251,4.741,7.123,6.466
9916,0.675,35.74,24.957,30.494,23.247,4.661,7.165,6.507
9917,0.678,35.856,24.968,30.495,23.244,4.7,7.124,6.467
9918,0.672,35.925,25.004,30.475,23.244,4.66,7.205,6.426
9919,0.669,35.657,24.914,30.504,23.254,4.741,7.247,6.629
9920,0.678,35.836,24.987,30.533,23.265,4.905,7.288,6.631
9921,0.669,35.924,24.992,30.514,23.248,4.744,7.329,6.55
9922,0.672,35.964,25.008,30.504,23.254,4.823,7.41,6.549
9923,0.682,35.638,24.934,30.504,23.254,4.783,7.289,6.59
9924,0.688,35.769,24.96,30.495,23.251,4.824,7.288,6.549
9925,0.695,35.885,24.953,30.475,23.237,4.702,7.125,6.468
9926,0.679,35.887,24.968,30.475,23.254,4.701,7.287,6.548
9927,0.701,35.656,24.992,30.494,23.247,4.701,7.329,6.508
9928,0.708,35.76,24.984,30.475,23.247,4.66,7.207,6.467
9929,0.711,35.857,24.953,30.475,23.24,4.7,7.206,6.386
9930,0.721,35.762,24.968,30.475,23.258,4.782,7.369,6.547
9931,0.721,35.684,25.0,30.504,23.265,4.824,7.37,6.508
9932,0.708,35.779,25.016,30.476,23.254,4.783,7.37,6.508
9933,0.702,35.905,24.922,30.494,23.251,4.742,7.289,6.508
9934,0.698,35.542,24.968,30.485,23.251,4.783,7.288,6.549
9935,0.695,35.634,24.988,30.466,23.251,4.783,7.329,6.63
9936,0.688,35.75,24.965,30.466,23.247,4.661,7.207,6.387
9937,0.669,35.799,24.98,30.446,23.244,4.741,7.247,6.507
9938,0.688,35.502,24.969,30.456,23.244,4.823,7.166,6.549
9939,0.675,35.633,24.93,30.456,23.247,4.743,7.124,6.549
9940,0.675,35.769,24.964,30.456,23.237,4.783,7.165,6.468
9941,0.678,35.828,24.941,30.437,23.247,4.702,7.206,6.548
9942,0.691,35.589,25.039,30.484,23.268,4.945,7.369,6.671
9943,0.701,35.759,24.95,30.475,23.244,4.785,7.208,6.509
9944,0.695,35.857,24.976,30.446,23.247,4.824,7.165,6.508
9945,0.698,35.934,25.051,30.456,23.251,4.783,7.206,6.589
9946,0.698,35.475,24.965,30.475,23.254,4.824,7.206,6.549
9947,0.714,35.633,24.98,30.466,23.254,4.865,7.165,6.508
9948,0.705,35.74,24.98,30.418,23.24,4.702,7.043,6.386
9949,0.708,35.78,24.961,30.484,23.254,4.823,7.164,6.466
9950,0.724,35.559,24.937,30.437,23.251,4.743,7.124,6.426
9951,0.718,35.672,24.976,30.437,23.251,4.783,7.043,6.426
9952,0.711,35.779,24.984,30.437,23.247,4.702,7.042,6.466
9953,0.695,35.838,24.973,30.494,23.254,4.904,7.204,6.67
9954,0.705,35.656,24.996,30.456,23.261,4.825,7.043,6.469
9955,0.702,35.75,25.016,30.427,23.254,4.783,7.042,6.507
9956,0.685,35.866,24.969,30.436,23.247,4.783,7.082,6.549
9957,0.688,36.088,24.976,30.437,23.254,4.864,7.002,6.549
9958,0.701,35.611,24.996,30.437,23.254,4.824,7.041,6.549
9959,0.721,35.702,24.914,30.408,23.237,4.702,6.96,6.427
9960,0.724,35.808,24.96,30.446,23.251,4.863,7.0,6.507
9961,0.75,35.56,24.976,30.427,23.247,4.784,6.96,6.508
9962,0.78,35.615,24.996,30.408,23.24,4.702,6.878,6.427
9963,0.816,35.73,24.926,30.407,23.24,4.742,6.918,6.385
9964,0.846,35.837,24.984,30.427,23.254,4.905,7.041,6.588
9965,0.882,35.474,25.019,30.446,23.258,4.865,6.96,6.549
9966,0.905,35.566,25.004,30.427,23.254,4.865,6.919,6.468
9967,0.915,35.711,24.992,30.427,23.258,4.784,7.041,6.467
9968,0.925,35.808,25.0,30.436,23.254,4.864,7.042,6.507
9969,0.964,35.406,24.906,30.456,23.258,4.824,7.123,6.467
9970,0.984,35.537,24.956,30.398,23.241,4.621,6.961,6.345
9971,0.987,35.662,24.98,30.407,23.244,4.822,7.041,6.466
9972,1.046,35.74,24.969,30.398,23.244,4.743,7.123,6.467
9973,1.089,35.463,24.976,30.446,23.247,4.823,7.124,6.426
9974,1.135,35.585,24.937,30.398,23.24,4.743,7.165,6.507
9975,1.181,35.711,24.98,30.398,23.251,4.823,7.287,6.63
9976,1.236,35.818,24.984,30.436,23.261,4.865,7.369,6.631
9977,1.263,35.416,24.98,30.389,23.251,4.824,7.37,6.55
9978,1.273,35.546,25.023,30.388,23.251,4.824,7.452,6.549
9979,1.302,35.672,24.957,30.417,23.254,4.824,7.412,6.671
9980,1.316,35.721,24.976,30.427,23.244,4.824,7.533,6.672
9981,1.322,35.463,24.996,30.398,23.244,4.743,7.453,6.469
9982,1.313,35.547,24.977,30.379,23.247,4.742,7.493,6.629
9983,1.355,35.711,24.852,30.398,23.247,4.823,7.494,6.55
9984,1.365,35.722,24.936,30.388,23.251,4.702,7.494,6.549
9985,1.368,35.29,24.949,30.379,23.24,4.66,7.494,6.508
9986,1.336,35.459,24.937,30.378,23.251,4.822,7.616,6.67
9987,1.326,35.585,25.007,30.407,23.265,4.905,7.739,6.672
9988,1.332,35.51,25.031,30.379,23.251,4.825,7.577,6.631
9989,1.31,35.509,24.95,30.378,23.244,4.824,7.535,6.631
9990,1.264,35.662,24.988,30.378,23.251,4.865,7.575,6.672
9991,1.208,35.74,25.019,30.369,23.251,4.824,7.698,6.835
9992,1.165,35.943,25.008,30.378,23.254,4.824,7.577,6.755
9993,1.09,36.06,24.988,30.35,23.237,4.661,7.413,6.836
9994,1.037,36.195,24.93,30.359,23.251,4.782,7.533,7.08
9995,0.991,36.302,24.964,30.369,23.247,4.783,7.494,7.245
9996,0.922,35.047,24.949,30.359,23.247,4.702,7.453,7.41
9997,0.85,35.178,24.945,30.33,23.24,4.66,7.371,7.615
9998,0.771,35.304,25.003,30.368,23.254,4.822,7.533,7.983
9999,0.722,35.449,24.984,30.426,23.265,4.865,7.494,8.271
10000,0.669,35.489,24.965,30.36,23.244,4.865,7.453,8.355
10001,0.623,35.605,25.015,30.359,23.254,4.784,7.452,8.641
10002,0.59,35.759,25.004,30.369,23.254,4.824,7.371,8.847
10003,0.557,35.818,24.969,30.359,23.258,4.824,7.411,8.971
10004,0.531,35.291,24.937,30.33,23.244,4.702,7.289,8.972
10005,0.511,35.401,24.945,30.311,23.244,4.742,7.288,9.297
10006,0.521,35.546,24.949,30.349,23.251,4.742,7.288,9.301
10007,0.537,35.605,24.968,30.34,23.244,4.783,7.207,9.382
10008,0.563,35.347,24.976,30.34,23.244,4.742,7.247,9.505
10009,0.612,35.488,24.93,30.321,23.244,4.742,7.328,9.628
10010,0.642,35.652,24.96,30.368,23.258,4.864,7.451,9.792
10011,0.685,35.683,24.972,30.34,23.251,4.784,7.29,9.793
10012,0.701,35.386,24.992,30.311,23.251,4.783,7.288,9.915
10013,0.727,35.555,24.918,30.339,23.251,4.824,7.329,10.242
10014,0.744,35.672,24.949,30.349,23.258,4.824,7.289,10.408
10015,0.757,35.645,24.972,30.33,23.254,4.824,7.288,10.491
10016,0.761,35.376,24.984,30.301,23.237,4.661,7.207,10.695
10017,0.757,35.527,24.953,30.32,23.251,4.741,7.247,10.981
10018,0.767,35.624,25.004,30.311,23.244,4.742,7.206,11.187
10019,0.744,35.366,24.887,30.33,23.247,4.701,7.165,11.352
10020,0.741,35.421,24.948,30.301,23.244,4.701,7.246,11.598
10021,0.754,35.556,24.996,30.33,23.258,4.863,7.288,11.844
10022,0.767,35.701,24.977,30.34,23.258,4.865,7.247,11.887
10023,0.764,35.252,24.973,30.311,23.258,4.743,7.206,11.888
10024,0.764,35.362,24.926,30.32,23.251,4.823,7.165,11.969
10025,0.77,35.517,24.98,30.32,23.251,4.743,7.246,12.011
10026,0.774,35.595,24.988,30.33,23.258,4.864,7.247,11.97
10027,0.777,35.299,24.969,30.301,23.244,4.702,7.125,11.767
10028,0.761,35.392,25.0,30.291,23.237,4.742,7.165,11.846
10029,0.777,35.556,24.926,30.301,23.247,4.742,7.124,11.765
10030,0.787,35.644,24.96,30.301,23.251,4.742,7.083,11.642
10031,0.774,35.309,24.965,30.282,23.244,4.701,7.123,11.519
10032,0.774,35.44,24.968,30.262,23.244,4.66,7.083,11.518
10033,0.774,35.594,24.922,30.32,23.265,4.822,7.286,11.599
10034,0.78,35.673,24.964,30.301,23.254,4.702,7.125,11.397
10035,0.764,35.491,24.953,30.291,23.254,4.782,7.124,11.314
10036,0.757,35.624,24.988,30.272,23.247,4.742,7.165,11.232
10037,0.761,35.759,24.965,30.291,23.258,4.823,7.124,11.149
10038,0.764,35.789,25.027,30.282,23.251,4.743,7.083,11.026
10039,0.748,35.109,24.965,30.253,23.244,4.701,7.042,10.863
10040,0.741,35.236,24.945,30.262,23.247,4.782,7.123,10.902
10041,0.751,35.362,24.992,30.262,23.244,4.783,7.083,10.78
10042,0.748,35.68,24.918,30.253,23.244,4.742,7.083,10.657
10043,0.754,35.309,24.941,30.262,23.247,4.742,7.002,10.574
10044,0.761,35.44,24.945,30.262,23.254,4.864,7.204,10.574
10045,0.777,35.594,24.996,30.281,23.254,4.824,7.084,10.492
10046,0.771,35.28,24.977,30.262,23.254,4.783,7.083,10.41
10047,0.774,35.296,24.984,30.272,23.258,4.783,7.083,10.328
10048,0.774,35.449,24.996,30.262,23.251,4.824,7.123,10.246
10049,0.79,35.537,24.926,30.272,23.254,4.783,7.002,10.082
10050,0.784,35.193,24.933,30.214,23.237,4.58,6.919,9.878
10051,0.79,35.304,24.988,30.252,23.251,4.781,7.0,9.916
10052,0.787,35.449,24.973,30.253,23.251,4.742,6.919,9.713
10053,0.777,35.527,24.953,30.291,23.244,4.742,6.959,9.589
10054,0.764,35.231,24.949,30.234,23.244,4.701,7.0,9.507
10055,0.774,35.372,25.0,30.252,23.258,4.863,7.082,9.628
10056,0.774,35.527,24.973,30.262,23.251,4.743,6.92,9.385
10057,0.761,35.595,24.984,30.224,23.251,4.823,7.041,9.261
10058,0.764,35.203,24.992,30.214,23.254,4.783,7.001,9.259
10059,0.751,35.362,25.0,30.271,23.251,4.824,7.082,9.219
10060,0.757,35.488,24.953,30.234,23.251,4.783,7.042,9.096
10061,0.751,35.518,24.98,30.204,23.24,4.742,7.001,8.973
10062,0.757,35.24,24.969,30.223,23.251,4.742,6.96,8.891
10063,0.767,35.391,24.941,30.224,23.251,4.701,6.96,8.809
10064,0.774,35.508,24.914,30.204,23.24,4.742,6.96,8.767
10065,0.767,35.547,24.956,30.195,23.244,4.701,6.96,8.726
10066,0.783,35.241,24.961,30.233,23.254,4.863,7.163,8.766
10067,0.8,35.401,24.996,30.233,23.247,4.784,7.043,8.645
10068,0.787,35.469,24.992,30.204,23.251,4.742,7.042,8.562
10069,0.78,35.489,24.961,30.223,23.251,4.823,7.082,8.48
10070,0.806,35.278,24.953,30.233,23.254,4.783,7.042,8.357
10071,0.813,35.42,25.007,30.214,23.247,4.783,7.042,8.275
10072,0.794,35.489,24.985,30.185,23.244,4.661,7.042,8.152
10073,0.777,35.336,24.973,30.204,23.251,4.782,7.082,8.273
10074,0.787,35.2,24.961,30.204,23.251,4.742,7.042,8.193
10075,0.78,35.343,24.949,30.185,23.237,4.661,7.082,8.11
10076,0.767,35.43,24.941,30.185,23.251,4.7,7.164,8.069
10077,0.77,35.192,24.972,30.223,23.254,4.904,7.328,8.231
10078,0.79,35.323,25.0,30.204,23.254,4.744,7.207,8.029
10079,0.771,35.411,24.988,30.195,23.247,4.742,7.247,8.027
10080,0.764,35.527,24.969,30.214,23.247,4.783,7.328,8.027
10081,0.77,35.24,25.043,30.195,23.247,4.824,7.329,7.946
10082,0.777,35.391,24.981,30.204,23.254,4.783,7.329,7.823
10083,0.774,35.488,24.961,30.166,23.244,4.58,7.207,7.741
10084,0.774,35.585,24.922,30.194,23.247,4.74,7.287,7.821
10085,0.787,35.059,24.937,30.166,23.247,4.701,7.288,7.781
10086,0.793,35.188,24.941,30.175,23.247,4.66,7.247,7.7
10087,0.806,35.314,24.945,30.156,23.247,4.619,7.288,7.699
10088,0.813,35.421,24.972,30.175,23.258,4.903,7.451,7.821
10089,0.816,35.201,24.941,30.185,23.254,4.825,7.371,7.659
10090,0.81,35.314,24.933,30.156,23.254,4.743,7.33,7.617
10091,0.813,35.44,24.995,30.156,23.251,4.742,7.37,7.576
10092,0.813,35.499,25.0,30.165,23.254,4.783,7.411,7.657
10093,0.803,35.106,24.957,30.185,23.251,4.783,7.33,7.536
10094,0.797,35.207,24.945,30.127,23.237,4.58,7.207,7.453
10095,0.79,35.333,24.937,30.156,23.244,4.781,7.369,7.493
10096,0.787,35.392,24.957,30.165,23.251,4.702,7.289,7.371
10097,0.79,35.172,24.937,30.127,23.244,4.66,7.288,7.452
10098,0.787,35.294,24.972,30.127,23.244,4.66,7.329,7.452
10099,0.774,35.44,24.918,30.165,23.254,4.782,7.451,7.534
10100,0.79,35.604,24.976,30.185,23.258,4.864,7.33,7.453
10101,0.771,35.184,24.996,30.146,23.247,4.784,7.37,7.412
10102,0.774,35.295,24.988,30.146,23.251,4.783,7.37,7.411
10103,0.793,35.42,25.0,30.156,23.251,4.864,7.289,7.411
10104,0.8,35.057,24.949,30.165,23.254,4.865,7.329,7.371
10105,0.797,35.082,24.964,30.108,23.247,4.743,7.126,7.248
10106,0.803,35.198,24.996,30.127,23.247,4.701,7.246,7.288
10107,0.813,35.324,24.984,30.136,23.251,4.742,7.288,7.329
10108,0.81,35.104,24.996,30.108,23.244,4.783,7.166,7.289
10109,0.816,35.265,24.969,30.107,23.24,4.702,7.206,7.288
10110,0.839,35.401,24.949,30.117,23.258,4.782,7.328,7.369
10111,0.843,35.508,25.019,30.146,23.265,4.824,7.289,7.248
10112,0.839,35.029,24.91,30.108,23.251,4.743,7.247,7.247
10113,0.8,35.14,24.952,30.127,23.251,4.783,7.288,7.288
10114,0.803,35.304,24.941,30.117,23.258,4.783,7.288,7.247
10115,0.81,35.382,24.984,30.127,23.251,4.824,7.329,7.288
10116,0.803,35.124,24.98,30.098,23.247,4.661,7.085,7.044
10117,0.79,35.227,24.965,30.079,23.24,4.66,7.164,7.204
10118,0.803,35.372,24.984,30.107,23.251,4.741,7.124,7.125
10119,0.79,35.431,24.926,30.098,23.244,4.701,7.124,7.083
10120,0.774,35.029,24.956,30.079,23.244,4.66,7.124,7.083
10121,0.78,35.14,24.965,30.088,23.244,4.7,7.205,7.123
10122,0.793,35.304,24.996,30.126,23.261,4.904,7.287,7.205
10123,0.806,35.353,24.941,30.108,23.247,4.784,7.207,7.125
10124,0.82,35.248,24.929,30.098,23.251,4.702,7.287,7.043
10125,0.813,35.401,24.972,30.107,23.251,4.782,7.166,7.082
10126,0.816,35.508,24.957,30.107,23.258,4.824,7.206,7.042
10127,0.826,35.528,24.98,30.098,23.251,4.783,7.125,6.96
10128,0.826,35.01,25.012,30.059,23.24,4.702,7.083,6.96
10129,0.833,35.197,24.969,30.088,23.251,4.742,7.083,6.919
10130,0.833,35.304,24.941,30.069,23.244,4.742,7.083,6.919
10131,0.836,35.104,24.964,30.078,23.247,4.742,6.961,6.837
10132,0.823,35.092,24.918,30.059,23.24,4.701,7.041,6.877
10133,0.826,35.236,24.956,30.107,23.265,4.904,7.245,7.121
10134,0.833,35.362,24.941,30.079,23.251,4.744,7.084,6.961
10135,0.839,35.038,25.019,30.088,23.251,4.823,7.042,6.96
10136,0.817,35.197,24.985,30.069,23.251,4.783,7.082,6.919
10137,0.816,35.304,24.988,30.088,23.251,4.783,7.083,6.878
10138,0.813,35.411,25.031,30.059,23.251,4.661,7.002,6.755
10139,0.803,34.904,24.954,30.049,23.24,4.619,6.919,6.714
10140,0.803,35.071,24.957,30.088,23.251,4.741,7.041,6.835
10141,0.81,35.178,24.984,30.069,23.244,4.661,6.92,6.755
10142,0.807,35.237,24.941,30.059,23.247,4.7,6.878,6.714
10143,0.82,35.027,24.941,30.059,23.244,4.66,6.959,6.754
10144,0.833,35.178,24.953,30.078,23.258,4.822,7.122,6.957
10145,0.846,35.342,24.968,30.069,23.251,4.743,7.002,6.838
10146,0.84,35.373,24.953,30.05,23.251,4.783,7.041,6.837
10147,0.833,35.047,24.964,30.059,23.247,4.824,7.001,6.796
10148,0.846,35.188,25.008,30.069,23.254,4.824,7.123,6.755
10149,0.849,35.304,24.93,30.05,23.254,4.743,6.961,6.714
10150,0.843,35.334,24.937,30.021,23.237,4.579,6.878,6.632
10151,0.846,34.941,24.968,30.03,23.251,4.74,7.04,6.672
10152,0.843,35.081,24.969,30.04,23.251,4.701,7.042,6.591
10153,0.833,35.179,24.945,30.02,23.244,4.701,6.92,6.631
10154,0.826,35.199,24.914,30.03,23.244,4.782,7.122,6.631
10155,0.839,35.055,24.987,30.087,23.265,4.905,7.205,6.712
10156,0.843,35.178,24.973,30.05,23.254,4.784,7.125,6.632
10157,0.843,35.275,24.976,30.049,23.251,4.824,7.124,6.631
10158,0.843,35.19,24.988,30.049,23.251,4.783,7.165,6.672
10159,0.833,34.997,24.992,30.059,23.247,4.783,7.206,6.672
10160,0.826,35.13,24.949,30.03,23.251,4.702,7.043,6.509
10161,0.817,35.198,24.992,30.001,23.247,4.701,7.164,6.67
10162,0.839,34.95,24.949,30.049,23.247,4.742,7.165,6.591
10163,0.846,35.052,24.937,30.03,23.244,4.742,7.124,6.509
10164,0.846,35.159,24.937,30.02,23.244,4.701,7.124,6.508
10165,0.849,35.246,24.984,30.011,23.244,4.782,7.205,6.711
10166,0.866,34.912,24.969,30.078,23.261,4.905,7.328,6.754
10167,0.869,35.043,24.969,30.03,23.251,4.744,7.248,6.592
10168,0.866,35.149,24.992,30.04,23.251,4.783,7.166,6.671
10169,0.879,35.256,24.988,30.03,23.251,4.742,7.246,6.55
10170,0.879,34.912,24.945,30.04,23.254,4.783,7.288,6.59
10171,0.885,35.052,25.0,30.02,23.251,4.702,7.166,6.468
10172,0.876,35.121,24.945,30.02,23.24,4.66,7.084,6.467
10173,0.872,35.256,24.941,30.03,23.251,4.741,7.205,6.548
10174,0.872,34.95,24.949,30.011,23.254,4.661,7.247,6.468
10175,0.869,35.091,24.957,30.011,23.247,4.66,7.166,6.467
10176,0.859,35.217,24.968,30.001,23.244,4.7,7.328,6.467
10177,0.866,35.295,24.965,30.039,23.261,4.823,7.451,6.67
10178,0.869,34.931,25.015,30.011,23.254,4.702,7.33,6.509
10179,0.859,35.052,24.973,30.011,23.254,4.782,7.37,6.549
10180,0.849,35.188,24.926,30.03,23.247,4.783,7.411,6.549
10181,0.856,35.228,24.988,30.03,23.258,4.783,7.371,6.63
10182,0.866,34.921,24.98,30.02,23.251,4.702,7.37,6.468
10183,0.869,35.033,24.976,29.982,23.24,4.579,7.289,6.467
10184,0.882,35.159,24.969,30.02,23.251,4.74,7.369,6.507
10185,0.889,35.515,24.992,29.992,23.247,4.742,7.33,6.427
10186,0.882,34.914,24.973,29.991,23.247,4.701,7.37,6.426
10187,0.879,35.023,24.949,29.991,23.244,4.66,7.411,6.466
10188,0.895,35.168,25.007,30.03,23.258,4.863,7.533,6.629
10189,0.912,34.988,24.981,30.011,23.254,4.784,7.453,6.468
10190,0.905,35.034,24.937,30.011,23.251,4.742,7.452,6.467
10191,0.918,35.149,24.98,30.001,23.254,4.783,7.452,6.426
10192,0.915,35.256,24.949,30.001,23.251,4.824,7.452,6.426
10193,0.905,34.969,24.957,30.011,23.251,4.702,7.371,6.385
10194,0.899,35.043,24.953,29.972,23.24,4.742,7.289,6.303
10195,0.892,35.216,24.988,30.02,23.247,4.742,7.369,6.384
10196,0.895,35.285,25.0,30.001,23.247,4.742,7.33,6.385
10197,0.892,34.893,24.984,29.982,23.244,4.742,7.289,6.303
10198,0.886,35.033,24.984,29.972,23.244,4.701,7.369,6.384
10199,0.898,35.178,24.98,30.02,23.261,4.863,7.573,6.547
10200,0.905,35.285,24.922,30.001,23.251,4.743,7.454,6.427
10201,0.895,35.037,24.995,29.991,23.258,4.742,7.452,6.344
10202,0.899,35.207,24.977,29.982,23.247,4.783,7.493,6.343
10203,0.902,35.333,24.973,30.01,23.251,4.742,7.453,6.343
10204,0.915,35.382,24.969,30.001,23.251,4.742,7.452,6.343
10205,0.909,34.971,24.984,29.963,23.244,4.661,7.33,6.221
10206,0.934,35.12,25.008,30.02,23.247,4.7,7.329,6.342
10207,0.935,35.256,24.957,29.982,23.247,4.701,7.41,6.262
10208,0.938,35.267,24.992,29.982,23.244,4.701,7.371,6.302
10209,0.951,35.075,24.961,29.982,23.24,4.66,7.37,6.262
10210,0.961,35.226,24.949,29.982,23.258,4.822,7.533,6.465
10211,0.971,35.353,24.992,29.991,23.254,4.743,7.453,6.345
10212,0.948,35.354,24.926,29.991,23.251,4.742,7.412,6.343
10213,0.961,35.268,24.945,29.991,23.251,4.742,7.493,6.343
10214,0.964,35.42,24.933,29.991,23.258,4.742,7.453,6.425
10215,0.958,35.508,24.984,29.991,23.251,4.783,7.493,6.385
10216,0.941,35.355,24.984,29.972,23.24,4.661,7.29,6.181
10217,0.935,35.239,24.953,29.962,23.254,4.7,7.491,6.301
10218,0.941,35.391,25.004,29.972,23.247,4.701,7.453,6.302
10219,0.945,35.508,24.961,29.972,23.244,4.742,7.33,6.343
10220,0.945,35.336,24.937,29.962,23.247,4.701,7.37,6.343
10221,0.945,35.43,25.007,29.981,23.251,4.701,7.452,6.425
10222,0.958,35.604,24.938,30.01,23.261,4.863,7.534,6.385
10223,0.958,35.673,24.937,29.963,23.251,4.743,7.372,6.344
10224,0.981,35.299,24.914,29.981,23.251,4.661,7.452,6.343
10225,0.984,35.44,24.964,30.001,23.251,4.782,7.412,6.343
10226,1.0,35.566,24.961,29.982,23.254,4.783,7.371,6.384
10227,0.994,35.653,24.945,29.982,23.247,4.742,7.33,6.263
10228,0.997,35.481,25.0,29.953,23.247,4.701,7.248,6.302
10229,1.01,35.652,24.961,29.972,23.254,4.742,7.288,6.384
10230,1.014,35.76,24.968,29.962,23.251,4.742,7.288,6.263
10231,1.02,35.828,24.992,29.933,23.244,4.661,7.288,6.18
10232,1.017,35.608,24.926,29.962,23.247,4.66,7.288,6.301
10233,1.017,35.778,24.949,29.991,23.261,4.822,7.451,6.547
10234,1.017,35.895,24.929,29.972,23.254,4.783,7.371,6.346
10235,1.01,35.925,24.984,29.972,23.251,4.742,7.37,6.343
10236,1.004,35.916,24.953,29.962,23.251,4.742,7.411,6.262
10237,1.007,36.079,24.957,29.962,23.254,4.783,7.411,6.343
10238,1.01,36.176,25.0,29.972,23.254,4.702,7.452,6.262
10239,1.01,36.206,24.965,29.934,23.24,4.579,7.371,6.262
10240,1.007,36.043,24.961,29.962,23.247,4.7,7.452,6.262
10241,1.014,36.176,24.984,29.953,23.251,4.742,7.412,6.262
10242,1.02,36.283,24.926,29.962,23.244,4.742,7.411,6.221
10243,1.027,36.37,24.921,29.953,23.24,4.661,7.452,6.261
10244,1.04,36.141,24.937,29.972,23.247,4.741,7.452,6.384
10245,1.059,36.273,25.007,29.991,23.261,4.823,7.534,6.344
10246,1.05,36.379,24.969,29.953,23.251,4.783,7.494,6.303
10247,1.053,36.275,24.965,29.962,23.244,4.824,7.534,6.343
10248,1.056,36.351,24.957,29.962,23.251,4.783,7.534,6.343
10249,1.069,36.495,24.984,29.962,23.251,4.783,7.534,6.343
10250,1.079,36.583,24.969,29.943,23.24,4.661,7.453,6.221
10251,1.066,36.383,24.984,29.924,23.244,4.7,7.574,6.302
10252,1.076,36.553,24.953,29.952,23.254,4.782,7.535,6.262
10253,1.07,36.641,24.914,29.943,23.247,4.702,7.494,6.302
10254,1.069,36.728,24.948,29.933,23.244,4.66,7.453,6.302
10255,1.073,36.49,24.957,29.952,23.254,4.863,7.615,6.384
10256,1.086,36.698,24.965,29.981,23.258,4.865,7.576,6.344
10257,1.073,36.777,24.965,29.934,23.258,4.702,7.575,6.384
10258,1.073,36.826,24.984,29.943,23.254,4.823,7.575,6.344
10259,1.073,36.74,24.961,29.952,23.258,4.783,7.616,6.466
10260,1.073,36.873,24.957,29.972,23.254,4.824,7.576,6.386
10261,1.063,36.99,25.004,29.914,23.244,4.661,7.494,6.263
10262,1.063,37.039,24.903,29.943,23.251,4.741,7.494,6.384
10263,1.082,36.857,24.921,29.933,23.251,4.661,7.494,6.344
10264,1.083,36.989,24.952,29.943,23.247,4.7,7.453,6.343
10265,1.089,37.077,24.957,29.924,23.247,4.62,7.412,6.303
10266,1.089,37.107,24.988,29.933,23.251,4.781,7.533,6.506
10267,1.112,37.049,25.008,29.971,23.265,4.824,7.575,6.386
10268,1.109,37.145,24.996,29.943,23.251,4.702,7.454,6.385
10269,1.109,37.28,24.965,29.943,23.251,4.782,7.371,6.344
10270,1.119,37.291,24.933,29.943,23.254,4.783,7.411,6.384
10271,1.122,37.118,24.98,29.943,23.258,4.783,7.411,6.385
10272,1.119,37.241,24.883,29.924,23.244,4.702,7.249,6.263
10273,1.093,37.319,24.94,29.914,23.244,4.701,7.369,6.302
10274,1.109,37.262,24.968,29.923,23.251,4.742,7.289,6.262
10275,1.099,37.291,25.023,29.943,23.247,4.701,7.247,6.343
10276,1.099,37.387,25.012,29.895,23.247,4.701,7.247,6.303
10277,1.093,37.484,24.973,29.923,23.251,4.701,7.328,6.425
10278,1.096,37.322,25.0,29.943,23.254,4.904,7.451,6.385
10279,1.102,37.454,24.977,29.943,23.251,4.744,7.29,6.344
10280,1.086,37.571,24.933,29.933,23.251,4.742,7.247,6.425
10281,1.089,37.62,24.988,29.933,23.251,4.783,7.206,6.385
10282,1.089,37.419,24.906,29.943,23.254,4.783,7.328,6.425
10283,1.089,37.58,24.937,29.952,23.251,4.742,7.207,6.304
10284,1.089,37.649,24.953,29.914,23.237,4.579,7.125,6.302
10285,1.089,37.726,25.011,29.933,23.251,4.74,7.205,6.343
10286,1.096,37.487,25.0,29.933,23.251,4.783,7.125,6.303
10287,1.092,37.629,24.965,29.924,23.244,4.742,7.165,6.262
10288,1.089,37.716,25.011,29.914,23.247,4.701,7.124,6.302
10289,1.089,37.813,24.969,29.943,23.261,4.863,7.368,6.506
10290,1.102,37.613,24.937,29.924,23.261,4.784,7.248,6.345
10291,1.086,37.697,24.964,29.923,23.251,4.742,7.247,6.303
10292,1.083,37.813,24.902,29.923,23.251,4.742,7.247,6.343
10293,1.063,37.862,24.952,29.923,23.247,4.783,7.288,6.343
10294,1.066,37.709,24.953,29.933,23.251,4.742,7.247,6.343
10295,1.05,37.832,24.996,29.895,23.244,4.661,7.125,6.221
10296,1.033,37.9,24.973,29.914,23.254,4.7,7.205,6.302
10297,1.03,37.968,24.953,29.914,23.251,4.701,7.206,6.302
10298,1.014,37.643,24.996,29.904,23.247,4.742,7.287,6.343
10299,1.007,37.803,24.941,29.895,23.251,4.742,7.207,6.303
10300,0.988,37.891,24.921,29.914,23.258,4.783,7.328,6.465
10301,0.991,37.844,25.003,29.962,23.268,4.824,7.492,6.426
10302,0.984,37.728,24.922,29.914,23.251,4.743,7.371,6.385
10303,0.984,37.842,24.956,29.933,23.254,4.823,7.37,6.385
10304,0.974,37.958,24.914,29.933,23.251,4.783,7.411,6.344
10305,0.977,37.71,24.972,29.933,23.251,4.864,7.493,6.384
10306,0.984,37.794,24.949,29.924,23.251,4.743,7.412,6.263
10307,0.971,37.891,24.937,29.885,23.244,4.701,7.452,6.384
10308,0.964,37.987,24.988,29.894,23.251,4.701,7.452,6.344
10309,0.961,37.701,24.937,29.904,23.251,4.742,7.452,6.343
10310,0.961,37.822,24.937,29.895,23.251,4.701,7.371,6.221
10311,0.942,37.939,24.972,29.904,23.247,4.742,7.492,6.302
10312,0.945,38.036,24.867,29.942,23.265,4.905,7.616,6.465
10313,0.941,37.826,24.956,29.924,23.251,4.784,7.495,6.386
10314,0.919,37.929,24.941,29.914,23.251,4.783,7.534,6.344
10315,0.909,38.045,24.972,29.914,23.247,4.824,7.575,6.384
10316,0.895,38.114,24.957,29.904,23.258,4.824,7.616,6.425
10317,0.889,37.884,24.937,29.914,23.254,4.783,7.535,6.304
10318,0.872,37.968,25.019,29.885,23.24,4.661,7.453,6.302
10319,0.872,38.122,24.973,29.875,23.251,4.822,7.452,6.343
10320,0.859,38.162,24.957,29.904,23.247,4.702,7.493,6.343
10321,0.856,37.798,25.0,29.895,23.251,4.66,7.453,6.262
10322,0.836,37.929,24.926,29.885,23.247,4.7,7.452,6.221
10323,0.843,38.045,24.937,29.904,23.261,4.863,7.574,6.505
10324,0.856,38.094,24.929,29.933,23.254,4.865,7.454,6.386
10325,0.846,37.778,24.964,29.895,23.251,4.743,7.493,6.303
10326,0.846,37.919,24.941,29.914,23.251,4.783,7.575,6.425
10327,0.843,38.026,24.929,29.895,23.258,4.824,7.535,6.344
10328,0.843,38.276,25.003,29.904,23.251,4.824,7.453,6.343
10329,0.843,37.876,24.957,29.885,23.237,4.621,7.412,6.181
10330,0.836,37.968,24.957,29.894,23.251,4.741,7.452,6.22
10331,0.839,38.084,24.976,29.894,23.254,4.742,7.493,6.22
10332,0.82,37.778,24.984,29.885,23.251,4.701,7.453,6.18
10333,0.813,37.814,24.93,29.875,23.24,4.66,7.412,6.301
10334,0.803,37.929,24.949,29.894,23.247,4.782,7.574,6.343
10335,0.81,38.065,25.023,29.933,23.265,4.905,7.616,6.343
10336,0.807,37.682,24.965,29.895,23.251,4.825,7.495,6.303
10337,0.794,37.793,24.949,29.894,23.258,4.702,7.534,6.302
10338,0.787,37.919,25.0,29.904,23.251,4.823,7.534,6.262
10339,0.787,38.026,24.969,29.895,23.254,4.865,7.575,6.262
10340,0.774,37.73,24.965,29.875,23.244,4.743,7.454,6.221
10341,0.761,37.823,24.961,29.875,23.244,4.701,7.412,6.22
10342,0.777,37.977,24.922,29.913,23.251,4.742,7.533,6.302
10343,0.777,38.027,24.949,29.885,23.244,4.661,7.453,6.18
10344,0.767,37.701,24.937,29.875,23.251,4.66,7.452,6.179
10345,0.764,37.851,24.984,29.856,23.247,4.782,7.574,6.301
10346,0.783,37.987,24.969,29.913,23.261,4.905,7.657,6.384
10347,0.797,38.046,24.98,29.885,23.251,4.784,7.536,6.303
10348,0.784,37.768,24.957,29.885,23.254,4.783,7.575,6.384
10349,0.787,37.9,24.957,29.904,23.258,4.783,7.616,6.303
10350,0.79,38.016,24.972,29.895,23.254,4.824,7.657,6.302
10351,0.78,38.065,24.957,29.875,23.244,4.783,7.536,6.221
10352,0.777,37.558,24.945,29.865,23.247,4.783,7.575,6.261
10353,0.777,37.716,24.953,29.875,23.251,4.742,7.575,6.262
10354,0.777,37.813,24.961,29.885,23.254,4.742,7.616,6.221
10355,0.767,37.814,24.984,29.866,23.247,4.661,7.535,6.302
10356,0.754,37.776,24.961,29.875,23.251,4.782,7.575,6.343
10357,0.757,37.948,24.996,29.913,23.265,4.905,7.698,6.384
10358,0.757,38.036,25.02,29.876,23.251,4.784,7.577,6.303
10359,0.754,37.72,24.961,29.885,23.251,4.783,7.616,6.343
10360,0.751,37.65,24.953,29.875,23.258,4.864,7.576,6.343
10361,0.761,37.755,24.976,29.885,23.247,4.824,7.575,6.303
10362,0.751,37.852,24.91,29.885,23.24,4.702,7.413,6.18
10363,0.754,37.603,24.921,29.875,23.244,4.782,7.452,6.342
10364,0.767,37.745,24.913,29.865,23.247,4.783,7.493,6.221
10365,0.764,37.842,24.987,29.875,23.247,4.783,7.412,6.261
10366,0.764,37.949,24.945,29.856,23.237,4.783,7.411,6.302
10367,0.761,37.489,24.941,29.884,23.258,4.783,7.493,6.343
10368,0.777,37.657,24.968,29.904,23.261,4.946,7.575,6.384
10369,0.774,37.784,24.949,29.895,23.251,4.785,7.454,6.344
10370,0.784,37.833,24.968,29.875,23.254,4.824,7.371,6.262
10371,0.777,37.565,24.926,29.875,23.254,4.783,7.492,6.302
10372,0.784,37.716,24.945,29.885,23.258,4.864,7.534,6.302
10373,0.774,37.832,24.925,29.875,23.254,4.743,7.291,6.14
10374,0.758,37.862,24.941,29.856,23.24,4.742,7.329,6.26
10375,0.761,37.536,24.999,29.865,23.247,4.823,7.41,6.302
10376,0.748,37.677,24.953,29.885,23.251,4.783,7.411,6.18
10377,0.747,37.774,24.957,29.856,23.251,4.702,7.33,6.261
10378,0.738,37.842,25.0,29.846,23.244,4.742,7.492,6.262
10379,0.754,37.536,24.988,29.904,23.265,4.905,7.656,6.384
10380,0.748,37.677,24.961,29.875,23.251,4.825,7.414,6.263
10381,0.738,37.736,24.976,29.865,23.254,4.783,7.533,6.302
10382,0.741,37.794,24.867,29.913,23.244,4.824,7.616,6.343
10383,0.754,37.545,24.889,29.876,23.251,4.824,7.617,6.303
10384,0.761,37.667,24.948,29.894,23.251,4.824,7.576,6.221
10385,0.764,37.717,24.98,29.847,23.237,4.743,7.535,6.18
10386,0.764,37.765,24.953,29.884,23.251,4.742,7.616,6.301
10387,0.764,37.603,24.949,29.866,23.247,4.742,7.576,6.302
10388,0.77,37.745,24.964,29.856,23.244,4.742,7.535,6.221
10389,0.767,37.804,24.961,29.856,23.247,4.783,7.657,6.261
10390,0.78,37.43,24.976,29.884,23.258,4.946,7.78,6.384
10391,0.79,37.494,24.973,29.894,23.251,4.866,7.7,6.303
10392,0.78,37.59,24.957,29.914,23.251,4.865,7.74,6.221
10393,0.774,37.706,24.902,29.876,23.254,4.865,7.618,6.261
10394,0.758,37.401,24.964,29.865,23.254,4.824,7.739,6.302
10395,0.77,37.522,24.992,29.875,23.258,4.783,7.699,6.18
10396,0.754,37.619,24.945,29.837,23.237,4.661,7.577,6.057
10397,0.748,37.716,24.941,29.846,23.254,4.782,7.657,6.137
10398,0.757,37.42,24.984,29.846,23.254,4.742,7.658,6.219
10399,0.757,37.561,24.973,29.846,23.247,4.783,7.617,6.139
10400,0.738,37.658,24.937,29.856,23.247,4.702,7.657,6.179
10401,0.747,37.736,24.98,29.875,23.251,4.742,7.739,6.342
10402,0.747,37.487,24.984,29.971,23.261,4.864,7.699,6.262
10403,0.754,37.6,24.914,29.886,23.254,4.743,7.658,6.262
10404,0.754,37.697,24.945,29.885,23.251,4.823,7.617,6.262
10405,0.761,37.736,24.957,29.856,23.258,4.865,7.698,6.18
10406,0.774,37.439,24.968,29.875,23.261,4.865,7.699,6.261
10407,0.774,37.571,24.93,29.856,23.251,4.784,7.618,6.139
10408,0.761,37.629,24.914,29.856,23.24,4.661,7.617,6.26
10409,0.783,37.716,24.937,29.875,23.251,4.782,7.698,6.221
10410,0.793,37.372,24.945,29.856,23.251,4.702,7.658,6.18
10411,0.787,37.493,24.945,29.856,23.244,4.66,7.658,6.139
10412,0.793,37.6,24.921,29.865,23.24,4.741,7.658,6.179
10413,0.777,38.004,24.96,29.894,23.258,4.945,7.78,6.301
10414,0.774,37.528,24.992,29.866,23.251,4.703,7.618,6.302
10415,0.767,37.629,24.957,29.865,23.254,4.782,7.657,6.302
10416,0.761,37.745,24.933,29.865,23.251,4.824,7.658,6.262
10417,0.767,37.459,24.953,29.875,23.261,4.824,7.698,6.302
10418,0.761,37.446,24.957,29.865,23.254,4.743,7.496,6.221
10419,0.751,37.561,24.941,29.837,23.237,4.62,7.453,6.302
10420,0.751,37.677,24.929,29.856,23.244,4.822,7.574,6.262
10421,0.757,37.611,24.972,29.846,23.244,4.702,7.454,6.302
10422,0.748,37.745,24.945,29.904,23.247,4.701,7.493,6.262
10423,0.751,37.852,24.949,29.847,23.247,4.742,7.494,6.262
10424,0.761,37.958,24.964,29.865,23.254,4.783,7.656,6.424
10425,0.777,37.125,24.992,29.875,23.258,4.824,7.536,6.304
10426,0.771,37.222,24.961,29.846,23.258,4.743,7.494,6.302
10427,0.78,37.348,24.918,29.856,23.254,4.742,7.534,6.343
10428,0.777,37.426,24.933,29.846,23.254,4.864,7.494,6.466
10429,0.787,37.35,24.96,29.875,23.251,4.784,7.494,6.345
10430,0.793,37.455,24.945,29.837,23.237,4.58,7.331,6.181
10431,0.78,37.552,24.953,29.846,23.251,4.7,7.573,6.301
10432,0.79,37.639,24.933,29.856,23.251,4.782,7.454,6.221
10433,0.784,37.362,24.945,29.846,23.247,4.661,7.452,6.302
10434,0.771,37.483,24.98,29.846,23.244,4.782,7.452,6.302
10435,0.774,37.609,24.996,29.865,23.258,4.824,7.534,6.506
10436,0.774,37.687,25.0,29.885,23.268,4.824,7.575,6.386
10437,0.758,37.4,24.953,29.846,23.251,4.783,7.535,6.385
10438,0.757,37.513,24.992,29.846,23.254,4.783,7.494,6.344
10439,0.761,37.629,24.949,29.856,23.254,4.742,7.494,6.384
10440,0.748,37.659,24.937,29.856,23.261,4.783,7.534,6.385
10441,0.754,37.362,24.96,29.837,23.241,4.661,7.412,6.222
10442,0.741,37.464,24.883,29.846,23.247,4.782,7.533,6.342
10443,0.76,37.59,24.956,29.846,23.244,4.742,7.453,6.303
10444,0.761,37.39,24.933,29.837,23.247,4.742,7.412,6.343
10445,0.761,37.254,24.988,29.836,23.24,4.661,7.411,6.262
10446,0.777,37.386,24.977,29.846,23.254,4.822,7.493,6.465
10447,0.784,37.522,24.957,29.875,23.265,4.865,7.575,6.386
10448,0.774,37.265,24.98,29.846,23.251,4.702,7.413,6.385
10449,0.787,37.367,24.953,29.856,23.251,4.742,7.411,6.385
10450,0.8,37.484,24.945,29.846,23.254,4.742,7.493,6.385
10451,0.794,37.6,24.953,29.846,23.254,4.823,7.494,6.344
10452,0.784,37.227,24.976,29.827,23.24,4.702,7.371,6.221
10453,0.784,37.348,24.926,29.846,23.244,4.742,7.411,6.261
10454,0.774,37.464,24.949,29.837,23.251,4.783,7.452,6.262
10455,0.777,37.552,24.988,29.827,23.244,4.661,7.371,6.302
10456,0.774,37.179,24.922,29.808,23.251,4.7,7.33,6.221
10457,0.771,37.328,24.949,29.836,23.247,4.742,7.492,6.383
10458,0.774,37.493,24.992,29.875,23.265,4.864,7.453,6.303
10459,0.774,37.533,24.965,29.856,23.248,4.743,7.452,6.343
10460,0.764,37.255,24.953,29.856,23.251,4.783,7.452,6.343
10461,0.761,37.386,24.98,29.856,23.251,4.742,7.412,6.343
10462,0.764,37.512,24.894,29.856,23.258,4.783,7.452,6.303
10463,0.757,37.533,24.921,29.808,23.241,4.702,7.168,6.18
10464,0.757,37.581,24.925,29.817,23.247,4.742,7.328,6.301
10465,0.761,37.735,24.968,29.836,23.251,4.742,7.289,6.221
10466,0.774,37.842,24.937,29.827,23.244,4.783,7.207,6.302
10467,0.771,37.843,24.96,29.817,23.247,4.742,7.165,6.262
10468,0.787,36.913,24.937,29.836,23.254,4.783,7.368,6.465
10469,0.797,37.086,24.972,29.875,23.251,4.783,7.289,6.304
10470,0.787,37.164,24.969,29.837,23.251,4.702,7.288,6.302
10471,0.784,37.395,24.957,29.836,23.247,4.823,7.247,6.343
10472,0.8,37.321,24.98,29.836,23.254,4.824,7.247,6.384
10473,0.794,37.464,24.926,29.836,23.254,4.824,7.288,6.344
10474,0.78,37.513,24.952,29.798,23.24,4.743,7.085,6.181
10475,0.771,37.092,24.98,29.807,23.247,4.823,7.205,6.301
10476,0.774,37.155,24.941,29.836,23.251,4.783,7.165,6.262
10477,0.758,37.28,24.953,29.808,23.251,4.742,7.165,6.221
10478,0.761,37.348,24.929,29.807,23.244,4.783,7.124,6.18
10479,0.761,37.157,24.941,29.836,23.258,4.824,7.205,6.383
10480,0.767,37.309,24.972,29.875,23.258,4.946,7.165,6.303
10481,0.754,37.406,24.984,29.837,23.251,4.825,7.165,6.262
10482,0.754,37.484,24.969,29.894,23.251,4.824,7.124,6.343
10483,0.764,36.986,24.902,29.856,23.254,4.824,7.124,6.343
10484,0.774,37.106,24.909,29.846,23.254,4.824,7.124,6.343
10485,0.771,37.232,24.941,29.808,23.24,4.661,7.043,6.1
10486,0.757,37.252,24.937,29.807,23.251,4.7,7.082,6.3
10487,0.774,37.108,24.937,29.826,23.254,4.823,7.042,6.262
10488,0.774,37.251,24.921,29.836,23.251,4.824,7.001,6.221
10489,0.78,37.377,24.921,29.827,23.244,4.702,7.001,6.22
10490,0.784,37.426,24.952,29.798,23.251,4.701,7.041,6.302
10491,0.787,37.043,24.964,29.855,23.265,4.904,7.123,6.343
10492,0.79,37.164,24.953,29.817,23.254,4.825,7.002,6.303
10493,0.777,37.28,24.918,29.817,23.251,4.824,7.001,6.302
10494,0.767,37.31,24.984,29.836,23.258,4.824,7.041,6.343
10495,0.767,37.023,24.922,29.827,23.254,4.824,7.001,6.343
10496,0.77,37.154,24.941,29.827,23.251,4.661,6.879,6.181
10497,0.754,37.222,24.91,29.769,23.244,4.741,6.918,6.261
10498,0.761,37.262,24.941,29.797,23.251,4.742,6.959,6.221
10499,0.761,37.07,24.937,29.817,23.251,4.783,6.878,6.22
10500,0.748,37.202,24.941,29.798,23.247,4.702,6.837,6.22
10501,0.747,37.3,24.964,29.798,23.251,4.782,6.877,6.342
10502,0.751,37.08,24.976,29.846,23.265,4.864,7.0,6.384
10503,0.761,37.03,24.933,29.798,23.248,4.743,6.919,6.222
10504,0.761,37.145,24.98,29.826,23.247,4.823,6.878,6.302
10505,0.761,37.251,24.98,29.827,23.254,4.824,6.959,6.262
10506,0.77,36.917,24.961,29.827,23.254,4.824,6.96,6.302
10507,0.767,37.028,24.945,29.827,23.24,4.661,6.797,6.18
10508,0.757,37.116,24.921,29.798,23.24,4.741,6.836,6.261
10509,0.764,37.232,24.937,29.817,23.247,4.742,6.796,6.18
10510,0.777,36.945,24.925,29.798,23.247,4.783,6.795,6.139
10511,0.761,37.067,24.945,29.788,23.247,4.702,6.795,6.138
10512,0.767,37.212,24.921,29.807,23.247,4.742,6.917,6.219
10513,0.767,37.3,24.964,29.846,23.258,4.945,6.959,6.342
10514,0.767,36.984,24.965,29.817,23.247,4.785,6.838,6.221
10515,0.77,37.096,24.984,29.827,23.254,4.783,6.837,6.342
10516,0.754,37.222,24.957,29.827,23.251,4.824,6.837,6.303
10517,0.748,37.3,24.957,29.827,23.254,4.824,6.877,6.302
10518,0.751,36.946,24.925,29.817,23.251,4.743,6.755,6.099
10519,0.748,37.038,24.913,29.788,23.244,4.661,6.754,6.178
10520,0.754,37.193,24.921,29.817,23.251,4.822,6.876,6.261
10521,0.748,37.233,24.941,29.817,23.247,4.743,6.877,6.18
10522,0.734,36.907,24.918,29.807,23.251,4.701,6.877,6.179
10523,0.738,37.038,24.925,29.788,23.24,4.701,6.877,6.22
10524,0.751,37.164,24.956,29.836,23.261,4.904,7.121,6.342
10525,0.764,37.223,25.007,29.836,23.254,4.865,7.043,6.181
10526,0.751,36.878,24.985,29.827,23.251,4.784,7.123,6.261
10527,0.761,37.009,24.957,29.808,23.251,4.783,7.083,6.343
10528,0.764,37.096,24.941,29.817,23.261,4.824,7.164,6.343
10529,0.764,37.078,24.937,29.817,23.254,4.783,7.165,6.221
10530,0.767,36.924,24.949,29.779,23.244,4.702,7.043,6.098
10531,0.761,37.048,24.906,29.807,23.251,4.823,7.204,6.178
10532,0.777,37.174,24.898,29.798,23.244,4.743,7.165,6.179
10533,0.764,36.791,24.925,29.807,23.247,4.742,7.124,6.179
10534,0.751,36.854,24.968,29.807,23.251,4.661,7.124,6.22
10535,0.761,36.999,24.93,29.798,23.254,4.822,7.327,6.302
10536,0.757,37.135,24.953,29.855,23.258,4.865,7.37,6.262
10537,0.744,36.963,24.941,29.827,23.251,4.743,7.289,6.18
10538,0.741,37.125,24.941,29.798,23.254,4.783,7.247,6.301
10539,0.741,37.251,24.914,29.807,23.247,4.783,7.328,6.262
10540,0.744,37.329,24.929,29.807,23.251,4.783,7.329,6.343
10541,0.738,36.783,24.937,29.807,23.251,4.702,7.126,6.14
10542,0.725,36.893,24.933,29.779,23.247,4.701,7.205,6.219
10543,0.734,37.047,24.906,29.807,23.247,4.701,7.206,6.261
10544,0.741,37.097,24.937,29.807,23.244,4.742,7.247,6.18
10545,0.738,36.973,24.964,29.798,23.247,4.742,7.125,6.22
10546,0.741,37.125,24.953,29.798,23.251,4.783,7.205,6.261
10547,0.76,37.261,24.953,29.836,23.258,4.905,7.409,6.343
10548,0.774,37.319,24.922,29.808,23.251,4.784,7.289,6.221
10549,0.771,36.812,24.91,29.817,23.244,4.824,7.288,6.261
10550,0.78,36.951,24.984,29.798,23.251,4.824,7.247,6.221
10551,0.777,37.057,24.906,29.826,23.254,4.905,7.369,6.261
10552,0.774,37.097,24.937,29.827,23.244,4.744,7.208,6.139
10553,0.754,36.905,24.921,29.779,23.24,4.783,7.287,6.26
10554,0.761,37.057,24.972,29.797,23.251,4.742,7.247,6.221
10555,0.757,37.174,24.953,29.798,23.251,4.742,7.206,6.139
10556,0.738,37.472,24.922,29.778,23.254,4.701,7.125,6.138
10557,0.741,36.948,24.917,29.797,23.251,4.782,7.205,6.219
10558,0.741,37.115,24.949,29.817,23.261,4.864,7.328,6.342
10559,0.734,37.193,24.921,29.798,23.251,4.743,7.167,6.221
10560,0.734,36.859,24.945,29.798,23.244,4.783,7.287,6.22
10561,0.741,36.855,24.925,29.807,23.251,4.742,7.247,6.302
10562,0.741,36.989,24.937,29.817,23.254,4.823,7.247,6.302
10563,0.738,37.077,24.921,29.807,23.247,4.743,7.044,6.18
10564,0.738,36.838,24.937,29.779,23.24,4.742,7.164,6.22
10565,0.747,36.97,24.941,29.788,23.258,4.742,7.124,6.22
10566,0.751,37.096,24.937,29.798,23.251,4.742,7.165,6.18
10567,0.744,37.184,24.925,29.798,23.247,4.661,7.084,6.22
10568,0.754,36.715,24.906,29.798,23.251,4.741,7.205,6.302
10569,0.77,36.902,24.941,29.836,23.258,4.864,7.287,6.465
10570,0.78,36.999,24.999,29.798,23.251,4.784,7.166,6.264
10571,0.767,37.077,24.922,29.807,23.247,4.824,7.124,6.302
10572,0.78,36.838,24.968,29.798,23.251,4.783,7.124,6.343
10573,0.754,36.98,24.922,29.807,23.254,4.864,7.205,6.343
10574,0.751,37.096,24.964,29.807,23.251,4.743,7.125,6.221
10575,0.744,37.126,24.945,29.759,23.24,4.661,7.043,6.261
10576,0.741,36.762,24.925,29.797,23.251,4.782,7.082,6.262
10577,0.734,36.883,24.941,29.778,23.251,4.742,7.123,6.262
10578,0.734,36.999,24.925,29.778,23.24,4.701,7.002,6.221
10579,0.725,37.029,24.917,29.778,23.24,4.701,7.123,6.302
10580,0.728,36.847,24.964,29.817,23.261,4.863,7.327,6.547
10581,0.744,36.999,24.941,29.836,23.251,4.824,7.167,6.305
10582,0.738,37.096,24.964,29.798,23.254,4.783,7.287,6.343
10583,0.738,37.126,24.926,29.807,23.251,4.783,7.288,6.343
10584,0.747,36.915,24.941,29.798,23.258,4.824,7.41,6.384
10585,0.747,37.057,25.003,29.798,23.254,4.824,7.371,6.303
10586,0.741,37.116,24.938,29.769,23.244,4.743,7.208,6.221
10587,0.751,36.887,24.957,29.788,23.247,4.783,7.369,6.261
10588,0.754,36.788,24.89,29.798,23.244,4.702,7.37,6.343
10589,0.748,36.912,24.917,29.788,23.247,4.782,7.37,6.221
10590,0.747,37.009,24.925,29.769,23.254,4.702,7.289,6.302
10591,0.76,36.837,24.925,29.778,23.258,4.823,7.451,6.425
10592,0.761,36.98,24.949,29.836,23.268,4.946,7.493,6.466
10593,0.764,37.077,24.914,29.788,23.254,4.785,7.453,6.386
10594,0.741,37.174,24.968,29.798,23.261,4.783,7.493,6.385
10595,0.738,36.82,24.941,29.807,23.251,4.824,7.371,6.385
10596,0.744,36.951,24.945,29.817,23.254,4.865,7.411,6.344
10597,0.734,37.077,24.941,29.769,23.244,4.743,7.289,6.181
10598,0.725,37.116,24.945,29.797,23.247,4.783,7.369,6.342
10599,0.731,36.743,24.918,29.798,23.251,4.742,7.33,6.303
10600,0.725,36.864,24.941,29.788,23.244,4.701,7.289,6.343
10601,0.721,36.98,24.937,29.769,23.247,4.742,7.288,6.303
10602,0.721,37.058,24.914,29.778,23.247,4.823,7.41,6.343
10603,0.734,36.828,24.937,29.836,23.261,4.946,7.411,6.506
10604,0.754,36.932,24.949,29.798,23.247,4.785,7.289,6.345
10605,0.738,37.038,25.0,29.798,23.251,4.783,7.369,6.384
10606,0.747,37.097,24.977,29.798,23.254,4.864,7.37,6.425
10607,0.754,36.858,24.953,29.817,23.251,4.824,7.411,6.426
10608,0.751,36.97,24.925,29.807,23.251,4.783,7.289,6.304
10609,0.751,37.058,24.906,29.769,23.24,4.783,7.288,6.262
10610,0.761,37.097,24.972,29.797,23.247,4.742,7.247,6.384
10611,0.767,36.79,24.93,29.759,23.251,4.742,7.206,6.303
10612,0.764,36.922,24.914,29.778,23.24,4.742,7.287,6.302
10613,0.748,37.009,24.898,29.759,23.244,4.823,7.247,6.384
10614,0.754,37.058,24.948,29.816,23.261,4.905,7.45,6.466
10615,0.761,36.838,24.972,29.798,23.251,4.784,7.371,6.426
10616,0.748,36.951,24.965,29.788,23.254,4.783,7.37,6.385
10617,0.741,37.048,24.941,29.778,23.251,4.864,7.411,6.385
10618,0.747,38.41,24.941,29.807,23.261,4.865,7.452,6.466
10619,0.751,38.674,24.921,29.788,23.251,4.784,7.371,6.345
10620,0.728,38.734,24.925,29.778,23.24,4.742,7.37,6.343
10621,0.731,38.82,24.921,29.797,23.251,4.783,7.37,6.343
10622,0.734,35.964,24.898,29.798,23.251,4.824,7.37,6.343
10623,0.744,35.993,24.878,29.778,23.244,4.743,7.289,6.303
10624,0.744,36.118,24.929,29.769,23.244,4.742,7.288,6.262
10625,0.754,36.253,24.984,29.807,23.261,4.905,7.532,6.465
10626,0.767,36.907,24.976,29.807,23.254,4.825,7.412,6.386
10627,0.754,37.028,24.949,29.798,23.251,4.824,7.411,6.385
10628,0.761,37.145,24.906,29.798,23.258,4.783,7.371,6.385
10629,0.764,37.232,24.952,29.807,23.251,4.864,7.411,6.425
10630,0.764,36.485,24.972,29.798,23.254,4.824,7.33,6.304
10631,0.764,36.612,24.859,29.778,23.237,4.661,7.207,6.221
10632,0.761,36.728,24.913,29.797,23.254,4.782,7.287,6.302
10633,0.754,36.796,24.929,29.798,23.247,4.742,7.247,6.302
10634,0.757,36.672,24.949,29.759,23.244,4.701,7.206,6.343
10635,0.748,36.815,24.937,29.759,23.244,4.742,7.165,6.262
10636,0.751,36.951,24.867,29.788,23.251,4.783,7.368,6.465
10637,0.761,37.038,24.948,29.817,23.254,4.864,7.33,6.304
10638,0.738,36.569,24.879,29.769,23.251,4.824,7.248,6.343
10639,0.741,36.718,24.932,29.778,23.251,4.824,7.206,6.384
10640,0.741,36.835,24.988,29.788,23.251,4.824,7.287,6.466
10641,0.741,37.037,24.934,29.807,23.258,4.743,7.207,6.345
10642,0.728,36.751,24.945,29.769,23.244,4.62,7.084,6.262
10643,0.728,36.844,24.91,29.788,23.247,4.741,7.164,6.262
10644,0.747,36.98,24.952,29.788,23.254,4.742,7.124,6.302
10645,0.741,36.665,24.925,29.769,23.247,4.661,7.083,6.302
10646,0.751,36.652,24.917,29.778,23.237,4.66,7.123,6.221
10647,0.754,36.776,24.933,29.778,23.251,4.741,7.124,6.464
10648,0.764,36.912,24.914,29.855,23.254,4.905,7.165,6.426
10649,0.764,36.539,24.909,29.798,23.251,4.744,7.124,6.426
10650,0.764,36.641,24.956,29.788,23.251,4.742,7.124,6.385
10651,0.764,36.757,24.914,29.807,23.251,4.823,7.124,6.344
10652,0.774,36.883,24.929,29.807,23.258,4.865,7.124,6.343
10653,0.771,36.501,24.953,29.769,23.244,4.702,6.921,6.14
10654,0.751,36.602,24.968,29.769,23.251,4.782,7.163,6.301
10655,0.757,36.747,24.91,29.788,23.251,4.824,7.084,6.302
10656,0.748,36.825,24.866,29.788,23.247,4.743,7.002,6.262
10657,0.738,36.442,24.897,29.778,23.244,4.661,7.001,6.221
10658,0.738,36.582,24.859,29.797,23.254,4.822,7.123,6.383
10659,0.751,36.757,24.932,29.826,23.265,4.865,7.043,6.385
10660,0.744,36.777,24.976,29.798,23.254,4.784,7.042,6.344
10661,0.731,36.528,24.918,29.778,23.254,4.742,6.96,6.303
10662,0.721,36.679,24.937,29.807,23.258,4.783,7.0,6.302
10663,0.737,36.796,24.937,29.798,23.258,4.824,6.96,6.262
10664,0.738,36.807,24.968,29.769,23.244,4.661,6.838,6.18
10665,0.738,36.423,24.914,29.778,23.251,4.782,6.877,6.383
10666,0.754,36.582,24.929,29.788,23.244,4.742,6.796,6.263
10667,0.754,36.689,24.914,29.788,23.247,4.701,6.836,6.221
10668,0.751,36.719,24.859,29.769,23.244,4.742,6.796,6.18
10669,0.767,36.566,24.921,29.788,23.251,4.823,6.836,6.423
10670,0.787,36.718,24.956,29.817,23.261,4.905,6.877,6.304
10671,0.767,36.796,24.898,29.779,23.251,4.744,6.837,6.262
10672,0.77,36.557,24.913,29.797,23.251,4.783,6.877,6.302
10673,0.764,36.354,24.941,29.788,23.254,4.824,6.877,6.343
10674,0.757,36.495,25.023,29.798,23.254,4.865,6.918,6.343
10675,0.748,36.573,24.899,29.778,23.24,4.702,6.715,6.14
10676,0.731,36.382,24.96,29.769,23.251,4.782,6.876,6.219
10677,0.738,36.524,24.937,29.778,23.247,4.742,6.796,6.22
10678,0.738,36.641,24.898,29.778,23.247,4.701,6.836,6.22
10679,0.734,36.728,24.913,29.769,23.244,4.66,6.837,6.22
10680,0.731,36.365,24.945,29.778,23.244,4.741,6.877,6.302
10681,0.747,36.534,24.925,29.807,23.261,4.945,7.0,6.343
10682,0.734,36.631,24.921,29.788,23.251,4.744,6.919,6.343
10683,0.738,36.7,24.937,29.778,23.247,4.742,6.878,6.303
10684,0.747,37.055,24.988,29.778,23.254,4.823,6.959,6.302
10685,0.754,37.202,24.922,29.807,23.254,4.824,6.919,6.343
10686,0.754,37.309,24.945,29.788,23.247,4.743,6.837,6.303
10687,0.748,37.358,24.898,29.769,23.247,4.742,6.877,6.343
10688,0.764,36.064,24.952,29.788,23.247,4.783,6.837,6.343
10689,0.754,36.195,24.922,29.778,23.244,4.702,6.877,6.303
10690,0.757,36.292,24.949,29.759,23.24,4.701,6.837,6.221
10691,0.761,36.36,24.941,29.816,23.247,4.701,6.877,6.302
10692,0.774,36.438,24.914,29.807,23.265,4.904,7.0,6.425
10693,0.764,36.573,24.945,29.779,23.251,4.825,6.919,6.263
10694,0.754,36.67,24.972,29.778,23.258,4.783,6.837,6.343
10695,0.757,36.719,24.898,29.797,23.251,4.783,6.918,6.384
10696,0.751,36.288,24.917,29.798,23.254,4.783,6.919,6.344
10697,0.744,36.408,24.909,29.798,23.254,4.783,6.837,6.221
10698,0.731,36.505,24.886,29.759,23.244,4.661,6.999,6.302
10699,0.738,36.746,24.905,29.788,23.244,4.741,6.919,6.221
10700,0.728,36.384,24.968,29.788,23.251,4.742,6.878,6.261
10701,0.728,36.524,24.89,29.778,23.244,4.661,6.796,6.343
10702,0.731,36.612,24.913,29.759,23.251,4.782,6.836,6.343
10703,0.734,36.21,24.937,29.797,23.251,4.946,7.04,6.425
10704,0.757,36.254,24.957,29.788,23.251,4.825,6.92,6.304
10705,0.741,36.36,24.937,29.778,23.251,4.824,7.0,6.343
10706,0.751,36.467,24.89,29.788,23.251,4.783,7.041,6.303
10707,0.761,36.228,24.937,29.798,23.251,4.824,7.001,6.343
10708,0.748,36.331,24.89,29.817,23.251,4.783,6.96,6.262
10709,0.757,36.457,24.89,29.74,23.237,4.661,6.878,6.221
10710,0.761,36.554,24.96,29.768,23.251,4.7,7.0,6.302
10711,0.77,36.133,24.957,29.797,23.247,4.742,6.96,6.262
10712,0.777,36.282,24.894,29.759,23.247,4.701,6.96,6.221
10713,0.761,36.389,24.925,29.759,23.244,4.66,6.919,6.302
10714,0.757,36.467,24.96,29.807,23.258,4.944,7.163,6.425
10715,0.764,36.17,24.902,29.798,23.251,4.825,7.043,6.304
10716,0.738,36.263,24.905,29.778,23.251,4.783,7.001,6.343
10717,0.738,36.379,24.917,29.788,23.251,4.824,7.082,6.343
10718,0.741,36.467,24.882,29.788,23.254,4.824,7.123,6.343
10719,0.741,36.228,24.901,29.798,23.251,4.783,7.124,6.303
10720,0.725,36.341,24.976,29.769,23.237,4.661,7.083,6.262
10721,0.724,36.447,24.91,29.797,23.247,4.782,7.164,6.302
10722,0.731,36.506,24.909,29.769,23.244,4.702,7.165,6.262
10723,0.728,36.19,24.925,29.769,23.247,4.66,7.084,6.262
10724,0.728,36.302,24.933,29.759,23.24,4.7,7.123,6.262
10725,0.741,36.437,24.882,29.797,23.254,4.782,7.287,6.384
10726,0.764,36.496,24.913,29.817,23.258,4.783,7.166,6.344
10727,0.748,36.228,24.925,29.788,23.251,4.702,7.287,6.343
10728,0.754,36.389,24.82,29.798,23.254,4.742,7.207,6.384
10729,0.767,36.486,24.905,29.788,23.251,4.742,7.165,6.303
10730,0.774,36.247,24.976,29.778,23.247,4.742,7.206,6.343
10731,0.744,36.197,24.926,29.759,23.24,4.701,7.084,6.221
10732,0.76,36.34,24.925,29.778,23.251,4.66,7.123,6.302
10733,0.761,36.447,24.941,29.778,23.247,4.741,7.165,6.221
10734,0.741,36.103,24.949,29.778,23.247,4.661,7.124,6.302
10735,0.741,36.224,24.902,29.769,23.244,4.7,7.165,6.221
10736,0.741,36.35,24.898,29.788,23.254,4.782,7.287,6.383
10737,0.741,36.476,24.909,29.817,23.254,4.824,7.207,6.303
10738,0.741,36.017,24.847,29.788,23.247,4.743,7.165,6.343
10739,0.741,36.166,24.878,29.778,23.244,4.783,7.165,6.303
10740,0.734,36.302,24.975,29.769,23.251,4.742,7.206,6.384
10741,0.738,36.38,24.891,29.817,23.258,4.823,7.165,6.303
10742,0.731,36.064,24.909,29.76,23.241,4.702,7.043,6.14
10743,0.725,36.214,24.925,29.778,23.247,4.782,7.123,6.301
10744,0.741,36.331,24.956,29.778,23.251,4.742,7.124,6.302
10745,0.744,36.399,24.89,29.75,23.244,4.62,7.165,6.221
10746,0.744,36.055,24.89,29.749,23.244,4.659,7.124,6.302
10747,0.747,36.224,24.901,29.797,23.258,4.782,7.287,6.506
10748,0.764,36.36,24.941,29.807,23.254,4.864,7.247,6.345
10749,0.764,36.371,24.902,29.779,23.251,4.784,7.206,6.384
10750,0.764,36.026,24.952,29.778,23.251,4.783,7.206,6.303
10751,0.767,36.166,24.941,29.788,23.261,4.783,7.165,6.302
10752,0.77,36.283,24.925,29.798,23.251,4.742,7.165,6.302
10753,0.754,36.274,24.952,29.75,23.237,4.62,7.084,6.221
10754,0.757,36.053,24.957,29.778,23.247,4.7,7.123,6.302
10755,0.748,36.176,24.894,29.788,23.247,4.823,7.083,6.262
10756,0.741,36.292,24.929,29.769,23.244,4.661,7.042,6.302
10757,0.738,36.236,24.917,29.749,23.237,4.7,7.042,6.221
10758,0.744,36.12,24.902,29.797,23.261,4.782,7.204,6.424
10759,0.76,36.253,24.913,29.788,23.254,4.783,7.084,6.263
10760,0.751,36.312,24.98,29.778,23.251,4.742,7.123,6.343
10761,0.735,36.015,24.887,29.807,23.251,4.701,7.083,6.343
10762,0.741,36.118,24.89,29.788,23.251,4.823,7.083,6.384
10763,0.744,36.234,24.929,29.778,23.247,4.824,7.123,6.222
10764,0.747,36.322,24.96,29.759,23.237,4.58,7.002,6.302
10765,0.734,35.977,24.886,29.769,23.251,4.74,7.082,6.302
10766,0.757,36.127,24.905,29.778,23.247,4.783,7.083,6.262
10767,0.761,36.225,24.921,29.778,23.247,4.661,7.002,6.262
10768,0.764,36.321,24.913,29.826,23.24,4.619,6.96,6.221
10769,0.774,35.939,24.886,29.788,23.254,4.822,7.122,6.464
10770,0.787,36.108,24.972,29.798,23.258,4.824,7.083,6.304
10771,0.774,36.215,24.926,29.798,23.251,4.702,7.042,6.262
10772,0.774,36.293,24.898,29.788,23.254,4.823,7.001,6.302
10773,0.767,36.207,24.944,29.798,23.254,4.824,7.041,6.343
10774,0.751,36.34,24.988,29.778,23.254,4.783,7.042,6.303
10775,0.754,36.447,24.914,29.74,23.244,4.661,6.879,6.18
10776,0.748,36.496,24.913,29.768,23.251,4.741,7.0,6.22
10777,0.754,35.826,24.925,29.759,23.24,4.742,6.96,6.261
10778,0.741,35.943,24.882,29.769,23.251,4.661,6.919,6.18
10779,0.741,36.079,24.89,29.759,23.244,4.741,6.878,6.22
10780,0.738,36.119,24.964,29.778,23.247,4.823,7.121,6.383
10781,0.757,36.052,24.906,29.836,23.258,4.865,7.043,6.425
10782,0.735,36.166,24.913,29.779,23.251,4.743,6.96,6.222
10783,0.731,36.263,24.933,29.778,23.251,4.742,7.041,6.261
10784,0.751,36.59,24.992,29.788,23.254,4.823,7.042,6.262
10785,0.751,35.98,24.938,29.788,23.254,4.824,7.042,6.302
10786,0.754,36.108,24.902,29.769,23.247,4.743,6.92,6.099
10787,0.748,36.186,24.905,29.749,23.244,4.742,7.041,6.3
10788,0.754,35.976,24.909,29.778,23.247,4.783,7.042,6.221
10789,0.764,36.012,24.894,29.759,23.251,4.702,6.96,6.18
10790,0.757,36.137,24.964,29.769,23.244,4.701,6.96,6.139
10791,0.757,36.225,24.863,29.778,23.251,4.742,7.041,6.26
10792,0.774,35.9,24.932,29.817,23.261,4.864,7.204,6.302
10793,0.774,36.021,24.941,29.779,23.251,4.784,7.003,6.221
10794,0.761,36.118,24.964,29.778,23.251,4.824,7.123,6.302
10795,0.751,36.224,24.937,29.788,23.251,4.783,7.083,6.343
10796,0.754,35.804,24.953,29.798,23.254,4.742,7.123,6.303
10797,0.748,35.953,24.925,29.788,23.247,4.742,7.083,6.14
10798,0.741,36.05,24.843,29.759,23.244,4.661,7.083,6.219
10799,0.744,36.147,24.897,29.778,23.247,4.741,6.961,6.18
10800,0.738,35.908,24.948,29.769,23.254,4.783,6.96,6.261
10801,0.734,36.05,24.882,29.778,23.237,4.702,6.96,6.221
10802,0.738,36.166,24.905,29.769,23.247,4.782,7.0,6.261
10803,0.747,36.244,24.937,29.807,23.265,4.905,7.123,6.465
10804,0.76,35.89,24.988,29.779,23.254,4.784,7.043,6.264
10805,0.741,36.002,24.898,29.769,23.244,4.783,7.042,6.343
10806,0.747,36.108,24.89,29.788,23.247,4.783,7.001,6.221
10807,0.764,36.167,24.929,29.788,23.258,4.824,7.041,6.342
10808,0.761,35.88,24.925,29.788,23.258,4.783,7.082,6.262
10809,0.764,35.982,24.906,29.759,23.244,4.661,6.88,6.18
10810,0.767,36.098,24.925,29.778,23.247,4.741,7.0,6.22
10811,0.77,36.138,24.945,29.769,23.251,4.742,6.96,6.18
10812,0.767,35.956,24.906,29.759,23.24,4.661,6.919,6.22
10813,0.761,36.079,24.96,29.749,23.244,4.66,7.0,6.22
10814,0.757,36.195,24.953,29.788,23.251,4.863,7.123,6.424
10815,0.774,36.072,24.922,29.865,23.265,4.824,7.124,6.304
10816,0.764,35.956,24.882,29.77,23.251,4.702,7.083,6.262
10817,0.754,36.06,24.897,29.769,23.251,4.701,7.083,6.262
10818,0.754,36.166,24.929,29.778,23.251,4.863,7.123,6.343
10819,0.754,35.841,24.929,29.788,23.251,4.824,7.043,6.303
10820,0.748,35.915,24.929,29.759,23.244,4.702,7.001,6.18
10821,0.734,36.021,24.937,29.769,23.244,4.782,7.001,6.301
10822,0.744,36.147,24.91,29.778,23.251,4.783,7.082,6.262
10823,0.751,35.793,24.952,29.769,23.244,4.661,6.961,6.262
10824,0.764,35.914,24.941,29.769,23.251,4.741,7.041,6.262
10825,0.761,36.031,24.921,29.778,23.251,4.783,7.082,6.302
10826,0.78,36.166,24.882,29.807,23.265,4.905,7.164,6.425
10827,0.78,35.861,24.893,29.779,23.251,4.703,7.043,6.263
10828,0.793,35.973,24.905,29.778,23.254,4.742,7.001,6.262
10829,0.797,36.089,24.921,29.778,23.247,4.783,7.001,6.384
10830,0.8,36.157,24.894,29.788,23.261,4.824,7.082,6.303
10831,0.81,35.717,24.909,29.769,23.247,4.661,6.961,6.14
10832,0.807,35.818,24.902,29.74,23.247,4.782,7.0,6.179
10833,0.816,35.943,24.972,29.787,23.247,4.783,7.001,6.22
10834,0.813,36.012,24.957,29.769,23.247,4.702,6.96,6.302
10835,0.81,35.878,24.941,29.749,23.244,4.782,6.919,6.18
10836,0.82,36.002,24.941,29.768,23.251,4.742,7.0,6.342
10837,0.83,36.156,24.941,29.797,23.261,4.864,7.204,6.384
10838,0.826,36.177,24.925,29.778,23.251,4.784,7.003,6.222
10839,0.826,35.861,24.913,29.759,23.251,4.783,7.041,6.302
10840,0.826,35.973,24.945,29.778,23.258,4.824,7.082,6.302
10841,0.836,36.118,24.933,29.797,23.254,4.783,7.042,6.262
10842,0.826,36.119,24.898,29.778,23.251,4.661,6.92,6.139
10843,0.813,35.678,24.948,29.75,23.247,4.741,7.0,6.26
10844,0.836,35.827,24.949,29.778,23.247,4.742,7.001,6.139
10845,0.83,35.924,24.902,29.778,23.251,4.742,6.96,6.179
10846,0.833,35.733,24.917,29.75,23.244,4.661,6.96,6.139
10847,0.836,35.837,24.902,29.768,23.251,4.7,7.163,6.26
10848,0.839,35.982,24.933,29.817,23.261,4.863,7.287,6.343
10849,0.852,36.089,24.921,29.788,23.247,4.784,7.125,6.221
10850,0.843,35.678,24.902,29.759,23.251,4.824,7.165,6.302
10851,0.846,35.817,24.898,29.778,23.251,4.824,7.246,6.302
10852,0.862,35.943,24.886,29.769,23.254,4.824,7.328,6.343
10853,0.859,36.021,24.913,29.759,23.251,4.702,7.126,6.14
10854,0.84,35.744,24.913,29.759,23.251,4.701,7.287,6.301
10855,0.862,35.904,24.925,29.769,23.251,4.782,7.207,6.221
10856,0.856,36.021,24.937,29.778,23.247,4.742,7.165,6.18
10857,0.846,36.061,24.921,29.759,23.244,4.742,7.206,6.179
10858,0.843,35.677,24.949,29.759,23.247,4.783,7.287,6.301
10859,0.846,35.836,24.918,29.807,23.261,4.864,7.369,6.343
10860,0.84,35.934,24.933,29.769,23.247,4.743,7.248,6.262
10861,0.826,35.993,24.929,29.778,23.251,4.742,7.288,6.302
10862,0.849,35.734,24.867,29.788,23.254,4.783,7.207,6.343
10863,0.853,35.885,24.936,29.778,23.247,4.824,7.247,6.262
10864,0.872,35.982,24.945,29.778,23.247,4.783,7.247,6.139
10865,0.866,36.012,24.851,29.75,23.24,4.661,7.166,6.219
10866,0.869,35.629,24.917,29.759,23.247,4.741,7.124,6.22
10867,0.879,35.759,24.921,29.769,23.251,4.742,7.165,6.18
10868,0.879,35.857,24.933,29.749,23.24,4.742,7.084,6.139
10869,0.863,35.905,24.867,29.749,23.244,4.701,7.205,6.301
10870,0.872,35.676,24.932,29.788,23.258,4.904,7.369,6.302
10871,0.882,35.817,24.914,29.769,23.251,4.784,7.126,6.221
10872,0.866,35.895,24.878,29.778,23.251,4.783,7.205,6.22
10873,0.859,35.676,24.944,29.778,23.254,4.742,7.247,6.22
10874,0.856,35.683,24.933,29.797,23.251,4.823,7.247,6.342
10875,0.853,35.837,24.878,29.807,23.254,4.783,7.206,6.181
10876,0.856,35.915,24.921,29.769,23.244,4.661,7.043,6.139
10877,0.836,35.57,24.902,29.759,23.247,4.741,7.082,6.26
10878,0.843,35.72,24.921,29.769,23.247,4.742,7.123,6.221
10879,0.833,35.818,24.874,29.749,23.244,4.783,7.165,6.18
10880,0.82,35.905,24.944,29.768,23.24,4.702,7.084,6.261
10881,0.81,35.609,24.933,29.749,23.24,4.742,7.164,6.343
10882,0.8,35.769,24.914,29.797,23.265,4.905,7.287,6.384
10883,0.807,35.876,24.941,29.769,23.244,4.703,7.166,6.263
10884,0.8,35.954,24.933,29.769,23.251,4.782,7.043,6.302
10885,0.797,35.484,24.921,29.817,23.254,4.824,7.204,6.302
10886,0.8,35.633,24.902,29.798,23.251,4.783,7.165,6.302
10887,0.797,35.769,24.913,29.798,23.247,4.783,7.084,6.221
10888,0.781,35.799,24.913,29.75,23.237,4.702,7.083,6.302
10889,0.787,35.713,24.906,29.778,23.251,4.782,7.042,6.262
10890,0.784,35.837,24.917,29.759,23.244,4.783,6.96,6.18
10891,0.784,35.953,24.894,29.759,23.244,4.702,7.0,6.179
10892,0.774,36.002,24.894,29.769,23.251,4.701,7.041,6.22
10893,0.771,35.562,24.956,29.797,23.254,4.904,7.164,6.383
10894,0.774,35.739,24.89,29.778,23.251,4.744,7.043,6.303
10895,0.774,35.837,24.905,29.788,23.251,4.742,7.042,6.302
10896,0.761,35.857,24.886,29.798,23.251,4.783,7.042,6.302
10897,0.754,35.618,24.917,29.798,23.254,4.783,7.082,6.343
10898,0.744,35.759,24.913,29.778,23.254,4.824,7.002,6.262
10899,0.731,35.828,24.882,29.74,23.237,4.58,6.757,6.18
10900,0.715,35.771,24.948,29.768,23.247,4.781,6.957,6.301
10901,0.721,35.665,24.921,29.788,23.244,4.742,6.96,6.262
10902,0.702,35.788,24.921,29.769,23.237,4.701,6.919,6.221
10903,0.708,35.914,24.945,29.759,23.24,4.701,6.837,6.22
10904,0.715,35.436,24.929,29.769,23.254,4.863,7.08,6.383
10905,0.728,35.566,24.832,29.836,23.258,4.865,7.002,6.303
10906,0.728,35.663,24.866,29.779,23.247,4.702,7.041,6.302
10907,0.725,35.74,24.901,29.788,23.254,4.823,7.082,6.302
10908,0.734,35.511,24.925,29.759,23.254,4.783,7.123,6.384
10909,0.734,35.672,24.917,29.797,23.261,4.783,7.083,6.303
10910,0.734,35.789,24.909,29.74,23.244,4.661,7.042,6.14
10911,0.718,35.857,24.898,29.749,23.251,4.741,7.123,6.26
10912,0.731,35.455,24.917,29.749,23.251,4.701,7.124,6.262
10913,0.721,35.585,24.976,29.759,23.247,4.701,7.083,6.262
10914,0.711,35.701,24.91,29.759,23.244,4.66,7.083,6.18
10915,0.702,35.789,24.925,29.759,23.251,4.741,7.205,6.383
10916,0.711,35.473,24.886,29.788,23.265,4.864,7.287,6.344
10917,0.695,35.604,24.897,29.778,23.248,4.743,7.166,6.262
10918,0.695,35.702,24.913,29.769,23.251,4.742,7.206,6.343
10919,0.695,35.779,24.902,29.769,23.258,4.701,7.206,6.303
10920,0.692,35.55,24.917,29.778,23.254,4.782,7.247,6.302
10921,0.685,35.682,24.894,29.769,23.244,4.661,7.084,6.221
10922,0.675,35.76,24.898,29.749,23.244,4.7,7.164,6.302
10923,0.691,35.837,24.944,29.768,23.251,4.742,7.246,6.262
10924,0.695,35.56,24.945,29.769,23.247,4.783,7.125,6.221
10925,0.698,35.711,24.918,29.749,23.247,4.62,7.124,6.18
10926,0.698,35.798,24.89,29.768,23.24,4.7,7.165,6.301
10927,0.708,36.077,24.929,29.817,23.258,4.904,7.328,6.425
10928,0.724,35.524,24.906,29.779,23.247,4.784,7.207,6.263
10929,0.708,35.634,24.929,29.769,23.251,4.824,7.247,6.302
10930,0.715,35.731,24.925,29.778,23.244,4.783,7.206,6.221
10931,0.715,35.453,24.925,29.788,23.251,4.783,7.125,6.302
10932,0.734,35.499,24.929,29.769,23.254,4.783,7.124,6.099
10933,0.721,35.585,24.929,29.74,23.24,4.661,7.002,6.178
10934,0.721,35.701,24.921,29.768,23.247,4.782,7.082,6.22
10935,0.702,35.386,24.925,29.759,23.254,4.702,7.042,6.22
10936,0.688,35.508,24.913,29.769,23.244,4.701,7.001,6.18
10937,0.685,35.624,24.921,29.759,23.244,4.62,6.96,6.139
10938,0.695,35.73,24.921,29.778,23.254,4.822,7.204,6.341
10939,0.698,35.473,24.925,29.788,23.254,4.783,7.084,6.181
10940,0.682,35.595,24.91,29.778,23.251,4.742,7.042,6.301
10941,0.679,35.73,24.913,29.788,23.254,4.701,7.082,6.302
10942,0.682,35.799,24.913,29.778,23.251,4.782,7.164,6.302
10943,0.685,35.406,24.921,29.797,23.254,4.783,7.124,6.302
10944,0.701,35.508,24.898,29.75,23.244,4.661,7.002,6.18
10945,0.695,35.643,24.901,29.778,23.247,4.741,7.123,6.179
10946,0.705,35.731,24.886,29.778,23.247,4.742,7.043,6.22
10947,0.708,35.444,24.909,29.759,23.244,4.661,7.082,6.139
10948,0.708,35.575,24.913,29.759,23.244,4.7,7.042,6.138
10949,0.711,35.72,24.956,29.769,23.251,4.742,7.123,6.26
10950,0.724,35.77,24.902,29.817,23.258,4.823,7.205,6.302
10951,0.728,35.377,24.913,29.779,23.251,4.743,7.125,6.262
10952,0.728,35.507,24.937,29.759,23.247,4.823,7.124,6.221
10953,0.728,35.624,24.925,29.778,23.254,4.743,7.205,6.342
10954,0.721,35.644,24.859,29.778,23.254,4.823,7.247,6.221
10955,0.718,35.539,24.874,29.769,23.244,4.661,7.044,6.098
10956,0.695,35.662,24.89,29.749,23.251,4.7,7.164,6.219
10957,0.711,35.788,24.921,29.768,23.251,4.782,7.124,6.22
10958,0.708,35.531,24.906,29.759,23.251,4.742,7.043,6.18
10959,0.715,35.442,24.905,29.759,23.247,4.701,7.042,6.098
10960,0.695,35.566,24.89,29.778,23.247,4.823,7.164,6.341
10961,0.718,35.739,24.921,29.797,23.258,4.865,7.287,6.303
10962,0.698,35.319,24.925,29.769,23.251,4.784,7.166,6.302
10963,0.711,35.421,24.945,29.749,23.247,4.702,7.124,6.221
10964,0.724,35.546,24.89,29.778,23.247,4.863,7.165,6.302
10965,0.724,35.653,24.882,29.797,23.251,4.784,7.165,6.221
10966,0.718,35.347,24.882,29.759,23.247,4.661,7.043,6.098
10967,0.718,35.478,24.886,29.759,23.24,4.7,7.082,6.219
10968,0.724,35.624,24.901,29.778,23.24,4.742,7.083,6.22
10969,0.728,35.711,24.941,29.769,23.244,4.701,7.083,6.18
10970,0.721,35.3,24.878,29.74,23.244,4.701,7.002,6.098
10971,0.721,35.478,24.905,29.74,23.247,4.742,7.041,6.219
10972,0.741,35.614,24.941,29.797,23.261,4.945,7.245,6.302
10973,0.754,35.682,24.96,29.769,23.247,4.785,7.166,6.18
10974,0.741,35.357,24.902,29.769,23.247,4.783,7.124,6.261
10975,0.773,35.498,24.874,29.778,23.254,4.783,7.165,6.262
10976,0.787,35.633,24.897,29.769,23.251,4.783,7.206,6.221
10977,0.813,35.692,24.917,29.769,23.247,4.742,7.165,6.18
10978,0.829,35.252,24.874,29.74,23.237,4.62,7.084,6.057
10979,0.849,35.391,24.897,29.778,23.258,4.741,7.245,6.137
10980,0.882,35.527,24.901,29.759,23.251,4.742,7.206,6.179
10981,0.882,35.547,24.921,29.74,23.247,4.742,7.165,6.098
10982,0.911,35.404,24.902,29.749,23.24,4.783,7.165,6.219
10983,0.918,35.517,24.948,29.788,23.258,4.864,7.287,6.383
10984,0.951,35.681,24.921,29.798,23.258,4.865,7.288,6.263
10985,0.967,35.587,24.913,29.769,23.251,4.784,7.207,6.221
10986,0.987,35.327,24.902,29.769,23.254,4.742,7.247,6.261
10987,1.023,35.478,24.929,29.769,23.247,4.783,7.328,6.221
10988,1.059,35.585,24.914,29.778,23.258,4.864,7.248,6.22
10989,1.112,35.26,24.89,29.769,23.244,4.743,7.166,6.139
10990,1.138,35.295,24.905,29.749,23.251,4.823,7.165,6.219
10991,1.21,35.468,24.921,29.759,23.244,4.865,7.206,6.22
10992,1.26,35.566,24.898,29.759,23.244,4.824,7.206,6.22
10993,1.299,35.241,24.96,29.74,23.24,4.743,7.165,6.22
10994,1.319,35.353,24.914,29.749,23.251,4.864,7.246,6.383
10995,1.332,35.526,24.933,29.797,23.261,5.028,7.328,6.466
10996,1.313,35.586,24.906,29.778,23.254,4.826,7.126,6.467
10997,1.303,35.27,24.913,29.759,23.251,4.824,7.205,6.426
10998,1.306,35.439,24.917,29.769,23.247,4.824,7.206,6.385
10999,1.355,35.575,24.886,29.797,23.251,4.865,7.165,6.507
11000,1.339,35.644,24.909,29.769,23.247,4.784,7.084,6.427
11001,1.306,35.242,24.902,29.73,23.237,4.702,7.164,6.507
11002,1.286,35.381,24.902,29.797,23.247,4.823,7.124,6.467
11003,1.286,35.498,24.968,29.769,23.247,4.783,7.083,6.507
11004,1.293,35.557,24.926,29.749,23.251,4.824,7.002,6.467
11005,1.26,35.279,24.921,29.778,23.24,4.824,7.041,6.507
11006,1.224,35.459,24.913,29.807,23.265,4.946,7.204,6.711
11007,1.185,35.585,24.909,29.798,23.248,4.866,7.043,6.591
11008,1.119,35.605,24.921,29.769,23.247,4.824,7.082,6.753
11009,1.07,35.299,24.906,29.769,23.251,4.865,7.123,6.876
11010,1.034,35.43,24.878,29.778,23.254,4.865,7.083,7.081
11011,0.985,35.566,24.89,29.759,23.251,4.824,7.042,7.205
11012,0.942,35.835,24.921,29.73,23.237,4.743,7.042,7.369
11013,0.863,35.311,24.941,29.768,23.251,4.823,7.123,7.614
11014,0.791,35.44,24.867,29.759,23.251,4.824,7.124,7.861
11015,0.745,35.537,24.897,29.749,23.244,4.743,7.124,8.066
11016,0.689,35.25,24.901,29.74,23.244,4.823,7.205,8.353
11017,0.672,35.276,24.948,29.787,23.254,4.946,7.409,8.762
11018,0.649,35.449,24.925,29.769,23.251,4.825,7.289,8.807
11019,0.6,35.508,24.898,29.759,23.254,4.824,7.288,8.97
11020,0.577,35.212,24.886,29.769,23.254,4.824,7.329,9.257
11021,0.554,35.362,24.894,29.797,23.254,4.865,7.37,9.259
11022,0.554,35.498,24.905,29.769,23.251,4.906,7.33,9.381
11023,0.563,35.528,24.933,29.74,23.24,4.662,7.207,9.342
11024,0.599,35.183,24.882,29.768,23.247,4.782,7.328,9.545
11025,0.639,35.314,24.94,29.769,23.251,4.824,7.289,9.628
11026,0.681,35.44,24.914,29.749,23.244,4.824,7.247,9.67
11027,0.721,35.508,24.917,29.74,23.244,4.783,7.369,9.792
11028,0.75,35.221,24.921,29.768,23.254,4.905,7.452,10.118
11029,0.787,35.42,24.921,29.807,23.261,4.906,7.371,10.244
11030,0.8,35.479,24.91,29.759,23.247,4.865,7.37,10.448
11031,0.816,35.566,24.898,29.749,23.251,4.865,7.33,10.776
11032,0.833,35.174,24.921,29.768,23.251,4.865,7.41,10.942
11033,0.826,35.314,24.96,29.778,23.247,4.906,7.33,11.187
11034,0.807,35.421,24.89,29.759,23.244,4.825,7.248,11.312
11035,0.794,35.45,24.905,29.74,23.244,4.824,7.328,11.638
11036,0.8,35.316,24.882,29.768,23.247,4.865,7.329,11.804
11037,0.797,35.459,24.901,29.73,23.244,4.824,7.207,11.928
11038,0.797,35.566,24.909,29.739,23.244,4.783,7.328,11.97
11039,0.79,35.596,24.905,29.74,23.244,4.864,7.289,12.133
11040,0.793,35.203,24.905,29.797,23.261,5.028,7.41,12.337
11041,0.79,35.352,24.921,29.778,23.247,4.867,7.289,12.258
11042,0.767,35.45,24.925,29.788,23.251,4.824,7.207,12.217
11043,0.783,35.316,24.913,29.769,23.251,4.865,7.287,12.216
11044,0.787,35.219,24.843,29.769,23.261,4.906,7.329,12.176
11045,0.79,35.352,24.889,29.769,23.251,4.825,7.167,12.013
11046,0.78,35.421,24.89,29.721,23.244,4.743,7.165,11.93
11047,0.797,35.124,24.921,29.759,23.251,4.823,7.165,11.97
11048,0.807,35.227,24.874,29.749,23.251,4.783,7.165,11.807
11049,0.8,35.353,24.913,29.749,23.247,4.742,7.287,11.602
11050,0.803,35.431,24.843,29.759,23.244,4.864,7.288,11.6
11051,0.813,35.096,24.92,29.778,23.254,4.946,7.491,11.682
11052,0.82,35.255,24.929,29.769,23.254,4.866,7.331,11.438
11053,0.807,35.353,24.929,29.769,23.251,4.865,7.37,11.273
11054,0.794,35.45,24.867,29.759,23.254,4.865,7.411,11.19
11055,0.79,35.144,24.897,29.759,23.251,4.906,7.371,11.068
11056,0.8,35.313,24.882,29.749,23.251,4.825,7.33,10.904
11057,0.781,35.382,24.893,29.73,23.237,4.743,7.329,10.902
11058,0.784,35.488,24.874,29.768,23.251,4.823,7.41,10.78
11059,0.797,35.202,24.936,29.749,23.251,4.783,7.33,10.657
11060,0.771,35.343,24.875,29.759,23.24,4.783,7.329,10.534
11061,0.774,35.459,24.893,29.759,23.247,4.824,7.451,10.532
11062,0.784,35.556,24.94,29.788,23.265,4.987,7.534,10.573
11063,0.787,35.097,24.957,29.769,23.244,4.907,7.412,10.33
11064,0.784,35.217,24.875,29.759,23.251,4.825,7.452,10.286
11065,0.787,35.352,24.874,29.769,23.251,4.905,7.412,10.083
11066,0.79,35.373,24.89,29.769,23.254,4.865,7.452,10.081
11067,0.797,35.181,24.901,29.759,23.254,4.743,7.33,9.796
11068,0.787,35.295,24.886,29.73,23.24,4.742,7.289,9.793
11069,0.8,35.401,24.944,29.759,23.247,4.823,7.369,9.712
11070,0.807,35.671,24.867,29.749,23.247,4.783,7.33,9.63
11071,0.807,35.51,24.909,29.749,23.251,4.783,7.289,9.466
11072,0.803,35.633,24.909,29.74,23.244,4.783,7.288,9.465
11073,0.803,35.731,24.941,29.759,23.254,4.905,7.491,9.424
11074,0.807,35.032,24.882,29.788,23.254,4.865,7.331,9.261
11075,0.807,34.957,24.909,29.769,23.244,4.824,7.329,9.259
11076,0.803,35.081,24.917,29.769,23.251,4.865,7.329,9.137
11077,0.803,35.198,24.898,29.769,23.251,4.824,7.329,9.095
11078,0.8,35.113,24.894,29.759,23.251,4.905,7.289,8.932
11079,0.787,35.217,24.921,29.74,23.24,4.744,7.125,8.809
11080,0.774,35.343,24.851,29.768,23.254,4.823,7.287,8.848
11081,0.78,35.45,24.901,29.759,23.251,4.824,7.166,8.727
11082,0.78,34.99,24.882,29.74,23.247,4.743,7.165,8.603
11083,0.79,35.13,24.936,29.749,23.244,4.742,7.124,8.562
11084,0.797,35.256,24.875,29.768,23.258,4.864,7.287,8.643
11085,0.813,35.372,24.936,29.797,23.261,4.906,7.288,8.481
11086,0.807,35.066,24.941,29.759,23.247,4.865,7.207,8.357
11087,0.816,35.207,24.921,29.769,23.244,4.865,7.206,8.397
11088,0.823,35.352,24.929,29.778,23.251,4.824,7.165,8.316
11089,0.817,35.421,24.925,29.759,23.258,4.824,7.206,8.274
11090,0.829,35.067,24.878,29.778,23.244,4.743,7.043,8.03
11091,0.83,35.159,24.866,29.721,23.247,4.783,7.204,8.149
11092,0.833,35.294,24.893,29.739,23.247,4.864,7.165,8.028
11093,0.826,35.344,24.898,29.74,23.247,4.743,7.124,7.987
11094,0.817,35.009,24.882,29.807,23.244,4.742,7.083,7.905
11095,0.8,35.12,24.886,29.75,23.247,4.823,7.205,7.985
11096,0.823,35.256,24.936,29.778,23.258,4.905,7.328,8.027
11097,0.813,35.276,24.929,29.75,23.251,4.784,7.289,7.824
11098,0.81,35.046,24.933,29.749,23.251,4.905,7.207,7.741
11099,0.807,35.159,24.937,29.759,23.258,4.947,7.287,7.781
11100,0.81,35.294,24.898,29.769,23.265,4.866,7.369,7.822
11101,0.803,35.161,24.878,29.778,23.254,4.784,7.248,7.7
11102,0.794,35.131,24.874,29.73,23.24,4.702,7.247,7.699
11103,0.8,35.275,24.913,29.749,23.244,4.823,7.288,7.618
11104,0.813,35.372,24.816,29.768,23.247,4.783,7.329,7.495
11105,0.82,34.97,24.889,29.74,23.244,4.742,7.248,7.453
11106,0.826,35.081,24.921,29.73,23.254,4.823,7.369,7.574
11107,0.826,35.226,24.925,29.778,23.265,4.946,7.452,7.616
11108,0.846,35.333,24.913,29.759,23.248,4.825,7.29,7.495
11109,0.833,35.028,24.917,29.759,23.251,4.905,7.41,7.616
11110,0.846,35.178,24.878,29.759,23.251,4.825,7.371,7.413
11111,0.833,35.314,24.886,29.769,23.254,4.865,7.37,7.452
11112,0.843,35.392,24.909,29.759,23.258,4.824,7.289,7.33
11113,0.83,34.875,24.898,29.721,23.241,4.743,7.166,7.289
11114,0.83,35.071,24.859,29.759,23.251,4.823,7.328,7.288
11115,0.826,35.198,24.897,29.759,23.247,4.824,7.41,7.329
11116,0.82,35.256,24.886,29.74,23.244,4.865,7.371,7.248
11117,0.826,35.094,24.878,29.73,23.24,4.702,7.411,7.369
11118,0.82,35.284,24.925,29.778,23.258,4.945,7.655,7.452
11119,0.823,35.392,24.929,29.759,23.251,4.825,7.495,7.33
11120,0.81,35.412,24.792,29.788,23.251,4.865,7.575,7.289
11121,0.813,34.952,24.877,29.769,23.251,4.824,7.575,7.247
11122,0.81,35.091,24.925,29.749,23.258,4.824,7.616,7.288
11123,0.813,35.179,24.913,29.759,23.251,4.824,7.576,7.125
11124,0.823,35.237,24.917,29.749,23.24,4.702,7.454,7.124
11125,0.826,35.161,24.894,29.749,23.244,4.782,7.574,7.165
11126,0.839,35.313,24.933,29.74,23.244,4.783,7.535,7.124
11127,0.839,35.401,24.894,29.749,23.244,4.742,7.534,7.043
11128,0.836,35.249,24.917,29.73,23.24,4.701,7.453,7.042
11129,0.846,34.998,24.921,29.768,23.258,4.823,7.656,7.326
11130,0.866,35.149,24.867,29.778,23.251,4.865,7.576,7.045
11131,0.856,35.246,24.893,29.759,23.251,4.784,7.494,7.001
11132,0.859,34.988,24.933,29.759,23.251,4.824,7.494,7.041
11133,0.866,35.091,24.949,29.74,23.251,4.783,7.575,7.082
11134,0.853,35.227,24.843,29.759,23.254,4.824,7.575,7.083
11135,0.843,35.276,24.874,29.749,23.244,4.743,7.332,6.839
11136,0.843,34.874,24.878,29.749,23.244,4.742,7.492,6.958
11137,0.843,35.042,24.905,29.74,23.247,4.742,7.494,6.96
11138,0.836,35.178,24.909,29.74,23.251,4.742,7.534,6.878
11139,0.836,35.256,24.948,29.72,23.244,4.701,7.453,6.796
11140,0.82,34.816,24.863,29.739,23.244,4.742,7.615,6.958
11141,0.833,35.003,24.897,29.768,23.258,4.864,7.657,6.96
11142,0.826,35.101,24.921,29.749,23.251,4.784,7.576,6.96
11143,0.82,35.179,24.925,29.749,23.251,4.824,7.535,6.878
11144,0.833,34.844,24.941,29.788,23.251,4.824,7.575,6.918
11145,0.843,35.003,24.894,29.778,23.254,4.783,7.616,6.919
11146,0.853,35.111,24.909,29.75,23.247,4.702,7.454,6.796
11147,0.843,35.131,24.878,29.72,23.244,4.701,7.574,6.795
11148,0.853,35.054,24.909,29.749,23.24,4.782,7.535,6.795
11149,0.862,35.188,24.913,29.749,23.251,4.702,7.494,6.755
11150,0.869,35.285,24.847,29.73,23.244,4.742,7.453,6.673
11151,0.869,35.344,24.889,29.72,23.247,4.742,7.493,6.794
11152,0.882,34.961,24.929,29.778,23.268,4.945,7.697,6.836
11153,0.872,35.091,24.953,29.75,23.251,4.744,7.577,6.755
11154,0.859,35.207,24.843,29.759,23.254,4.823,7.575,6.714
11155,0.853,35.554,24.889,29.759,23.254,4.824,7.616,6.835
11156,0.859,34.953,24.921,29.759,23.251,4.824,7.698,6.714
11157,0.856,35.072,24.902,29.749,23.254,4.702,7.536,6.632
11158,0.846,35.13,24.89,29.73,23.251,4.782,7.616,6.712
11159,0.84,34.91,24.937,29.73,23.251,4.783,7.535,6.672
11160,0.82,34.937,24.894,29.759,23.244,4.702,7.534,6.631
11161,0.823,35.033,24.87,29.74,23.247,4.701,7.534,6.55
11162,0.833,35.149,24.897,29.74,23.254,4.742,7.657,6.793
11163,0.843,34.863,24.929,29.768,23.265,4.864,7.658,6.673
11164,0.849,34.927,24.902,29.74,23.251,4.702,7.536,6.55
11165,0.846,35.081,24.898,29.749,23.244,4.782,7.575,6.63
11166,0.849,35.169,24.925,29.749,23.251,4.742,7.575,6.672
11167,0.866,34.853,24.906,29.768,23.251,4.783,7.575,6.672
11168,0.869,34.984,24.905,29.74,23.247,4.661,7.454,6.469
11169,0.863,35.101,24.882,29.74,23.247,4.741,7.534,6.589
11170,0.875,35.188,24.874,29.759,23.251,4.783,7.494,6.509
11171,0.879,34.758,24.89,29.74,23.244,4.742,7.453,6.508
11172,0.869,34.888,24.878,29.711,23.247,4.701,7.412,6.467
11173,0.879,35.023,24.929,29.739,23.251,4.782,7.493,6.548
11174,0.879,35.13,24.878,29.787,23.265,4.986,7.656,6.671
11175,0.876,34.863,24.89,29.759,23.254,4.744,7.455,6.55
11176,0.869,35.013,24.897,29.749,23.251,4.742,7.493,6.468
11177,0.869,35.12,24.894,29.759,23.258,4.783,7.494,6.507
11178,0.879,35.169,24.909,29.759,23.251,4.864,7.534,6.508
11179,0.869,34.853,24.909,29.749,23.251,4.784,7.453,6.386
11180,0.843,34.956,24.859,29.74,23.24,4.742,7.412,6.385
11181,0.866,35.101,24.897,29.749,23.254,4.823,7.411,6.425
11182,0.862,35.102,24.921,29.749,23.251,4.783,7.371,6.466
11183,0.859,34.872,24.913,29.73,23.244,4.661,7.33,6.345
11184,0.859,35.013,24.882,29.749,23.247,4.741,7.41,6.466
11185,0.859,35.12,24.893,29.778,23.261,4.864,7.533,6.507
11186,0.882,34.958,24.937,29.769,23.251,4.824,7.372,6.345
11187,0.879,34.832,24.91,29.759,23.251,4.783,7.411,6.384
11188,0.889,34.984,24.929,29.759,23.251,4.824,7.411,6.425
11189,0.892,35.082,24.941,29.759,23.247,4.824,7.452,6.385
11190,0.905,34.824,24.906,29.759,23.254,4.824,7.452,6.344
11191,0.889,34.898,24.863,29.73,23.24,4.621,7.29,6.221
11192,0.895,35.033,24.913,29.739,23.244,4.781,7.369,6.342
11193,0.899,35.13,24.886,29.73,23.247,4.702,7.33,6.303
11194,0.889,34.767,24.866,29.759,23.244,4.66,7.41,6.221
11195,0.889,34.907,24.858,29.749,23.244,4.7,7.371,6.302
11196,0.899,35.052,24.932,29.778,23.261,4.904,7.614,6.425
11197,0.905,35.178,24.933,29.759,23.247,4.703,7.495,6.385
11198,0.899,34.786,24.929,29.759,23.251,4.782,7.453,6.344
11199,0.899,34.926,24.949,29.74,23.247,4.783,7.534,6.384
11200,0.892,35.052,24.921,29.816,23.254,4.864,7.534,6.425
11201,0.892,35.13,24.878,29.769,23.254,4.743,7.372,6.344
11202,0.882,34.863,24.932,29.73,23.237,4.701,7.33,6.303
11203,0.885,34.994,24.898,29.759,23.247,4.742,7.37,6.384
11204,0.902,35.139,24.874,29.73,23.251,4.742,7.37,6.344
11205,0.908,35.189,24.866,29.739,23.244,4.742,7.37,6.262
11206,0.905,34.844,24.878,29.73,23.24,4.742,7.411,6.384
11207,0.915,35.013,24.932,29.768,23.265,4.905,7.574,6.547
11208,0.938,35.149,24.91,29.769,23.251,4.744,7.332,6.468
11209,0.925,35.141,24.921,29.749,23.251,4.783,7.37,6.426
11210,0.935,34.911,24.859,29.768,23.247,4.783,7.37,6.344
11211,0.945,35.033,24.874,29.749,23.254,4.783,7.37,6.466
11212,0.951,35.159,24.936,29.759,23.251,4.783,7.33,6.345
11213,0.941,35.237,24.91,29.74,23.237,4.702,7.248,6.343
11214,0.932,35.017,24.89,29.778,23.247,4.823,7.288,6.425
11215,0.938,35.159,24.882,29.759,23.247,4.783,7.288,6.344
11216,0.932,35.237,24.893,29.749,23.244,4.742,7.288,6.343
11217,0.931,34.931,24.937,29.74,23.24,4.742,7.247,6.384
11218,0.935,35.004,24.929,29.759,23.258,4.864,7.45,6.425
11219,0.951,35.168,24.968,29.778,23.258,4.824,7.371,6.385
11220,0.912,35.237,24.926,29.817,23.247,4.824,7.289,6.385
11221,0.922,34.998,24.867,29.76,23.251,4.824,7.369,6.507
11222,0.935,35.139,24.905,29.769,23.251,4.783,7.37,6.467
11223,0.941,35.237,24.898,29.778,23.254,4.864,7.37,6.426
11224,0.954,35.353,24.87,29.74,23.234,4.743,7.289,6.263
11225,0.945,35.095,24.866,29.73,23.247,4.701,7.369,6.384
11226,0.961,35.274,24.866,29.768,23.251,4.742,7.37,6.344
11227,0.968,35.391,24.893,29.74,23.247,4.742,7.33,6.303
11228,0.974,35.45,24.886,29.74,23.247,4.701,7.329,6.343
11229,0.964,35.077,24.917,29.749,23.247,4.742,7.41,6.425
11230,0.997,35.284,24.894,29.807,23.258,4.905,7.411,6.466
11231,0.987,35.372,24.874,29.74,23.254,4.784,7.371,6.345
11232,0.987,35.431,24.921,29.749,23.251,4.742,7.37,6.384
11233,0.997,35.422,24.89,29.759,23.247,4.783,7.37,6.344
11234,0.987,35.565,24.901,29.778,23.258,4.824,7.33,6.425
11235,1.0,35.682,24.878,29.74,23.247,4.743,7.329,6.222
11236,0.981,35.693,24.862,29.72,23.247,4.742,7.37,6.383
11237,0.987,35.405,24.889,29.759,23.251,4.783,7.37,6.344
11238,0.981,35.537,24.894,29.73,23.244,4.702,7.289,6.384
11239,0.994,35.634,24.937,29.73,23.244,4.701,7.288,6.303
11240,0.971,35.673,24.921,29.749,23.244,4.823,7.41,6.465
11241,0.984,35.741,24.878,29.768,23.265,4.865,7.533,6.548
11242,0.994,35.837,24.936,29.759,23.261,4.865,7.453,6.427
11243,0.991,35.944,24.871,29.759,23.254,4.743,7.371,6.466
11244,1.01,35.724,24.921,29.759,23.251,4.823,7.411,6.467
11245,1.014,35.751,24.902,29.778,23.258,4.824,7.411,6.386
11246,1.017,35.866,24.898,29.74,23.244,4.702,7.289,6.303
11247,1.03,35.934,24.894,29.74,23.247,4.742,7.451,6.384
11248,1.053,35.868,24.89,29.749,23.254,4.783,7.371,6.344
11249,1.043,35.973,24.913,29.74,23.244,4.783,7.33,6.343
11250,1.043,36.089,24.866,29.778,23.247,4.702,7.289,6.303
11251,1.053,36.195,24.843,29.73,23.251,4.742,7.41,6.465
11252,1.066,36.072,24.936,29.778,23.268,4.864,7.411,6.507
11253,1.056,36.195,24.847,29.74,23.251,4.743,7.33,6.467
11254,1.056,36.331,24.889,29.759,23.254,4.742,7.37,6.426
11255,1.053,36.39,24.89,29.759,23.254,4.823,7.33,6.426
11256,1.066,36.179,24.94,29.769,23.251,4.824,7.329,6.426
11257,1.056,36.321,24.914,29.74,23.251,4.783,7.248,6.222
11258,1.05,36.399,24.89,29.73,23.24,4.702,7.288,6.342
11259,1.06,36.515,24.921,29.759,23.251,4.701,7.288,6.343
11260,1.06,36.363,24.898,29.74,23.251,4.823,7.247,6.343
11261,1.053,36.515,24.859,29.73,23.244,4.661,7.125,6.343
11262,1.05,36.612,24.917,29.759,23.254,4.782,7.287,6.466
11263,1.076,36.69,24.89,29.788,23.261,4.905,7.288,6.386
11264,1.079,36.575,24.913,29.759,23.251,4.744,7.247,6.263
11265,1.076,36.699,24.909,29.759,23.254,4.701,7.288,6.465
11266,1.092,36.815,24.933,29.749,23.254,4.863,7.207,6.426
11267,1.092,36.845,24.937,29.759,23.254,4.865,7.328,6.344
11268,1.092,36.769,24.882,29.721,23.244,4.662,7.126,6.303
11269,1.092,36.835,24.917,29.739,23.251,4.822,7.205,6.343
11270,1.115,36.97,24.913,29.749,23.251,4.743,7.206,6.303
11271,1.119,36.962,24.874,29.72,23.251,4.701,7.125,6.302
11272,1.115,36.866,24.944,29.73,23.244,4.742,7.165,6.302
11273,1.115,37.009,24.812,29.768,23.251,4.823,7.287,6.465
11274,1.125,37.154,24.881,29.778,23.258,4.865,7.247,6.345
11275,1.122,36.925,24.882,29.759,23.251,4.784,7.166,6.343
11276,1.119,37.038,24.886,29.759,23.254,4.783,7.206,6.303
11277,1.122,37.164,24.909,29.73,23.258,4.824,7.247,6.384
11278,1.102,37.271,24.874,29.768,23.254,4.783,7.247,6.344
11279,1.099,37.166,24.909,29.74,23.244,4.62,7.125,6.221
11280,1.089,37.271,24.831,29.74,23.244,4.781,7.165,6.302
11281,1.102,37.415,24.873,29.749,23.244,4.742,7.124,6.302
11282,1.096,37.484,24.909,29.74,23.247,4.701,7.165,6.302
11283,1.092,37.235,24.894,29.749,23.244,4.742,7.124,6.221
11284,1.102,37.386,24.886,29.749,23.251,4.783,7.287,6.342
11285,1.128,37.532,24.874,29.788,23.265,4.905,7.288,6.343
11286,1.129,37.591,24.87,29.74,23.251,4.744,7.288,6.221
11287,1.132,37.313,24.905,29.768,23.247,4.823,7.288,6.342
11288,1.142,37.454,24.894,29.778,23.258,4.783,7.329,6.343
11289,1.145,37.571,24.96,29.769,23.258,4.824,7.329,6.303
11290,1.142,37.581,24.89,29.73,23.241,4.702,7.207,6.221
11291,1.142,37.543,24.894,29.72,23.247,4.782,7.328,6.22
11292,1.145,37.687,24.94,29.73,23.244,4.783,7.289,6.22
11293,1.145,37.803,24.871,29.72,23.24,4.702,7.288,6.18
11294,1.132,37.833,24.874,29.72,23.244,4.742,7.369,6.261
11295,1.125,37.498,24.858,29.749,23.254,4.864,7.411,6.343
11296,1.135,37.686,24.917,29.797,23.258,4.824,7.452,6.343
11297,1.116,37.765,24.878,29.75,23.254,4.824,7.452,6.303
11298,1.115,38.082,24.893,29.749,23.254,4.824,7.493,6.343
11299,1.115,37.75,24.94,29.749,23.251,4.783,7.494,6.384
11300,1.115,37.861,24.921,29.768,23.254,4.864,7.616,6.385
11301,1.119,37.949,24.882,29.74,23.237,4.743,7.413,6.181
11302,1.089,37.691,24.913,29.74,23.247,4.823,7.533,6.342
11303,1.089,37.755,24.898,29.749,23.251,4.783,7.534,6.384
11304,1.102,37.881,24.866,29.74,23.244,4.824,7.616,6.303
11305,1.099,37.968,24.87,29.73,23.24,4.743,7.617,6.262
11306,1.096,37.835,24.901,29.739,23.254,4.823,7.739,6.384
11307,1.112,37.996,24.902,29.787,23.258,4.987,7.821,6.385
11308,1.106,38.113,24.894,29.759,23.251,4.826,7.741,6.344
11309,1.083,38.172,24.913,29.749,23.258,4.865,7.781,6.384
11310,1.092,37.75,24.929,29.759,23.254,4.865,7.862,6.385
11311,1.099,37.89,24.91,29.749,23.258,4.824,7.863,6.385
11312,1.086,37.987,24.937,29.749,23.247,4.743,7.7,6.222
11313,1.07,38.017,24.82,29.73,23.244,4.742,7.821,6.302
11314,1.063,37.893,24.881,29.749,23.247,4.742,7.781,6.343
11315,1.05,38.026,24.878,29.759,23.244,4.823,7.7,6.343
11316,1.027,38.104,24.897,29.73,23.247,4.743,7.699,6.262
11317,1.023,38.191,24.933,29.749,23.254,4.742,7.74,6.384
11318,1.02,37.904,24.906,29.797,23.265,4.945,7.862,6.425
11319,1.014,38.026,24.941,29.769,23.251,4.907,7.741,6.344
11320,0.997,38.133,24.914,29.769,23.251,4.865,7.781,6.343
11321,0.978,38.182,24.894,29.769,23.251,4.824,7.74,6.384
11322,0.974,38.0,24.929,29.759,23.251,4.865,7.74,6.385
11323,0.971,38.123,24.824,29.749,23.251,4.784,7.659,6.181
11324,0.971,38.21,24.862,29.711,23.24,4.702,7.617,6.383
11325,0.961,38.23,24.889,29.749,23.247,4.782,7.698,6.344
11326,0.961,37.924,24.866,29.759,23.247,4.824,7.658,6.384
11327,0.961,38.055,24.893,29.74,23.237,4.743,7.658,6.344
11328,0.951,38.152,24.89,29.73,23.247,4.783,7.617,6.303
11329,0.951,38.086,24.94,29.759,23.254,4.946,7.779,6.506
11330,0.958,38.114,24.929,29.759,23.258,4.825,7.659,6.305
11331,0.941,38.21,24.851,29.749,23.251,4.865,7.617,6.343
11332,0.941,38.278,24.921,29.759,23.251,4.906,7.576,6.384
11333,0.932,37.905,24.847,29.749,23.251,4.906,7.657,6.344
11334,0.931,38.026,24.885,29.749,23.247,4.865,7.617,6.303
11335,0.909,38.123,24.858,29.711,23.244,4.743,7.535,6.262
11336,0.905,38.191,24.924,29.758,23.251,4.783,7.616,6.384
11337,0.882,37.885,24.929,29.74,23.247,4.824,7.535,6.344
11338,0.863,38.016,24.89,29.74,23.251,4.824,7.534,6.343
11339,0.872,38.113,24.921,29.74,23.24,4.824,7.494,6.343
11340,0.866,38.201,24.913,29.778,23.254,4.865,7.616,6.506
11341,0.869,37.933,24.909,29.807,23.258,4.987,7.739,6.386
11342,0.856,38.045,24.909,29.769,23.254,4.826,7.618,6.344
11343,0.843,38.152,24.816,29.769,23.251,4.783,7.576,6.343
11344,0.856,38.211,24.869,29.769,23.251,4.864,7.575,6.425
11345,0.853,37.818,24.889,29.778,23.251,4.906,7.616,6.385
11346,0.853,37.939,24.913,29.74,23.247,4.784,7.454,6.263
11347,0.836,38.026,24.909,29.74,23.244,4.864,7.534,6.343
11348,0.846,38.113,24.866,29.768,23.258,4.865,7.534,6.343
11349,0.843,37.884,24.893,29.74,23.244,4.784,7.575,6.303
11350,0.839,38.026,24.87,29.749,23.247,4.783,7.616,6.302
11351,0.839,38.113,24.882,29.759,23.254,4.864,7.739,6.384
11352,0.849,38.181,24.921,29.788,23.268,4.987,7.781,6.344
11353,0.843,37.933,24.863,29.769,23.251,4.866,7.74,6.343
11354,0.83,38.074,24.862,29.769,23.251,4.824,7.74,6.303
11355,0.82,38.162,24.878,29.749,23.258,4.905,7.781,6.343
11356,0.813,38.163,24.901,29.778,23.258,4.865,7.781,6.343
11357,0.803,37.894,24.905,29.74,23.241,4.784,7.618,6.14
11358,0.787,38.007,24.894,29.73,23.247,4.824,7.698,6.301
11359,0.8,38.104,24.937,29.759,23.247,4.865,7.74,6.221
11360,0.794,37.855,24.875,29.807,23.254,4.824,7.618,6.261
11361,0.78,37.949,24.87,29.75,23.247,4.743,7.657,6.302
11362,0.784,38.045,24.917,29.778,23.254,4.905,7.82,6.425
11363,0.8,38.181,24.898,29.778,23.258,4.865,7.7,6.344
11364,0.803,37.751,24.87,29.759,23.254,4.824,7.699,6.303
11365,0.794,37.88,24.85,29.749,23.258,4.865,7.658,6.343
11366,0.8,37.987,24.901,29.768,23.251,4.824,7.698,6.303
11367,0.8,38.094,24.89,29.759,23.251,4.905,7.658,6.343
11368,0.8,37.711,24.878,29.759,23.244,4.744,7.536,6.181
11369,0.787,37.823,24.89,29.749,23.251,4.783,7.616,6.261
11370,0.8,37.977,24.882,29.749,23.254,4.864,7.495,6.262
11371,0.803,38.027,24.882,29.749,23.251,4.824,7.575,6.302
11372,0.8,37.749,24.878,29.73,23.251,4.783,7.454,6.221
11373,0.8,37.9,24.901,29.807,23.244,4.783,7.615,6.342
11374,0.797,38.074,24.89,29.788,23.261,4.986,7.617,6.384
11375,0.79,38.095,24.89,29.769,23.251,4.826,7.495,6.303
11376,0.78,37.788,24.894,29.769,23.251,4.824,7.453,6.302
11377,0.774,37.948,24.886,29.769,23.254,4.865,7.452,6.302
11378,0.784,38.045,24.89,29.778,23.258,4.824,7.452,6.302
11379,0.774,38.085,24.921,29.75,23.247,4.743,7.33,6.14
11380,0.761,37.702,24.87,29.74,23.247,4.823,7.329,6.219
11381,0.761,37.851,24.889,29.759,23.24,4.824,7.289,6.22
11382,0.761,37.949,24.933,29.759,23.244,4.743,7.329,6.18
11383,0.754,38.285,24.867,29.73,23.24,4.783,7.289,6.22
11384,0.764,37.78,24.874,29.749,23.247,4.783,7.329,6.261
11385,0.783,37.938,24.862,29.778,23.268,4.946,7.451,6.384
11386,0.784,38.036,24.893,29.769,23.248,4.785,7.371,6.303
11387,0.774,37.72,24.851,29.769,23.247,4.864,7.37,6.221
11388,0.78,37.717,24.878,29.749,23.254,4.865,7.411,6.261
11389,0.793,37.842,24.893,29.778,23.258,4.865,7.452,6.343
11390,0.787,37.949,24.89,29.778,23.251,4.865,7.412,6.14
11391,0.787,37.681,24.89,29.73,23.24,4.743,7.371,6.219
11392,0.8,37.813,24.897,29.749,23.251,4.783,7.411,6.18
11393,0.794,37.948,24.921,29.759,23.247,4.702,7.371,6.22
11394,0.767,38.017,24.874,29.74,23.244,4.701,7.492,6.18
11395,0.767,37.528,24.901,29.759,23.247,4.782,7.534,6.301
11396,0.787,37.715,24.902,29.788,23.261,4.946,7.657,6.343
11397,0.767,37.813,24.862,29.759,23.251,4.785,7.536,6.262
11398,0.774,37.881,24.889,29.759,23.254,4.824,7.453,6.221
11399,0.767,37.565,24.905,29.769,23.254,4.905,7.534,6.261
11400,0.767,37.716,24.909,29.807,23.254,4.865,7.494,6.302
11401,0.761,37.813,24.874,29.769,23.251,4.824,7.412,6.14
11402,0.751,37.843,24.905,29.721,23.247,4.743,7.371,6.26
11403,0.751,37.632,24.874,29.768,23.244,4.823,7.452,6.302
11404,0.774,37.783,24.874,29.769,23.251,4.783,7.371,6.221
11405,0.761,37.852,24.87,29.74,23.244,4.742,7.411,6.22
11406,0.764,37.901,24.905,29.74,23.247,4.823,7.411,6.261
11407,0.783,37.642,24.933,29.797,23.265,4.865,7.493,6.424
11408,0.787,37.774,24.914,29.769,23.254,4.784,7.331,6.304
11409,0.774,37.881,24.886,29.769,23.251,4.742,7.37,6.302
11410,0.784,37.891,24.89,29.769,23.254,4.823,7.37,6.343
11411,0.793,37.7,24.897,29.759,23.251,4.865,7.33,6.303
11412,0.793,37.842,24.878,29.759,23.244,4.824,7.289,6.262
11413,0.78,37.901,24.882,29.73,23.24,4.702,7.207,6.221
11414,0.777,37.796,24.866,29.749,23.247,4.823,7.287,6.261
11415,0.777,37.68,24.917,29.759,23.247,4.783,7.288,6.262
11416,0.777,37.793,24.886,29.74,23.251,4.702,7.166,6.262
11417,0.774,37.891,24.905,29.749,23.247,4.782,7.246,6.221
11418,0.787,37.565,24.929,29.797,23.261,4.905,7.328,6.464
11419,0.78,37.639,24.945,29.75,23.251,4.784,7.248,6.304
11420,0.764,37.764,24.921,29.759,23.254,4.742,7.247,6.302
11421,0.767,37.871,24.867,29.769,23.251,4.864,7.369,6.343
11422,0.761,37.604,24.936,29.769,23.258,4.865,7.37,6.384
11423,0.77,37.735,24.863,29.788,23.251,4.743,7.208,6.222
11424,0.764,37.804,24.854,29.74,23.244,4.701,7.328,6.302
11425,0.767,37.9,24.866,29.759,23.251,4.782,7.207,6.262
11426,0.777,37.7,24.897,29.769,23.244,4.742,7.206,6.221
11427,0.78,37.832,24.913,29.73,23.244,4.661,7.247,6.18
11428,0.787,37.948,24.886,29.749,23.244,4.782,7.288,6.301
11429,0.803,38.026,24.901,29.788,23.265,4.946,7.451,6.547
11430,0.803,37.538,24.882,29.769,23.251,4.744,7.33,6.305
11431,0.8,37.648,24.909,29.749,23.251,4.823,7.289,6.302
11432,0.8,37.755,24.902,29.759,23.254,4.783,7.329,6.384
11433,0.807,37.823,24.878,29.759,23.254,4.824,7.41,6.222
11434,0.794,37.555,24.858,29.759,23.247,4.783,7.289,6.302
11435,0.78,37.658,24.866,29.73,23.24,4.702,7.288,6.221
11436,0.787,37.793,24.874,29.739,23.247,4.742,7.288,6.302
11437,0.774,37.814,24.89,29.759,23.247,4.783,7.329,6.221
11438,0.774,37.555,24.874,29.74,23.247,4.702,7.207,6.22
11439,0.767,37.687,24.893,29.74,23.247,4.742,7.328,6.302
11440,0.774,37.813,24.898,29.787,23.265,4.905,7.492,6.343
11441,0.777,37.996,24.878,29.759,23.254,4.703,7.29,6.343
11442,0.774,37.605,24.901,29.759,23.251,4.782,7.329,6.343
11443,0.761,37.745,24.816,29.759,23.251,4.783,7.248,6.303
11444,0.78,37.833,24.85,29.759,23.254,4.864,7.288,6.384
11445,0.787,37.44,24.85,29.74,23.251,4.784,7.288,6.222
11446,0.784,37.436,24.85,29.73,23.244,4.661,7.125,6.18
11447,0.797,37.571,24.87,29.759,23.251,4.782,7.205,6.261
11448,0.797,37.668,24.87,29.759,23.247,4.702,7.206,6.262
11449,0.8,37.592,24.882,29.74,23.251,4.66,7.165,6.18
11450,0.803,37.735,24.893,29.74,23.244,4.7,7.165,6.301
11451,0.803,37.852,24.898,29.768,23.258,4.863,7.45,6.384
11452,0.813,37.958,24.921,29.749,23.251,4.743,7.33,6.263
11453,0.79,37.394,24.898,29.759,23.251,4.783,7.37,6.302
11454,0.806,37.541,24.843,29.759,23.251,4.824,7.33,6.262
11455,0.803,37.648,24.866,29.769,23.251,4.824,7.37,6.302
11456,0.777,37.736,24.893,29.759,23.244,4.743,7.37,6.221
11457,0.774,37.497,24.874,29.711,23.24,4.701,7.289,6.261
11458,0.78,37.648,24.89,29.758,23.247,4.742,7.369,6.221
11459,0.774,37.764,24.897,29.759,23.244,4.742,7.411,6.22
11460,0.774,37.804,24.894,29.749,23.244,4.701,7.371,6.139
11461,0.774,37.871,24.858,29.74,23.247,4.742,7.452,6.301
11462,0.787,38.035,24.917,29.778,23.268,4.986,7.574,6.384
11463,0.777,38.142,24.882,29.75,23.248,4.744,7.454,6.263
11464,0.784,38.172,24.839,29.749,23.251,4.742,7.412,6.262
11465,0.787,37.271,24.874,29.759,23.254,4.823,7.452,6.262
11466,0.8,37.377,24.874,29.769,23.258,4.824,7.412,6.262
11467,0.8,37.484,24.897,29.749,23.251,4.824,7.371,6.18
11468,0.781,37.466,24.847,29.72,23.237,4.661,7.37,6.22
11469,0.793,37.619,24.913,29.739,23.251,4.782,7.411,6.302
11470,0.79,37.735,24.906,29.749,23.251,4.742,7.371,6.221
11471,0.797,37.823,24.882,29.73,23.244,4.742,7.37,6.18
11472,0.787,37.498,24.917,29.73,23.244,4.742,7.411,6.22
11473,0.8,37.418,24.89,29.845,23.265,4.864,7.533,6.261
11474,0.803,37.532,24.882,29.75,23.251,4.784,7.412,6.302
11475,0.79,37.629,24.897,29.73,23.251,4.783,7.452,6.262
11476,0.79,37.486,24.901,29.759,23.247,4.783,7.452,6.262
11477,0.79,37.609,24.894,29.749,23.261,4.742,7.371,6.302
11478,0.777,37.726,24.851,29.749,23.244,4.742,7.289,6.18
11479,0.767,37.756,24.866,29.711,23.244,4.742,7.288,6.22
11480,0.77,37.305,24.862,29.749,23.251,4.864,7.369,6.139
11481,0.777,37.416,24.858,29.74,23.247,4.743,7.289,6.26
11482,0.767,37.532,24.882,29.73,23.247,4.742,7.288,6.139
11483,0.757,37.619,24.882,29.739,23.247,4.783,7.369,6.26
11484,0.774,37.4,24.897,29.778,23.258,4.864,7.573,6.343
11485,0.78,37.532,24.933,29.75,23.251,4.784,7.413,6.181
11486,0.777,37.619,24.91,29.759,23.247,4.824,7.371,6.22
11487,0.784,37.678,24.898,29.759,23.247,4.783,7.37,6.22
11488,0.787,37.295,24.862,29.759,23.254,4.824,7.411,6.302
11489,0.803,37.435,24.913,29.749,23.251,4.783,7.33,6.14
11490,0.794,37.513,24.866,29.73,23.24,4.702,7.248,6.179
11491,0.81,37.581,24.882,29.739,23.251,4.742,7.288,6.22
11492,0.8,37.342,24.893,29.749,23.247,4.742,7.329,6.18
11493,0.794,37.493,24.866,29.749,23.247,4.742,7.248,6.179
11494,0.78,37.59,24.847,29.749,23.24,4.742,7.288,6.22
11495,0.787,37.63,24.889,29.768,23.265,4.986,7.491,6.342
11496,0.797,37.409,24.909,29.759,23.251,4.744,7.371,6.221
11497,0.777,37.522,24.905,29.749,23.251,4.783,7.452,6.261
11498,0.777,37.619,24.89,29.749,23.254,4.824,7.371,6.302
11499,0.774,37.563,24.929,29.759,23.258,4.824,7.492,6.343
11500,0.784,37.322,24.867,29.74,23.247,4.824,7.29,6.14
11501,0.758,37.416,24.866,29.72,23.237,4.702,7.288,6.26
11502,0.764,37.513,24.889,29.739,23.247,4.782,7.288,6.18
11503,0.757,37.226,24.757,29.768,23.244,4.742,7.247,6.139
11504,0.77,37.31,24.865,29.74,23.244,4.701,7.247,6.179
11505,0.764,37.406,24.886,29.74,23.24,4.782,7.328,6.22
11506,0.774,37.532,24.96,29.759,23.265,4.905,7.492,6.424
11507,0.787,37.322,24.906,29.769,23.251,4.825,7.249,6.304
11508,0.784,37.445,24.878,29.759,23.251,4.824,7.328,6.302
11509,0.787,37.561,24.862,29.769,23.251,4.824,7.289,6.262
11510,0.793,37.658,24.878,29.759,23.254,4.865,7.288,6.262
11511,0.806,37.141,24.921,29.74,23.254,4.824,7.207,6.18
11512,0.784,37.232,24.87,29.72,23.24,4.702,7.125,6.179
11513,0.8,37.405,24.874,29.739,23.247,4.782,7.124,6.261
11514,0.781,37.465,24.843,29.759,23.247,4.742,7.124,6.262
11515,0.777,36.948,24.858,29.73,23.244,4.742,7.043,6.18
11516,0.777,37.067,24.882,29.739,23.244,4.701,7.082,6.22
11517,0.78,37.212,24.851,29.759,23.265,4.863,7.205,6.383
11518,0.787,37.309,24.889,29.769,23.258,4.865,7.084,6.303
11519,0.767,37.272,24.89,29.74,23.251,4.784,7.205,6.262
11520,0.77,37.425,24.855,29.759,23.251,4.824,7.125,6.262
11521,0.767,37.532,24.878,29.759,23.254,4.824,7.124,6.221
11522,0.774,37.562,24.89,29.778,23.254,4.865,7.124,6.261
11523,0.761,37.083,24.897,29.74,23.244,4.702,6.921,6.139
11524,0.761,37.193,24.851,29.72,23.251,4.782,7.041,6.219
11525,0.774,37.319,24.881,29.749,23.251,4.824,7.082,6.18
11526,0.78,37.617,24.882,29.74,23.244,4.743,6.961,6.301
11527,0.774,37.179,24.87,29.73,23.244,4.701,6.96,6.221
11528,0.787,37.271,24.874,29.739,23.254,4.823,7.082,6.342
11529,0.787,37.406,24.909,29.787,23.261,4.905,7.083,6.303
11530,0.78,37.1,24.894,29.759,23.247,4.784,7.042,6.221
11531,0.784,37.088,24.901,29.759,23.251,4.742,7.082,6.302
11532,0.79,37.231,24.89,29.769,23.258,4.783,7.123,6.302
11533,0.8,37.338,24.886,29.749,23.251,4.864,7.043,6.302
11534,0.787,37.09,24.847,29.74,23.244,4.702,6.879,6.14
11535,0.764,37.193,24.87,29.73,23.251,4.742,7.081,6.219
11536,0.757,37.319,24.889,29.739,23.244,4.742,7.083,6.22
11537,0.764,37.416,24.882,29.749,23.244,4.742,7.002,6.098
11538,0.764,37.081,24.862,29.73,23.244,4.661,6.919,6.097
11539,0.754,37.222,24.889,29.739,23.251,4.822,7.081,6.3
11540,0.764,37.377,24.878,29.778,23.261,4.865,7.164,6.221
11541,0.764,37.445,24.89,29.73,23.244,4.824,7.124,6.261
11542,0.757,36.938,24.89,29.759,23.251,4.783,7.083,6.18
11543,0.748,37.105,24.882,29.769,23.254,4.864,7.083,6.301
11544,0.76,37.222,24.862,29.759,23.254,4.824,7.123,6.262
11545,0.764,37.271,24.846,29.73,23.244,4.661,7.043,6.058
11546,0.754,37.032,24.885,29.73,23.251,4.741,7.082,6.178
11547,0.77,37.192,24.905,29.759,23.247,4.701,7.002,6.261
11548,0.774,37.309,24.886,29.721,23.247,4.701,7.041,6.18
11549,0.771,37.358,24.851,29.739,23.244,4.701,7.001,6.22
11550,0.77,37.004,24.862,29.749,23.254,4.823,7.163,6.261
11551,0.783,37.183,24.897,29.778,23.265,4.946,7.124,6.221
11552,0.793,37.261,24.882,29.759,23.251,4.825,7.124,6.139
11553,0.78,37.3,24.866,29.74,23.251,4.865,7.043,6.219
11554,0.774,37.118,24.87,29.759,23.251,4.824,7.042,6.302
11555,0.767,37.251,24.882,29.759,23.258,4.824,7.001,6.221
11556,0.761,37.3,24.866,29.721,23.241,4.743,6.96,6.18
11557,0.748,37.186,24.87,29.739,23.251,4.864,7.041,6.261
11558,0.754,37.089,24.85,29.749,23.254,4.743,7.042,6.262
11559,0.761,37.203,24.901,29.72,23.251,4.742,7.001,6.221
11560,0.751,37.309,24.87,29.73,23.244,4.701,7.001,6.22
11561,0.735,36.946,24.886,29.759,23.261,4.863,7.123,6.505
11562,0.764,37.057,24.897,29.759,23.254,4.824,7.002,6.305
11563,0.741,37.183,24.89,29.788,23.251,4.783,7.001,6.343
11564,0.741,37.252,24.858,29.75,23.247,4.824,7.041,6.343
11565,0.764,36.926,24.882,29.749,23.254,4.824,7.082,6.343
11566,0.767,37.048,24.933,29.759,23.254,4.824,7.002,6.262
11567,0.757,37.164,24.89,29.73,23.244,4.743,6.919,6.262
11568,0.761,37.232,24.878,29.739,23.247,4.783,7.041,6.343
11569,0.764,36.936,24.893,29.73,23.247,4.864,7.001,6.303
11570,0.77,37.086,24.862,29.739,23.247,4.743,6.96,6.302
11571,0.774,37.164,24.886,29.72,23.244,4.742,6.838,6.302
11572,0.767,37.232,24.878,29.759,23.254,4.823,7.08,6.425
11573,0.777,37.003,24.901,29.778,23.258,4.905,6.961,6.344
11574,0.761,37.115,24.894,29.75,23.251,4.825,6.96,6.343
11575,0.751,37.232,24.894,29.749,23.251,4.865,6.96,6.384
11576,0.757,37.29,24.917,29.749,23.251,4.865,7.041,6.385
11577,0.754,36.946,24.874,29.768,23.251,4.824,7.042,6.385
11578,0.741,37.048,24.897,29.721,23.24,4.702,6.839,6.222
11579,0.738,37.116,24.894,29.73,23.254,4.782,6.999,6.342
11580,0.747,37.184,24.858,29.73,23.244,4.824,7.041,6.262
11581,0.738,37.069,24.866,29.739,23.254,4.783,7.001,6.302
11582,0.738,37.193,24.847,29.73,23.244,4.742,7.041,6.262
11583,0.725,37.328,24.85,29.739,23.24,4.823,7.123,6.343
11584,0.75,37.435,24.839,29.787,23.268,4.905,7.205,6.466
11585,0.748,36.918,24.87,29.75,23.251,4.784,7.247,6.304
11586,0.747,37.047,24.932,29.749,23.251,4.824,7.247,6.343
11587,0.76,37.135,24.902,29.749,23.254,4.824,7.206,6.384
11588,0.767,37.002,24.902,29.768,23.258,4.824,7.328,6.263
11589,0.77,37.087,24.878,29.74,23.241,4.743,7.167,6.139
11590,0.754,37.193,24.843,29.73,23.251,4.823,7.206,6.341
11591,0.783,37.3,24.889,29.739,23.251,4.743,7.287,6.262
11592,0.774,36.869,24.862,29.73,23.247,4.742,7.166,6.302
11593,0.78,36.98,24.835,29.73,23.247,4.742,7.165,6.14
11594,0.764,37.096,24.819,29.739,23.251,4.823,7.206,6.301
11595,0.764,37.222,24.869,29.778,23.268,4.905,7.369,6.465
11596,0.751,36.926,24.889,29.73,23.251,4.784,7.208,6.304
11597,0.748,37.038,24.874,29.739,23.258,4.783,7.247,6.302
11598,0.741,37.164,24.89,29.74,23.254,4.824,7.206,6.343
11599,0.741,37.232,24.909,29.768,23.258,4.783,7.206,6.343
11600,0.744,36.926,24.859,29.74,23.244,4.702,7.125,6.221
11601,0.728,37.028,24.878,29.72,23.244,4.742,7.205,6.342
11602,0.731,37.164,24.882,29.749,23.247,4.864,7.125,6.262
11603,0.725,37.223,24.854,29.749,23.247,4.743,7.165,6.262
11604,0.731,36.878,24.854,29.74,23.244,4.742,7.084,6.221
11605,0.734,37.009,24.858,29.73,23.247,4.742,7.123,6.22
11606,0.744,37.144,24.909,29.768,23.261,4.986,7.246,6.464
11607,0.76,37.203,24.831,29.749,23.251,4.744,7.125,6.264
11608,0.761,36.801,24.834,29.749,23.254,4.783,7.043,6.384
11609,0.774,36.922,24.866,29.759,23.251,4.824,7.123,6.303
11610,0.767,37.067,24.866,29.769,23.254,4.824,7.165,6.425
11611,0.774,37.068,24.897,29.74,23.254,4.702,7.043,6.304
11612,0.767,37.02,24.866,29.711,23.244,4.742,7.042,6.221
11613,0.767,37.192,24.866,29.73,23.254,4.742,7.001,6.302
11614,0.754,37.271,24.847,29.73,23.251,4.742,7.001,6.221
11615,0.754,36.898,24.881,29.72,23.251,4.661,6.919,6.22
11616,0.751,36.846,24.901,29.739,23.247,4.741,6.959,6.302
11617,0.751,36.999,24.866,29.787,23.265,4.986,7.082,6.425
11618,0.748,37.068,24.878,29.75,23.248,4.785,6.961,6.344
11619,0.744,36.867,24.913,29.74,23.247,4.783,6.96,6.303
11620,0.738,36.999,24.894,29.759,23.254,4.824,6.96,6.343
11621,0.725,37.125,24.886,29.759,23.251,4.783,6.919,6.384
11622,0.734,37.213,24.905,29.749,23.251,4.824,6.919,6.263
11623,0.715,36.763,24.855,29.73,23.251,4.702,6.837,6.262
11624,0.741,36.921,24.862,29.739,23.251,4.782,6.837,6.221
11625,0.741,37.028,24.846,29.74,23.251,4.661,6.837,6.22
11626,0.741,37.106,24.901,29.73,23.244,4.7,6.837,6.22
11627,0.744,36.733,24.862,29.73,23.247,4.742,6.837,6.302
11628,0.764,36.902,24.874,29.768,23.261,4.945,6.958,6.425
11629,0.764,37.019,24.878,29.759,23.251,4.825,6.797,6.304
11630,0.764,37.077,24.878,29.759,23.254,4.743,6.795,6.302
11631,0.77,36.848,24.89,29.749,23.251,4.823,6.836,6.302
11632,0.767,36.989,24.909,29.749,23.251,4.865,6.837,6.302
11633,0.774,37.106,24.898,29.788,23.247,4.784,6.755,6.221
11634,0.761,37.136,24.843,29.721,23.24,4.702,6.673,6.22
11635,0.754,36.887,24.87,29.739,23.244,4.701,6.794,6.302
11636,0.744,37.009,24.909,29.74,23.244,4.782,6.673,6.262
11637,0.741,37.125,24.87,29.74,23.237,4.742,6.672,6.221
11638,0.734,37.126,24.878,29.74,23.244,4.783,6.713,6.302
11639,0.738,36.8,24.897,29.759,23.258,4.905,6.835,6.384
11640,0.747,36.979,24.901,29.74,23.258,4.784,6.755,6.263
11641,0.731,37.039,24.874,29.74,23.254,4.783,6.714,6.302
11642,0.744,37.058,24.893,29.74,23.251,4.783,6.713,6.343
11643,0.738,37.001,24.862,29.759,23.251,4.783,6.835,6.343
11644,0.731,37.115,24.874,29.759,23.254,4.783,6.714,6.303
11645,0.734,37.174,24.866,29.721,23.237,4.661,6.551,6.14
11646,0.741,36.638,24.858,29.739,23.251,4.741,6.712,6.26
11647,0.751,36.719,24.854,29.74,23.247,4.742,6.632,6.302
11648,0.748,36.835,24.889,29.74,23.247,4.783,6.631,6.221
11649,0.744,36.903,24.796,29.73,23.244,4.702,6.59,6.302
11650,0.751,36.808,24.861,29.759,23.258,4.863,6.793,6.465
11651,0.774,36.97,24.909,29.788,23.258,4.824,6.673,6.264
11652,0.767,37.058,24.851,29.75,23.251,4.783,6.631,6.343
11653,0.764,37.145,24.881,29.749,23.254,4.783,6.712,6.303
11654,0.757,36.695,24.87,29.768,23.254,4.824,6.713,6.384
11655,0.757,36.796,24.909,29.769,23.251,4.743,6.754,6.263
11656,0.744,36.912,24.835,29.711,23.244,4.62,6.632,6.18
11657,0.734,37.0,24.874,29.739,23.247,4.781,6.631,6.301
11658,0.734,36.789,24.882,29.74,23.251,4.783,6.712,6.262
11659,0.728,36.893,24.847,29.73,23.244,4.702,6.713,6.262
11660,0.721,37.009,24.874,29.73,23.247,4.701,6.632,6.262
11661,0.718,37.087,24.89,29.759,23.251,4.863,6.875,6.384
11662,0.731,36.762,24.855,29.778,23.254,4.784,6.755,6.303
11663,0.738,36.864,24.87,29.759,23.244,4.742,6.836,6.302
11664,0.741,36.98,24.854,29.759,23.251,4.823,6.796,6.302
11665,0.741,37.019,24.913,29.749,23.254,4.783,6.795,6.302
11666,0.741,36.665,24.866,29.768,23.254,4.783,6.836,6.302
11667,0.747,36.776,24.858,29.74,23.244,4.702,6.592,6.14
11668,0.738,36.864,24.87,29.749,23.254,4.782,6.793,6.341
11669,0.754,37.258,24.815,29.749,23.251,4.702,6.714,6.221
11670,0.751,36.85,24.85,29.74,23.247,4.701,6.754,6.18
11671,0.754,36.961,24.897,29.73,23.244,4.701,6.754,6.179
11672,0.757,37.067,24.839,29.73,23.244,4.782,6.917,6.342
11673,0.764,36.675,24.862,29.787,23.258,4.864,6.919,6.343
11674,0.754,36.652,24.846,29.74,23.254,4.743,6.837,6.303
11675,0.744,36.776,24.928,29.74,23.254,4.783,6.837,6.302
11676,0.747,36.883,24.874,29.759,23.251,4.783,6.958,6.302
11677,0.747,36.625,24.882,29.759,23.251,4.864,6.919,6.343
11678,0.734,36.747,24.882,29.73,23.247,4.743,6.796,6.181
11679,0.718,36.854,24.843,29.701,23.237,4.701,6.795,6.22
11680,0.721,36.97,24.866,29.758,23.254,4.742,6.877,6.261
11681,0.721,36.54,24.874,29.74,23.247,4.701,6.796,6.221
11682,0.711,36.641,24.862,29.74,23.244,4.701,6.836,6.22
11683,0.718,36.795,24.866,29.74,23.247,4.742,6.796,6.22
11684,0.728,36.893,24.823,29.768,23.265,4.864,6.999,6.424
11685,0.734,36.961,24.897,29.769,23.251,4.784,6.797,6.222
11686,0.744,37.067,24.87,29.74,23.258,4.783,6.795,6.22
11687,0.738,37.183,24.889,29.759,23.258,4.742,6.836,6.302
11688,0.747,37.271,24.866,29.778,23.254,4.783,6.837,6.262
11689,0.751,36.409,24.807,29.769,23.247,4.783,6.837,6.18
11690,0.748,36.515,24.842,29.73,23.237,4.742,6.674,6.179
11691,0.744,36.612,24.885,29.739,23.251,4.783,6.835,6.22
11692,0.751,36.68,24.878,29.749,23.244,4.783,6.796,6.22
11693,0.748,36.652,24.827,29.74,23.244,4.742,6.755,6.139
11694,0.744,36.786,24.858,29.759,23.247,4.742,6.754,6.219
11695,0.738,36.893,24.889,29.749,23.258,4.823,6.836,6.342
11696,0.757,36.951,24.897,29.845,23.254,4.824,6.796,6.221
11697,0.748,38.16,24.835,29.779,23.251,4.743,6.795,6.22
11698,0.738,38.297,24.858,29.759,23.247,4.823,6.836,6.302
11699,0.734,38.394,24.835,29.769,23.251,4.865,6.877,6.221
11700,0.725,36.775,24.858,29.769,23.251,4.784,6.918,6.261
11701,0.708,35.838,24.878,29.73,23.244,4.661,6.837,6.099
11702,0.705,35.943,24.835,29.739,23.251,4.822,6.958,6.219
11703,0.711,36.098,24.87,29.73,23.247,4.743,7.0,6.22
11704,0.715,36.579,24.854,29.739,23.247,4.701,7.041,6.18
11705,0.724,36.757,24.874,29.73,23.247,4.742,7.123,6.22
11706,0.721,36.873,24.866,29.759,23.258,4.823,7.327,6.424
11707,0.744,36.999,24.85,29.769,23.254,4.783,7.289,6.304
11708,0.734,36.32,24.862,29.759,23.251,4.824,7.329,6.302
11709,0.731,36.428,24.815,29.778,23.258,4.865,7.37,6.302
11710,0.744,36.563,24.85,29.778,23.247,4.784,7.37,6.343
11711,0.751,36.641,24.913,29.769,23.254,4.742,7.37,6.262
11712,0.748,36.517,24.757,29.74,23.237,4.661,7.289,6.139
11713,0.751,36.66,24.857,29.749,23.247,4.782,7.41,6.219
11714,0.744,36.776,24.87,29.73,23.251,4.783,7.411,6.302
11715,0.734,36.845,24.901,29.749,23.244,4.742,7.371,6.18
11716,0.731,36.251,24.87,29.74,23.244,4.742,7.411,6.261
11717,0.734,36.398,24.843,29.749,23.254,4.864,7.615,6.424
11718,0.741,36.553,24.862,29.778,23.265,4.865,7.617,6.344
11719,0.721,36.564,24.737,29.75,23.251,4.743,7.535,6.303
11720,0.724,36.459,24.83,29.749,23.247,4.823,7.616,6.384
11721,0.728,36.592,24.901,29.778,23.254,4.824,7.617,6.466
11722,0.721,36.728,24.812,29.769,23.258,4.783,7.657,6.345
11723,0.711,36.758,24.846,29.74,23.241,4.702,7.455,6.221
11724,0.718,36.403,24.842,29.73,23.244,4.742,7.534,6.302
11725,0.737,36.534,24.917,29.739,23.251,4.701,7.534,6.384
11726,0.738,36.651,24.878,29.759,23.244,4.701,7.534,6.344
11727,0.728,36.709,24.831,29.74,23.24,4.701,7.453,6.343
11728,0.728,36.403,24.862,29.759,23.251,4.782,7.574,6.384
11729,0.744,36.544,24.811,29.807,23.265,4.864,7.657,6.344
11730,0.747,36.622,24.842,29.75,23.251,4.784,7.617,6.384
11731,0.751,36.393,24.889,29.749,23.247,4.824,7.617,6.385
11732,0.754,36.448,24.796,29.768,23.254,4.783,7.576,6.344
11733,0.761,36.592,24.858,29.759,23.258,4.824,7.575,6.466
11734,0.754,36.689,24.866,29.759,23.241,4.743,7.454,6.304
11735,0.731,36.259,24.901,29.73,23.247,4.701,7.493,6.343
11736,0.754,36.398,24.823,29.749,23.244,4.782,7.534,6.343
11737,0.735,36.534,24.838,29.749,23.244,4.742,7.494,6.343
11738,0.721,36.612,24.862,29.749,23.247,4.742,7.453,6.343
11739,0.721,36.21,24.761,29.74,23.247,4.701,7.493,6.303
11740,0.737,36.388,24.842,29.787,23.265,4.863,7.656,6.547
11741,0.728,36.534,24.881,29.759,23.251,4.824,7.495,6.386
11742,0.725,36.564,24.808,29.769,23.258,4.743,7.534,6.385
11743,0.721,36.21,24.85,29.759,23.247,4.823,7.494,6.385
11744,0.728,36.35,24.885,29.778,23.254,4.783,7.494,6.466
11745,0.741,36.476,24.921,29.769,23.251,4.824,7.453,6.426
11746,0.734,36.516,24.867,29.721,23.237,4.702,7.249,6.222
11747,0.738,36.257,24.866,29.759,23.251,4.742,7.45,6.424
11748,0.751,36.418,24.85,29.749,23.251,4.783,7.371,6.385
11749,0.754,36.515,24.839,29.749,23.247,4.702,7.33,6.385
11750,0.748,36.554,24.866,29.74,23.244,4.66,7.289,6.385
11751,0.757,36.248,24.87,29.768,23.258,4.822,7.451,6.466
11752,0.777,36.408,24.854,29.769,23.251,4.824,7.371,6.426
11753,0.767,36.486,24.858,29.769,23.247,4.824,7.33,6.507
11754,0.748,36.535,24.866,29.759,23.254,4.824,7.329,6.467
11755,0.741,36.229,24.905,29.759,23.254,4.783,7.248,6.507
11756,0.747,36.36,24.863,29.769,23.251,4.783,7.288,6.386
11757,0.731,36.438,24.862,29.73,23.237,4.62,7.085,6.303
11758,0.728,36.295,24.85,29.768,23.251,4.781,7.205,6.465
11759,0.725,36.332,24.839,29.759,23.247,4.661,7.206,6.426
11760,0.721,36.457,24.838,29.749,23.251,4.782,7.125,6.385
11761,0.721,36.544,24.905,29.749,23.244,4.783,7.246,6.425
11762,0.724,36.133,24.839,29.788,23.258,4.905,7.288,6.548
11763,0.737,36.263,24.854,29.778,23.254,4.744,7.247,6.427
11764,0.728,36.37,24.874,29.759,23.251,4.742,7.247,6.466
11765,0.731,36.428,24.886,29.769,23.251,4.823,7.206,6.467
11766,0.725,36.189,24.874,29.769,23.247,4.783,7.247,6.426
11767,0.737,36.34,24.843,29.778,23.254,4.864,7.166,6.344
11768,0.744,36.457,24.838,29.759,23.244,4.702,7.043,6.303
11769,0.747,36.516,24.795,29.759,23.251,4.742,7.204,6.425
11770,0.754,36.065,24.826,29.759,23.251,4.742,7.165,6.344
11771,0.744,36.186,24.87,29.74,23.24,4.742,7.124,6.303
11772,0.751,36.302,24.819,29.749,23.244,4.742,7.124,6.302
11773,0.754,36.389,24.83,29.759,23.251,4.742,7.205,6.384
11774,0.748,36.189,24.897,29.797,23.258,4.945,7.287,6.507
11775,0.744,36.331,24.901,29.778,23.247,4.785,7.085,6.386
11776,0.731,36.418,24.859,29.778,23.251,4.783,7.123,6.466
11777,0.734,36.477,24.815,29.759,23.258,4.824,7.124,6.426
11778,0.734,36.142,24.85,29.769,23.254,4.824,7.165,6.466
11779,0.728,36.263,24.792,29.788,23.251,4.824,7.002,6.304
11780,0.715,36.351,24.818,29.731,23.244,4.702,6.96,6.302
11781,0.728,36.39,24.897,29.759,23.258,4.782,7.041,6.425
11782,0.734,36.112,24.757,29.797,23.244,4.742,7.001,6.304
11783,0.721,36.253,24.838,29.75,23.247,4.742,6.879,6.262
11784,0.721,36.36,24.866,29.749,23.247,4.701,6.959,6.302
11785,0.737,36.323,24.886,29.778,23.254,4.863,7.041,6.465
11786,0.747,36.246,24.866,29.788,23.258,4.865,7.001,6.345
11787,0.734,36.341,24.835,29.769,23.251,4.824,6.96,6.303
11788,0.747,36.447,24.854,29.769,23.244,4.783,6.96,6.425
11789,0.728,36.017,24.846,29.797,23.251,4.824,7.0,6.385
11790,0.757,36.128,24.846,29.778,23.251,4.824,7.001,6.385
11791,0.751,36.234,24.92,29.769,23.244,4.702,6.838,6.222
11792,0.735,36.302,24.859,29.759,23.251,4.782,6.958,6.302
11793,0.754,35.967,24.843,29.759,23.251,4.702,6.878,6.302
11794,0.744,36.079,24.881,29.778,23.251,4.782,6.877,6.302
11795,0.734,36.215,24.897,29.759,23.24,4.742,6.877,6.262
11796,0.738,36.283,24.827,29.759,23.251,4.783,6.918,6.384
11797,0.731,36.101,24.784,29.797,23.265,4.905,7.041,6.385
11798,0.728,36.224,24.834,29.778,23.248,4.825,7.042,6.303
11799,0.731,36.341,24.846,29.769,23.251,4.865,7.001,6.425
11800,0.728,36.409,24.831,29.778,23.251,4.824,7.082,6.385
11801,0.728,36.016,24.905,29.769,23.254,4.824,7.123,6.385
11802,0.725,36.166,24.851,29.807,23.247,4.783,6.921,6.181
11803,0.715,36.244,24.842,29.74,23.244,4.702,7.041,6.301
11804,0.734,36.341,24.858,29.778,23.251,4.782,7.001,6.262
11805,0.734,36.112,24.878,29.75,23.251,4.783,6.96,6.343
11806,0.741,36.263,24.886,29.759,23.247,4.702,6.919,6.221
11807,0.744,36.37,24.827,29.769,23.247,4.742,6.959,6.302
11808,0.754,36.438,24.881,29.807,23.265,4.986,7.122,6.425
11809,0.761,35.978,24.839,29.855,23.248,4.785,7.083,6.385
11810,0.754,36.089,24.842,29.789,23.254,4.783,7.002,6.344
11811,0.754,36.205,24.893,29.788,23.254,4.824,7.041,6.303
11812,0.764,36.532,24.858,29.836,23.251,4.824,7.042,6.302
11813,0.77,36.085,24.846,29.779,23.247,4.824,6.92,6.221
11814,0.748,36.205,24.858,29.75,23.24,4.702,6.919,6.261
11815,0.747,36.312,24.913,29.778,23.251,4.823,6.959,6.302
11816,0.738,35.977,24.913,29.759,23.244,4.743,6.838,6.262
11817,0.731,36.012,24.812,29.759,23.247,4.742,6.958,6.18
11818,0.731,36.128,24.85,29.749,23.247,4.783,6.919,6.22
11819,0.728,36.244,24.835,29.807,23.261,4.946,7.122,6.424
11820,0.747,35.9,24.842,29.798,23.254,4.825,7.002,6.263
11821,0.721,35.983,24.874,29.778,23.251,4.783,7.001,6.302
11822,0.728,36.137,24.847,29.788,23.251,4.783,7.082,6.262
11823,0.728,36.244,24.827,29.778,23.251,4.742,7.042,6.343
11824,0.734,35.976,24.87,29.788,23.254,4.823,7.001,6.262
11825,0.747,36.089,24.87,29.769,23.244,4.702,6.919,6.139
11826,0.731,36.205,24.889,29.769,23.251,4.701,7.041,6.179
11827,0.747,36.292,24.839,29.778,23.247,4.782,7.001,6.22
11828,0.757,35.939,24.889,29.778,23.247,4.824,7.082,6.18
11829,0.751,36.079,24.855,29.769,23.24,4.661,7.002,6.179
11830,0.764,36.176,24.831,29.769,23.247,4.782,7.204,6.301
11831,0.754,36.263,24.905,29.807,23.261,4.864,7.287,6.343
11832,0.764,35.804,24.859,29.788,23.251,4.824,7.166,6.221
11833,0.761,35.943,24.823,29.798,23.251,4.824,7.206,6.261
11834,0.751,36.05,24.858,29.778,23.251,4.743,7.287,6.221
11835,0.744,36.099,24.889,29.797,23.254,4.783,7.247,6.302
11836,0.747,36.1,24.866,29.798,23.258,4.824,7.247,6.099
11837,0.728,36.186,24.823,29.759,23.247,4.621,7.125,6.097
11838,0.728,36.321,24.881,29.797,23.251,4.7,7.205,6.178
11839,0.734,36.332,24.851,29.778,23.247,4.66,7.206,6.179
11840,0.734,35.891,24.831,29.778,23.247,4.7,7.247,6.057
11841,0.728,36.011,24.866,29.769,23.24,4.701,7.206,6.137
11842,0.731,36.147,24.87,29.797,23.251,4.823,7.369,6.301
11843,0.747,36.004,24.843,29.807,23.258,4.824,7.289,6.262
11844,0.731,35.897,24.858,29.807,23.251,4.783,7.288,6.139
11845,0.747,36.03,24.901,29.788,23.251,4.783,7.288,6.219
11846,0.754,36.137,24.862,29.798,23.258,4.824,7.329,6.261
11847,0.764,35.918,24.874,29.807,23.254,4.783,7.289,6.262
11848,0.748,36.011,24.85,29.779,23.24,4.702,7.125,6.099
11849,0.747,36.128,24.854,29.769,23.24,4.701,7.205,6.178
11850,0.757,36.253,24.823,29.807,23.247,4.782,7.206,6.22
11851,0.757,35.756,24.866,29.769,23.251,4.661,7.165,6.058
11852,0.764,35.924,24.87,29.788,23.244,4.7,7.124,6.137
11853,0.774,36.04,24.831,29.798,23.251,4.823,7.246,6.219
11854,0.78,36.166,24.901,29.826,23.265,4.865,7.328,6.18
11855,0.767,35.822,24.847,29.779,23.251,4.784,7.207,6.179
11856,0.754,35.953,24.85,29.807,23.251,4.824,7.206,6.22
11857,0.751,36.069,24.87,29.798,23.247,4.824,7.287,6.302
11858,0.751,36.157,24.847,29.817,23.258,4.865,7.329,6.14
11859,0.748,35.774,24.846,29.846,23.247,4.662,7.167,6.057
11860,0.738,35.895,24.811,29.789,23.254,4.782,7.287,6.178
11861,0.747,36.011,24.885,29.807,23.258,4.783,7.288,6.179
11862,0.741,36.06,24.851,29.846,23.247,4.702,7.288,6.098
11863,0.751,35.84,24.842,29.779,23.247,4.742,7.207,6.138
11864,0.757,35.953,24.881,29.797,23.244,4.783,7.287,6.219
11865,0.774,36.108,24.917,29.836,23.261,4.946,7.329,6.302
11866,0.78,36.157,24.878,29.798,23.254,4.825,7.289,6.18
11867,0.787,35.86,24.8,29.807,23.254,4.743,7.247,6.179
11868,0.8,36.001,24.854,29.807,23.254,4.783,7.288,6.22
11869,0.82,36.137,24.835,29.884,23.254,4.783,7.247,6.261
11870,0.823,36.11,24.85,29.808,23.251,4.783,7.247,6.18
11871,0.823,35.85,24.885,29.769,23.233,4.62,7.125,6.139
11872,0.833,36.001,24.866,29.864,23.251,4.741,7.205,6.138
11873,0.843,36.099,24.858,29.798,23.251,4.701,7.165,6.219
11874,0.843,35.735,24.862,29.778,23.247,4.782,7.206,6.18
11875,0.833,35.799,24.882,29.788,23.24,4.702,7.206,6.139
11876,0.833,35.962,24.761,29.826,23.254,4.904,7.369,6.341
11877,0.839,36.07,24.81,29.827,23.258,4.744,7.208,6.221
11878,0.82,35.735,24.83,29.798,23.251,4.823,7.206,6.22
11879,0.82,35.866,24.819,29.807,23.251,4.824,7.247,6.261
11880,0.82,36.001,24.83,29.817,23.258,4.824,7.288,6.302
11881,0.817,36.07,24.897,29.827,23.258,4.783,7.288,6.18
11882,0.807,35.725,24.847,29.798,23.244,4.702,7.125,6.139
11883,0.8,35.866,24.831,29.807,23.247,4.782,7.205,6.138
11884,0.816,35.992,24.866,29.807,23.251,4.783,7.247,6.219
11885,0.813,36.07,24.882,29.807,23.244,4.702,7.166,6.098
11886,0.823,35.668,24.862,29.798,23.247,4.66,7.206,6.138
11887,0.83,35.798,24.862,29.826,23.251,4.863,7.328,6.341
11888,0.862,35.982,24.858,29.836,23.258,4.906,7.289,6.262
11889,0.859,36.003,24.835,29.817,23.244,4.825,7.166,6.221
11890,0.862,35.753,24.846,29.836,23.258,4.783,7.165,6.261
11891,0.872,35.876,24.893,29.817,23.254,4.824,7.206,6.302
11892,0.872,36.011,24.878,29.827,23.258,4.824,7.165,6.302
11893,0.869,36.051,24.839,29.808,23.251,4.661,7.043,6.14
11894,0.84,35.668,24.87,29.798,23.247,4.782,7.204,6.301
11895,0.852,35.836,24.882,29.817,23.251,4.742,7.125,6.302
11896,0.843,35.944,24.866,29.817,23.251,4.742,7.083,6.262
11897,0.843,36.165,24.839,29.798,23.244,4.701,7.042,6.221
11898,0.849,35.736,24.85,29.807,23.247,4.782,7.123,6.383
11899,0.856,35.923,24.842,29.874,23.265,4.905,7.165,6.385
11900,0.856,36.002,24.827,29.827,23.244,4.825,7.002,6.344
11901,0.846,35.677,24.905,29.836,23.251,4.743,7.123,6.384
11902,0.846,35.673,24.847,29.884,23.247,4.905,7.124,6.344
11903,0.84,35.827,24.796,29.827,23.251,4.744,7.205,6.384
11904,0.839,35.915,24.846,29.836,23.247,4.701,7.043,6.181
11905,0.83,35.599,24.878,29.798,23.24,4.742,7.042,6.301
11906,0.843,35.769,24.858,29.826,23.251,4.783,7.082,6.343
11907,0.843,35.895,24.87,29.836,23.244,4.742,7.123,6.303
11908,0.833,35.983,24.854,29.827,23.244,4.701,7.043,6.302
11909,0.839,35.533,24.862,29.817,23.244,4.701,7.204,6.302
11910,0.846,35.71,24.846,29.855,23.265,4.863,7.369,6.547
11911,0.862,35.846,24.87,29.837,23.251,4.784,7.208,6.346
11912,0.836,35.905,24.847,29.836,23.251,4.824,7.287,6.425
11913,0.833,35.542,24.819,29.836,23.254,4.865,7.288,6.385
11914,0.836,35.672,24.889,29.836,23.251,4.824,7.329,6.425
11915,0.817,35.798,24.882,29.836,23.254,4.783,7.289,6.304
11916,0.807,35.847,24.847,29.808,23.24,4.702,7.125,6.302
11917,0.794,35.761,24.862,29.826,23.254,4.782,7.287,6.302
11918,0.79,35.914,24.87,29.827,23.247,4.742,7.288,6.343
11919,0.774,36.031,24.827,29.808,23.247,4.742,7.247,6.221
11920,0.761,36.07,24.858,29.817,23.247,4.661,7.288,6.302
11921,0.754,35.668,24.87,29.855,23.251,4.822,7.41,6.465
11922,0.777,35.865,24.827,29.875,23.261,4.865,7.452,6.467
11923,0.754,35.944,24.811,29.837,23.247,4.865,7.33,6.467
11924,0.761,35.964,24.826,29.836,23.247,4.784,7.329,6.386
11925,0.767,35.571,24.873,29.856,23.251,4.783,7.37,6.425
11926,0.777,35.701,24.796,29.837,23.254,4.783,7.37,6.426
11927,0.764,35.837,24.83,29.836,23.244,4.742,7.289,6.304
11928,0.741,35.781,24.862,29.827,23.247,4.783,7.329,6.425
11929,0.754,35.77,24.858,29.846,23.251,4.742,7.289,6.344
11930,0.761,35.895,24.878,29.837,23.247,4.783,7.288,6.343
11931,0.748,35.983,24.823,29.836,23.247,4.702,7.207,6.303
11932,0.744,35.456,24.842,29.817,23.247,4.782,7.287,6.343
11933,0.751,35.566,24.877,29.875,23.258,4.864,7.41,6.506
11934,0.751,35.72,24.87,29.875,23.258,4.824,7.249,6.467
11935,0.731,35.789,24.819,29.837,23.254,4.783,7.206,6.467
11936,0.731,35.569,24.815,29.865,23.247,4.824,7.206,6.426
11937,0.731,35.711,24.862,29.856,23.247,4.783,7.206,6.507
11938,0.728,35.856,24.846,29.865,23.251,4.783,7.165,6.467
11939,0.725,35.925,24.878,29.885,23.244,4.702,7.043,6.345
11940,0.702,35.407,24.823,29.837,23.251,4.782,7.123,6.466
11941,0.714,35.565,24.866,29.836,23.244,4.824,7.165,6.467
11942,0.708,35.711,24.866,29.913,23.244,4.743,7.124,6.426
11943,0.695,35.76,24.804,29.837,23.244,4.742,7.002,6.466
11944,0.692,35.598,24.881,29.846,23.251,4.823,7.163,6.507
11945,0.708,35.769,24.921,29.884,23.258,4.946,7.287,6.549
11946,0.705,35.876,24.87,29.846,23.251,4.825,7.085,6.508
11947,0.698,35.915,24.847,29.856,23.251,4.824,7.083,6.467
11948,0.695,35.57,24.827,29.856,23.251,4.824,7.123,6.507
11949,0.711,35.711,24.866,29.865,23.254,4.865,7.083,6.549
11950,0.715,35.827,24.835,29.875,23.251,4.743,6.961,6.427
11951,0.715,35.809,24.838,29.827,23.24,4.701,6.96,6.385
11952,0.724,35.531,24.858,29.855,23.251,4.823,6.96,6.466
11953,0.721,35.672,24.823,29.837,23.247,4.702,6.919,6.386
11954,0.711,35.769,24.893,29.856,23.244,4.742,6.878,6.344
11955,0.698,35.933,24.812,29.846,23.244,4.742,6.959,6.466
11956,0.698,35.484,24.842,29.875,23.258,4.864,7.082,6.629
11957,0.701,35.633,24.862,29.885,23.251,4.784,7.002,6.468
11958,0.682,35.74,24.835,29.875,23.258,4.864,7.001,6.507
11959,0.698,35.549,24.788,29.875,23.254,4.824,7.001,6.467
11960,0.701,35.615,24.838,29.885,23.258,4.865,6.96,6.548
11961,0.682,35.74,24.866,29.875,23.261,4.824,6.96,6.508
11962,0.675,35.837,24.8,29.856,23.241,4.702,6.878,6.427
11963,0.656,35.445,24.822,29.856,23.254,4.782,6.959,6.507
11964,0.675,35.575,24.873,29.875,23.251,4.783,6.919,6.467
11965,0.685,35.711,24.886,29.856,23.247,4.864,6.919,6.386
11966,0.688,35.76,24.851,29.865,23.251,4.702,6.959,6.466
11967,0.705,35.415,24.842,29.894,23.258,4.904,7.082,6.67
11968,0.724,35.594,24.835,29.904,23.258,4.865,7.042,6.509
11969,0.708,35.692,24.85,29.885,23.251,4.784,7.042,6.467
11970,0.705,35.76,24.85,29.875,23.251,4.783,7.082,6.507
11971,0.718,35.415,24.823,29.875,23.251,4.824,7.083,6.467
11972,0.728,35.594,24.858,29.904,23.258,4.824,7.164,6.507
11973,0.731,35.711,24.807,29.875,23.244,4.743,7.043,6.345
11974,0.702,35.722,24.877,29.846,23.247,4.742,7.164,6.466
11975,0.705,35.444,24.847,29.884,23.247,4.823,7.206,6.467
11976,0.702,35.594,24.831,29.866,23.247,4.743,7.125,6.467
11977,0.695,35.692,24.858,29.875,23.244,4.823,7.124,6.386
11978,0.679,35.722,24.827,29.865,23.244,4.702,7.205,6.547
11979,0.695,35.444,24.838,29.913,23.265,4.904,7.328,6.508
11980,0.708,35.585,24.831,29.895,23.251,4.784,7.248,6.427
11981,0.685,35.682,24.873,29.885,23.251,4.824,7.166,6.507
11982,0.682,35.702,24.769,29.923,23.254,4.824,7.165,6.508
11983,0.679,35.798,24.826,29.904,23.251,4.824,7.206,6.508
11984,0.691,35.905,24.873,29.885,23.251,4.783,7.165,6.427
11985,0.698,35.983,24.905,29.856,23.244,4.661,7.043,6.304
11986,0.698,35.418,24.812,29.875,23.24,4.741,7.082,6.425
11987,0.714,35.249,24.838,29.885,23.244,4.742,7.042,6.466
11988,0.728,35.391,24.827,29.875,23.24,4.742,7.082,6.345
11989,0.715,35.488,24.823,29.865,23.237,4.701,7.002,6.425
11990,0.715,35.384,24.854,29.865,23.251,4.823,7.082,6.466
11991,0.708,35.517,24.839,29.913,23.261,4.946,7.245,6.589
11992,0.744,35.672,24.846,29.904,23.254,4.785,7.125,6.427
11993,0.738,35.76,24.831,29.895,23.247,4.824,7.124,6.507
11994,0.721,35.377,24.893,29.875,23.251,4.865,7.124,6.427
11995,0.711,35.527,24.851,29.894,23.254,4.743,7.083,6.426
11996,0.715,35.672,24.846,29.914,23.258,4.823,7.042,6.466
11997,0.708,35.741,24.838,29.847,23.241,4.702,6.839,6.304
11998,0.705,35.243,24.838,29.894,23.251,4.782,7.04,6.384
11999,0.715,35.362,24.842,29.894,23.247,4.742,7.001,6.466
12000,0.705,35.488,24.835,29.875,23.244,4.783,6.96,6.345
12001,0.689,35.537,24.819,29.885,23.244,4.702,6.919,6.384
12002,0.688,35.336,24.862,29.904,23.254,4.945,7.122,6.547
12003,0.701,35.497,24.815,29.942,23.258,4.866,7.043,6.427
12004,0.688,35.585,24.866,29.895,23.251,4.824,7.001,6.466
12005,0.692,35.625,24.854,29.914,23.254,4.743,7.001,6.507
12006,0.708,35.357,24.842,29.914,23.254,4.905,7.001,6.467
12007,0.718,35.498,24.838,29.914,23.251,4.865,7.001,6.507
12008,0.737,35.595,24.811,29.885,23.244,4.702,6.879,6.305
12009,0.757,35.606,24.862,29.885,23.254,4.863,6.959,6.547
12010,0.78,35.299,24.878,29.875,23.254,4.824,7.0,6.508
12011,0.813,35.44,24.815,29.894,23.251,4.783,6.919,6.467
12012,0.842,35.546,24.862,29.885,23.251,4.824,6.878,6.386
12013,0.875,35.519,24.854,29.904,23.258,4.905,7.121,6.588
12014,0.905,35.327,24.878,29.933,23.261,4.906,7.002,6.59
12015,0.899,35.449,24.772,29.914,23.247,4.865,7.001,6.509
12016,0.918,35.556,24.795,29.904,23.254,4.824,6.96,6.549
12017,0.925,35.327,24.818,29.923,23.251,4.905,7.041,6.63
12018,0.925,35.44,24.834,29.914,23.254,4.865,7.042,6.55
12019,0.941,35.546,24.827,29.885,23.251,4.702,6.92,6.468
12020,0.971,35.634,24.799,29.904,23.251,4.823,6.959,6.548
12021,1.003,35.855,24.873,29.923,23.244,4.824,7.0,6.549
12022,1.049,35.992,24.862,29.914,23.247,4.783,7.041,6.508
12023,1.089,36.099,24.819,29.904,23.24,4.783,6.96,6.467
12024,1.144,36.186,24.873,29.914,23.254,4.864,7.041,6.751
12025,1.226,34.95,24.866,29.943,23.265,4.946,7.082,6.714
12026,1.266,35.072,24.815,29.914,23.251,4.866,7.002,6.591
12027,1.302,35.217,24.815,29.933,23.254,4.946,7.001,6.631
12028,1.335,35.295,24.807,29.952,23.261,4.866,7.082,6.712
12029,1.345,35.353,24.85,29.933,23.254,4.906,7.083,6.754
12030,1.358,35.478,24.846,29.924,23.24,4.744,6.961,6.551
12031,1.352,35.566,24.815,29.904,23.244,4.823,7.082,6.671
12032,1.378,35.672,24.838,29.904,23.251,4.824,7.042,6.672
12033,1.411,35.194,24.854,29.895,23.247,4.865,7.001,6.631
12034,1.398,35.314,24.882,29.894,23.251,4.743,6.919,6.631
12035,1.382,35.44,24.804,29.914,23.247,4.823,7.081,6.794
12036,1.365,35.518,24.85,29.971,23.268,4.987,7.123,6.836
12037,1.365,35.413,24.815,29.924,23.251,4.826,7.043,6.796
12038,1.329,35.556,24.842,29.923,23.251,4.905,7.042,6.836
12039,1.293,35.682,24.831,29.971,23.251,4.865,7.082,6.918
12040,1.231,35.99,24.834,29.924,23.254,4.906,7.123,7.041
12041,1.172,35.264,24.885,29.952,23.261,4.865,7.002,7.001
12042,1.116,35.334,24.835,29.953,23.244,4.784,6.919,7.123
12043,1.054,35.469,24.823,29.953,23.247,4.742,7.041,7.327
12044,0.998,35.24,24.862,29.914,23.251,4.823,7.001,7.451
12045,0.958,35.228,24.846,29.904,23.251,4.783,7.001,7.696
12046,0.886,35.362,24.784,29.923,23.247,4.783,7.041,7.983
12047,0.82,35.498,24.803,29.952,23.265,4.946,7.164,8.393
12048,0.774,35.211,24.85,29.953,23.251,4.785,7.043,8.519
12049,0.728,35.314,24.835,29.943,23.254,4.824,7.082,8.805
12050,0.682,35.44,24.846,29.924,23.258,4.824,7.123,9.011
12051,0.662,35.518,24.803,29.933,23.254,4.865,7.124,9.257
12052,0.623,35.202,24.819,29.952,23.254,4.824,7.124,9.381
12053,0.584,35.304,24.846,29.895,23.24,4.743,7.083,9.586
12054,0.573,35.449,24.881,29.914,23.251,4.783,7.164,9.751
12055,0.547,35.489,24.812,29.933,23.247,4.742,7.124,9.874
12056,0.557,35.278,24.834,29.924,23.251,4.783,7.083,9.876
12057,0.573,35.411,24.819,29.923,23.247,4.742,7.164,9.957
12058,0.599,35.565,24.858,29.971,23.261,4.905,7.328,10.202
12059,0.658,35.644,24.846,29.943,23.254,4.825,7.248,10.163
12060,0.672,35.222,24.799,29.943,23.254,4.905,7.288,10.244
12061,0.698,35.352,24.861,29.952,23.258,4.825,7.288,10.448
12062,0.721,35.478,24.815,29.953,23.261,4.905,7.288,10.613
12063,0.741,35.537,24.803,29.933,23.254,4.865,7.166,10.777
12064,0.751,35.202,24.865,29.924,23.234,4.784,7.124,10.942
12065,0.764,35.333,24.843,29.952,23.247,4.824,7.205,11.228
12066,0.774,35.449,24.862,29.991,23.247,4.783,7.165,11.515
12067,0.78,35.479,24.843,29.943,23.247,4.742,7.124,11.64
12068,0.787,35.125,24.846,29.952,23.247,4.742,7.165,11.967
12069,0.797,35.284,24.87,29.962,23.265,4.905,7.368,12.376
12070,0.81,35.42,24.85,29.962,23.254,4.865,7.248,12.34
12071,0.8,35.316,24.819,29.953,23.251,4.824,7.206,12.502
12072,0.803,35.286,24.834,29.962,23.251,4.824,7.247,12.544
12073,0.797,35.42,24.831,29.972,23.258,4.865,7.247,12.667
12074,0.8,35.508,24.889,29.953,23.258,4.906,7.166,12.627
12075,0.787,35.192,24.823,29.914,23.241,4.744,7.084,12.668
12076,0.78,35.314,24.858,29.952,23.254,4.864,7.123,12.668
12077,0.78,35.44,24.839,29.962,23.251,4.784,7.124,12.587
12078,0.774,35.527,24.835,29.943,23.247,4.742,7.165,12.545
12079,0.761,35.01,24.831,29.952,23.247,4.742,7.124,12.464
12080,0.774,35.139,24.834,29.972,23.258,4.905,7.287,12.544
12081,0.774,35.313,24.838,30.001,23.258,4.825,7.166,12.423
12082,0.761,35.373,24.835,29.953,23.254,4.824,7.165,12.259
12083,0.757,35.124,24.831,29.962,23.254,4.865,7.165,12.176
12084,0.764,35.304,24.866,29.972,23.247,4.824,7.206,12.135
12085,0.777,35.401,24.811,29.972,23.258,4.865,7.165,12.012
12086,0.774,35.479,24.826,29.943,23.244,4.784,7.043,11.808
12087,0.761,35.106,24.823,29.972,23.247,4.824,7.123,11.806
12088,0.78,35.284,24.827,29.962,23.251,4.865,7.083,11.684
12089,0.784,35.411,24.846,29.972,23.251,4.784,7.083,11.52
12090,0.79,35.45,24.815,29.953,23.247,4.742,7.002,11.315
12091,0.797,35.125,24.799,29.953,23.247,4.823,7.082,11.353
12092,0.81,35.313,24.819,29.981,23.265,4.905,7.205,11.313
12093,0.807,35.401,24.823,29.982,23.251,4.825,7.125,11.11
12094,0.797,35.421,24.846,29.972,23.254,4.783,7.124,11.026
12095,0.79,35.201,24.749,30.001,23.251,4.905,7.124,10.944
12096,0.787,35.343,24.806,30.001,23.258,4.825,7.165,10.821
12097,0.787,35.43,24.846,30.001,23.251,4.865,7.002,10.576
12098,0.764,35.546,24.827,29.953,23.237,4.784,7.041,10.451
12099,0.783,35.145,24.827,29.972,23.258,4.824,7.001,10.369
12100,0.78,35.256,24.842,29.953,23.254,4.824,7.082,10.287
12101,0.777,35.362,24.784,29.962,23.24,4.743,7.042,10.123
12102,0.774,35.095,24.811,29.972,23.24,4.823,7.082,10.041
12103,0.774,35.169,24.862,30.01,23.261,4.987,7.164,10.121
12104,0.793,35.294,24.878,29.982,23.251,4.785,7.084,9.837
12105,0.79,35.392,24.815,29.991,23.247,4.742,7.083,9.794
12106,0.793,34.999,24.815,29.991,23.251,4.864,7.042,9.753
12107,0.803,35.12,24.826,29.991,23.254,4.824,7.123,9.59
12108,0.807,35.275,24.823,29.991,23.258,4.865,7.043,9.466
12109,0.803,35.324,24.807,29.972,23.241,4.743,6.879,9.302
12110,0.797,35.056,24.842,29.981,23.244,4.823,7.0,9.26
12111,0.816,35.217,24.78,29.982,23.251,4.743,7.082,9.137
12112,0.813,35.324,24.83,29.982,23.247,4.742,7.002,9.014
12113,0.823,35.392,24.85,29.962,23.247,4.742,6.96,8.972
12114,0.804,35.105,24.858,29.991,23.254,4.864,7.204,8.972
12115,0.813,35.313,24.843,30.02,23.265,4.906,7.206,8.85
12116,0.81,35.411,24.803,29.992,23.254,4.825,7.165,8.849
12117,0.803,35.469,24.822,30.01,23.258,4.824,7.246,8.646
12118,0.794,35.058,24.803,29.991,23.258,4.783,7.288,8.644
12119,0.793,35.197,24.822,30.001,23.254,4.824,7.329,8.644
12120,0.793,35.304,24.834,29.991,23.247,4.783,7.167,8.44
12121,0.78,35.315,24.811,29.972,23.251,4.824,7.206,8.357
12122,0.784,35.018,24.85,30.01,23.251,4.824,7.287,8.275
12123,0.787,35.139,24.846,30.011,23.251,4.743,7.247,8.274
12124,0.78,35.237,24.897,29.982,23.24,4.661,7.206,8.274
12125,0.8,35.247,24.827,30.01,23.247,4.782,7.328,8.274
12126,0.82,35.123,24.827,30.039,23.265,4.946,7.451,8.193
12127,0.82,35.246,24.811,30.011,23.254,4.825,7.33,8.11
12128,0.823,35.334,24.819,30.011,23.254,4.865,7.329,8.028
12129,0.826,35.085,24.834,30.001,23.258,4.824,7.289,8.027
12130,0.833,35.063,24.858,30.03,23.247,4.865,7.288,7.987
12131,0.839,35.169,24.827,30.011,23.251,4.743,7.247,7.783
12132,0.826,35.237,24.827,30.001,23.244,4.742,7.206,7.944
12133,0.836,34.959,24.827,30.001,23.251,4.783,7.206,7.742
12134,0.849,35.062,24.862,30.011,23.247,4.742,7.247,7.74
12135,0.833,35.197,24.811,30.001,23.247,4.701,7.125,7.659
12136,0.82,35.295,24.834,30.011,23.251,4.823,7.124,7.78
12137,0.82,34.998,24.874,30.059,23.261,4.946,7.408,7.822
12138,0.833,35.13,24.862,30.011,23.244,4.744,7.167,7.619
12139,0.807,35.237,24.843,30.03,23.254,4.742,7.287,7.617
12140,0.81,35.333,24.881,30.03,23.254,4.742,7.288,7.617
12141,0.803,34.989,24.792,30.049,23.251,4.823,7.288,7.576
12142,0.803,35.12,24.818,30.03,23.254,4.783,7.288,7.535
12143,0.803,35.198,24.795,29.992,23.244,4.661,7.166,7.534
12144,0.797,35.295,24.834,30.039,23.251,4.782,7.287,7.453
12145,0.816,34.97,24.788,30.03,23.247,4.742,7.288,7.452
12146,0.82,35.12,24.822,30.011,23.244,4.701,7.288,7.412
12147,0.826,35.227,24.834,30.011,23.244,4.742,7.329,7.452
12148,0.839,35.324,24.831,30.039,23.261,4.905,7.492,7.574
12149,0.852,35.037,24.858,30.04,23.258,4.825,7.371,7.454
12150,0.843,35.149,24.843,30.03,23.251,4.783,7.411,7.371
12151,0.843,35.275,24.803,30.03,23.251,4.824,7.411,7.37
12152,0.846,35.315,24.85,30.049,23.258,4.824,7.452,7.37
12153,0.856,34.999,24.819,30.03,23.251,4.783,7.412,7.289
12154,0.836,35.091,24.83,30.02,23.244,4.702,7.33,7.288
12155,0.839,35.236,24.756,30.049,23.247,4.823,7.37,7.247
12156,0.836,35.151,24.818,30.03,23.247,4.824,7.33,7.206
12157,0.836,35.026,24.858,30.03,23.244,4.743,7.289,7.125
12158,0.826,35.13,24.85,30.011,23.247,4.783,7.369,7.124
12159,0.823,35.275,24.866,30.049,23.261,4.864,7.533,7.368
12160,0.813,34.989,24.858,30.059,23.258,4.824,7.372,7.208
12161,0.807,35.053,24.8,30.049,23.258,4.743,7.411,7.206
12162,0.807,35.217,24.842,30.059,23.247,4.742,7.371,7.206
12163,0.813,35.295,24.827,30.049,23.254,4.864,7.452,7.287
12164,0.823,34.931,24.838,30.04,23.244,4.743,7.33,7.085
12165,0.826,35.052,24.753,30.011,23.244,4.661,7.248,7.083
12166,0.83,35.188,24.818,30.039,23.244,4.782,7.288,7.123
12167,0.839,35.285,24.846,30.059,23.254,4.783,7.329,7.083
12168,0.843,34.893,24.823,30.04,23.247,4.702,7.329,7.042
12169,0.839,35.014,24.811,30.049,23.247,4.782,7.289,7.082
12170,0.852,35.168,24.83,30.059,23.258,4.864,7.491,7.245
12171,0.872,35.247,24.834,30.069,23.251,4.824,7.412,7.044
12172,0.856,34.883,24.834,30.04,23.251,4.783,7.371,7.123
12173,0.866,35.023,24.811,30.049,23.258,4.824,7.452,7.124
12174,0.859,35.188,24.865,30.068,23.254,4.824,7.493,7.043
12175,0.853,35.237,24.784,30.069,23.254,4.743,7.453,7.042
12176,0.84,34.95,24.803,30.03,23.24,4.661,7.452,6.96
12177,0.843,35.1,24.826,30.049,23.247,4.782,7.493,7.0
12178,0.843,35.217,24.823,30.059,23.254,4.702,7.494,6.96
12179,0.843,35.257,24.85,30.04,23.247,4.742,7.371,6.878
12180,0.83,34.969,24.835,30.03,23.244,4.823,7.452,6.877
12181,0.843,35.139,24.795,30.068,23.258,4.865,7.615,7.081
12182,0.843,35.256,24.826,30.078,23.251,4.702,7.413,6.961
12183,0.826,35.583,24.831,30.059,23.251,4.823,7.411,7.0
12184,0.833,34.992,24.866,30.069,23.247,4.824,7.452,6.96
12185,0.849,35.13,24.745,30.069,23.254,4.865,7.452,6.919
12186,0.846,35.237,24.806,30.069,23.254,4.784,7.412,6.919
12187,0.853,34.969,24.819,30.04,23.24,4.661,7.33,6.715
12188,0.843,35.024,24.803,30.068,23.251,4.7,7.41,6.835
12189,0.859,35.178,24.811,30.05,23.254,4.701,7.371,6.837
12190,0.859,35.256,24.819,30.059,23.247,4.742,7.289,6.796
12191,0.866,34.691,24.819,30.049,23.247,4.62,7.329,6.795
12192,0.879,34.829,24.795,30.059,23.251,4.741,7.451,6.917
12193,0.889,34.994,24.838,30.107,23.265,4.864,7.371,6.837
12194,0.885,35.063,24.877,30.069,23.251,4.784,7.289,6.796
12195,0.869,34.881,24.815,30.069,23.254,4.742,7.247,6.836
12196,0.869,35.042,24.826,30.078,23.251,4.864,7.288,6.796
12197,0.863,35.159,24.791,30.088,23.261,4.784,7.288,6.795
12198,0.872,35.256,24.799,30.078,23.251,4.742,7.125,6.633
12199,0.853,34.816,24.819,30.04,23.244,4.742,7.205,6.794
12200,0.856,34.994,24.803,30.078,23.247,4.701,7.247,6.673
12201,0.853,35.12,24.815,30.069,23.251,4.701,7.166,6.753
12202,0.833,35.198,24.819,30.078,23.24,4.66,7.124,6.673
12203,0.843,35.103,24.807,30.069,23.247,4.66,7.165,6.713
12204,0.856,35.284,24.893,30.117,23.258,4.904,7.246,6.835
12205,0.869,35.392,24.816,30.098,23.247,4.744,7.125,6.633
12206,0.866,35.431,24.838,30.098,23.251,4.783,7.165,6.794
12207,0.862,34.703,24.831,30.107,23.251,4.742,7.124,6.714
12208,0.875,34.858,24.831,30.088,23.254,4.823,7.124,6.713
12209,0.889,34.984,24.846,30.088,23.247,4.743,7.083,6.632
12210,0.869,34.976,24.866,30.05,23.233,4.661,7.042,6.712
12211,0.885,34.851,24.85,30.088,23.251,4.741,7.082,6.632
12212,0.905,34.984,24.811,30.107,23.247,4.701,7.123,6.631
12213,0.899,35.082,24.85,30.079,23.251,4.782,7.043,6.55
12214,0.895,34.939,24.827,30.069,23.244,4.661,7.042,6.63
12215,0.892,34.909,24.831,30.136,23.261,4.863,7.286,6.753
12216,0.882,35.052,24.827,30.127,23.251,4.743,7.085,6.632
12217,0.879,35.13,24.831,30.108,23.251,4.701,7.042,6.672
12218,0.879,34.834,24.815,30.107,23.247,4.742,7.042,6.631
12219,0.879,34.946,24.815,30.107,23.254,4.783,7.123,6.672
12220,0.872,35.072,24.799,30.117,23.251,4.742,7.043,6.591
12221,0.869,35.14,24.842,30.069,23.24,4.62,6.96,6.468
12222,0.872,34.728,24.831,30.107,23.251,4.741,7.082,6.629
12223,0.872,34.887,24.803,30.098,23.247,4.661,7.002,6.55
12224,0.879,35.004,24.881,30.088,23.247,4.7,6.96,6.508
12225,0.882,35.053,24.827,30.107,23.247,4.66,6.919,6.508
12226,0.892,34.795,24.862,30.117,23.254,4.822,7.081,6.67
12227,0.899,34.955,24.839,30.155,23.261,4.783,7.083,6.591
12228,0.902,35.053,24.835,30.118,23.251,4.702,6.92,6.549
12229,0.905,35.13,24.838,30.117,23.258,4.823,7.0,6.549
12230,0.921,34.709,24.866,30.117,23.254,4.743,7.041,6.59
12231,0.935,34.858,24.831,30.165,23.251,4.823,7.001,6.468
12232,0.915,34.975,24.772,30.108,23.24,4.661,6.879,6.386
12233,0.909,35.005,24.83,30.127,23.247,4.782,7.04,6.547
12234,0.921,34.871,24.803,30.127,23.251,4.783,7.001,6.468
12235,0.912,35.013,24.826,30.156,23.244,4.702,6.96,6.386
12236,0.908,35.111,24.823,30.108,23.244,4.66,6.96,6.425
12237,0.915,35.15,24.819,30.127,23.244,4.7,7.082,6.588
12238,0.918,34.901,24.862,30.156,23.265,4.904,7.286,6.549
12239,0.909,35.014,24.85,30.127,23.254,4.744,7.166,6.468
12240,0.905,35.139,24.831,30.117,23.258,4.742,7.287,6.467
12241,0.905,35.208,24.811,30.146,23.254,4.864,7.288,6.507
12242,0.902,34.94,24.815,30.156,23.247,4.824,7.247,6.508
12243,0.902,35.072,24.83,30.146,23.244,4.743,7.206,6.386
12244,0.899,35.121,24.831,30.108,23.24,4.661,7.247,6.466
12245,0.921,34.92,24.772,30.136,23.251,4.7,7.288,6.386
12246,0.931,34.995,24.803,30.136,23.251,4.701,7.329,6.303
12247,0.935,35.12,24.822,30.127,23.244,4.66,7.207,6.343
12248,0.945,35.208,24.823,30.136,23.247,4.741,7.328,6.384
12249,0.964,34.796,24.85,30.156,23.261,4.945,7.451,6.547
12250,0.971,34.926,24.85,30.137,23.254,4.703,7.33,6.427
12251,0.964,35.052,24.835,30.136,23.251,4.782,7.37,6.344
12252,0.964,35.149,24.819,30.156,23.261,4.783,7.37,6.425
12253,0.971,35.026,24.842,30.146,23.251,4.742,7.37,6.426
12254,0.974,35.159,24.799,30.156,23.251,4.701,7.248,6.263
12255,0.945,35.256,24.772,30.127,23.24,4.701,7.247,6.302
12256,0.961,35.353,24.787,30.146,23.251,4.742,7.288,6.384
12257,0.961,34.942,24.811,30.146,23.251,4.742,7.247,6.303
12258,0.942,35.091,24.811,30.146,23.244,4.701,7.166,6.302
12259,0.948,35.198,24.838,30.146,23.251,4.742,7.328,6.343
12260,0.945,35.295,24.823,30.204,23.265,4.864,7.37,6.466
12261,0.948,35.066,24.862,30.147,23.251,4.824,7.289,6.386
12262,0.941,35.188,24.846,30.156,23.247,4.783,7.329,6.344
12263,0.958,35.314,24.823,30.156,23.251,4.783,7.248,6.343
12264,0.961,35.353,24.873,30.165,23.265,4.824,7.288,6.384
12265,0.974,35.133,24.796,30.146,23.244,4.743,7.125,6.222
12266,0.968,35.227,24.787,30.137,23.244,4.742,7.246,6.302
12267,0.984,35.391,24.764,30.165,23.244,4.783,7.166,6.221
12268,0.994,35.421,24.818,30.146,23.247,4.783,7.206,6.261
12269,1.0,35.278,24.823,30.127,23.247,4.742,7.084,6.18
12270,1.0,35.43,24.838,30.146,23.244,4.742,7.164,6.301
12271,1.03,35.546,24.784,30.204,23.258,4.945,7.287,6.384
12272,1.037,35.423,24.807,30.166,23.251,4.825,7.166,6.263
12273,1.02,35.431,24.846,30.175,23.247,4.743,7.165,6.18
12274,1.027,35.566,24.846,30.156,23.258,4.823,7.206,6.301
12275,1.027,35.663,24.811,30.185,23.254,4.743,7.247,6.384
12276,1.017,35.443,24.799,30.185,23.247,4.783,7.206,6.222
12277,1.014,35.546,24.791,30.146,23.237,4.702,7.043,6.18
12278,1.017,35.691,24.83,30.175,23.247,4.782,7.123,6.261
12279,1.023,35.798,24.807,30.156,23.244,4.742,7.124,6.221
12280,1.014,35.703,24.846,30.156,23.247,4.701,7.124,6.22
12281,1.01,35.818,24.784,30.165,23.251,4.742,7.205,6.261
12282,1.027,35.991,24.799,30.194,23.258,4.945,7.409,6.465
12283,1.037,36.089,24.861,30.185,23.254,4.785,7.208,6.304
12284,1.03,35.639,24.831,30.185,23.254,4.824,7.287,6.302
12285,1.05,35.807,24.776,30.175,23.254,4.824,7.288,6.302
12286,1.046,35.924,24.807,30.194,23.254,4.783,7.288,6.262
12287,1.05,35.983,24.815,30.185,23.254,4.783,7.288,6.221
12288,1.06,35.993,24.83,30.166,23.237,4.62,7.207,6.18
12289,1.069,36.137,24.827,30.185,23.251,4.7,7.206,6.301
12290,1.082,36.253,24.858,30.185,23.251,4.701,7.328,6.262
12291,1.102,36.322,24.839,30.175,23.251,4.782,7.248,6.262
12292,1.089,36.092,24.799,30.156,23.244,4.742,7.288,6.18
12293,1.092,36.224,24.881,30.185,23.254,4.905,7.41,6.423
12294,1.105,36.379,24.812,30.223,23.265,4.865,7.33,6.304
12295,1.096,36.4,24.819,30.204,23.248,4.784,7.41,6.302
12296,1.092,36.294,24.811,30.195,23.258,4.824,7.411,6.302
12297,1.109,36.428,24.846,30.185,23.251,4.905,7.33,6.302
12298,1.089,36.554,24.807,30.204,23.258,4.906,7.37,6.343
12299,1.079,36.555,24.819,30.166,23.241,4.744,7.248,6.221
12300,1.083,36.497,24.827,30.185,23.247,4.823,7.288,6.383
12301,1.066,36.641,24.811,30.185,23.247,4.824,7.247,6.263
12302,1.079,36.738,24.83,30.185,23.247,4.824,7.288,6.262
12303,1.076,36.557,24.803,30.185,23.244,4.783,7.207,6.302
12304,1.073,36.67,24.85,30.194,23.258,4.864,7.409,6.465
12305,1.105,36.834,24.835,30.242,23.258,4.987,7.33,6.386
12306,1.106,36.903,24.823,30.205,23.254,4.907,7.289,6.385
12307,1.106,36.606,24.815,30.195,23.251,4.906,7.247,6.385
12308,1.122,36.728,24.83,30.223,23.258,4.906,7.328,6.385
12309,1.138,36.854,24.827,30.214,23.258,4.947,7.207,6.385
12310,1.145,36.932,24.842,30.195,23.241,4.785,7.125,6.303
12311,1.135,36.942,24.803,30.242,23.251,4.864,7.205,6.384
12312,1.135,37.096,24.795,30.205,23.251,4.824,7.206,6.385
12313,1.142,37.212,24.834,30.195,23.244,4.743,7.125,6.303
12314,1.142,37.252,24.811,30.185,23.24,4.783,7.124,6.302
12315,1.125,36.878,24.842,30.204,23.251,4.864,7.287,6.465
12316,1.148,37.047,24.819,30.233,23.261,4.946,7.288,6.386
12317,1.139,37.126,24.862,30.204,23.247,4.825,7.125,6.385
12318,1.122,37.184,24.827,30.223,23.258,4.865,7.165,6.466
12319,1.119,37.29,24.838,30.224,23.251,4.906,7.165,6.426
12320,1.129,37.425,24.838,30.214,23.251,4.906,7.165,6.385
12321,1.116,37.503,24.78,30.204,23.24,4.784,7.002,6.344
12322,1.106,37.533,24.803,30.223,23.244,4.864,7.163,6.466
12323,1.115,37.265,24.799,30.214,23.251,4.865,7.084,6.426
12324,1.122,37.377,24.842,30.214,23.247,4.784,7.083,6.385
12325,1.132,37.493,24.788,30.204,23.247,4.742,6.961,6.385
12326,1.125,37.772,24.807,30.204,23.254,4.905,7.122,6.507
12327,1.142,37.401,24.846,30.243,23.265,4.947,7.124,6.549
12328,1.148,37.493,24.815,30.214,23.254,4.825,7.083,6.549
12329,1.152,37.581,24.823,30.223,23.247,4.865,7.123,6.549
12330,1.145,37.466,24.854,30.243,23.258,4.946,7.124,6.549
12331,1.152,37.542,24.784,30.233,23.254,4.866,7.124,6.468
12332,1.145,37.677,24.814,30.214,23.237,4.784,6.961,6.345
12333,1.135,37.726,24.834,30.195,23.251,4.824,6.96,6.466
12334,1.145,37.564,24.819,30.223,23.258,4.824,7.0,6.426
12335,1.129,37.677,24.721,30.233,23.251,4.783,6.919,6.466
12336,1.112,37.822,24.779,30.204,23.24,4.702,7.0,6.467
12337,1.119,37.891,24.85,30.223,23.247,4.863,6.96,6.548
12338,1.115,37.623,24.835,30.262,23.258,4.946,7.041,6.468
12339,1.093,37.716,24.834,30.243,23.251,4.907,6.92,6.507
12340,1.102,37.823,24.862,30.224,23.254,4.865,6.959,6.467
12341,1.089,37.91,24.776,30.243,23.261,4.865,6.96,6.507
12342,1.096,37.652,24.818,30.262,23.258,4.906,7.0,6.508
12343,1.063,37.774,24.842,30.224,23.251,4.784,6.838,6.386
12344,1.04,37.852,24.835,30.214,23.251,4.824,6.877,6.466
12345,1.056,37.929,24.772,30.243,23.247,4.824,6.877,6.467
12346,1.069,37.767,24.779,30.233,23.247,4.783,6.877,6.386
12347,1.056,37.9,24.822,30.214,23.244,4.742,6.877,6.425
12348,1.06,38.007,24.795,30.243,23.251,4.823,7.0,6.426
12349,1.069,38.065,24.815,30.272,23.265,4.946,7.041,6.548
12350,1.063,37.711,24.85,30.243,23.251,4.785,7.001,6.468
12351,1.069,37.832,24.854,30.233,23.251,4.864,7.001,6.467
12352,1.05,37.958,24.803,30.252,23.251,4.865,6.96,6.467
12353,1.04,37.979,24.869,30.253,23.251,4.865,7.041,6.507
12354,1.04,37.902,24.788,30.214,23.244,4.662,6.96,6.305
12355,1.004,38.035,24.822,30.233,23.254,4.904,7.041,6.465
12356,1.004,38.142,24.795,30.243,23.247,4.865,7.001,6.304
12357,0.994,37.865,24.807,30.224,23.24,4.824,7.001,6.384
12358,0.961,37.747,24.815,30.224,23.247,4.783,6.96,6.385
12359,0.961,37.928,24.83,30.262,23.265,4.946,7.285,6.629
12360,0.968,38.007,24.873,30.243,23.258,4.866,7.166,6.428
12361,0.948,37.835,24.765,30.262,23.251,4.865,7.084,6.466
12362,0.945,37.958,24.81,30.253,23.251,4.906,7.123,6.548
12363,0.932,38.074,24.873,30.272,23.254,4.906,7.124,6.508
12364,0.935,38.162,24.839,30.272,23.254,4.825,7.083,6.467
12365,0.922,37.731,24.831,30.282,23.244,4.702,7.042,6.467
12366,0.925,37.861,24.807,30.243,23.251,4.782,7.123,6.467
12367,0.925,37.968,24.795,30.233,23.247,4.824,7.043,6.467
12368,0.915,38.065,24.807,30.243,23.244,4.783,7.042,6.467
12369,0.912,37.826,24.78,30.243,23.251,4.783,7.164,6.507
12370,0.912,37.977,24.865,30.272,23.265,4.986,7.206,6.67
12371,0.925,38.113,24.815,30.31,23.254,4.826,7.125,6.509
12372,0.912,38.153,24.815,30.272,23.251,4.905,7.124,6.549
12373,0.902,37.741,24.862,30.262,23.247,4.947,7.165,6.508
12374,0.899,37.861,24.815,30.262,23.254,4.866,7.206,6.549
12375,0.886,37.987,24.838,30.262,23.258,4.865,7.165,6.468
12376,0.869,38.008,24.799,30.214,23.241,4.784,7.084,6.467
12377,0.856,37.854,24.83,30.262,23.247,4.864,7.123,6.548
12378,0.853,38.025,24.838,30.272,23.247,4.824,7.124,6.508
12379,0.849,38.113,24.815,30.253,23.251,4.824,7.043,6.386
12380,0.833,38.105,24.854,30.243,23.247,4.824,7.204,6.466
12381,0.83,37.827,24.776,30.291,23.261,5.027,7.328,6.711
12382,0.846,37.948,24.803,30.282,23.251,4.867,7.248,6.632
12383,0.807,38.045,24.838,30.272,23.251,4.865,7.206,6.55
12384,0.807,38.066,24.795,30.272,23.258,4.865,7.247,6.549
12385,0.823,37.922,24.861,30.32,23.254,4.987,7.288,6.549
12386,0.81,38.026,24.827,30.272,23.251,4.826,7.166,6.427
12387,0.807,38.104,24.842,30.234,23.24,4.783,7.124,6.426
12388,0.82,37.807,24.835,30.281,23.247,4.824,7.165,6.507
12389,0.826,37.852,24.831,30.272,23.251,4.865,7.124,6.467
12390,0.82,37.987,24.873,30.262,23.247,4.824,7.083,6.467
12391,0.826,38.075,24.827,30.243,23.24,4.824,7.205,6.467
12392,0.817,37.663,24.815,30.291,23.258,4.946,7.328,6.629
12393,0.829,37.803,24.873,30.282,23.254,4.907,7.167,6.468
12394,0.817,37.891,24.788,30.282,23.247,4.825,7.206,6.507
12395,0.81,37.987,24.818,30.291,23.254,4.865,7.206,6.508
12396,0.803,37.701,24.795,30.272,23.261,4.865,7.247,6.589
12397,0.797,37.851,24.877,30.272,23.254,4.906,7.206,6.509
12398,0.79,37.939,24.854,30.253,23.247,4.784,7.084,6.427
12399,0.774,38.026,24.823,30.272,23.247,4.824,7.205,6.507
12400,0.774,37.701,24.866,30.253,23.251,4.824,7.125,6.467
12401,0.758,37.842,24.725,30.291,23.244,4.783,7.124,6.548
12402,0.764,37.958,24.794,30.272,23.244,4.783,7.124,6.549
12403,0.77,38.007,24.815,30.282,23.254,4.905,7.287,6.671
12404,0.78,37.71,24.815,30.32,23.261,4.947,7.288,6.672
12405,0.771,37.823,24.819,30.349,23.254,4.785,7.247,6.631
12406,0.764,37.948,24.78,30.292,23.254,4.905,7.288,6.631
12407,0.774,37.95,24.842,30.272,23.251,4.906,7.247,6.631
12408,0.78,37.662,24.819,30.291,23.254,4.865,7.247,6.712
12409,0.784,37.765,24.834,30.272,23.247,4.702,7.125,6.51
12410,0.767,37.852,24.885,30.282,23.251,4.863,7.246,6.589
12411,0.78,38.236,24.819,30.272,23.251,4.824,7.247,6.631
12412,0.79,37.674,24.795,30.282,23.244,4.824,7.206,6.55
12413,0.774,37.765,24.842,30.272,23.244,4.783,7.247,6.549
12414,0.78,37.89,24.803,30.301,23.251,4.905,7.328,6.671
12415,0.79,37.709,24.822,30.32,23.258,4.906,7.329,6.631
12416,0.78,37.669,24.776,30.301,23.254,4.784,7.207,6.631
12417,0.78,37.793,24.846,30.291,23.251,4.905,7.287,6.672
12418,0.78,37.881,24.862,30.301,23.251,4.906,7.288,6.631
12419,0.774,37.604,24.843,30.311,23.258,4.906,7.207,6.631
12420,0.764,37.735,24.854,30.291,23.251,4.744,7.165,6.509
12421,0.754,37.832,24.796,30.31,23.244,4.823,7.287,6.63
12422,0.764,37.948,24.791,30.291,23.251,4.824,7.247,6.631
12423,0.764,37.528,24.857,30.282,23.244,4.783,7.206,6.672
12424,0.748,37.658,24.796,30.291,23.24,4.824,7.206,6.631
12425,0.751,37.793,24.818,30.32,23.258,4.865,7.328,6.712
12426,0.77,37.891,24.784,30.33,23.268,4.906,7.451,6.672
12427,0.774,37.556,24.834,30.311,23.251,4.865,7.412,6.631
12428,0.78,37.725,24.799,30.311,23.251,4.824,7.493,6.672
12429,0.774,37.832,24.819,30.311,23.258,4.905,7.494,6.631
12430,0.784,37.881,24.869,30.33,23.258,4.906,7.616,6.753
12431,0.787,37.393,24.811,30.311,23.247,4.784,7.495,6.551
12432,0.78,37.493,24.78,30.282,23.251,4.783,7.616,6.59
12433,0.787,37.629,24.826,30.291,23.247,4.824,7.617,6.671
12434,0.79,37.678,24.807,30.31,23.251,4.783,7.617,6.591
12435,0.771,37.535,24.826,30.301,23.247,4.742,7.698,6.59
12436,0.767,37.677,24.795,30.301,23.247,4.783,7.699,6.712
12437,0.78,37.784,24.85,30.349,23.258,4.946,7.902,6.794
12438,0.79,37.823,24.835,30.33,23.254,4.866,7.742,6.592
12439,0.761,37.498,24.815,30.33,23.247,4.865,7.74,6.753
12440,0.754,37.638,24.838,30.32,23.258,4.824,7.781,6.673
12441,0.744,37.736,24.795,30.34,23.258,4.905,7.822,6.713
12442,0.76,37.631,24.799,30.34,23.251,4.825,7.741,6.632
12443,0.748,37.534,24.811,30.311,23.237,4.743,7.659,6.59
12444,0.751,37.658,24.834,30.311,23.251,4.823,7.739,6.631
12445,0.761,37.803,24.803,30.33,23.247,4.783,7.74,6.631
12446,0.77,37.45,24.783,30.32,23.251,4.702,7.781,6.59
12447,0.767,37.513,24.818,30.311,23.244,4.782,7.74,6.631
12448,0.777,37.686,24.807,30.349,23.258,4.946,7.943,6.794
12449,0.797,37.774,24.811,30.34,23.251,4.785,7.823,6.714
12450,0.777,37.401,24.85,30.311,23.251,4.824,7.822,6.672
12451,0.787,37.551,24.842,30.33,23.251,4.865,7.863,6.631
12452,0.793,37.696,24.815,30.34,23.258,4.906,7.863,6.712
12453,0.797,37.736,24.838,30.33,23.254,4.825,7.741,6.551
12454,0.79,37.382,24.784,30.301,23.247,4.702,7.943,6.549
12455,0.787,37.551,24.822,30.33,23.251,4.782,7.823,6.549
12456,0.797,37.687,24.791,30.34,23.251,4.783,7.822,6.63
12457,0.781,37.707,24.834,30.321,23.247,4.783,7.781,6.509
12458,0.771,37.477,24.799,30.301,23.247,4.824,7.862,6.67
12459,0.761,37.667,24.834,30.368,23.265,4.946,8.026,6.672
12460,0.774,37.755,24.842,30.321,23.251,4.866,7.905,6.55
12461,0.764,37.804,24.717,30.34,23.254,4.824,7.904,6.63
12462,0.77,37.45,24.81,30.349,23.251,4.865,7.904,6.631
12463,0.767,37.599,24.838,30.359,23.258,4.865,7.945,6.672
12464,0.767,37.687,24.831,30.33,23.251,4.743,7.783,6.469
12465,0.764,37.698,24.811,30.34,23.247,4.864,7.781,6.548
12466,0.767,37.42,24.819,30.33,23.251,4.784,7.822,6.59
12467,0.78,37.532,24.842,30.34,23.244,4.742,7.822,6.509
12468,0.78,37.639,24.831,30.321,23.244,4.783,7.781,6.467
12469,0.79,37.764,24.838,30.33,23.251,4.742,7.862,6.507
12470,0.797,37.468,24.842,30.378,23.265,4.945,7.944,6.711
12471,0.8,37.609,24.815,30.331,23.248,4.866,7.864,6.551
12472,0.803,37.697,24.795,30.349,23.247,4.824,7.863,6.549
12473,0.803,37.362,24.826,30.349,23.254,4.824,7.863,6.549
12474,0.807,37.426,24.78,30.369,23.258,4.865,7.822,6.63
12475,0.79,37.542,24.764,30.359,23.251,4.702,7.659,6.468
12476,0.777,37.6,24.795,30.321,23.247,4.782,7.698,6.548
12477,0.777,37.457,24.873,30.34,23.251,4.824,7.699,6.59
12478,0.78,37.609,24.843,30.34,23.244,4.783,7.658,6.509
12479,0.774,37.735,24.835,30.34,23.244,4.742,7.658,6.63
12480,0.767,37.794,24.831,30.349,23.24,4.742,7.698,6.631
12481,0.78,37.296,24.842,30.407,23.268,4.986,7.78,6.672
12482,0.767,37.396,24.784,30.36,23.251,4.785,7.7,6.591
12483,0.774,37.522,24.83,30.369,23.251,4.824,7.74,6.631
12484,0.777,37.591,24.772,30.378,23.254,4.824,7.74,6.631
12485,0.784,37.294,24.76,30.388,23.258,4.783,7.699,6.631
12486,0.787,37.444,24.771,30.359,23.251,4.742,7.536,6.468
12487,0.774,37.523,24.81,30.33,23.244,4.783,7.616,6.548
12488,0.803,37.619,24.811,30.378,23.247,4.824,7.657,6.549
12489,0.794,37.467,24.834,30.378,23.251,4.824,7.617,6.549
12490,0.793,37.58,24.842,30.359,23.251,4.702,7.495,6.549
12491,0.793,37.687,24.819,30.349,23.251,4.742,7.575,6.671
12492,0.816,37.774,24.807,30.397,23.258,4.986,7.657,6.672
12493,0.813,37.219,24.862,30.359,23.244,4.785,7.536,6.55
12494,0.787,37.348,24.784,30.378,23.247,4.783,7.575,6.59
12495,0.787,37.474,24.783,30.369,23.247,4.824,7.616,6.59
12496,0.793,37.494,24.775,30.378,23.251,4.865,7.495,6.59
12497,0.787,37.427,24.814,30.378,23.251,4.784,7.453,6.549
12498,0.777,37.503,24.826,30.34,23.237,4.702,7.412,6.549
12499,0.774,37.638,24.823,30.378,23.251,4.823,7.452,6.63
12500,0.777,37.381,24.846,30.35,23.254,4.783,7.412,6.55
12501,0.761,37.369,24.776,30.397,23.247,4.783,7.411,6.59
12502,0.748,37.474,24.779,30.369,23.244,4.783,7.33,6.59
12503,0.754,37.59,24.857,30.388,23.261,4.905,7.532,6.712
12504,0.774,37.361,24.807,30.398,23.258,4.825,7.372,6.591
12505,0.771,37.455,24.803,30.388,23.254,4.783,7.411,6.631
12506,0.774,37.58,24.78,30.388,23.251,4.824,7.411,6.631
12507,0.79,37.658,24.818,30.398,23.251,4.865,7.452,6.631
12508,0.79,37.276,24.842,30.398,23.251,4.824,7.33,6.59
12509,0.787,37.387,24.788,30.369,23.237,4.702,7.289,6.427
12510,0.78,37.493,24.857,30.397,23.254,4.823,7.369,6.548
12511,0.79,37.581,24.843,30.398,23.258,4.824,7.289,6.549
12512,0.8,37.16,24.792,30.379,23.251,4.783,7.207,6.427
12513,0.794,37.28,24.857,30.378,23.24,4.783,7.287,6.466
12514,0.803,37.416,24.772,30.417,23.258,4.905,7.369,6.629
12515,0.803,37.532,24.81,30.408,23.254,4.825,7.289,6.59
12516,0.787,37.293,24.791,30.388,23.251,4.865,7.329,6.549
12517,0.777,37.435,24.826,30.398,23.258,4.865,7.248,6.63
12518,0.784,37.542,24.831,30.407,23.254,4.824,7.328,6.631
12519,0.777,37.6,24.788,30.407,23.251,4.824,7.167,6.55
12520,0.767,37.285,24.842,30.379,23.244,4.661,7.084,6.427
12521,0.764,37.416,24.807,30.426,23.251,4.782,7.205,6.548
12522,0.764,37.561,24.787,30.408,23.244,4.824,7.247,6.508
12523,0.761,37.524,24.826,30.398,23.247,4.702,7.166,6.427
12524,0.764,37.188,24.78,30.388,23.247,4.782,7.165,6.548
12525,0.754,37.347,24.807,30.417,23.254,4.905,7.287,6.63
12526,0.78,37.493,24.807,30.446,23.261,4.906,7.247,6.55
12527,0.767,37.351,24.842,30.408,23.251,4.825,7.166,6.508
12528,0.787,37.186,24.823,30.417,23.251,4.824,7.246,6.549
12529,0.793,37.319,24.811,30.427,23.251,4.865,7.206,6.508
12530,0.793,37.387,24.838,30.417,23.258,4.865,7.206,6.549
12531,0.79,37.139,24.803,30.417,23.251,4.743,7.084,6.386
12532,0.784,37.174,24.807,30.388,23.247,4.823,7.205,6.466
12533,0.787,37.309,24.834,30.407,23.247,4.783,7.206,6.386
12534,0.79,37.397,24.768,30.388,23.251,4.824,7.125,6.344
12535,0.777,37.187,24.783,30.407,23.24,4.783,7.205,6.384
12536,0.777,37.328,24.775,30.398,23.247,4.824,7.165,6.547
12537,0.784,37.483,24.861,30.446,23.261,4.905,7.246,6.508
12538,0.771,37.542,24.823,30.417,23.251,4.825,7.166,6.427
12539,0.757,37.063,24.834,30.417,23.254,4.824,7.165,6.426
12540,0.767,37.193,24.862,30.398,23.261,4.824,7.124,6.466
12541,0.761,37.338,24.827,30.427,23.254,4.865,7.165,6.548
12542,0.748,37.397,24.807,30.417,23.251,4.784,7.043,6.386
12543,0.744,37.129,24.822,30.388,23.247,4.824,7.123,6.425
12544,0.76,37.309,24.791,30.417,23.247,4.743,7.124,6.466
12545,0.764,37.435,24.811,30.417,23.254,4.783,7.124,6.386
12546,0.767,37.465,24.799,30.388,23.244,4.742,7.124,6.344
12547,0.764,37.005,24.826,30.398,23.247,4.823,7.205,6.466
12548,0.77,37.183,24.842,30.446,23.268,4.946,7.287,6.548
12549,0.78,37.309,24.811,30.417,23.244,4.825,7.125,6.508
12550,0.78,37.31,24.83,30.427,23.251,4.824,7.165,6.549
12551,0.78,37.032,24.834,30.446,23.254,4.824,7.165,6.468
12552,0.793,37.164,24.795,30.446,23.254,4.865,7.165,6.426
12553,0.79,37.251,24.838,30.417,23.247,4.743,7.043,6.304
12554,0.784,37.588,24.76,30.417,23.244,4.742,7.164,6.425
12555,0.771,37.275,24.799,30.417,23.254,4.783,7.165,6.426
12556,0.774,37.387,24.826,30.408,23.251,4.742,7.165,6.466
12557,0.771,37.484,24.858,30.417,23.247,4.701,7.165,6.386
12558,0.748,37.044,24.862,30.417,23.251,4.823,7.328,6.507
12559,0.76,37.078,24.843,30.465,23.261,4.905,7.37,6.508
12560,0.767,37.193,24.866,30.427,23.244,4.784,7.208,6.386
12561,0.751,37.28,24.827,30.417,23.251,4.783,7.328,6.466
12562,0.741,36.946,24.791,30.427,23.254,4.824,7.37,6.386
12563,0.754,37.057,24.838,30.427,23.251,4.865,7.37,6.466
12564,0.751,37.193,24.772,30.436,23.251,4.743,7.248,6.386
12565,0.748,37.252,24.775,30.389,23.244,4.742,7.288,6.303
12566,0.751,36.926,24.818,30.426,23.247,4.823,7.329,6.465
12567,0.757,37.086,24.842,30.417,23.251,4.743,7.289,6.386
12568,0.761,37.203,24.838,30.417,23.244,4.742,7.288,6.222
12569,0.767,37.261,24.807,30.417,23.251,4.783,7.329,6.424
12570,0.78,36.945,24.869,30.455,23.261,4.864,7.37,6.548
12571,0.774,37.105,24.827,30.437,23.251,4.743,7.289,6.427
12572,0.787,37.193,24.799,30.437,23.251,4.823,7.288,6.344
12573,0.78,37.233,24.858,30.427,23.258,4.824,7.247,6.343
12574,0.784,36.984,24.753,30.446,23.251,4.783,7.247,6.384
12575,0.771,37.125,24.799,30.437,23.251,4.824,7.247,6.303
12576,0.757,37.193,24.772,30.389,23.237,4.702,7.044,6.302
12577,0.761,37.261,24.83,30.436,23.251,4.823,7.164,6.343
12578,0.748,37.061,24.823,30.417,23.251,4.702,7.124,6.262
12579,0.751,37.183,24.823,30.408,23.251,4.66,7.124,6.262
12580,0.741,37.271,24.869,30.417,23.24,4.7,7.124,6.302
12581,0.741,37.32,24.819,30.427,23.258,4.945,7.287,6.465
12582,0.747,36.956,24.827,30.475,23.258,4.866,7.207,6.426
12583,0.741,37.048,24.842,30.427,23.251,4.824,7.247,6.344
12584,0.747,37.164,24.831,30.446,23.251,4.783,7.125,6.303
12585,0.76,37.06,24.811,30.465,23.258,4.783,7.287,6.302
12586,0.764,37.02,24.76,30.446,23.258,4.783,7.247,6.384
12587,0.754,37.135,24.806,30.417,23.237,4.661,7.084,6.141
12588,0.744,37.203,24.803,30.427,23.247,4.822,7.205,6.301
12589,0.76,36.945,24.826,30.417,23.251,4.743,7.206,6.302
12590,0.767,37.057,24.819,30.427,23.251,4.783,7.125,6.302
12591,0.767,37.154,24.819,30.417,23.251,4.702,7.205,6.262
12592,0.777,37.242,24.791,30.417,23.254,4.823,7.206,6.343
12593,0.777,36.955,24.85,30.455,23.261,4.865,7.247,6.384
12594,0.767,37.067,24.819,30.446,23.251,4.824,7.247,6.344
12595,0.757,37.193,24.803,30.437,23.251,4.783,7.206,6.384
12596,0.754,37.261,24.776,30.437,23.254,4.783,7.287,6.303
12597,0.757,36.907,24.83,30.437,23.247,4.824,7.288,6.343
12598,0.748,37.047,24.799,30.427,23.24,4.702,7.125,6.181
12599,0.738,37.145,24.811,30.427,23.24,4.782,7.205,6.22
12600,0.747,37.232,24.869,30.427,23.251,4.783,7.165,6.261
12601,0.741,36.907,24.843,30.417,23.244,4.783,7.124,6.262
12602,0.741,37.028,24.78,30.436,23.247,4.702,7.124,6.343
12603,0.731,37.116,24.842,30.437,23.251,4.823,7.287,6.343
12604,0.751,37.213,24.803,30.465,23.261,4.905,7.288,6.384
12605,0.754,36.811,24.815,30.427,23.247,4.825,7.166,6.344
12606,0.757,36.941,24.787,30.446,23.251,4.783,7.124,6.303
12607,0.744,37.029,24.807,30.446,23.261,4.783,7.246,6.302
12608,0.751,37.097,24.826,30.456,23.254,4.824,7.247,6.384
12609,0.757,36.992,24.772,30.437,23.244,4.702,7.044,6.222
12610,0.751,37.067,24.846,30.427,23.251,4.823,7.164,6.302
12611,0.757,37.212,24.811,30.446,23.251,4.783,7.124,6.262
12612,0.754,37.137,24.783,30.427,23.251,4.702,7.124,6.221
12613,0.751,36.82,24.85,30.417,23.244,4.701,7.083,6.261
12614,0.757,36.96,24.76,30.446,23.251,4.782,7.205,6.384
12615,0.757,37.096,24.814,30.485,23.261,4.905,7.287,6.425
12616,0.735,36.829,24.784,30.456,23.251,4.784,7.207,6.385
12617,0.741,36.922,24.842,30.446,23.251,4.824,7.043,6.385
12618,0.738,37.057,24.835,30.446,23.251,4.783,7.164,6.344
12619,0.741,37.135,24.799,30.456,23.261,4.824,7.246,6.384
12620,0.744,36.839,24.893,30.437,23.247,4.743,7.044,6.222
12621,0.728,36.932,24.819,30.417,23.251,4.701,7.082,6.383
12622,0.731,37.067,24.772,30.455,23.251,4.742,7.164,6.303
12623,0.721,37.135,24.834,30.427,23.251,4.742,7.084,6.302
12624,0.728,36.868,24.745,30.436,23.244,4.742,7.042,6.221
12625,0.734,36.989,24.81,30.446,23.247,4.742,7.164,6.342
12626,0.751,37.154,24.795,30.465,23.258,4.905,7.246,6.466
12627,0.754,37.203,24.807,30.437,23.254,4.744,7.166,6.345
12628,0.751,36.811,24.826,30.446,23.258,4.742,7.165,6.343
12629,0.754,36.97,24.795,30.456,23.254,4.783,7.124,6.384
12630,0.751,37.067,24.854,30.437,23.254,4.824,7.205,6.385
12631,0.761,37.145,24.807,30.456,23.251,4.783,7.125,6.263
12632,0.754,36.896,24.776,30.398,23.237,4.783,7.083,6.262
12633,0.751,37.047,24.83,30.446,23.247,4.742,7.205,6.262
12634,0.761,37.164,24.764,30.437,23.251,4.742,7.247,6.221
12635,0.751,37.203,24.779,30.437,23.247,4.661,7.166,6.261
12636,0.748,36.763,24.775,30.446,23.251,4.782,7.206,6.262
12637,0.754,36.921,24.849,30.446,23.258,4.824,7.369,6.465
12638,0.754,37.067,24.839,30.456,23.258,4.865,7.37,6.304
12639,0.735,37.289,24.823,30.456,23.251,4.906,7.33,6.302
12640,0.741,36.917,24.838,30.446,23.251,4.744,7.37,6.302
12641,0.741,37.076,24.795,30.456,23.258,4.823,7.411,6.302
12642,0.734,37.174,24.799,30.456,23.254,4.824,7.371,6.302
12643,0.738,36.83,24.83,30.427,23.237,4.743,7.289,6.18
12644,0.721,36.826,24.76,30.446,23.254,4.823,7.329,6.261
12645,0.741,36.97,24.791,30.437,23.244,4.824,7.37,6.262
12646,0.741,37.038,24.768,30.427,23.251,4.865,7.452,6.262
12647,0.741,36.847,24.818,30.417,23.244,4.702,7.412,6.221
12648,0.76,36.989,24.846,30.446,23.258,4.863,7.493,6.342
12649,0.774,37.154,24.831,30.475,23.258,4.906,7.453,6.303
12650,0.771,37.213,24.823,30.437,23.254,4.784,7.452,6.302
12651,0.757,36.792,24.803,30.446,23.258,4.824,7.452,6.384
12652,0.764,36.931,24.811,30.465,23.254,4.905,7.493,6.303
12653,0.767,37.048,24.842,30.456,23.251,4.865,7.494,6.302
12654,0.751,37.097,24.796,30.437,23.24,4.784,7.29,6.221
12655,0.741,36.819,24.779,30.437,23.251,4.783,7.369,6.261
12656,0.738,36.97,24.783,30.437,23.247,4.864,7.37,6.221
12657,0.738,37.067,24.83,30.437,23.244,4.784,7.33,6.22
12658,0.734,37.116,24.827,30.427,23.247,4.824,7.37,6.302
12659,0.747,36.887,24.834,30.475,23.268,4.987,7.492,6.425
12660,0.751,37.018,24.831,30.446,23.248,4.826,7.412,6.304
12661,0.728,37.125,24.803,30.446,23.251,4.824,7.411,6.302
12662,0.728,37.184,24.795,30.456,23.254,4.905,7.411,6.384
12663,0.728,36.782,24.85,30.456,23.251,4.906,7.452,6.385
12664,0.708,36.921,24.78,30.465,23.251,4.784,7.29,6.222
12665,0.718,37.0,24.756,30.398,23.24,4.824,7.329,6.302
12666,0.728,37.039,24.763,30.436,23.247,4.783,7.289,6.262
12667,0.734,36.838,24.81,30.437,23.254,4.783,7.329,6.262
12668,0.747,36.989,24.803,30.437,23.244,4.783,7.329,6.221
12669,0.738,37.077,24.776,30.427,23.254,4.783,7.289,6.302
12670,0.751,36.944,24.81,30.465,23.265,5.068,7.491,6.425
12671,0.761,36.827,24.799,30.437,23.251,4.786,7.331,6.304
12672,0.777,36.951,24.826,30.427,23.258,4.905,7.329,6.262
12673,0.758,37.048,24.811,30.446,23.251,4.865,7.451,6.302
12674,0.757,36.771,24.815,30.456,23.258,4.906,7.371,6.343
12675,0.748,36.864,24.811,30.456,23.254,4.825,7.37,6.221
12676,0.734,36.951,24.791,30.408,23.234,4.824,7.289,6.302
12677,0.747,37.038,24.818,30.455,23.247,4.824,7.329,6.302
12678,0.734,36.694,24.799,30.437,23.247,4.783,7.289,6.221
12679,0.728,36.806,24.768,30.437,23.251,4.824,7.247,6.261
12680,0.731,36.931,24.846,30.417,23.24,4.824,7.369,6.302
12681,0.728,37.029,24.788,30.455,23.265,4.946,7.492,6.425
12682,0.738,36.703,24.811,30.456,23.254,4.825,7.453,6.304
12683,0.721,36.815,24.842,30.437,23.251,4.865,7.412,6.384
12684,0.721,36.951,24.745,30.465,23.251,4.865,7.371,6.385
12685,0.741,37.019,24.806,30.437,23.251,4.906,7.411,6.344
12686,0.738,36.607,24.799,30.446,23.258,4.906,7.33,6.262
12687,0.734,36.728,24.842,30.417,23.244,4.703,7.289,6.18
12688,0.734,36.835,24.784,30.427,23.247,4.823,7.369,6.261
12689,0.744,36.922,24.799,30.427,23.258,4.783,7.37,6.262
12690,0.751,36.712,24.791,30.417,23.247,4.742,7.33,6.18
12691,0.744,36.815,24.795,30.417,23.251,4.783,7.37,6.179
12692,0.747,36.96,24.818,30.408,23.251,4.824,7.37,6.22
12693,0.747,37.019,24.819,30.455,23.261,4.987,7.533,6.342
12694,0.751,36.646,24.811,30.418,23.251,4.907,7.453,6.303
12695,0.741,36.767,24.807,30.427,23.247,4.825,7.452,6.302
12696,0.728,36.864,24.819,30.436,23.254,4.824,7.452,6.343
12697,0.741,37.085,24.827,30.456,23.254,4.905,7.452,6.425
12698,0.728,36.819,24.78,30.437,23.247,4.865,7.371,6.222
12699,0.715,36.903,24.779,30.408,23.24,4.824,7.37,6.342
12700,0.724,37.019,24.811,30.427,23.247,4.865,7.37,6.262
12701,0.721,36.636,24.807,30.436,23.247,4.824,7.33,6.262
12702,0.705,36.661,24.787,30.427,23.247,4.783,7.248,6.262
12703,0.708,36.786,24.807,30.417,23.244,4.783,7.328,6.302
12704,0.711,36.902,24.76,30.455,23.258,4.946,7.451,6.425
12705,0.731,36.664,24.814,30.456,23.258,4.866,7.371,6.304
12706,0.731,36.738,24.791,30.427,23.251,4.865,7.37,6.384
12707,0.738,36.873,24.885,30.427,23.251,4.865,7.452,6.344
12708,0.747,36.951,24.812,30.446,23.254,4.865,7.371,6.303
12709,0.744,36.501,24.807,30.446,23.254,4.865,7.411,6.262
12710,0.731,36.593,24.787,30.398,23.244,4.743,7.127,6.221
12711,0.721,36.737,24.842,30.427,23.247,4.823,7.287,6.18
12712,0.741,36.825,24.803,30.436,23.251,4.783,7.247,6.22
12713,0.741,36.586,24.803,30.417,23.244,4.824,7.166,6.302
12714,0.738,36.709,24.78,30.417,23.251,4.783,7.206,6.221
12715,0.731,36.815,24.779,30.417,23.258,4.864,7.328,6.424
12716,0.741,36.941,24.846,30.455,23.258,4.946,7.37,6.304
12717,0.738,36.559,24.827,30.418,23.251,4.866,7.289,6.302
12718,0.721,36.718,24.811,30.427,23.254,4.906,7.288,6.262
12719,0.721,36.835,24.795,30.417,23.254,4.865,7.369,6.262
12720,0.728,36.884,24.807,30.436,23.254,4.824,7.452,6.302
12721,0.721,36.549,24.811,30.408,23.244,4.743,7.29,6.14
12722,0.702,36.651,24.787,30.407,23.247,4.864,7.451,6.26
12723,0.714,36.757,24.795,30.427,23.251,4.784,7.534,6.262
12724,0.708,36.816,24.764,30.427,23.247,4.824,7.534,6.18
12725,0.724,36.557,24.771,30.398,23.247,4.743,7.494,6.22
12726,0.728,36.689,24.822,30.417,23.247,4.823,7.575,6.261
12727,0.734,36.806,24.834,30.436,23.265,4.905,7.738,6.424
12728,0.747,36.586,24.834,30.427,23.251,4.825,7.618,6.263
12729,0.747,36.526,24.799,30.427,23.258,4.824,7.657,6.221
12730,0.747,36.66,24.811,30.408,23.251,4.865,7.698,6.261
12731,0.751,36.767,24.803,30.436,23.247,4.906,7.74,6.302
12732,0.748,36.49,24.822,30.417,23.251,4.825,7.74,6.18
12733,0.747,36.564,24.795,30.388,23.24,4.702,7.577,6.139
12734,0.738,36.747,24.776,30.426,23.254,4.782,7.657,6.138
12735,0.741,36.835,24.756,30.408,23.247,4.742,7.617,6.179
12736,0.734,36.414,24.818,30.398,23.244,4.742,7.617,6.098
12737,0.734,36.553,24.78,30.398,23.244,4.701,7.617,6.178
12738,0.718,36.699,24.795,30.436,23.258,4.904,7.779,6.301
12739,0.731,36.806,24.799,30.427,23.258,4.906,7.659,6.221
12740,0.708,36.433,24.83,30.398,23.251,4.784,7.617,6.18
12741,0.711,36.573,24.819,30.427,23.254,4.824,7.698,6.261
12742,0.708,36.689,24.776,30.436,23.254,4.865,7.658,6.302
12743,0.724,36.748,24.818,30.427,23.251,4.865,7.658,6.221
12744,0.708,36.365,24.807,30.388,23.237,4.702,7.576,6.139
12745,0.708,36.505,24.768,30.417,23.251,4.782,7.535,6.26
12746,0.721,36.621,24.787,30.398,23.251,4.824,7.616,6.302
12747,0.718,36.661,24.807,30.398,23.244,4.743,7.495,6.18
12748,0.734,36.355,24.815,30.398,23.244,4.783,7.534,6.179
12749,0.734,36.505,24.799,30.398,23.254,4.905,7.657,6.342
12750,0.744,36.65,24.854,30.436,23.258,4.865,7.617,6.221
12751,0.731,36.661,24.803,30.417,23.254,4.824,7.698,6.261
12752,0.747,36.403,24.795,30.436,23.254,4.946,7.699,6.302
12753,0.754,36.534,24.815,30.398,23.254,4.866,7.821,6.262
12754,0.767,36.66,24.803,30.417,23.254,4.824,7.7,6.18
12755,0.738,36.585,24.768,30.369,23.24,4.702,7.577,6.098
12756,0.738,36.431,24.795,30.397,23.254,4.823,7.738,6.138
12757,0.741,36.554,24.815,30.407,23.251,4.824,7.659,6.138
12758,0.728,36.67,24.795,30.388,23.244,4.783,7.739,6.138
12759,0.718,36.278,24.783,30.369,23.244,4.783,7.74,6.219
12760,0.721,36.379,24.838,30.417,23.261,4.986,7.943,6.383
12761,0.734,36.534,24.795,30.388,23.258,4.826,7.823,6.263
12762,0.708,36.583,24.779,30.398,23.258,4.865,7.741,6.302
12763,0.711,36.373,24.826,30.398,23.251,4.784,7.821,6.302
12764,0.705,36.524,24.752,30.417,23.247,4.864,7.863,6.302
12765,0.721,36.641,24.802,30.388,23.244,4.784,7.7,6.221
12766,0.715,36.69,24.776,30.379,23.237,4.783,7.74,6.261
12767,0.734,36.153,24.834,30.388,23.254,4.824,7.74,6.221
12768,0.744,36.301,24.788,30.398,23.251,4.783,7.74,6.18
12769,0.738,36.418,24.799,30.379,23.247,4.742,7.659,6.22
12770,0.728,36.486,24.768,30.388,23.247,4.864,7.698,6.342
12771,0.744,36.209,24.791,30.436,23.258,4.946,7.861,6.343
12772,0.751,36.321,24.818,30.389,23.244,4.825,7.741,6.303
12773,0.738,36.437,24.799,30.398,23.254,4.865,7.699,6.221
12774,0.741,36.496,24.791,30.388,23.258,4.865,7.699,6.302
12775,0.734,36.257,24.795,30.407,23.251,4.824,7.699,6.302
12776,0.738,36.379,24.799,30.388,23.247,4.702,7.577,6.14
12777,0.718,36.457,24.795,30.369,23.244,4.823,7.657,6.219
12778,0.724,36.535,24.791,30.378,23.247,4.783,7.658,6.18
12779,0.728,36.277,24.764,30.369,23.244,4.742,7.617,6.139
12780,0.731,36.399,24.795,30.369,23.247,4.701,7.535,6.138
12781,0.734,36.515,24.779,30.388,23.251,4.823,7.697,6.26
12782,0.718,36.909,24.818,30.407,23.258,4.905,7.658,6.302
12783,0.711,36.213,24.803,30.369,23.254,4.865,7.576,6.302
12784,0.702,36.36,24.783,30.388,23.247,4.865,7.616,6.18
12785,0.708,36.457,24.783,30.388,23.258,4.865,7.617,6.261
12786,0.718,36.266,24.838,30.388,23.251,4.865,7.576,6.262
12787,0.724,36.283,24.85,30.359,23.247,4.702,7.413,6.139
12788,0.721,36.38,24.8,30.349,23.247,4.782,7.452,6.179
12789,0.721,36.505,24.787,30.359,23.251,4.742,7.452,6.139
12790,0.724,36.056,24.74,30.369,23.247,4.783,7.33,6.179
12791,0.721,36.185,24.752,30.369,23.244,4.742,7.41,6.179
12792,0.728,36.321,24.818,30.35,23.247,4.823,7.371,6.22
12793,0.747,36.418,24.787,30.416,23.258,4.865,7.492,6.342
12794,0.744,36.132,24.772,30.379,23.251,4.824,7.331,6.221
12795,0.738,36.282,24.791,30.359,23.247,4.865,7.37,6.22
12796,0.725,36.389,24.846,30.349,23.254,4.865,7.33,6.261
12797,0.724,36.457,24.846,30.369,23.254,4.865,7.41,6.221
12798,0.721,36.17,24.815,30.359,23.247,4.784,7.208,6.098
12799,0.708,36.292,24.795,30.349,23.244,4.742,7.206,6.178
12800,0.715,36.447,24.807,30.349,23.247,4.783,7.165,6.179
12801,0.702,36.487,24.772,30.359,23.251,4.742,7.165,6.179
12802,0.692,36.698,24.799,30.359,23.247,4.783,7.124,6.139
12803,0.701,36.854,24.795,30.34,23.244,4.783,7.124,6.301
12804,0.711,36.98,24.795,30.388,23.265,4.946,7.246,6.343
12805,0.724,37.029,24.799,30.359,23.254,4.866,7.125,6.262
12806,0.721,35.888,24.826,30.369,23.254,4.824,7.124,6.18
12807,0.724,36.011,24.854,30.359,23.254,4.824,7.083,6.22
12808,0.721,36.137,24.839,30.388,23.254,4.865,7.083,6.261
12809,0.721,36.167,24.819,30.359,23.254,4.824,7.083,6.139
12810,0.721,36.244,24.756,30.321,23.237,4.743,6.961,6.219
12811,0.728,36.389,24.775,30.349,23.251,4.783,7.122,6.18
12812,0.734,36.505,24.795,30.34,23.254,4.824,7.002,6.139
12813,0.725,36.257,24.772,30.34,23.244,4.702,6.96,6.138
12814,0.734,36.101,24.779,30.34,23.247,4.742,7.082,6.26
12815,0.728,36.282,24.768,30.388,23.261,4.905,7.245,6.384
12816,0.738,36.38,24.826,30.359,23.254,4.825,7.125,6.263
12817,0.721,36.141,24.842,30.349,23.254,4.824,7.083,6.221
12818,0.721,36.273,24.792,30.359,23.251,4.865,7.164,6.302
12819,0.724,36.418,24.815,30.369,23.254,4.865,7.287,6.221
12820,0.708,36.477,24.803,30.34,23.251,4.824,7.207,6.18
12821,0.708,35.912,24.787,30.33,23.244,4.743,7.125,6.139
12822,0.698,36.059,24.791,30.34,23.251,4.742,7.165,6.179
12823,0.701,36.176,24.815,30.34,23.247,4.742,7.124,6.139
12824,0.698,36.254,24.803,30.34,23.24,4.783,7.083,6.138
12825,0.711,36.063,24.748,30.34,23.251,4.742,7.164,6.301
12826,0.721,36.205,24.798,30.368,23.258,4.905,7.328,6.343
12827,0.737,36.34,24.83,30.34,23.258,4.784,7.248,6.221
12828,0.728,36.409,24.788,30.33,23.254,4.824,7.288,6.261
12829,0.744,36.045,24.787,30.349,23.254,4.783,7.288,6.221
12830,0.744,36.195,24.736,30.34,23.254,4.824,7.369,6.302
12831,0.741,36.321,24.794,30.34,23.254,4.824,7.33,6.18
12832,0.747,36.313,24.803,30.311,23.24,4.661,7.329,6.179
12833,0.731,36.006,24.764,30.339,23.247,4.782,7.451,6.179
12834,0.738,36.147,24.787,30.311,23.254,4.742,7.371,6.179
12835,0.731,36.263,24.795,30.32,23.251,4.742,7.37,6.179
12836,0.734,36.283,24.826,30.301,23.244,4.783,7.411,6.261
12837,0.731,36.015,24.78,30.349,23.258,4.824,7.615,6.424
12838,0.747,36.195,24.803,30.349,23.254,4.783,7.535,6.304
12839,0.734,36.264,24.787,30.321,23.251,4.824,7.534,6.262
12840,0.725,36.37,24.752,30.33,23.254,4.824,7.575,6.221
12841,0.724,36.035,24.791,30.34,23.261,4.824,7.616,6.22
12842,0.718,36.185,24.83,30.321,23.254,4.783,7.576,6.18
12843,0.718,36.235,24.792,30.292,23.24,4.62,7.535,6.179
12844,0.715,35.957,24.772,30.32,23.247,4.822,7.657,6.22
12845,0.728,36.031,24.775,30.32,23.247,4.783,7.576,6.261
12846,0.734,36.147,24.81,30.32,23.244,4.702,7.575,6.262
12847,0.738,36.225,24.787,30.311,23.244,4.742,7.616,6.18
12848,0.747,35.88,24.783,30.33,23.254,4.823,7.698,6.342
12849,0.764,36.049,24.803,30.349,23.265,4.905,7.74,6.343
12850,0.754,36.138,24.764,30.321,23.251,4.825,7.659,6.262
12851,0.754,36.244,24.799,30.32,23.254,4.783,7.658,6.343
12852,0.774,35.928,24.826,30.32,23.254,4.864,7.698,6.303
12853,0.774,36.069,24.803,30.32,23.254,4.824,7.618,6.262
12854,0.784,36.176,24.772,30.301,23.237,4.661,7.413,6.18
12855,0.771,36.244,24.775,30.301,23.247,4.741,7.533,6.301
12856,0.774,35.909,24.818,30.301,23.258,4.783,7.494,6.221
12857,0.774,36.04,24.811,30.301,23.244,4.702,7.494,6.18
12858,0.787,36.176,24.811,30.291,23.244,4.701,7.494,6.179
12859,0.78,36.215,24.783,30.31,23.258,4.863,7.494,6.342
12860,0.8,36.062,24.814,30.33,23.261,4.865,7.494,6.303
12861,0.787,36.186,24.78,30.301,23.254,4.824,7.534,6.302
12862,0.79,36.292,24.811,30.301,23.254,4.824,7.575,6.302
12863,0.793,36.341,24.787,30.301,23.254,4.783,7.535,6.262
12864,0.8,35.929,24.768,30.32,23.251,4.702,7.534,6.221
12865,0.797,36.031,24.771,30.292,23.237,4.66,7.412,6.139
12866,0.797,36.147,24.818,30.291,23.251,4.741,7.452,6.26
12867,0.797,36.177,24.803,30.291,23.251,4.742,7.493,6.18
12868,0.8,35.957,24.799,30.31,23.24,4.783,7.453,6.22
12869,0.8,36.069,24.768,30.282,23.247,4.702,7.412,6.22
12870,0.803,36.186,24.756,30.31,23.247,4.782,7.533,6.302
12871,0.816,36.033,24.783,30.33,23.258,4.905,7.657,6.302
12872,0.813,35.955,24.803,30.292,23.254,4.825,7.455,6.221
12873,0.829,36.079,24.776,30.301,23.247,4.743,7.574,6.18
12874,0.833,36.215,24.795,30.301,23.254,4.864,7.535,6.22
12875,0.83,35.861,24.822,30.32,23.251,4.824,7.575,6.22
12876,0.826,35.963,24.85,30.282,23.24,4.661,7.413,6.098
12877,0.826,36.06,24.819,30.282,23.244,4.782,7.533,6.219
12878,0.813,36.186,24.807,30.291,23.251,4.742,7.453,6.18
12879,0.829,35.803,24.772,30.272,23.251,4.661,7.412,6.098
12880,0.82,35.934,24.787,30.272,23.244,4.7,7.411,6.138
12881,0.81,36.05,24.791,30.272,23.251,4.782,7.533,6.301
12882,0.82,36.157,24.783,30.329,23.265,4.905,7.575,6.343
12883,0.81,35.937,24.807,30.282,23.251,4.744,7.535,6.221
12884,0.807,36.098,24.768,30.33,23.251,4.823,7.494,6.261
12885,0.81,36.215,24.764,30.282,23.247,4.783,7.494,6.262
12886,0.833,36.293,24.799,30.31,23.254,4.824,7.453,6.18
12887,0.843,35.804,24.85,30.272,23.247,4.702,7.33,6.179
12888,0.833,35.914,24.831,30.253,23.244,4.66,7.329,6.22
12889,0.852,36.069,24.799,30.272,23.247,4.863,7.329,6.261
12890,0.846,36.099,24.807,30.282,23.251,4.743,7.289,6.139
12891,0.849,35.879,24.787,30.262,23.244,4.701,7.288,6.179
12892,0.84,35.992,24.764,30.262,23.251,4.62,7.247,6.179
12893,0.846,36.099,24.787,30.281,23.258,4.903,7.45,6.301
12894,0.856,36.196,24.783,30.291,23.254,4.825,7.249,6.262
12895,0.836,35.842,24.756,30.272,23.251,4.783,7.288,6.221
12896,0.836,35.972,24.802,30.272,23.254,4.783,7.288,6.22
12897,0.83,36.07,24.819,30.272,23.251,4.824,7.329,6.261
12898,0.82,36.032,24.834,30.291,23.251,4.783,7.329,6.139
12899,0.807,35.85,24.815,30.243,23.244,4.661,7.085,6.179
12900,0.797,36.001,24.791,30.262,23.251,4.741,7.205,6.22
12901,0.807,36.127,24.787,30.253,23.251,4.701,7.165,6.139
12902,0.794,35.851,24.764,30.243,23.244,4.742,7.165,6.098
12903,0.774,35.925,24.791,30.252,23.247,4.701,7.165,6.178
12904,0.758,36.06,24.783,30.262,23.247,4.823,7.246,6.342
12905,0.78,36.195,24.799,30.291,23.261,4.865,7.369,6.221
12906,0.777,35.65,24.795,30.253,23.251,4.784,7.208,6.22
12907,0.754,35.779,24.826,30.262,23.251,4.783,7.206,6.22
12908,0.77,35.914,24.803,30.262,23.251,4.824,7.287,6.22
12909,0.767,35.992,24.783,30.281,23.254,4.824,7.247,6.22
12910,0.77,35.657,24.76,30.262,23.237,4.702,7.125,6.139
12911,0.754,35.817,24.752,30.243,23.251,4.782,7.165,6.26
12912,0.754,35.915,24.822,30.252,23.244,4.783,7.165,6.18
12913,0.748,36.011,24.756,30.233,23.251,4.783,7.084,6.098
12914,0.747,35.859,24.763,30.233,23.244,4.742,7.083,6.138
12915,0.728,36.011,24.787,30.233,23.247,4.701,7.123,6.219
12916,0.734,36.147,24.822,30.262,23.265,4.904,7.205,6.342
12917,0.741,36.206,24.776,30.253,23.248,4.784,7.125,6.14
12918,0.721,35.736,24.748,30.233,23.251,4.742,7.043,6.219
12919,0.711,35.895,24.763,30.243,23.247,4.823,7.123,6.261
12920,0.708,36.002,24.771,30.243,23.258,4.865,7.124,6.262
12921,0.698,36.032,24.76,30.243,23.251,4.824,7.002,6.262
12922,0.685,35.773,24.81,30.233,23.24,4.661,6.879,6.099
12923,0.675,35.914,24.787,30.233,23.244,4.741,7.0,6.219
12924,0.678,36.031,24.783,30.243,23.251,4.783,7.001,6.18
12925,0.682,36.329,24.764,30.224,23.247,4.742,6.919,6.179
12926,0.688,35.757,24.795,30.204,23.244,4.742,6.919,6.139
12927,0.692,35.876,24.787,30.243,23.251,4.864,7.0,6.301
12928,0.711,36.03,24.768,30.281,23.258,4.824,6.96,6.262
12929,0.702,35.735,24.767,30.224,23.247,4.743,6.919,6.221
12930,0.698,35.76,24.732,30.252,23.251,4.742,6.919,6.261
12931,0.685,35.895,24.755,30.233,23.254,4.864,6.959,6.262
12932,0.701,35.992,24.838,30.233,23.258,4.784,6.919,6.262
12933,0.701,35.629,24.753,30.204,23.244,4.702,6.756,6.099
12934,0.692,35.73,24.771,30.195,23.251,4.742,6.836,6.26
12935,0.688,35.895,24.791,30.223,23.244,4.783,6.918,6.221
12936,0.679,35.944,24.807,30.224,23.24,4.742,6.796,6.22
12937,0.672,35.667,24.811,30.204,23.24,4.701,6.836,6.139
12938,0.662,35.836,24.776,30.214,23.247,4.823,6.918,6.26
12939,0.669,35.963,24.779,30.262,23.268,4.946,7.0,6.343
12940,0.662,36.05,24.744,30.214,23.251,4.785,6.96,6.262
12941,0.662,35.581,24.763,30.204,23.254,4.824,6.878,6.262
12942,0.659,35.72,24.826,30.223,23.251,4.824,6.959,6.262
12943,0.656,35.847,24.764,30.233,23.258,4.865,6.96,6.221
12944,0.655,35.905,24.795,30.224,23.251,4.784,6.919,6.18
12945,0.652,35.781,24.756,30.195,23.24,4.702,6.878,6.139
12946,0.672,35.943,24.814,30.204,23.247,4.742,7.04,6.301
12947,0.672,36.05,24.815,30.214,23.244,4.823,7.082,6.221
12948,0.682,36.09,24.787,30.195,23.247,4.743,7.002,6.22
12949,0.675,35.524,24.779,30.185,23.244,4.823,7.123,6.261
12950,0.688,35.71,24.725,30.233,23.261,4.946,7.287,6.424
12951,0.698,35.818,24.767,30.233,23.251,4.785,7.288,6.222
12952,0.692,35.828,24.826,30.204,23.251,4.864,7.207,6.261
12953,0.695,35.723,24.756,30.223,23.261,4.824,7.287,6.262
12954,0.698,35.894,24.783,30.224,23.258,4.824,7.288,6.302
12955,0.682,35.973,24.744,30.214,23.254,4.702,7.207,6.14
12956,0.672,35.715,24.81,30.195,23.24,4.66,7.287,6.179
12957,0.669,35.645,24.803,30.185,23.247,4.782,7.329,6.261
12958,0.669,35.798,24.748,30.204,23.247,4.742,7.329,6.139
12959,0.665,35.876,24.779,30.195,23.24,4.742,7.289,6.219
12960,0.665,35.532,24.756,30.185,23.251,4.742,7.491,6.342
12961,0.678,35.691,24.787,30.233,23.258,4.905,7.575,6.262
12962,0.665,35.798,24.799,30.204,23.244,4.784,7.494,6.221
12963,0.656,35.876,24.772,30.195,23.254,4.783,7.616,6.302
12964,0.659,35.512,24.767,30.195,23.254,4.783,7.535,6.262
12965,0.672,35.672,24.748,30.195,23.261,4.783,7.616,6.221
12966,0.678,35.769,24.795,30.185,23.251,4.702,7.535,6.139
12967,0.665,35.818,24.787,30.166,23.251,4.66,7.616,6.179
12968,0.682,35.569,24.783,30.185,23.247,4.782,7.617,6.179
12969,0.688,35.711,24.768,30.175,23.251,4.742,7.617,6.139
12970,0.682,35.798,24.725,30.185,23.247,4.742,7.535,6.219
12971,0.682,35.895,24.759,30.185,23.247,4.742,7.657,6.261
12972,0.708,35.599,24.826,30.194,23.265,4.905,7.82,6.302
12973,0.708,35.759,24.764,30.185,23.258,4.825,7.7,6.18
12974,0.702,35.857,24.767,30.194,23.254,4.783,7.658,6.179
12975,0.695,35.905,24.795,30.175,23.251,4.783,7.698,6.22
12976,0.682,35.522,24.818,30.185,23.254,4.864,7.74,6.261
12977,0.675,35.681,24.756,30.194,23.261,4.784,7.618,6.221
12978,0.669,35.769,24.76,30.156,23.241,4.62,7.535,6.139
12979,0.678,35.818,24.775,30.185,23.244,4.741,7.616,6.219
12980,0.682,35.646,24.752,30.175,23.244,4.742,7.617,6.139
12981,0.682,35.798,24.763,30.156,23.247,4.701,7.576,6.179
12982,0.682,35.866,24.779,30.156,23.244,4.701,7.575,6.139
12983,0.669,35.886,24.744,30.175,23.258,4.863,7.738,6.423
12984,0.682,35.666,24.763,30.194,23.254,4.743,7.618,6.222
12985,0.675,35.731,24.752,30.185,23.251,4.742,7.657,6.22
12986,0.682,35.837,24.802,30.166,23.251,4.823,7.617,6.261
12987,0.695,35.55,24.733,30.165,23.254,4.783,7.576,6.262
12988,0.701,35.643,24.794,30.185,23.254,4.702,7.575,6.221
12989,0.695,35.75,24.783,30.137,23.24,4.579,7.494,6.18
12990,0.685,35.837,24.729,30.156,23.247,4.74,7.534,6.261
12991,0.695,35.445,24.755,30.146,23.247,4.701,7.534,6.262
12992,0.695,35.575,24.81,30.146,23.244,4.701,7.453,6.18
12993,0.688,35.701,24.741,30.146,23.244,4.66,7.412,6.098
12994,0.695,35.789,24.763,30.137,23.244,4.741,7.533,6.219
12995,0.688,35.54,24.795,30.184,23.265,4.905,7.697,6.342
12996,0.701,35.672,24.783,30.156,23.251,4.744,7.577,6.303
12997,0.714,35.789,24.748,30.146,23.251,4.742,7.535,6.18
12998,0.724,35.866,24.728,30.165,23.254,4.783,7.575,6.301
12999,0.737,35.416,24.736,30.165,23.254,4.824,7.575,6.343
13000,0.764,35.546,24.759,30.137,23.254,4.783,7.494,6.181
13001,0.777,35.653,24.76,30.117,23.24,4.58,7.412,6.22
13002,0.819,35.731,24.799,30.155,23.251,4.74,7.493,6.22
13003,0.826,35.521,24.744,30.146,23.247,4.701,7.534,6.261
13004,0.826,35.681,24.771,30.127,23.244,4.701,7.453,6.221
13005,0.865,35.76,24.74,30.127,23.247,4.701,7.493,6.22
13006,0.892,35.818,24.814,30.156,23.261,4.904,7.656,6.383
13007,0.905,35.493,24.823,30.156,23.251,4.744,7.536,6.222
13008,0.931,35.605,24.752,30.146,23.254,4.742,7.534,6.302
13009,0.961,35.711,24.775,30.127,23.251,4.783,7.575,6.343
13010,0.987,35.904,24.697,30.156,23.254,4.783,7.535,6.343
13011,1.046,35.599,24.782,30.137,23.258,4.742,7.412,6.303
13012,1.085,35.701,24.783,30.079,23.241,4.661,7.411,6.221
13013,1.144,35.808,24.729,30.126,23.258,4.741,7.411,6.383
13014,1.2,35.483,24.763,30.117,23.247,4.742,7.411,6.344
13015,1.243,35.441,24.767,30.127,23.247,4.701,7.371,6.343
13016,1.26,35.537,24.846,30.117,23.244,4.66,7.37,6.384
13017,1.28,35.682,24.749,30.155,23.251,4.822,7.573,6.629
13018,1.312,35.482,24.752,30.137,23.254,4.743,7.413,6.509
13019,1.306,35.604,24.763,30.117,23.244,4.701,7.371,6.549
13020,1.313,35.702,24.74,30.107,23.251,4.823,7.37,6.508
13021,1.316,35.818,24.798,30.127,23.258,4.824,7.33,6.63
13022,1.332,35.378,24.803,30.117,23.254,4.783,7.329,6.55
13023,1.339,35.469,24.776,30.107,23.247,4.62,7.167,6.549
13024,1.313,35.623,24.787,30.117,23.247,4.7,7.287,6.63
13025,1.303,35.702,24.772,30.107,23.247,4.66,7.288,6.631
13026,1.286,35.655,24.838,30.107,23.247,4.7,7.247,6.631
13027,1.273,35.779,24.819,30.098,23.244,4.66,7.166,6.712
13028,1.26,35.924,24.764,30.117,23.258,4.863,7.287,6.916
13029,1.224,36.012,24.803,30.136,23.258,4.702,7.207,6.878
13030,1.162,35.284,24.69,30.127,23.258,4.782,7.247,6.959
13031,1.129,35.401,24.755,30.108,23.254,4.742,7.247,7.082
13032,1.09,35.537,24.799,30.117,23.254,4.783,7.206,7.164
13033,1.024,35.586,24.729,30.107,23.251,4.824,7.165,7.287
13034,0.971,35.49,24.759,30.059,23.24,4.58,7.002,7.288
13035,0.912,35.614,24.771,30.107,23.254,4.74,7.123,7.613
13036,0.827,35.75,24.842,30.079,23.251,4.701,7.165,7.779
13037,0.758,35.761,24.768,30.088,23.247,4.701,7.002,8.025
13038,0.689,35.435,24.775,30.069,23.244,4.66,7.123,8.149
13039,0.646,35.585,24.787,30.107,23.251,4.782,7.205,8.517
13040,0.61,35.74,24.748,30.117,23.258,4.824,7.125,8.561
13041,0.577,35.588,24.771,30.088,23.251,4.743,7.124,8.764
13042,0.538,35.462,24.807,30.088,23.247,4.742,7.124,8.929
13043,0.505,35.595,24.764,30.088,23.258,4.783,7.124,9.093
13044,0.478,35.711,24.756,30.107,23.254,4.702,7.083,9.176
13045,0.481,35.396,24.76,30.069,23.244,4.66,6.92,9.137
13046,0.514,35.469,24.818,30.078,23.244,4.7,7.041,9.258
13047,0.556,35.595,24.787,30.088,23.244,4.701,7.042,9.381
13048,0.593,35.701,24.818,30.078,23.24,4.701,7.042,9.423
13049,0.619,35.281,24.76,30.059,23.24,4.66,6.92,9.464
13050,0.652,35.43,24.701,30.088,23.251,4.7,7.041,9.668
13051,0.714,35.585,24.759,30.107,23.265,4.863,7.123,9.873
13052,0.731,35.644,24.826,30.059,23.251,4.743,7.043,9.997
13053,0.754,35.299,24.709,30.088,23.251,4.742,7.001,10.202
13054,0.777,35.44,24.743,30.088,23.251,4.783,7.082,10.407
13055,0.764,35.585,24.791,30.069,23.254,4.742,6.961,10.734
13056,0.77,35.634,24.787,30.05,23.244,4.661,6.878,10.779
13057,0.761,35.29,24.736,30.049,23.244,4.741,6.959,11.185
13058,0.761,35.468,24.74,30.068,23.251,4.701,6.919,11.352
13059,0.764,35.566,24.767,30.069,23.244,4.701,6.878,11.435
13060,0.757,35.624,24.748,30.05,23.244,4.701,6.837,11.558
13061,0.764,35.28,24.771,30.078,23.254,4.742,7.04,11.803
13062,0.761,35.468,24.849,30.098,23.265,4.864,6.96,11.806
13063,0.741,35.547,24.76,30.079,23.251,4.743,6.878,11.846
13064,0.744,35.595,24.76,30.069,23.251,4.742,6.918,11.928
13065,0.764,35.433,24.771,30.078,23.251,4.742,6.919,11.929
13066,0.774,35.566,24.807,30.078,23.261,4.783,6.919,11.929
13067,0.758,35.663,24.803,30.069,23.247,4.661,6.756,11.644
13068,0.754,35.856,24.737,30.05,23.244,4.741,6.795,11.682
13069,0.767,35.368,24.771,30.049,23.251,4.742,6.795,11.56
13070,0.77,35.517,24.732,30.068,23.247,4.701,6.755,11.519
13071,0.764,35.605,24.751,30.04,23.244,4.66,6.714,11.396
13072,0.774,35.251,24.818,30.049,23.251,4.7,6.794,11.314
13073,0.784,35.324,24.678,30.107,23.258,4.823,6.958,11.353
13074,0.784,35.44,24.782,30.05,23.247,4.743,6.838,11.151
13075,0.774,35.537,24.787,30.049,23.251,4.742,6.877,11.108
13076,0.761,35.375,24.803,30.049,23.251,4.742,6.877,11.026
13077,0.761,35.517,24.737,30.068,23.254,4.783,6.918,10.944
13078,0.761,35.643,24.755,30.04,23.247,4.661,6.837,10.74
13079,0.741,35.702,24.771,30.02,23.24,4.579,6.877,10.657
13080,0.764,35.233,24.721,30.039,23.247,4.7,6.959,10.615
13081,0.757,35.391,24.755,30.04,23.254,4.66,7.0,10.493
13082,0.735,35.498,24.81,30.04,23.24,4.7,7.001,10.369
13083,0.738,35.576,24.709,30.049,23.244,4.66,7.041,10.368
13084,0.751,35.299,24.786,30.068,23.254,4.863,7.204,10.409
13085,0.764,35.459,24.791,30.05,23.254,4.702,7.084,10.247
13086,0.767,35.566,24.815,30.04,23.251,4.742,7.083,10.123
13087,0.761,35.624,24.764,30.049,23.244,4.823,7.164,10.0
13088,0.774,35.251,24.748,30.04,23.251,4.661,7.165,9.917
13089,0.767,35.41,24.771,30.049,23.258,4.782,7.165,9.754
13090,0.767,35.479,24.76,30.049,23.247,4.58,7.043,9.59
13091,0.767,35.556,24.74,30.049,23.247,4.7,7.082,9.629
13092,0.774,35.375,24.806,30.011,23.251,4.742,7.083,9.426
13093,0.777,35.507,24.78,30.049,23.24,4.62,7.002,9.302
13094,0.777,35.614,24.76,30.011,23.247,4.578,7.041,9.219
13095,0.774,35.634,24.806,30.011,23.254,4.822,7.204,9.3
13096,0.784,35.242,24.819,30.068,23.254,4.824,7.084,9.138
13097,0.78,35.333,24.748,30.03,23.247,4.743,7.002,9.095
13098,0.764,35.44,24.767,30.02,23.251,4.742,7.041,9.014
13099,0.767,35.412,24.775,30.03,23.251,4.701,7.123,8.932
13100,0.761,35.469,24.748,30.04,23.254,4.782,7.165,8.809
13101,0.767,35.585,24.763,30.001,23.24,4.62,7.002,8.604
13102,0.751,35.663,24.818,29.991,23.247,4.7,7.082,8.684
13103,0.738,35.156,24.752,30.01,23.247,4.701,7.042,8.562
13104,0.744,35.246,24.74,30.011,23.244,4.66,7.042,8.48
13105,0.754,35.362,24.779,29.982,23.247,4.66,7.001,8.357
13106,0.764,35.45,24.803,30.001,23.251,4.741,7.082,8.478
13107,0.787,35.249,24.744,30.049,23.258,4.783,7.164,8.398
13108,0.78,35.381,24.752,30.011,23.251,4.702,7.124,8.316
13109,0.78,35.498,24.806,30.02,23.251,4.701,7.124,8.152
13110,0.787,35.605,24.772,30.011,23.254,4.701,7.124,8.273
13111,0.8,35.203,24.752,30.039,23.258,4.782,7.083,8.152
13112,0.797,35.343,24.81,30.001,23.247,4.62,7.002,7.988
13113,0.787,35.421,24.748,29.972,23.24,4.659,7.041,7.946
13114,0.803,35.527,24.763,30.01,23.247,4.7,7.123,7.905
13115,0.79,35.269,24.814,30.001,23.247,4.701,7.043,7.863
13116,0.78,35.401,24.795,29.982,23.251,4.701,7.001,7.782
13117,0.771,35.527,24.756,30.01,23.244,4.701,7.123,7.822
13118,0.787,35.605,24.775,30.03,23.261,4.742,7.287,7.944
13119,0.79,35.193,24.795,29.992,23.254,4.742,7.207,7.661
13120,0.761,35.304,24.787,30.01,23.244,4.701,7.165,7.78
13121,0.783,35.411,24.752,30.001,23.258,4.742,7.287,7.659
13122,0.78,35.45,24.81,30.001,23.254,4.742,7.288,7.739
13123,0.777,35.403,24.76,30.03,23.254,4.742,7.329,7.618
13124,0.767,35.517,24.717,29.972,23.24,4.579,7.207,7.413
13125,0.77,35.605,24.751,29.981,23.251,4.7,7.409,7.493
13126,0.78,35.452,24.822,29.982,23.247,4.701,7.371,7.412
13127,0.787,35.096,24.745,29.991,23.244,4.66,7.411,7.411
13128,0.787,35.236,24.779,29.982,23.247,4.66,7.452,7.411
13129,0.793,35.343,24.783,29.982,23.254,4.7,7.574,7.493
13130,0.813,35.239,24.783,30.029,23.254,4.863,7.657,7.494
13131,0.82,35.305,24.732,29.992,23.251,4.662,7.576,7.412
13132,0.817,35.411,24.779,29.982,23.254,4.7,7.575,7.371
13133,0.816,35.517,24.783,29.991,23.247,4.782,7.657,7.33
13134,0.829,35.145,24.764,29.982,23.258,4.742,7.739,7.289
13135,0.82,35.275,24.783,29.991,23.254,4.742,7.659,7.247
13136,0.8,35.363,24.803,29.953,23.24,4.62,7.658,7.166
13137,0.8,35.459,24.69,29.991,23.251,4.741,7.739,7.206
13138,0.787,35.134,24.763,29.982,23.244,4.742,7.74,7.206
13139,0.787,35.275,24.764,29.972,23.247,4.661,7.781,7.043
13140,0.787,35.401,24.756,30.001,23.247,4.619,7.781,7.082
13141,0.787,35.479,24.763,29.991,23.254,4.822,7.984,7.205
13142,0.797,35.192,24.81,30.001,23.254,4.743,7.946,7.125
13143,0.781,35.323,24.764,30.011,23.251,4.701,7.945,7.124
13144,0.78,35.43,24.748,29.972,23.251,4.66,7.986,7.124
13145,0.8,35.489,24.795,29.972,23.254,4.782,7.946,7.043
13146,0.803,35.183,24.842,29.981,23.254,4.742,7.945,7.082
13147,0.8,35.323,24.725,29.972,23.247,4.661,7.823,6.88
13148,0.807,35.421,24.755,29.953,23.244,4.66,7.903,6.959
13149,0.823,35.479,24.744,29.962,23.251,4.7,7.904,7.041
13150,0.817,35.125,24.763,29.962,23.24,4.66,7.863,6.879
13151,0.82,35.236,24.736,29.962,23.247,4.66,7.822,6.837
13152,0.82,35.381,24.783,29.962,23.254,4.782,7.944,7.04
13153,0.839,35.795,24.795,30.001,23.265,4.824,7.986,6.839
13154,0.83,35.147,24.76,29.963,23.251,4.702,7.864,6.877
13155,0.82,35.275,24.806,29.962,23.251,4.701,7.863,6.837
13156,0.82,35.363,24.799,29.981,23.254,4.701,7.863,6.918
13157,0.826,35.2,24.779,29.972,23.254,4.782,7.863,6.919
13158,0.817,35.218,24.736,29.953,23.244,4.661,7.7,6.715
13159,0.8,35.333,24.744,29.933,23.244,4.7,7.74,6.794
13160,0.81,35.44,24.763,29.952,23.251,4.742,7.74,6.795
13161,0.797,35.048,24.724,29.943,23.247,4.701,7.659,6.714
13162,0.79,35.121,24.787,29.943,23.247,4.66,7.658,6.713
13163,0.793,35.256,24.775,30.01,23.251,4.741,7.739,6.876
13164,0.806,35.41,24.768,29.991,23.261,4.905,7.74,6.796
13165,0.803,35.048,24.814,29.953,23.244,4.703,7.659,6.755
13166,0.816,35.178,24.819,29.953,23.251,4.782,7.698,6.754
13167,0.82,35.314,24.721,29.972,23.258,4.742,7.658,6.754
13168,0.83,35.401,24.732,29.953,23.254,4.783,7.658,6.714
13169,0.83,35.009,24.755,29.943,23.247,4.742,7.536,6.632
13170,0.82,35.13,24.744,29.914,23.251,4.661,7.616,6.672
13171,0.836,35.294,24.756,29.943,23.251,4.741,7.576,6.713
13172,0.833,35.344,24.822,29.933,23.251,4.661,7.494,6.591
13173,0.839,35.037,24.772,29.914,23.244,4.66,7.371,6.631
13174,0.843,35.149,24.744,29.923,23.24,4.741,7.533,6.672
13175,0.846,35.323,24.763,29.952,23.258,4.864,7.657,6.713
13176,0.84,35.344,24.775,29.914,23.251,4.662,7.455,6.672
13177,0.836,35.056,24.729,29.933,23.254,4.741,7.412,6.631
13178,0.836,35.178,24.732,29.943,23.254,4.742,7.493,6.631
13179,0.833,35.314,24.771,29.933,23.251,4.823,7.453,6.631
13180,0.83,35.363,24.736,29.962,23.251,4.702,7.412,6.55
13181,0.82,35.172,24.728,29.895,23.24,4.701,7.33,6.549
13182,0.826,35.323,24.798,29.933,23.251,4.742,7.37,6.549
13183,0.813,35.44,24.69,29.943,23.244,4.661,7.33,6.508
13184,0.823,35.192,24.747,29.914,23.244,4.66,7.289,6.508
13185,0.813,34.978,24.771,29.914,23.244,4.7,7.329,6.549
13186,0.826,35.129,24.81,29.962,23.258,4.863,7.451,6.671
13187,0.839,35.256,24.776,29.933,23.247,4.743,7.371,6.55
13188,0.839,35.017,24.744,29.924,23.251,4.783,7.37,6.549
13189,0.839,35.12,24.771,29.914,23.251,4.783,7.37,6.549
13190,0.846,35.265,24.771,29.943,23.247,4.824,7.289,6.549
13191,0.856,35.363,24.767,29.933,23.258,4.743,7.288,6.549
13192,0.849,34.827,24.783,29.895,23.241,4.661,7.166,6.386
13193,0.853,35.003,24.779,29.914,23.258,4.741,7.287,6.507
13194,0.862,35.149,24.756,29.914,23.251,4.742,7.329,6.427
13195,0.853,35.218,24.787,29.904,23.247,4.742,7.289,6.466
13196,0.843,34.873,24.779,29.904,23.24,4.661,7.288,6.467
13197,0.853,35.042,24.76,29.933,23.261,4.863,7.41,6.548
13198,0.862,35.207,24.752,29.952,23.258,4.824,7.289,6.427
13199,0.843,35.256,24.74,29.905,23.247,4.783,7.329,6.466
13200,0.839,35.017,24.779,29.904,23.251,4.742,7.37,6.507
13201,0.852,35.139,24.756,29.923,23.251,4.823,7.33,6.508
13202,0.843,35.265,24.795,29.933,23.258,4.783,7.289,6.467
13203,0.833,35.315,24.768,29.904,23.244,4.62,7.166,6.386
13204,0.83,34.989,24.736,29.904,23.247,4.741,7.206,6.385
13205,0.846,35.139,24.755,29.904,23.247,4.742,7.247,6.425
13206,0.856,35.227,24.783,29.904,23.251,4.701,7.166,6.344
13207,0.849,35.257,24.678,29.904,23.24,4.66,7.124,6.384
13208,0.856,35.008,24.774,29.914,23.251,4.782,7.246,6.547
13209,0.882,35.187,24.799,29.943,23.258,4.864,7.206,6.468
13210,0.869,35.295,24.772,29.914,23.251,4.743,7.206,6.507
13211,0.882,35.382,24.76,29.904,23.251,4.742,7.165,6.508
13212,0.885,35.028,24.775,29.914,23.251,4.783,7.206,6.427
13213,0.895,35.168,24.779,29.923,23.258,4.783,7.165,6.426
13214,0.892,35.266,24.721,29.904,23.247,4.742,7.002,6.385
13215,0.873,34.95,24.755,29.895,23.247,4.783,7.082,6.425
13216,0.876,35.033,24.736,29.904,23.247,4.742,7.123,6.426
13217,0.863,35.159,24.752,29.885,23.24,4.742,7.083,6.426
13218,0.875,35.275,24.763,29.875,23.247,4.742,7.042,6.426
13219,0.866,34.874,24.76,29.904,23.251,4.701,7.082,6.426
13220,0.872,35.08,24.783,29.923,23.254,4.904,7.286,6.548
13221,0.889,35.226,24.756,29.895,23.251,4.784,7.207,6.427
13222,0.872,35.257,24.763,29.894,23.258,4.824,7.206,6.507
13223,0.872,34.96,24.791,29.904,23.247,4.824,7.165,6.549
13224,0.866,35.091,24.729,29.923,23.254,4.824,7.165,6.508
13225,0.889,35.217,24.771,29.895,23.254,4.783,7.165,6.467
13226,0.885,35.276,24.748,29.866,23.237,4.661,7.124,6.304
13227,0.885,34.989,24.763,29.885,23.247,4.741,7.165,6.465
13228,0.895,35.12,24.732,29.894,23.251,4.783,7.124,6.426
13229,0.899,35.246,24.779,29.885,23.247,4.742,7.124,6.466
13230,0.905,35.305,24.783,29.875,23.244,4.701,7.124,6.386
13231,0.908,35.037,24.772,29.913,23.254,4.863,7.246,6.629
13232,0.938,35.226,24.771,29.895,23.258,4.784,7.125,6.387
13233,0.938,35.324,24.74,29.894,23.247,4.824,7.124,6.466
13234,0.925,35.344,24.759,29.885,23.251,4.824,7.205,6.467
13235,0.938,34.865,24.795,29.914,23.251,4.824,7.206,6.467
13236,0.932,35.013,24.709,29.885,23.251,4.783,7.247,6.507
13237,0.909,35.111,24.74,29.866,23.24,4.661,7.044,6.305
13238,0.899,35.121,24.716,29.894,23.254,4.822,7.204,6.384
13239,0.908,35.093,24.728,29.894,23.254,4.743,7.206,6.344
13240,0.912,35.236,24.759,29.875,23.244,4.701,7.125,6.343
13241,0.918,35.333,24.717,29.865,23.247,4.742,7.205,6.384
13242,0.915,35.114,24.783,29.894,23.254,4.864,7.287,6.588
13243,0.918,35.15,24.768,29.923,23.258,4.824,7.369,6.468
13244,0.899,35.237,24.736,29.876,23.251,4.824,7.37,6.467
13245,0.912,35.333,24.802,29.894,23.251,4.783,7.37,6.426
13246,0.928,35.574,24.78,29.885,23.254,4.864,7.33,6.548
13247,0.935,35.72,24.779,29.904,23.254,4.865,7.41,6.468
13248,0.941,35.837,24.721,29.875,23.244,4.702,7.33,6.264
13249,0.935,35.896,24.736,29.865,23.251,4.742,7.37,6.384
13250,0.954,34.87,24.771,29.885,23.244,4.783,7.411,6.385
13251,0.961,34.994,24.771,29.875,23.254,4.783,7.411,6.344
13252,0.968,35.111,24.783,29.846,23.244,4.702,7.371,6.303
13253,0.964,35.227,24.756,29.884,23.251,4.863,7.492,6.506
13254,0.971,35.247,24.763,29.914,23.261,4.906,7.453,6.427
13255,0.974,35.372,24.826,29.876,23.247,4.825,7.452,6.385
13256,0.964,35.479,24.764,29.875,23.254,4.783,7.452,6.466
13257,0.974,35.556,24.756,29.875,23.251,4.824,7.412,6.426
13258,0.968,35.212,24.709,29.894,23.247,4.865,7.411,6.385
13259,0.958,35.343,24.747,29.866,23.247,4.784,7.289,6.263
13260,0.941,35.469,24.756,29.875,23.247,4.742,7.288,6.424
13261,0.967,35.508,24.752,29.885,23.251,4.864,7.288,6.304
13262,0.961,35.442,24.775,29.885,23.251,4.743,7.369,6.343
13263,0.958,35.585,24.756,29.866,23.244,4.783,7.289,6.303
13264,0.954,35.711,24.763,29.875,23.254,4.783,7.369,6.425
13265,0.984,35.76,24.818,29.913,23.268,4.905,7.33,6.385
13266,0.987,35.578,24.795,29.866,23.251,4.825,7.329,6.344
13267,0.997,35.72,24.772,29.885,23.247,4.824,7.289,6.303
13268,1.004,35.818,24.728,29.875,23.258,4.865,7.369,6.384
13269,1.02,35.838,24.751,29.885,23.254,4.824,7.37,6.344
13270,1.023,35.704,24.744,29.866,23.24,4.702,7.208,6.221
13271,1.01,35.837,24.771,29.885,23.244,4.823,7.287,6.342
13272,1.017,35.953,24.744,29.875,23.251,4.783,7.247,6.303
13273,1.03,35.839,24.744,29.875,23.247,4.824,7.206,6.262
13274,1.033,35.944,24.744,29.856,23.247,4.743,7.125,6.221
13275,1.04,36.079,24.787,29.865,23.254,4.864,7.287,6.464
13276,1.043,36.205,24.768,29.913,23.265,4.865,7.329,6.345
13277,1.037,35.899,24.771,29.876,23.248,4.824,7.289,6.384
13278,1.03,36.059,24.771,29.875,23.247,4.824,7.288,6.385
13279,1.03,36.176,24.76,29.875,23.254,4.783,7.207,6.385
13280,1.033,36.254,24.748,29.885,23.251,4.864,7.247,6.344
13281,1.027,36.005,24.771,29.866,23.24,4.743,7.125,6.221
13282,1.017,36.118,24.748,29.865,23.244,4.783,7.205,6.302
13283,1.023,36.282,24.767,29.856,23.244,4.824,7.206,6.384
13284,1.023,36.341,24.787,29.856,23.247,4.824,7.084,6.303
13285,1.03,36.294,24.779,29.856,23.244,4.743,7.083,6.262
13286,1.04,36.437,24.744,29.865,23.247,4.783,7.205,6.302
13287,1.059,36.611,24.759,29.913,23.265,4.905,7.247,6.343
13288,1.066,36.603,24.775,29.876,23.251,4.744,7.166,6.303
13289,1.066,36.306,24.744,29.865,23.251,4.783,7.165,6.302
13290,1.073,36.437,24.752,29.885,23.251,4.905,7.124,6.384
13291,1.083,36.563,24.759,29.894,23.258,4.865,7.124,6.344
13292,1.089,36.565,24.76,29.847,23.247,4.784,7.043,6.181
13293,1.073,36.593,24.767,29.856,23.24,4.742,7.123,6.301
13294,1.089,36.757,24.717,29.865,23.247,4.783,7.083,6.302
13295,1.086,36.845,24.775,29.856,23.247,4.742,7.123,6.302
13296,1.089,37.2,24.768,29.837,23.244,4.823,7.165,6.302
13297,1.079,36.686,24.783,29.932,23.247,4.783,7.246,6.465
13298,1.089,36.853,24.772,29.895,23.265,4.905,7.369,6.467
13299,1.089,36.922,24.748,29.866,23.251,4.825,7.33,6.386
13300,1.066,36.894,24.767,29.865,23.254,4.824,7.37,6.425
13301,1.073,36.999,24.764,29.856,23.251,4.824,7.37,6.426
13302,1.06,37.096,24.779,29.865,23.258,4.824,7.452,6.426
13303,1.076,37.222,24.775,29.856,23.247,4.702,7.29,6.304
13304,1.066,36.859,24.736,29.837,23.251,4.742,7.41,6.302
13305,1.086,37.009,24.794,29.856,23.254,4.783,7.533,6.384
13306,1.089,37.125,24.733,29.846,23.244,4.783,7.412,6.344
13307,1.083,37.174,24.744,29.837,23.244,4.702,7.452,6.262
13308,1.089,37.098,24.697,29.846,23.251,4.742,7.534,6.465
13309,1.112,37.27,24.743,29.894,23.261,4.864,7.657,6.426
13310,1.109,37.387,24.775,29.856,23.254,4.784,7.617,6.426
13311,1.112,37.426,24.756,29.846,23.254,4.864,7.576,6.344
13312,1.115,37.225,24.728,29.846,23.254,4.743,7.616,6.384
13313,1.125,37.377,24.771,29.856,23.254,4.823,7.657,6.425
13314,1.138,37.474,24.74,29.846,23.244,4.743,7.536,6.263
13315,1.109,37.504,24.771,29.817,23.244,4.742,7.616,6.302
13316,1.112,37.264,24.721,29.846,23.254,4.783,7.617,6.384
13317,1.099,37.396,24.74,29.827,23.247,4.702,7.535,6.344
13318,1.096,37.484,24.732,29.836,23.247,4.823,7.534,6.303
13319,1.089,37.523,24.751,29.856,23.254,4.865,7.616,6.343
13320,1.102,37.504,24.795,29.894,23.261,4.865,7.657,6.466
13321,1.089,37.6,24.783,29.837,23.244,4.784,7.536,6.304
13322,1.092,37.697,24.756,29.865,23.254,4.864,7.534,6.384
13323,1.092,37.746,24.787,29.865,23.254,4.906,7.453,6.425
13324,1.086,37.554,24.76,29.865,23.254,4.825,7.534,6.466
13325,1.073,37.668,24.806,29.856,23.244,4.702,7.372,6.223
13326,1.069,37.745,24.729,29.846,23.251,4.782,7.492,6.342
13327,1.079,37.689,24.732,29.827,23.251,4.783,7.412,6.262
13328,1.083,37.631,24.716,29.846,23.244,4.742,7.371,6.302
13329,1.083,37.755,24.724,29.817,23.247,4.742,7.33,6.221
13330,1.076,37.861,24.755,29.846,23.251,4.823,7.451,6.342
13331,1.083,37.527,24.799,29.884,23.265,4.987,7.534,6.425
13332,1.076,37.619,24.76,29.846,23.251,4.785,7.412,6.304
13333,1.066,37.735,24.767,29.846,23.251,4.783,7.411,6.343
13334,1.069,37.823,24.787,29.846,23.251,4.824,7.493,6.343
13335,1.053,37.757,24.799,29.837,23.247,4.865,7.453,6.384
13336,1.043,37.909,24.698,29.865,23.251,4.824,7.33,6.181
13337,1.02,37.988,24.712,29.818,23.24,4.743,7.37,6.301
13338,1.017,38.084,24.751,29.836,23.251,4.864,7.411,6.302
13339,1.007,37.606,24.752,29.836,23.244,4.784,7.411,6.302
13340,0.994,37.745,24.767,29.827,23.251,4.742,7.33,6.262
13341,0.987,37.852,24.76,29.827,23.244,4.742,7.492,6.302
13342,0.978,37.92,24.744,29.865,23.258,4.905,7.616,6.465
13343,0.984,37.825,24.763,29.856,23.258,4.865,7.413,6.345
13344,0.961,37.929,24.748,29.856,23.251,4.784,7.452,6.343
13345,0.958,38.036,24.798,29.837,23.251,4.783,7.534,6.343
13346,0.958,38.075,24.756,29.856,23.254,4.824,7.534,6.384
13347,0.954,37.807,24.763,29.856,23.251,4.824,7.494,6.303
13348,0.945,37.91,24.736,29.798,23.244,4.661,7.29,6.18
13349,0.941,38.016,24.74,29.807,23.251,4.822,7.491,6.22
13350,0.938,38.037,24.759,29.846,23.247,4.783,7.412,6.302
13351,0.935,37.807,24.748,29.837,23.244,4.783,7.371,6.262
13352,0.931,37.91,24.724,29.817,23.247,4.702,7.37,6.302
13353,0.938,38.055,24.751,29.846,23.265,4.985,7.533,6.384
13354,0.945,38.133,24.756,29.846,23.258,4.826,7.412,6.263
13355,0.919,37.884,24.81,29.837,23.251,4.824,7.411,6.221
13356,0.915,38.045,24.725,29.836,23.251,4.824,7.452,6.302
13357,0.912,38.133,24.744,29.836,23.258,4.824,7.371,6.343
13358,0.905,37.846,24.767,29.827,23.251,4.743,7.289,6.14
13359,0.866,37.872,24.76,29.808,23.244,4.783,7.329,6.219
13360,0.856,38.026,24.76,29.826,23.258,4.824,7.289,6.261
13361,0.862,38.104,24.717,29.827,23.251,4.743,7.369,6.139
13362,0.84,37.779,24.775,29.817,23.244,4.701,7.411,6.26
13363,0.839,37.91,24.768,29.836,23.247,4.782,7.371,6.262
13364,0.839,38.064,24.752,29.875,23.268,4.946,7.492,6.302
13365,0.839,38.133,24.799,29.827,23.248,4.866,7.371,6.302
13366,0.839,37.741,24.795,29.836,23.251,4.784,7.37,6.221
13367,0.833,37.89,24.795,29.875,23.254,4.864,7.37,6.383
13368,0.839,38.016,24.733,29.827,23.254,4.906,7.37,6.263
13369,0.836,38.075,24.779,29.827,23.24,4.865,7.289,6.139
13370,0.833,37.817,24.764,29.808,23.247,4.865,7.369,6.138
13371,0.836,37.977,24.752,29.836,23.247,4.702,7.33,6.219
13372,0.83,38.065,24.756,29.817,23.247,4.782,7.37,6.139
13373,0.833,38.104,24.744,29.807,23.247,4.783,7.248,6.138
13374,0.826,37.731,24.748,29.836,23.258,4.783,7.41,6.301
13375,0.836,37.89,24.787,29.856,23.265,4.905,7.452,6.262
13376,0.82,37.978,24.768,29.827,23.258,4.906,7.29,6.221
13377,0.813,38.017,24.779,29.836,23.251,4.825,7.41,6.261
13378,0.803,37.854,24.748,29.817,23.258,4.865,7.33,6.262
13379,0.8,37.997,24.802,29.846,23.254,4.865,7.329,6.302
13380,0.784,38.084,24.756,29.808,23.244,4.743,7.167,6.058
13381,0.771,38.172,24.736,29.788,23.247,4.783,7.287,6.137
13382,0.787,37.664,24.755,29.826,23.247,4.864,7.288,6.138
13383,0.774,37.784,24.752,29.817,23.244,4.784,7.247,6.138
13384,0.767,37.881,24.724,29.807,23.24,4.742,7.206,6.179
13385,0.767,37.786,24.771,29.817,23.254,4.864,7.247,6.22
13386,0.79,37.862,24.775,29.836,23.258,4.906,7.288,6.261
13387,0.793,37.968,24.662,29.846,23.251,4.865,7.207,6.221
13388,0.787,38.046,24.739,29.837,23.254,4.824,7.165,6.261
13389,0.787,37.634,24.755,29.827,23.258,4.905,7.206,6.302
13390,0.797,37.735,24.744,29.836,23.254,4.825,7.247,6.221
13391,0.794,37.832,24.756,29.808,23.244,4.702,7.084,6.098
13392,0.787,37.881,24.709,29.788,23.251,4.823,7.123,6.138
13393,0.797,37.556,24.755,29.826,23.251,4.783,7.124,6.098
13394,0.8,37.687,24.775,29.817,23.247,4.742,7.083,6.138
13395,0.797,37.784,24.775,29.798,23.247,4.783,7.123,6.138
13396,0.781,37.871,24.725,29.826,23.254,4.946,7.124,6.301
13397,0.797,37.719,24.748,29.836,23.261,4.988,7.205,6.221
13398,0.774,37.803,24.736,29.817,23.251,4.866,7.125,6.18
13399,0.771,37.929,24.775,29.807,23.251,4.865,7.165,6.22
13400,0.77,37.997,24.744,29.836,23.254,4.824,7.206,6.22
13401,0.774,37.557,24.74,29.808,23.258,4.865,7.165,6.098
13402,0.764,37.687,24.713,29.807,23.244,4.743,7.043,6.056
13403,0.751,37.784,24.743,29.807,23.254,4.823,7.164,6.219
13404,0.764,37.843,24.767,29.826,23.251,4.783,7.084,6.18
13405,0.761,37.68,24.806,29.808,23.247,4.824,7.083,6.098
13406,0.77,37.803,24.752,29.798,23.24,4.743,7.123,6.138
13407,0.78,37.919,24.752,29.836,23.251,4.905,7.246,6.26
13408,0.793,37.959,24.748,29.865,23.254,4.947,7.247,6.262
13409,0.784,37.547,24.759,29.827,23.251,4.825,7.166,6.221
13410,0.787,37.677,24.756,29.827,23.244,4.824,7.206,6.18
13411,0.797,37.793,24.775,29.817,23.251,4.824,7.206,6.261
13412,0.797,37.747,24.729,29.817,23.254,4.865,7.247,6.221
13413,0.803,37.67,24.755,29.827,23.251,4.784,7.125,6.058
13414,0.794,37.745,24.767,29.788,23.244,4.783,7.124,6.219
13415,0.8,37.89,24.806,29.807,23.251,4.824,7.165,6.18
13416,0.787,37.47,24.725,29.817,23.247,4.783,7.124,6.22
13417,0.774,37.542,24.705,29.807,23.244,4.824,7.083,6.139
13418,0.777,37.677,24.697,29.807,23.247,4.824,7.205,6.341
13419,0.78,37.774,24.755,29.846,23.265,4.946,7.287,6.303
13420,0.777,37.516,24.732,29.817,23.251,4.785,7.125,6.221
13421,0.764,37.619,24.736,29.817,23.254,4.783,7.165,6.261
13422,0.764,37.745,24.74,29.827,23.251,4.824,7.328,6.343
13423,0.767,37.852,24.759,29.836,23.258,4.905,7.207,6.303
13424,0.77,37.44,24.756,29.817,23.244,4.744,7.125,6.221
13425,0.764,37.542,24.795,29.807,23.247,4.742,7.124,6.302
13426,0.787,37.667,24.764,29.817,23.254,4.783,7.083,6.302
13427,0.784,37.745,24.74,29.807,23.247,4.783,7.083,6.18
13428,0.771,37.42,24.716,29.807,23.244,4.742,7.083,6.179
13429,0.787,37.542,24.755,29.807,23.244,4.823,7.205,6.342
13430,0.793,37.706,24.748,29.865,23.258,4.946,7.206,6.384
13431,0.797,37.736,24.756,29.808,23.247,4.825,7.125,6.303
13432,0.803,37.478,24.728,29.817,23.251,4.824,7.124,6.262
13433,0.803,37.619,24.751,29.807,23.251,4.824,7.124,6.302
13434,0.8,37.716,24.756,29.826,23.258,4.865,7.165,6.302
13435,0.787,37.736,24.799,29.808,23.247,4.743,7.002,6.18
13436,0.777,37.497,24.733,29.779,23.244,4.742,7.041,6.22
13437,0.787,37.657,24.751,29.807,23.247,4.783,7.082,6.302
13438,0.787,37.755,24.748,29.807,23.247,4.783,7.042,6.262
13439,0.774,37.919,24.752,29.798,23.244,4.661,7.001,6.221
13440,0.767,37.432,24.752,29.798,23.251,4.741,7.082,6.261
13441,0.774,37.58,24.791,29.836,23.258,4.905,7.245,6.384
13442,0.774,37.668,24.779,29.798,23.247,4.825,7.125,6.303
13443,0.767,37.496,24.764,29.817,23.247,4.824,7.124,6.302
13444,0.777,37.552,24.732,29.807,23.258,4.865,7.083,6.384
13445,0.777,37.687,24.767,29.807,23.258,4.865,7.123,6.344
13446,0.777,37.755,24.756,29.798,23.244,4.702,7.002,6.181
13447,0.784,37.305,24.736,29.759,23.24,4.782,7.001,6.261
13448,0.787,37.454,24.74,29.816,23.254,4.783,6.96,6.262
13449,0.797,37.552,24.755,29.798,23.251,4.742,6.96,6.262
13450,0.781,37.658,24.752,29.778,23.251,4.783,6.96,6.221
13451,0.8,37.352,24.795,29.797,23.244,4.702,7.0,6.302
13452,0.816,37.531,24.705,29.846,23.261,4.985,7.204,6.384
13453,0.816,37.648,24.732,29.808,23.258,4.826,6.962,6.303
13454,0.81,37.697,24.744,29.817,23.254,4.824,7.041,6.343
13455,0.807,37.401,24.74,29.798,23.254,4.824,7.082,6.303
13456,0.807,37.57,24.685,29.826,23.258,4.824,7.083,6.343
13457,0.8,37.649,24.735,29.808,23.251,4.783,7.002,6.221
13458,0.784,37.678,24.755,29.788,23.24,4.783,7.001,6.261
13459,0.793,37.439,24.756,29.807,23.244,4.824,7.082,6.302
13460,0.784,37.561,24.771,29.798,23.251,4.783,7.002,6.221
13461,0.771,37.668,24.764,29.778,23.24,4.783,7.001,6.261
13462,0.774,37.678,24.717,29.807,23.247,4.824,7.123,6.384
13463,0.78,37.4,24.763,29.846,23.261,4.946,7.205,6.425
13464,0.784,37.513,24.732,29.808,23.251,4.825,7.043,6.385
13465,0.78,37.59,24.775,29.798,23.254,4.824,7.123,6.344
13466,0.787,37.591,24.721,29.798,23.254,4.824,7.083,6.384
13467,0.79,37.457,24.744,29.817,23.254,4.824,7.083,6.425
13468,0.79,37.59,24.724,29.798,23.254,4.743,6.961,6.263
13469,0.8,37.668,24.736,29.778,23.237,4.742,7.041,6.343
13470,0.803,37.477,24.771,29.788,23.247,4.823,7.082,6.343
13471,0.81,37.437,24.783,29.798,23.247,4.783,7.083,6.262
13472,0.8,37.551,24.69,29.798,23.244,4.742,6.961,6.221
13473,0.8,37.639,24.724,29.778,23.251,4.742,7.0,6.302
13474,0.816,37.237,24.771,29.807,23.261,4.864,7.123,6.384
13475,0.823,37.319,24.764,29.798,23.251,4.824,7.083,6.303
13476,0.8,37.483,24.74,29.817,23.251,4.865,7.042,6.302
13477,0.803,37.542,24.748,29.807,23.251,4.865,7.001,6.384
13478,0.813,37.246,24.775,29.807,23.261,4.824,7.041,6.303
13479,0.787,37.386,24.756,29.798,23.251,4.824,6.92,6.262
13480,0.787,37.484,24.779,29.759,23.244,4.743,6.878,6.302
13481,0.787,37.561,24.748,29.797,23.247,4.742,7.04,6.221
13482,0.78,37.246,24.724,29.798,23.247,4.783,6.92,6.22
13483,0.777,37.396,24.748,29.778,23.244,4.783,6.959,6.261
13484,0.777,37.522,24.736,29.797,23.254,4.702,6.96,6.262
13485,0.777,37.581,24.802,29.817,23.254,4.985,7.122,6.465
13486,0.8,37.294,24.694,29.807,23.251,4.785,7.002,6.304
13487,0.8,37.387,24.732,29.798,23.251,4.783,7.082,6.343
13488,0.803,37.522,24.712,29.807,23.254,4.824,7.042,6.303
13489,0.813,37.571,24.724,29.807,23.251,4.824,7.082,6.343
13490,0.816,37.303,24.759,29.798,23.247,4.905,7.042,6.262
13491,0.803,37.406,24.74,29.769,23.244,4.703,7.001,6.18
13492,0.813,37.513,24.681,29.778,23.251,4.823,7.041,6.22
13493,0.816,37.562,24.708,29.769,23.251,4.824,7.082,6.22
13494,0.813,37.255,24.775,29.797,23.244,4.743,7.083,6.139
13495,0.813,37.367,24.779,29.769,23.24,4.701,7.042,6.26
13496,0.8,37.493,24.67,29.797,23.254,4.782,7.286,6.302
13497,0.807,37.504,24.743,29.826,23.261,4.905,7.207,6.221
13498,0.807,37.264,24.72,29.798,23.251,4.865,7.287,6.22
13499,0.787,37.387,24.759,29.798,23.247,4.784,7.207,6.22
13500,0.79,37.493,24.732,29.807,23.254,4.824,7.247,6.261
13501,0.793,37.188,24.74,29.798,23.254,4.865,7.288,6.262
13502,0.79,37.232,24.701,29.769,23.244,4.702,7.166,6.099
13503,0.774,37.358,24.716,29.788,23.251,4.782,7.287,6.219
13504,0.79,37.474,24.755,29.778,23.251,4.742,7.207,6.261
13505,0.774,37.82,24.795,29.778,23.244,4.701,7.287,6.18
13506,0.784,37.977,24.737,29.788,23.24,4.701,7.247,6.057
13507,0.797,38.084,24.748,29.769,23.247,4.863,7.369,6.259
13508,0.803,38.2,24.763,29.807,23.265,4.946,7.452,6.262
13509,0.807,36.801,24.748,29.769,23.251,4.744,7.29,6.221
13510,0.803,36.902,24.732,29.797,23.254,4.783,7.288,6.261
13511,0.807,37.019,24.771,29.798,23.251,4.824,7.369,6.262
13512,0.816,37.106,24.693,29.807,23.258,4.865,7.33,6.262
13513,0.813,37.212,24.735,29.779,23.251,4.784,7.289,6.18
13514,0.816,37.309,24.775,29.74,23.24,4.661,7.085,6.057
13515,0.807,37.435,24.756,29.797,23.251,4.822,7.327,6.219
13516,0.803,37.503,24.763,29.846,23.247,4.824,7.289,6.139
13517,0.794,37.044,24.721,29.789,23.244,4.743,7.207,6.138
13518,0.79,37.183,24.763,29.759,23.251,4.742,7.165,6.179
13519,0.787,37.309,24.775,29.797,23.254,4.905,7.287,6.261
13520,0.8,37.397,24.752,29.798,23.254,4.865,7.247,6.221
13521,0.781,37.072,24.767,29.778,23.247,4.784,7.166,6.22
13522,0.774,37.202,24.682,29.797,23.251,4.824,7.246,6.261
13523,0.771,37.309,24.728,29.778,23.251,4.824,7.206,6.262
13524,0.764,37.675,24.748,29.788,23.251,4.783,7.206,6.221
13525,0.774,37.189,24.748,29.778,23.251,4.702,7.043,6.098
13526,0.771,37.28,24.697,29.769,23.251,4.782,7.042,6.138
13527,0.78,37.406,24.72,29.778,23.251,4.783,7.082,6.219
13528,0.78,37.072,24.763,29.759,23.247,4.824,7.123,6.139
13529,0.79,37.078,24.767,29.769,23.244,4.743,7.043,6.138
13530,0.787,37.222,24.752,29.788,23.254,4.823,7.164,6.301
13531,0.803,37.357,24.806,29.817,23.254,4.905,7.165,6.302
13532,0.81,36.975,24.67,29.788,23.251,4.744,7.124,6.221
13533,0.807,37.058,24.763,29.769,23.258,4.823,7.083,6.22
13534,0.807,37.202,24.764,29.778,23.251,4.824,7.123,6.302
13535,0.807,37.281,24.74,29.778,23.258,4.865,7.043,6.262
13536,0.803,37.051,24.759,29.807,23.244,4.743,6.96,6.099
13537,0.787,37.164,24.705,29.759,23.247,4.701,7.041,6.219
13538,0.79,37.29,24.755,29.778,23.247,4.823,7.001,6.18
13539,0.777,37.358,24.752,29.759,23.254,4.743,6.96,6.22
13540,0.767,36.937,24.759,29.749,23.247,4.701,6.919,6.22
13541,0.761,37.067,24.76,29.778,23.247,4.782,6.959,6.302
13542,0.777,37.231,24.736,29.817,23.265,4.905,7.082,6.343
13543,0.767,37.281,24.744,29.779,23.248,4.825,7.042,6.262
13544,0.757,37.559,24.752,29.788,23.247,4.783,7.001,6.302
13545,0.761,37.687,24.763,29.788,23.251,4.824,6.96,6.262
13546,0.777,37.794,24.689,29.798,23.258,4.824,6.96,6.262
13547,0.78,37.852,24.716,29.788,23.244,4.743,6.838,6.139
13548,0.78,36.568,24.716,29.74,23.244,4.701,6.958,6.26
13549,0.793,36.708,24.74,29.768,23.251,4.742,6.919,6.302
13550,0.78,36.834,24.748,29.778,23.244,4.701,6.837,6.262
13551,0.78,36.855,24.779,29.759,23.244,4.701,6.837,6.221
13552,0.8,37.152,24.611,29.769,23.247,4.823,6.877,6.342
13553,0.8,37.328,24.766,29.797,23.265,4.905,7.0,6.343
13554,0.8,37.406,24.803,29.759,23.251,4.784,6.879,6.343
13555,0.787,37.129,24.748,29.759,23.247,4.783,6.877,6.262
13556,0.784,36.963,24.756,29.778,23.251,4.824,6.918,6.262
13557,0.787,37.106,24.713,29.778,23.254,4.824,6.837,6.302
13558,0.787,37.193,24.751,29.769,23.247,4.743,6.796,6.262
13559,0.771,36.83,24.717,29.73,23.244,4.742,6.877,6.262
13560,0.774,36.96,24.724,29.768,23.244,4.823,6.877,6.262
13561,0.774,37.067,24.763,29.749,23.251,4.743,6.796,6.221
13562,0.761,37.135,24.721,29.778,23.244,4.742,6.795,6.261
13563,0.761,36.896,24.747,29.769,23.247,4.823,6.836,6.343
13564,0.767,37.066,24.767,29.797,23.265,4.905,6.999,6.384
13565,0.767,37.174,24.783,29.759,23.254,4.825,6.919,6.303
13566,0.761,37.251,24.693,29.759,23.254,4.783,6.919,6.302
13567,0.764,36.869,24.708,29.778,23.251,4.783,6.919,6.343
13568,0.774,37.028,24.743,29.778,23.254,4.824,7.0,6.303
13569,0.774,37.135,24.748,29.778,23.251,4.743,6.96,6.221
13570,0.777,37.194,24.713,29.74,23.247,4.742,6.96,6.302
13571,0.784,36.916,24.783,29.749,23.244,4.742,7.041,6.221
13572,0.79,37.057,24.686,29.759,23.247,4.742,7.042,6.18
13573,0.787,37.154,24.72,29.749,23.244,4.701,7.001,6.22
13574,0.787,37.203,24.783,29.759,23.247,4.782,7.041,6.302
13575,0.8,36.897,24.764,29.797,23.258,4.864,7.245,6.384
13576,0.787,37.047,24.646,29.778,23.247,4.824,7.125,6.222
13577,0.774,37.145,24.723,29.769,23.258,4.824,7.165,6.342
13578,0.761,37.194,24.751,29.769,23.251,4.824,7.165,6.303
13579,0.764,36.935,24.756,29.769,23.254,4.905,7.206,6.302
13580,0.767,37.067,24.748,29.759,23.244,4.744,7.043,6.221
13581,0.751,37.145,24.767,29.749,23.237,4.783,7.164,6.302
13582,0.754,37.376,24.709,29.778,23.251,4.783,7.084,6.343
13583,0.751,37.263,24.736,29.769,23.244,4.702,7.083,6.221
13584,0.741,37.367,24.755,29.74,23.24,4.742,7.042,6.22
13585,0.747,37.455,24.775,29.749,23.244,4.783,7.164,6.383
13586,0.767,36.775,24.725,29.797,23.265,4.946,7.246,6.344
13587,0.774,36.73,24.712,29.759,23.251,4.866,7.125,6.303
13588,0.764,36.854,24.736,29.769,23.254,4.824,7.002,6.262
13589,0.774,36.961,24.748,29.778,23.258,4.783,7.041,6.343
13590,0.777,36.895,24.732,29.778,23.254,4.864,7.001,6.303
13591,0.784,37.019,24.763,29.769,23.251,4.743,6.96,6.18
13592,0.78,37.125,24.631,29.759,23.247,4.701,6.919,6.22
13593,0.787,37.222,24.739,29.769,23.251,4.782,7.0,6.22
13594,0.79,36.792,24.775,29.749,23.244,4.742,6.96,6.18
13595,0.793,36.912,24.729,29.74,23.244,4.661,6.878,6.098
13596,0.774,37.047,24.74,29.816,23.244,4.7,6.877,6.138
13597,0.767,37.145,24.736,29.798,23.258,4.863,7.081,6.423
13598,0.774,36.839,24.771,29.778,23.254,4.743,6.88,6.263
13599,0.758,36.96,24.756,29.75,23.244,4.783,6.877,6.262
13600,0.764,37.096,24.748,29.768,23.254,4.783,6.877,6.221
13601,0.761,37.164,24.763,29.749,23.254,4.864,6.877,6.302
13602,0.754,36.877,24.701,29.768,23.254,4.824,6.877,6.262
13603,0.744,37.009,24.72,29.749,23.24,4.702,6.715,6.139
13604,0.744,37.096,24.74,29.768,23.244,4.782,6.876,6.219
13605,0.754,37.155,24.771,29.749,23.247,4.783,6.877,6.261
13606,0.764,36.896,24.713,29.74,23.247,4.742,6.755,6.221
13607,0.774,37.019,24.724,29.759,23.24,4.701,6.836,6.18
13608,0.761,37.135,24.751,29.769,23.254,4.782,6.958,6.342
13609,0.777,37.184,24.74,29.788,23.258,4.824,7.0,6.303
13610,0.777,36.897,24.748,29.759,23.251,4.824,7.001,6.221
13611,0.777,37.028,24.767,29.759,23.254,4.865,7.001,6.302
13612,0.79,37.154,24.736,29.778,23.254,4.824,7.082,6.302
13613,0.784,36.868,24.72,29.759,23.251,4.743,7.002,6.221
13614,0.787,36.788,24.74,29.749,23.244,4.661,6.879,6.139
13615,0.774,36.902,24.755,29.759,23.247,4.741,7.0,6.138
13616,0.767,37.038,24.717,29.826,23.251,4.742,6.96,6.138
13617,0.767,36.838,24.736,29.75,23.247,4.661,6.878,6.138
13618,0.774,36.951,24.752,29.73,23.244,4.7,6.959,6.138
13619,0.761,37.086,24.779,29.768,23.258,4.823,7.082,6.301
13620,0.761,37.212,24.775,29.807,23.258,4.905,7.042,6.221
13621,0.748,36.744,24.744,29.75,23.251,4.784,7.001,6.18
13622,0.741,36.883,24.681,29.768,23.247,4.864,6.96,6.22
13623,0.747,37.038,24.708,29.778,23.258,4.824,7.041,6.261
13624,0.741,37.097,24.782,29.769,23.254,4.824,7.042,6.18
13625,0.747,36.8,24.74,29.749,23.244,4.661,6.839,6.017
13626,0.747,36.912,24.705,29.749,23.247,4.741,6.918,6.178
13627,0.76,37.057,24.736,29.768,23.251,4.701,6.959,6.22
13628,0.754,37.116,24.74,29.759,23.251,4.742,6.878,6.139
13629,0.764,36.829,24.744,29.74,23.247,4.701,6.796,6.138
13630,0.757,36.951,24.74,29.749,23.247,4.742,6.958,6.26
13631,0.777,37.105,24.779,29.788,23.258,4.945,7.041,6.302
13632,0.797,37.165,24.752,29.759,23.254,4.785,6.879,6.221
13633,0.784,36.791,24.713,29.759,23.254,4.783,6.877,6.22
13634,0.777,36.922,24.786,29.749,23.244,4.824,6.877,6.22
13635,0.78,37.038,24.713,29.768,23.251,4.783,6.877,6.302
13636,0.767,37.068,24.724,29.759,23.251,4.824,6.755,6.14
13637,0.757,36.79,24.701,29.74,23.237,4.661,6.714,6.219
13638,0.774,36.96,24.751,29.768,23.251,4.741,6.754,6.18
13639,0.761,37.048,24.763,29.759,23.247,4.742,6.714,6.179
13640,0.757,36.924,24.713,29.73,23.251,4.701,6.794,6.139
13641,0.757,36.693,24.771,29.739,23.244,4.742,6.673,6.057
13642,0.744,36.882,24.744,29.807,23.258,4.864,6.835,6.381
13643,0.757,36.97,24.713,29.779,23.251,4.743,6.714,6.303
13644,0.748,36.732,24.763,29.769,23.251,4.783,6.754,6.302
13645,0.751,36.806,24.744,29.749,23.254,4.742,6.754,6.18
13646,0.754,36.922,24.736,29.826,23.254,4.864,6.795,6.342
13647,0.764,37.019,24.701,29.788,23.247,4.824,6.795,6.262
13648,0.757,36.703,24.716,29.731,23.244,4.702,6.633,6.139
13649,0.757,36.844,24.724,29.749,23.251,4.863,6.712,6.301
13650,0.767,36.98,24.724,29.749,23.251,4.784,6.713,6.18
13651,0.774,37.039,24.771,29.74,23.251,4.783,6.713,6.179
13652,0.771,36.694,24.74,29.74,23.247,4.783,6.632,6.179
13653,0.777,36.853,24.736,29.759,23.258,4.905,6.834,6.383
13654,0.79,36.989,24.81,29.778,23.258,4.865,6.714,6.222
13655,0.777,37.048,24.733,29.74,23.251,4.824,6.713,6.302
13656,0.774,36.694,24.751,29.768,23.251,4.824,6.754,6.262
13657,0.764,36.834,24.705,29.769,23.251,4.865,6.714,6.302
13658,0.777,36.951,24.751,29.759,23.254,4.906,6.713,6.262
13659,0.748,36.981,24.728,29.721,23.24,4.662,6.551,6.139
13660,0.741,36.77,24.712,29.768,23.247,4.822,6.712,6.26
13661,0.744,36.893,24.747,29.749,23.251,4.783,6.713,6.18
13662,0.744,36.999,24.65,29.74,23.254,4.783,6.632,6.179
13663,0.738,37.02,24.731,29.749,23.24,4.783,6.672,6.179
13664,0.744,36.723,24.751,29.768,23.254,5.027,6.794,6.383
13665,0.754,36.883,24.767,29.788,23.251,4.907,6.714,6.222
13666,0.757,36.97,24.697,29.769,23.251,4.865,6.713,6.302
13667,0.761,37.278,24.72,29.759,23.247,4.906,6.713,6.302
13668,0.767,36.744,24.759,29.778,23.254,4.987,6.754,6.302
13669,0.774,36.873,24.728,29.759,23.251,4.907,6.714,6.262
13670,0.764,36.98,24.709,29.74,23.24,4.744,6.632,6.221
13671,0.761,36.674,24.763,29.759,23.251,4.905,6.712,6.261
13672,0.783,36.681,24.74,29.759,23.251,4.865,6.632,6.221
13673,0.771,36.815,24.728,29.73,23.247,4.784,6.631,6.261
13674,0.774,36.903,24.755,29.73,23.24,4.783,6.631,6.221
13675,0.777,36.587,24.709,29.759,23.254,4.946,6.834,6.464
13676,0.774,36.757,24.755,29.797,23.258,4.907,6.755,6.304
13677,0.761,36.835,24.728,29.778,23.251,4.906,6.714,6.384
13678,0.761,36.922,24.771,29.75,23.254,5.028,6.713,6.344
13679,0.761,36.597,24.744,29.759,23.254,4.867,6.835,6.343
13680,0.761,36.757,24.744,29.749,23.251,4.987,6.674,6.384
13681,0.754,36.873,24.763,29.749,23.244,4.826,6.591,6.222
13682,0.741,36.942,24.709,29.778,23.251,4.946,6.712,6.302
13683,0.738,36.578,24.716,29.759,23.244,4.947,6.713,6.262
13684,0.744,36.699,24.74,29.749,23.237,4.825,6.672,6.343
13685,0.734,36.806,24.701,29.749,23.244,4.865,6.672,6.262
13686,0.751,36.903,24.72,29.749,23.254,4.987,6.916,6.465
13687,0.774,36.616,24.72,29.788,23.254,4.988,6.796,6.386
13688,0.761,36.718,24.763,29.769,23.258,4.907,6.836,6.344
13689,0.761,36.844,24.74,29.759,23.251,4.987,6.877,6.384
13690,0.764,36.903,24.755,29.769,23.258,4.988,6.796,6.385
13691,0.77,36.578,24.775,29.759,23.258,4.988,6.917,6.385
13692,0.774,36.689,24.736,29.74,23.241,4.907,6.756,6.222
13693,0.767,36.796,24.72,29.749,23.251,4.987,6.836,6.342
13694,0.777,36.826,24.736,29.74,23.254,4.948,6.877,6.343
13695,0.774,36.51,24.67,29.749,23.244,4.907,6.877,6.221
13696,0.761,36.65,24.7,29.749,23.244,4.906,6.837,6.302
13697,0.757,36.767,24.704,29.749,23.247,4.987,6.999,6.547
13698,0.767,36.624,24.786,29.807,23.261,5.07,7.041,6.468
13699,0.751,36.517,24.725,29.759,23.251,4.948,6.879,6.386
13700,0.751,36.66,24.755,29.749,23.251,4.988,6.959,6.425
13701,0.748,36.738,24.779,29.749,23.251,4.948,6.96,6.426
13702,0.751,36.605,24.732,29.836,23.254,4.988,6.96,6.385
13703,0.744,36.699,24.705,29.76,23.251,4.866,6.838,6.263
13704,0.734,36.825,24.712,29.74,23.237,4.906,6.877,6.384
13705,0.738,36.922,24.697,29.759,23.247,4.987,6.877,6.425
13706,0.747,36.367,24.716,29.74,23.251,4.907,6.837,6.263
13707,0.751,36.467,24.704,29.74,23.244,4.865,6.837,6.262
13708,0.741,36.573,24.732,29.74,23.251,4.906,6.877,6.424
13709,0.751,36.699,24.771,29.787,23.258,5.069,7.121,6.548
13710,0.764,36.403,24.764,29.759,23.251,4.948,6.961,6.346
13711,0.757,36.505,24.795,29.759,23.244,4.947,6.919,6.466
13712,0.764,36.65,24.744,29.759,23.251,4.947,6.959,6.426
13713,0.777,36.709,24.732,29.769,23.258,4.988,6.96,6.385
13714,0.774,36.499,24.755,29.759,23.247,4.948,6.878,6.344
13715,0.764,36.602,24.701,29.73,23.244,4.785,6.837,6.262
13716,0.757,36.747,24.708,29.749,23.24,4.905,6.918,6.343
13717,0.757,36.787,24.72,29.749,23.244,4.906,6.878,6.343
13718,0.754,36.365,24.751,29.74,23.244,4.865,6.877,6.343
13719,0.738,36.515,24.756,29.74,23.24,4.865,6.877,6.384
13720,0.744,36.631,24.756,29.759,23.254,5.068,7.081,6.507
13721,0.76,36.69,24.767,29.778,23.254,4.948,7.002,6.386
13722,0.738,36.46,24.736,29.778,23.258,4.947,7.001,6.425
13723,0.738,36.602,24.697,29.75,23.251,4.988,7.041,6.426
13724,0.741,36.69,24.755,29.768,23.251,4.988,7.123,6.426
13725,0.747,36.681,24.748,29.769,23.254,4.907,7.124,6.466
13726,0.744,36.451,24.717,29.797,23.247,4.825,6.88,6.223
13727,0.741,36.535,24.701,29.759,23.251,4.987,7.04,6.424
13728,0.747,36.651,24.72,29.769,23.251,4.907,6.96,6.344
13729,0.76,36.47,24.744,29.759,23.247,4.865,6.919,6.303
13730,0.754,36.544,24.74,29.74,23.24,4.906,6.959,6.384
13731,0.757,36.689,24.763,29.759,23.254,5.028,7.082,6.507
13732,0.777,36.815,24.779,29.769,23.265,4.989,7.083,6.508
13733,0.767,36.126,24.701,29.74,23.251,4.948,7.042,6.386
13734,0.777,36.234,24.786,29.749,23.251,4.947,7.042,6.466
13735,0.771,36.379,24.686,29.759,23.254,4.988,7.042,6.426
13736,0.757,36.467,24.724,29.769,23.251,4.948,7.123,6.507
13737,0.761,36.324,24.712,29.74,23.247,4.866,7.043,6.305
13738,0.751,36.428,24.732,29.74,23.24,4.906,7.123,6.384
13739,0.748,36.573,24.724,29.759,23.251,4.987,7.124,6.344
13740,0.744,36.632,24.705,29.74,23.247,4.907,7.043,6.303
13741,0.741,36.297,24.739,29.759,23.244,4.825,7.082,6.302
13742,0.738,36.437,24.736,29.778,23.244,4.946,7.123,6.425
13743,0.741,36.573,24.697,29.788,23.258,5.069,7.287,6.507
13744,0.744,36.632,24.782,29.75,23.244,4.867,7.207,6.345
13745,0.734,36.21,24.725,29.759,23.258,4.865,7.206,6.384
13746,0.751,36.36,24.74,29.759,23.258,4.987,7.206,6.385
13747,0.754,36.486,24.736,29.769,23.254,4.948,7.247,6.385
13748,0.764,36.516,24.74,29.759,23.247,4.947,7.166,6.222
13749,0.761,36.267,24.713,29.73,23.244,4.825,7.165,6.22
13750,0.767,36.427,24.708,29.759,23.251,4.946,7.165,6.302
13751,0.764,36.534,24.747,29.74,23.244,4.907,7.124,6.262
13752,0.764,36.727,24.732,29.749,23.251,4.987,7.124,6.221
13753,0.764,36.336,24.705,29.74,23.251,4.907,7.165,6.22
13754,0.77,36.505,24.786,29.778,23.261,5.028,7.287,6.464
13755,0.783,36.593,24.725,29.769,23.254,4.948,7.166,6.264
13756,0.758,36.316,24.748,29.778,23.247,4.866,7.124,6.262
13757,0.754,36.284,24.728,29.75,23.251,4.987,7.124,6.302
13758,0.777,36.428,24.748,29.749,23.254,5.029,7.165,6.343
13759,0.751,36.534,24.752,29.749,23.258,4.989,7.124,6.221
13760,0.735,36.181,24.709,29.711,23.241,4.826,6.961,6.139
13761,0.741,36.283,24.759,29.739,23.251,4.905,7.0,6.26
13762,0.754,36.437,24.682,29.759,23.244,4.825,7.001,6.262
13763,0.731,36.525,24.7,29.74,23.244,4.946,7.041,6.18
13764,0.734,36.085,24.743,29.749,23.244,4.866,6.96,6.22
13765,0.734,36.243,24.716,29.749,23.258,4.946,7.041,6.383
13766,0.764,36.408,24.63,29.797,23.261,4.988,7.042,6.303
13767,0.757,36.458,24.739,29.759,23.251,4.907,6.96,6.262
13768,0.764,36.132,24.755,29.769,23.251,4.906,7.0,6.221
13769,0.767,36.311,24.775,29.759,23.251,4.987,7.001,6.302
13770,0.774,36.428,24.736,29.769,23.254,4.988,7.001,6.302
13771,0.767,36.458,24.752,29.74,23.237,4.826,6.838,6.099
13772,0.757,36.151,24.744,29.749,23.251,4.946,6.918,6.219
13773,0.767,36.292,24.709,29.74,23.244,4.907,6.837,6.18
13774,0.767,36.399,24.775,29.73,23.244,4.865,6.877,6.098
13775,0.764,36.457,24.686,29.749,23.24,4.906,6.837,6.138
13776,0.757,36.113,24.692,29.759,23.254,4.987,6.918,6.301
13777,0.774,36.301,24.732,29.778,23.261,5.029,6.959,6.221
13778,0.754,36.38,24.744,29.75,23.254,4.907,6.878,6.22
13779,0.761,36.409,24.756,29.759,23.251,5.028,6.959,6.22
13780,0.767,36.218,24.717,29.749,23.258,4.989,6.96,6.302
13781,0.754,36.36,24.767,29.797,23.261,5.029,6.919,6.302
13782,0.757,36.457,24.689,29.778,23.247,4.867,6.756,6.14
13783,0.725,36.199,24.7,29.74,23.251,4.906,6.876,6.26
13784,0.741,36.043,24.747,29.768,23.247,4.947,6.837,6.221
13785,0.728,36.157,24.701,29.74,23.244,4.907,6.958,6.22
13786,0.747,36.263,24.697,29.74,23.247,4.906,6.838,6.18
13787,0.738,36.14,24.689,29.74,23.251,5.069,6.999,6.342
13788,0.76,36.273,24.751,29.807,23.265,5.03,7.041,6.343
13789,0.761,36.389,24.763,29.759,23.251,4.907,7.042,6.221
13790,0.761,36.476,24.724,29.759,23.251,4.947,7.082,6.302
13791,0.764,36.487,24.783,29.759,23.254,4.947,7.123,6.343
13792,0.774,36.65,24.768,29.778,23.258,4.988,7.083,6.262
13793,0.78,36.776,24.717,29.74,23.251,4.948,7.002,6.139
13794,0.764,36.787,24.763,29.72,23.24,4.825,7.041,6.219
13795,0.774,35.771,24.654,29.749,23.251,4.905,7.042,6.22
13796,0.764,35.904,24.7,29.768,23.251,4.906,7.001,6.22
13797,0.767,36.031,24.661,29.73,23.247,4.906,7.001,6.18
13798,0.754,36.099,24.72,29.73,23.251,4.865,7.041,6.301
13799,0.757,36.128,24.728,29.778,23.261,5.068,7.164,6.425
13800,0.77,36.282,24.74,29.75,23.251,4.908,7.002,6.222
13801,0.757,36.389,24.81,29.759,23.254,4.947,7.041,6.22
13802,0.744,36.438,24.741,29.759,23.254,4.947,7.123,6.261
13803,0.747,36.055,24.716,29.769,23.258,4.988,7.165,6.302
13804,0.754,36.166,24.767,29.769,23.254,4.907,7.165,6.262
13805,0.748,36.273,24.693,29.721,23.237,4.825,7.043,6.221
13806,0.751,36.322,24.72,29.749,23.244,4.865,7.082,6.18
13807,0.754,36.207,24.681,29.749,23.247,4.906,7.205,6.261
13808,0.754,36.35,24.731,29.749,23.244,4.906,7.206,6.139
13809,0.767,36.428,24.736,29.72,23.24,4.825,7.206,6.179
13810,0.764,36.63,24.736,29.759,23.254,5.027,7.409,6.301
13811,0.777,35.952,24.806,29.769,23.258,4.989,7.33,6.302
13812,0.774,36.069,24.752,29.74,23.251,4.988,7.289,6.221
13813,0.777,36.147,24.724,29.73,23.251,4.907,7.369,6.302
13814,0.774,36.033,24.751,29.759,23.261,4.987,7.37,6.302
13815,0.777,36.099,24.599,29.778,23.251,4.948,7.37,6.221
13816,0.767,36.234,24.692,29.73,23.247,4.866,7.248,6.139
13817,0.751,36.302,24.685,29.73,23.247,4.987,7.369,6.179
13818,0.751,35.862,24.778,29.749,23.251,4.907,7.33,6.261
13819,0.754,35.982,24.729,29.759,23.244,4.906,7.329,6.139
13820,0.751,36.127,24.709,29.721,23.244,4.825,7.37,6.098
13821,0.744,36.196,24.759,29.73,23.244,4.865,7.411,6.219
13822,0.744,35.966,24.724,29.778,23.258,5.028,7.615,6.424
13823,0.751,36.108,24.72,29.759,23.254,4.907,7.454,6.263
13824,0.744,36.186,24.747,29.759,23.251,4.947,7.452,6.302
13825,0.744,36.273,24.666,29.749,23.251,4.947,7.452,6.262
13826,0.754,35.871,24.708,29.768,23.258,4.947,7.452,6.262
13827,0.761,36.001,24.704,29.759,23.251,4.907,7.452,6.18
13828,0.757,36.099,24.767,29.721,23.237,4.784,7.33,6.139
13829,0.761,36.196,24.74,29.749,23.247,4.824,7.451,6.301
13830,0.77,35.861,24.736,29.74,23.251,4.824,7.452,6.221
13831,0.767,35.973,24.759,29.74,23.244,4.824,7.371,6.18
13832,0.764,36.089,24.732,29.73,23.244,4.824,7.37,6.139
13833,0.77,36.147,24.72,29.749,23.254,4.987,7.492,6.341
13834,0.8,36.023,24.763,29.778,23.261,4.988,7.453,6.303
13835,0.777,36.147,24.721,29.759,23.247,4.826,7.412,6.302
13836,0.761,36.254,24.705,29.759,23.254,4.905,7.452,6.262
13837,0.761,36.283,24.724,29.769,23.251,4.947,7.412,6.262
13838,0.761,35.881,24.755,29.759,23.254,4.988,7.411,6.302
13839,0.754,36.021,24.728,29.74,23.247,4.826,7.289,6.099
13840,0.741,36.08,24.697,29.73,23.244,4.824,7.369,6.219
13841,0.741,35.965,24.728,29.739,23.251,4.946,7.289,6.22
13842,0.744,35.935,24.732,29.749,23.251,4.866,7.288,6.18
13843,0.734,36.06,24.705,29.759,23.244,4.865,7.207,6.179
13844,0.731,36.138,24.743,29.73,23.247,4.865,7.287,6.383
13845,0.754,35.889,24.689,29.768,23.268,4.987,7.329,6.385
13846,0.754,35.982,24.72,29.769,23.248,4.988,7.248,6.222
13847,0.761,36.108,24.74,29.759,23.258,4.907,7.328,6.261
13848,0.757,36.186,24.763,29.759,23.254,4.906,7.248,6.302
13849,0.764,35.755,24.76,29.778,23.251,4.906,7.247,6.343
13850,0.767,35.885,24.717,29.75,23.244,4.906,7.206,6.181
13851,0.774,35.973,24.736,29.72,23.237,4.825,7.206,6.22
13852,0.79,36.089,24.728,29.739,23.251,4.865,7.206,6.22
13853,0.803,35.821,24.693,29.74,23.251,4.824,7.247,6.139
13854,0.774,35.943,24.732,29.759,23.24,4.783,7.206,6.138
13855,0.764,36.079,24.709,29.788,23.247,4.824,7.247,6.219
13856,0.777,36.186,24.72,29.788,23.258,4.987,7.328,6.383
13857,0.78,35.87,24.732,29.74,23.251,4.907,7.289,6.222
13858,0.771,35.982,24.759,29.749,23.258,4.865,7.288,6.22
13859,0.764,36.108,24.767,29.759,23.258,4.906,7.329,6.342
13860,0.774,36.176,24.74,29.759,23.254,4.947,7.329,6.303
13861,0.767,35.822,24.767,29.749,23.251,4.866,7.207,6.18
13862,0.754,35.915,24.736,29.72,23.244,4.824,7.247,6.261
13863,0.751,36.069,24.701,29.759,23.251,4.865,7.247,6.18
13864,0.761,36.109,24.755,29.73,23.251,4.743,7.328,6.22
13865,0.748,35.822,24.658,29.73,23.24,4.742,7.167,6.302
13866,0.777,35.972,24.708,29.739,23.244,4.905,7.206,6.302
13867,0.787,36.098,24.712,29.797,23.265,5.028,7.328,6.343
13868,0.787,36.071,24.743,29.74,23.254,4.826,7.289,6.262
13869,0.79,35.86,24.767,29.768,23.251,4.865,7.288,6.302
13870,0.81,36.001,24.732,29.759,23.254,4.865,7.247,6.343
13871,0.816,36.108,24.759,29.749,23.254,4.865,7.328,6.384
13872,0.823,35.841,24.74,29.768,23.251,4.824,7.207,6.303
13873,0.83,35.876,24.689,29.711,23.244,4.783,7.247,6.221
13874,0.833,36.011,24.751,29.739,23.251,4.824,7.247,6.261
13875,0.843,36.128,24.681,29.74,23.247,4.824,7.288,6.18
13876,0.846,35.659,24.716,29.73,23.247,4.783,7.247,6.139
13877,0.836,35.76,24.669,29.73,23.251,4.824,7.328,6.219
13878,0.852,35.914,24.755,29.778,23.261,5.027,7.573,6.383
13879,0.856,36.021,24.732,29.769,23.247,4.948,7.454,6.303
13880,0.84,35.821,24.732,29.74,23.251,4.866,7.493,6.221
13881,0.843,35.953,24.787,29.749,23.254,4.906,7.616,6.302
13882,0.853,36.089,24.651,29.759,23.254,4.947,7.576,6.302
13883,0.833,36.176,24.708,29.769,23.254,4.907,7.616,6.302
13884,0.826,35.707,24.716,29.721,23.237,4.784,7.576,6.18
13885,0.823,35.856,24.724,29.739,23.254,4.824,7.616,6.261
13886,0.823,35.982,24.689,29.74,23.251,4.783,7.617,6.221
13887,0.836,36.031,24.673,29.74,23.247,4.824,7.698,6.18
13888,0.836,35.696,24.704,29.73,23.247,4.743,7.658,6.22
13889,0.849,35.865,24.716,29.768,23.258,4.945,7.942,6.424
13890,0.869,36.011,24.732,29.759,23.258,4.866,7.864,6.263
13891,0.856,35.993,24.74,29.74,23.254,4.824,7.944,6.302
13892,0.859,35.744,24.724,29.768,23.254,4.865,7.986,6.262
13893,0.862,35.866,24.701,29.749,23.258,4.865,8.068,6.302
13894,0.882,35.982,24.767,29.749,23.254,4.906,7.987,6.221
13895,0.882,36.281,24.717,29.711,23.237,4.662,7.946,6.139
13896,0.876,35.766,24.701,29.749,23.247,4.822,8.026,6.179
13897,0.882,35.885,24.704,29.768,23.247,4.865,8.109,6.179
13898,0.866,36.011,24.732,29.73,23.244,4.824,8.028,6.139
13899,0.859,35.763,24.697,29.73,23.247,4.824,8.109,6.179
13900,0.853,35.78,24.732,29.749,23.258,4.987,8.272,6.342
13901,0.856,35.953,24.771,29.759,23.265,4.948,8.233,6.262
13902,0.862,36.021,24.752,29.759,23.251,4.866,8.192,6.221
13903,0.853,35.581,24.732,29.759,23.251,4.865,8.273,6.302
13904,0.869,35.692,24.755,29.759,23.254,4.946,8.274,6.221
13905,0.859,35.837,24.693,29.769,23.247,4.907,8.274,6.302
13906,0.872,35.915,24.689,29.74,23.244,4.744,8.111,6.14
13907,0.859,35.657,24.708,29.74,23.244,4.823,8.15,6.26
13908,0.866,35.807,24.747,29.759,23.247,4.824,8.15,6.221
13909,0.872,35.934,24.713,29.74,23.24,4.824,8.11,6.22
13910,0.872,36.012,24.716,29.73,23.24,4.783,8.069,6.18
13911,0.876,35.648,24.704,29.759,23.251,4.905,8.191,6.383
13912,0.895,35.836,24.747,29.797,23.258,4.987,8.192,6.263
13913,0.886,35.905,24.736,29.74,23.251,4.744,8.029,6.302
13914,0.866,35.973,24.744,29.749,23.247,4.864,7.987,6.302
13915,0.882,35.676,24.728,29.768,23.258,4.946,8.027,6.262
13916,0.869,35.808,24.697,29.759,23.254,4.907,7.946,6.343
13917,0.866,35.915,24.736,29.74,23.247,4.784,7.864,6.14
13918,0.853,35.935,24.716,29.74,23.251,4.864,7.863,6.26
13919,0.843,35.676,24.736,29.749,23.251,4.865,7.863,6.343
13920,0.833,35.817,24.689,29.74,23.247,4.865,7.822,6.221
13921,0.823,35.934,24.735,29.749,23.244,4.743,7.741,6.22
13922,0.807,35.973,24.724,29.74,23.251,4.823,7.821,6.383
13923,0.81,35.686,24.712,29.797,23.261,4.987,7.944,6.425
13924,0.803,35.789,24.767,29.759,23.244,4.826,7.742,6.344
13925,0.784,35.895,24.623,29.769,23.244,4.824,7.862,6.343
13926,0.79,35.772,24.692,29.759,23.251,4.865,7.904,6.425
13927,0.79,35.674,24.724,29.769,23.251,4.906,7.904,6.385
13928,0.8,35.808,24.732,29.759,23.247,4.825,7.945,6.263
13929,0.781,35.867,24.724,29.73,23.244,4.743,7.823,6.302
13930,0.78,35.532,24.716,29.749,23.251,4.864,7.944,6.384
13931,0.784,35.624,24.74,29.749,23.251,4.824,7.945,6.385
13932,0.777,35.75,24.72,29.759,23.251,4.783,7.986,6.385
13933,0.78,35.828,24.72,29.749,23.247,4.783,7.946,6.385
13934,0.787,35.531,24.755,29.768,23.265,4.946,8.189,6.507
13935,0.79,35.749,24.724,29.778,23.251,4.866,8.11,6.427
13936,0.774,35.818,24.705,29.75,23.244,4.784,8.069,6.426
13937,0.761,35.905,24.72,29.74,23.251,4.864,8.069,6.466
13938,0.754,35.551,24.775,29.759,23.251,4.865,8.069,6.467
13939,0.744,35.701,24.748,29.769,23.251,4.824,8.028,6.345
13940,0.734,35.827,24.705,29.721,23.237,4.743,7.865,6.221
13941,0.725,35.886,24.736,29.749,23.251,4.905,7.985,6.342
13942,0.734,35.513,24.724,29.749,23.247,4.744,7.946,6.303
13943,0.702,35.643,24.677,29.749,23.247,4.742,7.945,6.343
13944,0.701,35.74,24.755,29.74,23.244,4.742,7.945,6.384
13945,0.692,35.837,24.631,29.778,23.254,4.864,8.108,6.507
13946,0.721,35.694,24.715,29.788,23.258,4.906,8.069,6.427
13947,0.721,35.789,24.704,29.75,23.251,4.784,7.987,6.385
13948,0.721,35.905,24.775,29.759,23.251,4.824,8.068,6.425
13949,0.728,35.944,24.74,29.759,23.258,4.824,8.069,6.385
13950,0.728,35.58,24.713,29.778,23.254,4.905,8.109,6.425
13951,0.728,35.701,24.743,29.73,23.244,4.744,7.906,6.304
13952,0.715,35.808,24.705,29.759,23.254,4.864,8.067,6.343
13953,0.724,35.934,24.708,29.73,23.251,4.824,7.946,6.303
13954,0.718,35.494,24.728,29.759,23.251,4.743,8.026,6.302
13955,0.715,35.643,24.697,29.749,23.247,4.742,7.946,6.262
13956,0.715,35.759,24.704,29.749,23.258,4.905,8.067,6.465
13957,0.715,35.569,24.736,29.778,23.261,4.906,7.987,6.345
13958,0.705,35.586,24.771,29.75,23.258,4.825,7.986,6.384
13959,0.698,35.749,24.736,29.74,23.244,4.905,7.986,6.425
13960,0.698,35.856,24.732,29.749,23.254,4.865,8.027,6.426
13961,0.711,35.982,24.755,29.759,23.254,4.865,7.987,6.385
13962,0.695,36.089,24.689,29.721,23.24,4.662,7.905,6.303
13963,0.679,36.224,24.712,29.759,23.251,4.822,8.026,6.425
13964,0.678,36.302,24.763,29.749,23.247,4.824,8.068,6.385
13965,0.688,35.219,24.685,29.768,23.244,4.824,7.987,6.385
13966,0.692,35.352,24.669,29.74,23.244,4.783,8.027,6.303
13967,0.695,35.488,24.696,29.749,23.254,4.864,8.068,6.465
13968,0.714,35.605,24.743,29.759,23.258,4.906,8.109,6.386
13969,0.708,35.462,24.728,29.73,23.247,4.825,8.028,6.425
13970,0.702,35.604,24.701,29.759,23.251,4.824,8.068,6.426
13971,0.705,35.721,24.724,29.759,23.251,4.865,8.069,6.385
13972,0.721,35.808,24.716,29.769,23.258,4.946,7.987,6.385
13973,0.724,35.483,24.747,29.74,23.247,4.744,7.824,6.222
13974,0.711,35.614,24.713,29.74,23.244,4.783,7.903,6.383
13975,0.721,35.75,24.72,29.74,23.251,4.783,7.904,6.344
13976,0.721,35.78,24.697,29.749,23.247,4.742,7.863,6.303
13977,0.708,35.377,24.728,29.73,23.247,4.742,7.782,6.262
13978,0.702,35.507,24.72,29.739,23.251,4.783,7.862,6.384
13979,0.705,35.672,24.697,29.768,23.265,5.027,7.985,6.425
13980,0.702,35.693,24.704,29.74,23.251,4.785,7.742,6.385
13981,0.692,35.549,24.724,29.749,23.254,4.824,7.781,6.344
13982,0.695,35.701,24.705,29.749,23.251,4.865,7.781,6.343
13983,0.692,35.789,24.724,29.759,23.258,4.865,7.781,6.384
13984,0.701,35.464,24.748,29.769,23.251,4.865,7.74,6.385
13985,0.682,35.364,24.732,29.73,23.244,4.702,7.699,6.263
13986,0.688,35.498,24.716,29.749,23.251,4.782,7.699,6.343
13987,0.698,35.595,24.716,29.73,23.247,4.824,7.699,6.343
13988,0.695,35.443,24.755,29.73,23.24,4.743,7.618,6.343
13989,0.698,35.585,24.705,29.739,23.24,4.742,7.535,6.303
13990,0.711,35.721,24.72,29.74,23.254,4.905,7.738,6.506
13991,0.724,35.827,24.732,29.768,23.258,4.947,7.699,6.427
13992,0.721,35.349,24.716,29.749,23.247,4.825,7.577,6.426
13993,0.728,35.478,24.732,29.749,23.251,4.905,7.616,6.385
13994,0.731,35.585,24.712,29.768,23.251,4.825,7.617,6.385
13995,0.728,35.701,24.736,29.749,23.254,4.824,7.617,6.385
13996,0.728,35.463,24.732,29.74,23.244,4.743,7.495,6.263
13997,0.712,35.575,24.744,29.73,23.247,4.783,7.534,6.384
13998,0.724,35.73,24.763,29.739,23.251,4.824,7.494,6.344
13999,0.721,35.78,24.685,29.73,23.247,4.783,7.494,6.343
14000,0.702,35.32,24.708,29.72,23.251,4.742,7.494,6.262
14001,0.701,35.449,24.708,29.73,23.244,4.783,7.494,6.343
14002,0.711,35.633,24.732,29.778,23.261,4.905,7.656,6.425
14003,0.718,35.663,24.724,29.759,23.251,4.865,7.495,6.344
14004,0.702,35.414,24.724,29.74,23.251,4.784,7.575,6.425
14005,0.701,35.565,24.755,29.797,23.254,4.905,7.535,6.426
14006,0.705,35.682,24.689,29.759,23.258,4.825,7.616,6.426
14007,0.715,35.702,24.712,29.759,23.258,4.865,7.454,6.385
14008,0.705,35.415,24.743,29.721,23.237,4.662,7.412,6.385
14009,0.715,35.546,24.732,29.749,23.251,4.822,7.452,6.385
14010,0.711,35.663,24.744,29.749,23.24,4.824,7.412,6.385
14011,0.721,35.597,24.709,29.73,23.247,4.783,7.371,6.344
14012,0.731,35.423,24.697,29.73,23.247,4.783,7.452,6.343
14013,0.751,35.546,24.732,29.768,23.258,4.905,7.534,6.384
14014,0.77,35.682,24.712,29.769,23.254,4.825,7.372,6.425
14015,0.78,35.29,24.72,29.759,23.251,4.783,7.411,6.385
14016,0.8,35.353,24.677,29.759,23.247,4.946,7.411,6.344
14017,0.82,35.478,24.731,29.769,23.261,4.825,7.452,6.384
14018,0.852,35.585,24.775,29.769,23.254,4.865,7.371,6.385
14019,0.869,35.414,24.697,29.73,23.237,4.702,7.33,6.181
14020,0.879,35.546,24.716,29.739,23.251,4.823,7.329,6.342
14021,0.895,35.682,24.712,29.73,23.247,4.743,7.329,6.384
14022,0.912,35.769,24.712,29.749,23.251,4.742,7.289,6.344
14023,0.905,35.214,24.704,29.73,23.244,4.701,7.288,6.262
14024,0.921,35.352,24.708,29.749,23.258,4.782,7.329,6.424
14025,0.957,35.546,24.724,29.778,23.254,4.986,7.451,6.466
14026,0.997,35.586,24.669,29.75,23.247,4.866,7.33,6.386
14027,1.017,35.625,24.72,29.759,23.254,4.865,7.37,6.425
14028,1.075,35.759,24.728,29.759,23.251,4.865,7.289,6.426
14029,1.125,35.866,24.716,29.759,23.254,4.824,7.369,6.385
14030,1.184,35.934,24.728,29.749,23.251,4.865,7.289,6.385
14031,1.21,35.101,24.658,29.73,23.237,4.702,7.247,6.344
14032,1.276,35.284,24.704,29.749,23.247,4.782,7.288,6.384
14033,1.306,35.382,24.736,29.73,23.247,4.742,7.329,6.344
14034,1.332,35.412,24.685,29.739,23.244,4.783,7.329,6.343
14035,1.326,35.393,24.685,29.72,23.247,4.742,7.329,6.384
14036,1.332,35.546,24.661,29.768,23.254,4.864,7.41,6.547
14037,1.332,35.691,24.735,29.778,23.261,4.865,7.371,6.549
14038,1.342,35.99,24.701,29.759,23.254,4.784,7.33,6.549
14039,1.355,35.331,24.704,29.759,23.251,4.905,7.37,6.549
14040,1.346,35.449,24.712,29.759,23.251,4.825,7.37,6.549
14041,1.323,35.566,24.724,29.749,23.254,4.783,7.33,6.549
14042,1.293,35.337,24.732,29.701,23.24,4.702,7.167,6.508
14043,1.283,35.363,24.728,29.758,23.251,4.742,7.246,6.63
14044,1.273,35.498,24.724,29.749,23.251,4.742,7.166,6.672
14045,1.228,35.605,24.693,29.74,23.247,4.783,7.246,6.672
14046,1.178,35.165,24.661,29.74,23.24,4.702,7.166,6.713
14047,1.129,35.285,24.716,29.768,23.258,4.904,7.287,6.998
14048,1.09,35.439,24.763,29.778,23.254,4.906,7.288,7.041
14049,1.044,35.508,24.728,29.759,23.258,4.825,7.207,7.245
14050,0.994,35.269,24.716,29.759,23.247,4.783,7.165,7.45
14051,0.945,35.401,24.716,29.759,23.258,4.946,7.206,7.656
14052,0.886,35.546,24.736,29.769,23.254,4.866,7.206,7.902
14053,0.814,35.605,24.72,29.74,23.244,4.743,6.962,8.026
14054,0.764,35.28,24.712,29.73,23.251,4.783,7.041,8.312
14055,0.735,35.439,24.708,29.749,23.251,4.824,7.042,8.477
14056,0.682,35.546,24.681,29.74,23.251,4.783,7.001,8.764
14057,0.649,35.595,24.716,29.72,23.244,4.742,6.96,8.97
14058,0.607,35.184,24.759,29.768,23.258,4.905,7.163,9.297
14059,0.59,35.342,24.717,29.769,23.254,4.865,7.043,9.423
14060,0.564,35.44,24.704,29.749,23.254,4.824,7.001,9.505
14061,0.547,35.499,24.751,29.749,23.251,4.783,7.041,9.628
14062,0.557,35.327,24.759,29.74,23.254,4.864,7.082,9.751
14063,0.583,35.488,24.717,29.768,23.261,4.824,7.083,9.752
14064,0.603,35.547,24.747,29.711,23.241,4.661,6.92,9.793
14065,0.626,35.586,24.658,29.749,23.251,4.822,7.0,9.915
14066,0.678,35.212,24.677,29.749,23.251,4.783,6.96,9.957
14067,0.721,35.314,24.7,29.749,23.251,4.742,6.96,10.12
14068,0.737,35.411,24.724,29.73,23.247,4.742,6.96,10.325
14069,0.767,35.374,24.697,29.759,23.254,4.864,7.122,10.612
14070,0.8,35.392,24.704,29.788,23.258,4.865,6.961,10.737
14071,0.794,35.479,24.736,29.769,23.251,4.784,7.0,11.022
14072,0.8,35.595,24.697,29.74,23.254,4.824,7.001,11.35
14073,0.816,35.184,24.693,29.749,23.258,4.865,6.96,11.557
14074,0.826,35.285,24.735,29.749,23.254,4.824,7.0,11.722
14075,0.82,35.42,24.693,29.749,23.247,4.661,6.797,11.805
14076,0.8,35.498,24.685,29.74,23.251,4.822,6.958,12.131
14077,0.8,35.144,24.708,29.73,23.251,4.783,6.96,12.256
14078,0.794,35.275,24.786,29.749,23.251,4.661,6.878,12.42
14079,0.787,35.391,24.709,29.74,23.247,4.782,6.877,12.381
14080,0.784,35.508,24.701,29.749,23.258,4.864,7.04,12.584
14081,0.79,35.25,24.759,29.768,23.261,4.824,7.001,12.545
14082,0.78,35.401,24.697,29.749,23.251,4.783,6.96,12.545
14083,0.771,35.517,24.704,29.749,23.251,4.905,7.0,12.545
14084,0.774,35.576,24.759,29.759,23.261,4.784,6.919,12.423
14085,0.774,35.088,24.65,29.749,23.254,4.864,6.919,12.3
14086,0.777,35.188,24.696,29.74,23.244,4.702,6.756,12.136
14087,0.764,35.295,24.708,29.74,23.247,4.742,6.876,12.093
14088,0.78,35.363,24.779,29.73,23.247,4.823,6.877,11.971
14089,0.79,35.239,24.701,29.759,23.247,4.743,6.837,11.929
14090,0.784,35.372,24.708,29.73,23.244,4.742,6.755,11.766
14091,0.787,35.479,24.716,29.749,23.251,4.823,6.836,11.805
14092,0.806,35.566,24.72,29.797,23.265,4.905,6.999,11.765
14093,0.807,35.174,24.712,29.731,23.254,4.825,6.838,11.561
14094,0.813,35.294,24.708,29.768,23.251,4.783,6.837,11.397
14095,0.816,35.411,24.728,29.797,23.258,4.824,6.837,11.354
14096,0.807,35.556,24.669,29.759,23.258,4.905,6.837,11.313
14097,0.797,35.308,24.727,29.749,23.251,4.744,6.714,11.11
14098,0.8,35.401,24.755,29.73,23.247,4.661,6.876,11.108
14099,0.777,35.527,24.717,29.73,23.258,4.782,6.837,10.945
14100,0.784,35.097,24.732,29.73,23.251,4.783,6.796,10.862
14101,0.774,35.111,24.72,29.72,23.24,4.702,6.836,10.739
14102,0.774,35.236,24.72,29.72,23.251,4.782,6.796,10.697
14103,0.78,35.381,24.705,29.787,23.261,4.824,6.958,10.697
14104,0.777,37.253,24.732,29.75,23.254,4.824,6.878,10.453
14105,0.777,37.415,24.697,29.788,23.247,4.824,6.877,10.328
14106,0.787,37.532,24.704,29.75,23.247,4.824,6.959,10.286
14107,0.8,37.61,24.724,29.759,23.254,4.783,7.0,10.164
14108,0.8,34.744,24.755,29.759,23.251,4.824,6.838,10.0
14109,0.787,34.839,24.717,29.721,23.24,4.783,6.837,9.917
14110,0.8,35.003,24.712,29.749,23.244,4.783,6.918,9.754
14111,0.81,35.082,24.697,29.73,23.251,4.702,6.837,9.671
14112,0.803,35.14,24.704,29.72,23.244,4.701,6.958,9.548
14113,0.81,35.275,24.708,29.72,23.251,4.701,7.0,9.506
14114,0.816,35.439,24.712,29.759,23.261,4.945,7.082,9.546
14115,0.82,35.499,24.693,29.749,23.251,4.785,6.961,9.384
14116,0.813,34.962,24.677,29.749,23.254,4.824,6.96,9.261
14117,0.807,35.11,24.728,29.759,23.254,4.824,7.0,9.219
14118,0.81,35.217,24.74,29.769,23.254,4.824,7.082,9.218
14119,0.807,35.285,24.72,29.749,23.251,4.783,7.123,8.934
14120,0.794,35.046,24.681,29.72,23.24,4.742,7.043,8.89
14121,0.784,35.169,24.724,29.739,23.251,4.783,7.042,8.809
14122,0.793,35.314,24.724,29.72,23.251,4.742,7.123,8.726
14123,0.787,35.315,24.701,29.73,23.247,4.701,7.124,8.685
14124,0.787,35.037,24.739,29.73,23.244,4.742,7.083,8.644
14125,0.784,35.197,24.701,29.778,23.258,4.864,7.286,8.684
14126,0.813,35.333,24.669,29.759,23.254,4.784,7.166,8.44
14127,0.803,35.162,24.696,29.74,23.247,4.864,7.206,8.438
14128,0.807,35.122,24.704,29.74,23.254,4.784,7.206,8.397
14129,0.816,35.265,24.693,29.768,23.258,4.783,7.287,8.397
14130,0.813,35.391,24.7,29.759,23.258,4.742,7.166,8.275
14131,0.816,34.971,24.7,29.721,23.244,4.701,7.084,8.111
14132,0.82,35.11,24.697,29.739,23.251,4.782,7.245,8.191
14133,0.823,35.246,24.728,29.72,23.251,4.783,7.206,8.07
14134,0.82,35.305,24.716,29.72,23.244,4.702,7.206,7.987
14135,0.823,35.037,24.724,29.73,23.244,4.701,7.125,7.946
14136,0.823,35.178,24.701,29.768,23.254,4.823,7.327,8.067
14137,0.83,35.362,24.704,29.759,23.258,4.824,7.207,7.865
14138,0.817,35.392,24.755,29.749,23.247,4.783,7.206,7.863
14139,0.81,35.057,24.681,29.759,23.254,4.864,7.247,7.863
14140,0.8,35.226,24.704,29.74,23.247,4.824,7.288,7.822
14141,0.803,35.324,24.747,29.749,23.254,4.783,7.166,7.781
14142,0.79,35.392,24.709,29.72,23.244,4.661,7.084,7.659
14143,0.78,34.932,24.716,29.739,23.251,4.822,7.164,7.698
14144,0.797,35.081,24.759,29.73,23.247,4.743,7.165,7.618
14145,0.787,35.188,24.654,29.749,23.244,4.701,7.124,7.454
14146,0.797,35.237,24.669,29.72,23.244,4.742,7.124,7.534
14147,0.807,35.027,24.692,29.768,23.258,4.864,7.368,7.616
14148,0.826,35.197,24.739,29.749,23.258,4.824,7.167,7.495
14149,0.817,35.285,24.693,29.74,23.251,4.743,7.206,7.453
14150,0.816,35.315,24.693,29.759,23.251,4.823,7.125,7.452
14151,0.82,35.027,24.708,29.759,23.258,4.905,7.287,7.493
14152,0.826,35.188,24.72,29.74,23.251,4.744,7.166,7.412
14153,0.826,35.237,24.724,29.73,23.237,4.701,7.084,7.289
14154,0.83,35.228,24.724,29.73,23.251,4.782,7.123,7.247
14155,0.826,35.094,24.72,29.72,23.247,4.742,7.124,7.247
14156,0.817,35.227,24.689,29.73,23.244,4.742,7.124,7.206
14157,0.823,35.324,24.708,29.72,23.244,4.742,7.083,7.206
14158,0.826,35.047,24.743,29.768,23.261,4.945,7.286,7.369
14159,0.836,35.159,24.693,29.759,23.251,4.825,7.207,7.208
14160,0.807,35.275,24.72,29.73,23.251,4.865,7.125,7.206
14161,0.807,35.363,24.72,29.739,23.251,4.865,7.165,7.206
14162,0.81,35.028,24.712,29.749,23.251,4.824,7.206,7.206
14163,0.807,35.149,24.704,29.749,23.244,4.783,7.125,7.084
14164,0.794,35.246,24.7,29.72,23.24,4.702,7.124,7.123
14165,0.81,35.381,24.716,29.749,23.247,4.782,7.165,7.083
14166,0.813,34.961,24.673,29.72,23.254,4.824,7.165,7.042
14167,0.813,35.11,24.704,29.72,23.244,4.702,7.084,7.001
14168,0.813,35.236,24.724,29.72,23.251,4.782,7.123,7.041
14169,0.836,35.343,24.712,29.768,23.261,4.946,7.368,7.164
14170,0.846,34.961,24.732,29.73,23.258,4.744,7.248,7.084
14171,0.836,35.053,24.712,29.739,23.247,4.783,7.288,7.002
14172,0.839,35.197,24.712,29.749,23.247,4.783,7.288,7.001
14173,0.846,35.256,24.724,29.73,23.258,4.824,7.369,6.96
14174,0.846,34.998,24.697,29.749,23.251,4.865,7.289,6.919
14175,0.856,35.168,24.7,29.72,23.24,4.702,7.207,6.878
14176,0.833,35.275,24.685,29.73,23.244,4.782,7.206,6.918
14177,0.839,35.305,24.712,29.72,23.251,4.742,7.206,6.796
14178,0.833,35.008,24.74,29.73,23.251,4.742,7.206,6.755
14179,0.82,35.149,24.677,29.73,23.244,4.701,7.206,6.754
14180,0.83,35.285,24.728,29.739,23.258,4.863,7.328,6.917
14181,0.833,35.66,24.728,29.768,23.261,4.906,7.289,6.837
14182,0.826,35.06,24.697,29.749,23.247,4.744,7.288,6.837
14183,0.82,35.197,24.673,29.74,23.254,4.742,7.166,6.918
14184,0.82,35.295,24.727,29.74,23.258,4.823,7.165,6.878
14185,0.83,34.989,24.709,29.797,23.251,4.824,7.246,6.877
14186,0.836,34.995,24.661,29.702,23.24,4.743,7.044,6.755
14187,0.833,35.082,24.696,29.73,23.244,4.783,7.164,6.795
14188,0.852,35.217,24.767,29.72,23.254,4.783,7.124,6.755
14189,0.84,34.902,24.725,29.739,23.247,4.742,7.002,6.754
14190,0.852,35.033,24.701,29.72,23.247,4.742,7.123,6.714
14191,0.853,35.149,24.712,29.73,23.254,4.783,7.124,6.794
14192,0.869,35.285,24.736,29.768,23.261,4.946,7.165,6.836
14193,0.876,34.797,24.72,29.74,23.254,4.785,7.084,6.714
14194,0.876,34.936,24.693,29.72,23.247,4.702,7.083,6.672
14195,0.882,35.081,24.681,29.749,23.251,4.863,7.042,6.753
14196,0.872,35.169,24.673,29.759,23.258,4.824,7.082,6.673
14197,0.859,35.074,24.735,29.721,23.247,4.783,6.961,6.631
14198,0.856,35.169,24.732,29.72,23.247,4.742,6.96,6.672
14199,0.846,35.333,24.763,29.73,23.24,4.783,7.0,6.631
14200,0.846,35.392,24.701,29.72,23.24,4.702,7.041,6.59
14201,0.843,34.827,24.716,29.711,23.244,4.701,6.96,6.549
14202,0.849,34.955,24.681,29.711,23.247,4.742,7.122,6.63
14203,0.853,35.12,24.692,29.778,23.268,4.905,7.205,6.753
14204,0.849,35.141,24.712,29.721,23.251,4.784,7.125,6.632
14205,0.849,34.901,24.716,29.749,23.247,4.864,7.165,6.631
14206,0.846,35.042,24.677,29.73,23.254,4.784,7.246,6.631
14207,0.859,35.178,24.677,29.739,23.254,4.824,7.247,6.59
14208,0.882,35.189,24.751,29.74,23.244,4.783,7.125,6.468
14209,0.863,34.892,24.67,29.701,23.244,4.742,7.124,6.548
14210,0.875,35.061,24.704,29.73,23.254,4.783,7.165,6.508
14211,0.879,35.188,24.658,29.739,23.247,4.742,7.165,6.508
14212,0.885,35.007,24.653,29.72,23.24,4.742,7.246,6.427
14213,0.876,34.88,24.731,29.72,23.247,4.742,7.206,6.466
14214,0.892,35.061,24.673,29.759,23.261,4.945,7.409,6.548
14215,0.899,35.169,24.692,29.721,23.251,4.785,7.33,6.508
14216,0.882,34.863,24.681,29.73,23.251,4.824,7.37,6.467
14217,0.882,34.965,24.712,29.749,23.251,4.824,7.33,6.467
14218,0.882,35.11,24.708,29.749,23.258,4.783,7.41,6.467
14219,0.876,35.217,24.669,29.749,23.251,4.742,7.249,6.426
14220,0.859,34.768,24.649,29.711,23.24,4.62,7.288,6.426
14221,0.866,34.907,24.653,29.711,23.254,4.741,7.329,6.466
14222,0.869,35.052,24.669,29.73,23.254,4.742,7.289,6.345
14223,0.869,35.121,24.696,29.72,23.244,4.783,7.288,6.384
14224,0.863,34.719,24.689,29.711,23.251,4.742,7.329,6.466
14225,0.872,34.878,24.712,29.749,23.261,4.945,7.451,6.629
14226,0.889,35.004,24.708,29.749,23.251,4.825,7.412,6.468
14227,0.889,35.082,24.716,29.72,23.247,4.783,7.371,6.426
14228,0.895,34.881,24.744,29.73,23.254,4.864,7.37,6.426
14229,0.892,35.033,24.666,29.749,23.251,4.824,7.37,6.507
14230,0.892,35.168,24.7,29.74,23.251,4.824,7.37,6.467
14231,0.899,35.208,24.626,29.73,23.24,4.743,7.289,6.264
14232,0.895,34.825,24.676,29.739,23.247,4.823,7.369,6.384
14233,0.912,34.975,24.747,29.72,23.244,4.824,7.37,6.385
14234,0.908,35.091,24.65,29.72,23.247,4.824,7.33,6.263
14235,0.915,35.121,24.696,29.72,23.244,4.661,7.289,6.302
14236,0.905,34.997,24.7,29.73,23.251,4.863,7.41,6.587
14237,0.915,35.178,24.724,29.778,23.261,4.906,7.493,6.468
14238,0.912,35.266,24.72,29.721,23.251,4.865,7.453,6.426
14239,0.912,35.286,24.685,29.72,23.254,4.824,7.412,6.385
14240,0.905,34.912,24.704,29.749,23.261,4.865,7.452,6.385
14241,0.921,35.052,24.704,29.74,23.254,4.865,7.493,6.385
14242,0.902,35.159,24.697,29.73,23.254,4.784,7.29,6.222
14243,0.895,34.844,24.712,29.701,23.244,4.783,7.41,6.383
14244,0.899,34.927,24.693,29.73,23.251,4.783,7.33,6.344
14245,0.902,35.052,24.704,29.739,23.254,4.783,7.41,6.303
14246,0.905,35.149,24.669,29.73,23.244,4.824,7.371,6.302
14247,0.912,34.834,24.712,29.72,23.244,4.783,7.452,6.343
14248,0.925,34.975,24.747,29.778,23.261,4.946,7.615,6.425
14249,0.948,35.139,24.717,29.74,23.254,4.785,7.413,6.344
14250,0.935,35.208,24.712,29.74,23.247,4.824,7.452,6.384
14251,0.948,34.882,24.689,29.74,23.254,4.824,7.452,6.385
14252,0.948,35.052,24.708,29.759,23.258,4.946,7.493,6.385
14253,0.945,35.178,24.736,29.73,23.247,4.703,7.371,6.263
14254,0.954,35.199,24.689,29.711,23.247,4.782,7.37,6.343
14255,0.961,34.93,24.696,29.72,23.244,4.742,7.411,6.262
14256,0.948,35.081,24.646,29.72,23.247,4.783,7.371,6.262
14257,0.945,35.179,24.739,29.73,23.247,4.702,7.33,6.221
14258,0.948,35.227,24.748,29.72,23.247,4.823,7.37,6.342
14259,0.948,35.055,24.717,29.759,23.261,4.905,7.533,6.384
14260,0.945,35.236,24.716,29.74,23.247,4.825,7.372,6.303
14261,0.951,35.305,24.712,29.73,23.251,4.865,7.411,6.343
14262,0.958,35.373,24.704,29.739,23.254,4.865,7.371,6.384
14263,0.948,35.038,24.7,29.749,23.251,4.865,7.37,6.385
14264,0.938,35.168,24.704,29.74,23.244,4.784,7.248,6.263
14265,0.941,35.247,24.704,29.768,23.244,4.783,7.328,6.262
14266,0.967,35.314,24.669,29.749,23.251,4.824,7.289,6.343
14267,0.971,35.286,24.708,29.73,23.251,4.783,7.288,6.343
14268,0.984,35.42,24.732,29.73,23.247,4.783,7.166,6.262
14269,0.994,35.527,24.709,29.73,23.247,4.742,7.246,6.302
14270,0.978,35.336,24.716,29.778,23.265,4.986,7.288,6.506
14271,0.984,35.344,24.662,29.75,23.254,4.785,7.207,6.345
14272,0.991,35.478,24.7,29.74,23.254,4.824,7.165,6.384
14273,0.997,35.556,24.736,29.74,23.258,4.743,7.206,6.344
14274,1.004,35.308,24.65,29.749,23.251,4.864,7.206,6.343
14275,1.017,35.44,24.688,29.749,23.258,4.784,7.206,6.303
14276,1.001,35.537,24.638,29.72,23.241,4.702,7.003,6.221
14277,1.0,35.653,24.704,29.739,23.244,4.823,7.123,6.342
14278,1.007,35.395,24.72,29.73,23.24,4.743,7.124,6.303
14279,1.001,35.546,24.708,29.739,23.247,4.783,7.043,6.302
14280,0.994,35.653,24.697,29.72,23.247,4.783,7.042,6.221
14281,0.997,35.76,24.743,29.749,23.258,4.905,7.245,6.424
14282,1.017,35.674,24.732,29.74,23.254,4.865,7.125,6.344
14283,1.007,35.789,24.693,29.73,23.254,4.865,7.165,6.384
14284,1.007,35.895,24.739,29.749,23.254,4.784,7.165,6.385
14285,1.007,35.954,24.627,29.759,23.251,4.864,7.206,6.425
14286,1.023,35.801,24.653,29.759,23.254,4.824,7.084,6.385
14287,1.03,35.924,24.653,29.711,23.237,4.702,6.961,6.222
14288,1.037,36.012,24.677,29.73,23.251,4.823,7.082,6.342
14289,1.04,36.089,24.685,29.749,23.251,4.783,7.083,6.384
14290,1.043,35.984,24.7,29.74,23.244,4.742,7.002,6.303
14291,1.05,36.118,24.728,29.711,23.24,4.661,6.96,6.302
14292,1.056,36.263,24.724,29.739,23.251,4.863,7.163,6.506
14293,1.079,36.312,24.673,29.768,23.261,4.906,7.084,6.467
14294,1.073,36.131,24.716,29.749,23.251,4.784,7.042,6.345
14295,1.06,36.253,24.701,29.759,23.254,4.783,7.042,6.343
14296,1.086,36.36,24.685,29.759,23.251,4.824,7.042,6.343
14297,1.083,36.371,24.685,29.759,23.247,4.865,7.042,6.425
14298,1.07,36.304,24.708,29.73,23.247,4.743,6.96,6.263
14299,1.053,36.428,24.701,29.739,23.244,4.823,7.0,6.302
14300,1.066,36.563,24.677,29.749,23.251,4.783,6.96,6.343
14301,1.069,36.373,24.731,29.73,23.244,4.783,6.919,6.343
14302,1.063,36.467,24.709,29.73,23.244,4.742,6.878,6.221
14303,1.047,36.602,24.661,29.739,23.247,4.742,6.918,6.383
14304,1.063,36.709,24.751,29.778,23.261,4.986,7.081,6.466
14305,1.066,36.719,24.646,29.75,23.247,4.826,6.92,6.386
14306,1.076,36.844,24.676,29.749,23.258,4.743,6.959,6.385
14307,1.089,36.951,24.646,29.759,23.254,4.864,6.919,6.385
14308,1.096,37.029,24.68,29.769,23.258,4.865,6.878,6.385
14309,1.099,36.675,24.692,29.749,23.247,4.784,6.796,6.263
14310,1.089,36.786,24.654,29.73,23.237,4.702,6.755,6.343
14311,1.102,36.931,24.684,29.749,23.244,4.742,6.795,6.343
14312,1.115,36.99,24.704,29.74,23.251,4.701,6.755,6.262
14313,1.115,36.914,24.669,29.73,23.247,4.742,6.673,6.221
14314,1.115,37.028,24.704,29.711,23.251,4.701,6.794,6.261
14315,1.128,37.183,24.697,29.758,23.265,4.904,6.877,6.424
14316,1.138,37.242,24.693,29.759,23.258,4.784,6.796,6.304
14317,1.116,37.012,24.743,29.749,23.258,4.783,6.877,6.302
14318,1.119,37.135,24.748,29.749,23.251,4.824,6.796,6.343
14319,1.119,37.27,24.705,29.749,23.254,4.783,6.795,6.343
14320,1.112,37.3,24.681,29.74,23.251,4.864,6.795,6.303
14321,1.112,37.234,24.685,29.72,23.24,4.784,6.633,6.221
14322,1.106,37.367,24.677,29.749,23.251,4.783,6.712,6.302
14323,1.106,37.484,24.692,29.749,23.251,4.783,6.754,6.343
14324,1.109,37.763,24.704,29.74,23.251,4.661,6.754,6.303
14325,1.115,37.353,24.685,29.73,23.251,4.66,6.632,6.302
14326,1.119,37.483,24.692,29.759,23.254,4.863,6.875,6.384
14327,1.142,37.619,24.704,29.769,23.258,4.824,6.755,6.344
14328,1.142,37.409,24.747,29.74,23.251,4.743,6.754,6.343
14329,1.145,37.484,24.709,29.759,23.251,4.823,6.754,6.384
14330,1.145,37.609,24.677,29.759,23.251,4.865,6.795,6.425
14331,1.145,37.707,24.657,29.749,23.251,4.784,6.795,6.385
14332,1.142,37.439,24.653,29.74,23.251,4.702,6.633,6.263
14333,1.142,37.542,24.704,29.749,23.247,4.782,6.712,6.343
14334,1.145,37.687,24.677,29.74,23.251,4.742,6.713,6.384
14335,1.155,37.765,24.669,29.749,23.247,4.742,6.713,6.303
14336,1.139,37.449,24.681,29.73,23.251,4.742,6.632,6.343
14337,1.142,37.59,24.72,29.749,23.247,4.742,6.712,6.466
14338,1.145,37.754,24.747,29.797,23.265,4.945,6.754,6.467
14339,1.132,37.794,24.701,29.759,23.251,4.744,6.673,6.467
14340,1.109,37.641,24.693,29.749,23.251,4.742,6.591,6.345
14341,1.125,37.784,24.696,29.768,23.258,4.783,6.712,6.425
14342,1.129,37.9,24.673,29.759,23.258,4.824,6.713,6.466
14343,1.093,37.94,24.688,29.749,23.247,4.702,6.591,6.223
14344,1.079,37.633,24.661,29.749,23.251,4.742,6.549,6.464
14345,1.086,37.812,24.673,29.768,23.251,4.823,6.63,6.345
14346,1.086,37.91,24.673,29.74,23.251,4.783,6.59,6.303
14347,1.083,37.93,24.688,29.73,23.247,4.742,6.549,6.302
14348,1.086,37.806,24.735,29.778,23.251,4.783,6.63,6.384
14349,1.102,37.967,24.701,29.788,23.265,4.946,6.712,6.507
14350,1.089,38.065,24.681,29.759,23.254,4.907,6.591,6.345
14351,1.096,38.066,24.657,29.769,23.251,4.825,6.631,6.384
14352,1.083,37.932,24.68,29.769,23.254,4.824,6.672,6.385
14353,1.083,38.036,24.743,29.778,23.251,4.865,6.591,6.303
14354,1.076,38.104,24.65,29.74,23.244,4.743,6.427,6.221
14355,1.063,37.903,24.657,29.74,23.254,4.742,6.548,6.302
14356,1.056,37.872,24.684,29.759,23.244,4.742,6.468,6.262
14357,1.047,37.978,24.72,29.749,23.247,4.701,6.507,6.302
14358,1.033,38.065,24.708,29.73,23.247,4.701,6.467,6.221
14359,1.011,37.826,24.681,29.749,23.247,4.823,6.629,6.383
14360,1.007,37.996,24.665,29.816,23.258,4.824,6.59,6.344
14361,0.997,38.065,24.688,29.76,23.254,4.743,6.468,6.262
14362,0.981,38.162,24.681,29.778,23.244,4.864,6.548,6.302
14363,0.971,37.875,24.716,29.788,23.254,4.824,6.549,6.302
14364,0.971,38.006,24.701,29.778,23.254,4.865,6.59,6.262
14365,0.958,38.113,24.673,29.759,23.24,4.702,6.549,6.221
14366,0.948,38.181,24.673,29.769,23.254,4.863,6.468,6.302
14367,0.954,37.971,24.716,29.749,23.254,4.743,6.548,6.262
14368,0.951,38.103,24.728,29.759,23.247,4.742,6.468,6.221
14369,0.945,38.22,24.689,29.778,23.244,4.783,6.507,6.18
14370,0.945,38.278,24.693,29.759,23.254,4.824,6.63,6.301
14371,0.948,37.876,24.685,29.816,23.265,4.946,6.753,6.302
14372,0.938,37.997,24.681,29.779,23.258,4.785,6.592,6.262
14373,0.932,38.113,24.747,29.769,23.254,4.783,6.631,6.262
14374,0.928,38.153,24.662,29.769,23.251,4.824,6.712,6.221
14375,0.928,37.952,24.688,29.778,23.254,4.865,6.632,6.18
14376,0.922,38.055,24.693,29.769,23.251,4.743,6.59,6.139
14377,0.892,38.152,24.716,29.749,23.244,4.783,6.671,6.219
14378,0.895,38.182,24.72,29.749,23.251,4.824,6.631,6.22
14379,0.886,37.914,24.669,29.759,23.247,4.783,6.672,6.139
14380,0.872,38.026,24.665,29.759,23.251,4.742,6.591,6.179
14381,0.859,38.113,24.7,29.749,23.254,4.742,6.712,6.261
14382,0.866,38.181,24.7,29.816,23.268,4.905,6.754,6.302
14383,0.853,37.952,24.704,29.779,23.254,4.825,6.754,6.221
14384,0.827,38.065,24.704,29.788,23.251,4.783,6.714,6.22
14385,0.833,38.181,24.689,29.798,23.261,4.824,6.713,6.22
14386,0.839,37.952,24.665,29.798,23.254,4.824,6.754,6.22
14387,0.836,38.036,24.708,29.769,23.247,4.824,6.714,6.18
14388,0.833,38.113,24.767,29.73,23.24,4.702,6.632,6.098
14389,0.833,38.229,24.678,29.778,23.258,4.782,6.631,6.178
14390,0.833,37.828,24.692,29.778,23.251,4.824,6.672,6.179
14391,0.826,37.968,24.646,29.759,23.251,4.783,6.713,6.179
14392,0.826,38.074,24.676,29.778,23.247,4.742,6.672,6.22
14393,0.823,38.152,24.739,29.788,23.258,4.783,6.875,6.261
14394,0.839,37.827,24.677,29.788,23.261,4.783,6.796,6.221
14395,0.826,37.92,24.708,29.788,23.254,4.783,6.795,6.22
14396,0.82,38.045,24.701,29.769,23.258,4.824,6.877,6.261
14397,0.81,38.123,24.728,29.797,23.254,4.824,6.877,6.221
14398,0.803,37.951,24.72,29.798,23.254,4.824,6.837,6.261
14399,0.803,38.084,24.673,29.778,23.247,4.702,6.714,6.139
14400,0.777,38.172,24.661,29.769,23.24,4.782,6.916,6.26
14401,0.78,38.23,24.669,29.778,23.247,4.783,6.919,6.18
14402,0.777,37.751,24.685,29.778,23.244,4.783,6.878,6.179
14403,0.767,37.89,24.704,29.797,23.251,4.783,6.837,6.179
14404,0.757,37.987,24.669,29.788,23.247,4.783,6.999,6.342
14405,0.774,38.065,24.685,29.836,23.265,4.864,7.082,6.303
14406,0.774,41.384,24.665,29.798,23.251,4.784,6.961,6.221
14407,0.78,41.494,24.731,29.798,23.258,4.742,7.041,6.302
14408,0.78,41.552,24.744,29.807,23.251,4.864,7.001,6.343
14409,0.787,41.629,24.716,29.807,23.258,4.824,7.041,6.303
14410,0.79,36.26,24.712,29.798,23.244,4.743,6.879,6.14
14411,0.784,36.35,24.611,29.778,23.247,4.742,6.959,6.301
14412,0.787,36.505,24.664,29.807,23.247,4.823,6.878,6.221
14413,0.793,37.859,24.704,29.779,23.247,4.865,6.959,6.098
14414,0.797,38.39,24.626,29.778,23.247,4.743,6.919,6.219
14415,0.79,38.51,24.665,29.788,23.251,4.783,6.959,6.261
14416,0.787,38.626,24.708,29.817,23.261,4.986,7.082,6.343
14417,0.784,37.362,24.747,29.807,23.251,4.785,6.961,6.262
14418,0.78,37.407,24.674,29.826,23.258,4.783,6.96,6.18
14419,0.777,37.522,24.7,29.808,23.251,4.864,6.96,6.22
14420,0.767,37.639,24.704,29.817,23.261,4.865,7.0,6.261
14421,0.77,37.736,24.654,29.807,23.247,4.784,6.879,6.099
14422,0.744,37.852,24.657,29.759,23.24,4.702,6.877,6.056
14423,0.744,38.006,24.688,29.797,23.251,4.823,6.918,6.178
14424,0.747,38.056,24.642,29.817,23.247,4.783,6.959,6.22
14425,0.744,37.625,24.626,29.798,23.24,4.742,6.878,6.098
14426,0.741,37.755,24.629,29.798,23.24,4.783,6.959,6.178
14427,0.754,37.89,24.731,29.826,23.258,4.946,7.041,6.383
14428,0.767,37.959,24.712,29.817,23.251,4.825,6.92,6.181
14429,0.761,37.681,24.685,29.817,23.251,4.743,6.959,6.22
14430,0.764,37.793,24.735,29.817,23.251,4.864,6.919,6.302
14431,0.764,37.91,24.693,29.827,23.251,4.824,6.919,6.302
14432,0.77,37.968,24.657,29.836,23.251,4.865,6.919,6.221
14433,0.774,37.643,24.684,29.788,23.237,4.702,6.796,6.139
14434,0.78,37.803,24.689,29.807,23.251,4.823,6.917,6.138
14435,0.784,37.91,24.657,29.807,23.251,4.783,6.837,6.219
14436,0.784,37.911,24.649,29.817,23.247,4.742,6.796,6.18
14437,0.764,37.546,24.731,29.807,23.24,4.742,6.836,6.261
14438,0.77,37.744,24.634,29.846,23.261,4.905,6.958,6.302
14439,0.767,37.852,24.684,29.837,23.258,4.825,6.838,6.18
14440,0.757,37.766,24.716,29.817,23.251,4.824,6.877,6.301
14441,0.754,37.67,24.556,29.827,23.254,4.783,6.796,6.343
14442,0.757,37.803,24.66,29.836,23.254,4.864,6.877,6.303
14443,0.748,37.9,24.696,29.817,23.254,4.784,6.796,6.384
14444,0.741,37.518,24.587,29.817,23.244,4.702,6.714,6.181
14445,0.744,37.59,24.66,29.827,23.254,4.823,6.794,6.261
14446,0.751,37.735,24.661,29.827,23.251,4.743,6.795,6.302
14447,0.751,37.804,24.735,29.827,23.254,4.742,6.755,6.221
14448,0.757,37.641,24.642,29.808,23.244,4.742,6.836,6.302
14449,0.761,37.774,24.669,29.826,23.251,4.783,6.796,6.384
14450,0.78,37.938,24.696,29.865,23.265,4.864,6.877,6.425
14451,0.771,37.988,24.685,29.827,23.248,4.743,6.837,6.344
14452,0.78,37.432,24.677,29.846,23.247,4.823,6.837,6.384
14453,0.787,37.542,24.688,29.837,23.254,4.824,6.837,6.344
14454,0.78,37.696,24.689,29.856,23.251,4.824,6.755,6.303
14455,0.777,37.717,24.653,29.817,23.24,4.661,6.632,6.221
14456,0.774,37.545,24.731,29.827,23.247,4.782,6.753,6.302
14457,0.767,37.696,24.712,29.846,23.251,4.742,6.714,6.302
14458,0.767,37.813,24.634,29.817,23.24,4.783,6.672,6.302
14459,0.751,37.852,24.649,29.817,23.244,4.742,6.672,6.302
14460,0.754,37.508,24.653,29.875,23.261,4.945,6.875,6.547
14461,0.764,37.667,24.653,29.865,23.258,4.825,6.755,6.305
14462,0.751,37.736,24.684,29.837,23.254,4.824,6.754,6.343
14463,0.744,37.765,24.704,29.836,23.254,4.783,6.754,6.425
14464,0.751,37.497,24.665,29.856,23.258,4.783,6.795,6.385
14465,0.754,37.619,24.653,29.865,23.251,4.824,6.714,6.303
14466,0.754,37.697,24.692,29.808,23.24,4.661,6.632,6.221
14467,0.764,37.909,24.712,29.836,23.251,4.822,6.712,6.342
14468,0.774,37.489,24.677,29.846,23.247,4.702,6.713,6.303
14469,0.771,37.609,24.677,29.837,23.247,4.742,6.672,6.262
14470,0.774,37.707,24.669,29.827,23.244,4.783,6.713,6.343
14471,0.78,37.516,24.673,29.846,23.251,4.783,6.835,6.425
14472,0.793,37.648,24.665,29.884,23.261,4.905,6.796,6.385
14473,0.79,37.736,24.708,29.846,23.251,4.744,6.755,6.344
14474,0.793,37.813,24.697,29.904,23.251,4.783,6.795,6.343
14475,0.803,37.45,24.657,29.856,23.254,4.783,6.836,6.343
14476,0.787,37.571,24.704,29.856,23.258,4.905,6.837,6.303
14477,0.784,37.697,24.712,29.856,23.251,4.784,6.674,6.18
14478,0.771,37.746,24.662,29.837,23.244,4.702,6.713,6.301
14479,0.777,37.382,24.669,29.846,23.251,4.782,6.794,6.302
14480,0.774,37.512,24.669,29.817,23.254,4.783,6.795,6.302
14481,0.771,37.638,24.595,29.875,23.247,4.702,6.795,6.221
14482,0.77,37.688,24.649,29.846,23.251,4.742,6.958,6.383
14483,0.774,37.458,24.743,29.904,23.258,4.905,7.041,6.466
14484,0.771,37.58,24.592,29.866,23.244,4.744,6.96,6.345
14485,0.757,37.697,24.652,29.865,23.251,4.823,6.96,6.343
14486,0.774,37.755,24.68,29.865,23.254,4.824,7.0,6.425
14487,0.78,37.516,24.724,29.875,23.258,4.824,6.919,6.344
14488,0.79,37.648,24.646,29.856,23.251,4.783,6.919,6.262
14489,0.774,37.716,24.657,29.837,23.24,4.742,6.878,6.262
14490,0.79,37.784,24.665,29.856,23.251,4.742,6.918,6.302
14491,0.79,37.526,24.688,29.856,23.251,4.742,6.878,6.262
14492,0.793,37.648,24.638,29.865,23.247,4.701,6.837,6.221
14493,0.797,37.745,24.684,29.846,23.244,4.742,6.958,6.261
14494,0.8,37.804,24.704,29.865,23.261,4.905,7.041,6.465
14495,0.816,37.382,24.669,29.865,23.254,4.825,6.96,6.223
14496,0.79,37.464,24.731,29.865,23.247,4.824,6.96,6.342
14497,0.787,37.571,24.67,29.875,23.247,4.783,7.0,6.343
14498,0.787,37.581,24.708,29.933,23.254,4.824,6.96,6.384
14499,0.784,37.62,24.677,29.895,23.254,4.865,6.919,6.303
14500,0.774,37.707,24.669,29.837,23.247,4.702,6.715,6.14
14501,0.767,37.832,24.688,29.923,23.247,4.742,6.876,6.301
14502,0.767,37.335,24.661,29.895,23.247,4.701,6.877,6.221
14503,0.764,37.426,24.716,29.875,23.247,4.66,6.796,6.22
14504,0.754,37.551,24.689,29.885,23.244,4.741,6.755,6.261
14505,0.757,37.648,24.665,29.885,23.254,4.823,6.876,6.384
14506,0.78,37.496,24.723,29.904,23.258,4.865,6.877,6.344
14507,0.777,37.6,24.697,29.875,23.254,4.824,6.837,6.303
14508,0.78,37.716,24.63,29.885,23.258,4.824,6.877,6.262
14509,0.784,37.803,24.684,29.904,23.251,4.783,6.837,6.302
14510,0.797,37.421,24.665,29.904,23.251,4.824,6.755,6.343
14511,0.794,37.561,24.692,29.875,23.244,4.702,6.714,6.14
14512,0.784,37.648,24.634,29.856,23.247,4.782,6.754,6.219
14513,0.806,37.726,24.68,29.875,23.251,4.742,6.754,6.18
14514,0.797,37.362,24.661,29.865,23.247,4.783,6.673,6.139
14515,0.787,37.483,24.61,29.875,23.244,4.742,6.672,6.219
14516,0.78,37.609,24.7,29.885,23.258,4.823,6.753,6.383
14517,0.797,37.668,24.697,29.933,23.265,4.987,6.754,6.385
14518,0.797,37.333,24.7,29.914,23.251,4.826,6.754,6.263
14519,0.794,37.474,24.681,29.914,23.254,4.783,6.714,6.302
14520,0.784,37.58,24.692,29.904,23.258,4.824,6.794,6.302
14521,0.771,37.62,24.716,29.904,23.258,4.824,6.714,6.343
14522,0.767,37.965,24.673,29.875,23.241,4.702,6.632,6.1
14523,0.761,38.074,24.696,29.885,23.251,4.782,6.712,6.219
14524,0.774,38.191,24.696,29.952,23.251,4.742,6.672,6.302
14525,0.771,37.693,24.642,29.905,23.251,4.701,6.631,6.262
14526,0.77,36.979,24.641,29.875,23.244,4.742,6.55,6.221
14527,0.77,37.077,24.669,29.894,23.251,4.823,6.712,6.342
14528,0.79,37.212,24.649,29.942,23.261,4.946,6.916,6.343
14529,0.784,37.319,24.653,29.905,23.244,4.744,6.674,6.303
14530,0.793,37.445,24.692,29.923,23.251,4.783,6.794,6.343
14531,0.793,37.561,24.677,29.914,23.254,4.783,6.755,6.303
14532,0.79,37.677,24.653,29.923,23.254,4.864,6.876,6.343
14533,0.803,37.324,24.704,29.923,23.254,4.784,6.796,6.181
14534,0.787,37.435,24.658,29.895,23.244,4.742,6.795,6.261
14535,0.793,37.571,24.649,29.914,23.251,4.783,6.795,6.262
14536,0.787,37.649,24.665,29.914,23.244,4.824,6.836,6.262
14537,0.774,37.103,24.677,29.895,23.244,4.702,6.755,6.221
14538,0.774,37.222,24.61,29.904,23.247,4.782,6.795,6.302
14539,0.777,37.405,24.657,29.923,23.265,4.905,7.12,6.506
14540,0.774,37.484,24.68,29.952,23.254,4.784,6.88,6.264
14541,0.771,37.187,24.599,29.933,23.247,4.783,6.918,6.343
14542,0.764,37.328,24.672,29.933,23.251,4.783,6.959,6.303
14543,0.751,37.445,24.727,29.924,23.261,4.824,6.96,6.384
14544,0.754,37.513,24.642,29.952,23.258,4.865,6.919,6.263
14545,0.754,37.169,24.649,29.905,23.237,4.662,6.837,6.221
14546,0.761,37.309,24.676,29.933,23.251,4.782,6.918,6.302
14547,0.774,37.425,24.731,29.924,23.251,4.824,6.919,6.262
14548,0.771,37.455,24.623,29.923,23.247,4.743,6.919,6.343
14549,0.777,37.053,24.645,29.923,23.247,4.783,6.878,6.262
14550,0.777,37.193,24.645,29.933,23.251,4.905,7.121,6.505
14551,0.78,37.357,24.676,29.981,23.258,4.906,6.921,6.386
14552,0.777,37.646,24.673,29.943,23.251,4.865,7.0,6.344
14553,0.79,37.16,24.673,29.943,23.251,4.865,6.96,6.384
14554,0.787,37.299,24.688,29.933,23.258,4.865,7.041,6.385
14555,0.787,37.416,24.661,29.943,23.254,4.784,6.96,6.344
14556,0.777,37.12,24.704,29.905,23.24,4.702,6.919,6.262
14557,0.764,37.145,24.72,29.952,23.247,4.823,7.0,6.384
14558,0.761,37.29,24.587,29.962,23.247,4.783,6.96,6.344
14559,0.754,37.377,24.637,29.933,23.251,4.783,6.96,6.303
14560,0.748,36.927,24.653,29.933,23.244,4.783,6.96,6.384
14561,0.757,37.076,24.673,29.962,23.265,4.986,7.163,6.466
14562,0.767,37.231,24.63,29.972,23.251,4.826,7.084,6.386
14563,0.754,37.271,24.68,29.962,23.261,4.743,7.002,6.385
14564,0.751,37.022,24.673,29.962,23.254,4.864,7.041,6.466
14565,0.741,37.173,24.661,29.953,23.254,4.824,7.123,6.386
14566,0.757,37.29,24.72,29.962,23.254,4.824,7.043,6.303
14567,0.761,37.329,24.693,29.933,23.244,4.702,6.96,6.343
14568,0.757,36.994,24.646,29.952,23.244,4.782,7.041,6.303
14569,0.764,37.115,24.649,29.953,23.254,4.742,7.001,6.262
14570,0.761,37.241,24.665,29.943,23.247,4.701,7.041,6.262
14571,0.767,37.29,24.669,29.943,23.24,4.782,7.082,6.343
14572,0.767,37.061,24.642,29.991,23.258,4.905,7.164,6.466
14573,0.787,37.183,24.696,29.991,23.254,4.784,7.084,6.304
14574,0.787,37.28,24.677,29.962,23.261,4.824,7.083,6.343
14575,0.784,37.32,24.649,29.962,23.251,4.865,7.164,6.303
14576,0.777,37.119,24.704,29.962,23.254,4.824,7.206,6.343
14577,0.767,37.26,24.712,29.981,23.254,4.824,7.125,6.303
14578,0.761,37.339,24.638,29.953,23.237,4.661,6.961,6.18
14579,0.748,37.368,24.665,29.962,23.251,4.782,7.041,6.342
14580,0.754,37.023,24.673,29.962,23.247,4.783,7.042,6.181
14581,0.748,37.135,24.595,29.962,23.251,4.742,7.001,6.261
14582,0.747,37.222,24.637,29.962,23.244,4.742,7.041,6.221
14583,0.741,37.118,24.712,29.962,23.251,4.823,7.123,6.383
14584,0.747,37.097,24.646,30.001,23.258,4.905,7.165,6.344
14585,0.731,37.193,24.657,29.972,23.247,4.825,7.002,6.303
14586,0.734,37.3,24.684,29.981,23.251,4.824,7.082,6.343
14587,0.754,36.946,24.712,29.972,23.258,4.702,7.042,6.343
14588,0.761,37.057,24.669,29.991,23.251,4.863,7.082,6.262
14589,0.754,37.183,24.685,29.982,23.247,4.743,6.92,6.221
14590,0.751,37.252,24.673,29.972,23.244,4.783,7.041,6.342
14591,0.764,36.993,24.673,29.991,23.247,4.824,7.042,6.303
14592,0.761,37.115,24.638,29.972,23.247,4.783,7.042,6.221
14593,0.764,37.203,24.696,29.962,23.244,4.702,7.001,6.18
14594,0.764,37.319,24.669,29.962,23.244,4.782,7.041,6.301
14595,0.787,36.85,24.653,30.001,23.258,4.986,7.164,6.425
14596,0.777,36.961,24.719,29.972,23.254,4.826,7.043,6.222
14597,0.758,37.058,24.689,30.001,23.251,4.865,7.123,6.261
14598,0.754,37.145,24.708,30.001,23.258,4.784,7.124,6.262
14599,0.754,36.944,24.646,29.991,23.254,4.824,7.165,6.262
14600,0.744,37.096,24.673,30.001,23.247,4.783,7.043,6.18
14601,0.731,37.184,24.677,29.963,23.23,4.702,7.042,6.22
14602,0.734,37.252,24.649,30.001,23.247,4.782,7.123,6.261
14603,0.731,37.032,24.712,30.001,23.247,4.783,7.043,6.18
14604,0.725,37.173,24.681,30.011,23.247,4.783,7.042,6.179
14605,0.724,37.28,24.646,30.001,23.244,4.742,7.001,6.179
14606,0.724,37.3,24.696,30.02,23.254,4.905,7.204,6.301
14607,0.747,36.965,24.696,30.03,23.258,4.825,7.084,6.18
14608,0.751,37.048,24.611,30.011,23.251,4.865,7.164,6.179
14609,0.744,37.183,24.66,30.011,23.254,4.824,7.165,6.22
14610,0.754,37.29,24.649,30.02,23.254,4.865,7.165,6.261
14611,0.751,37.042,24.688,30.011,23.251,4.865,7.124,6.139
14612,0.754,37.135,24.661,29.991,23.24,4.702,6.961,6.057
14613,0.761,37.222,24.7,29.991,23.251,4.742,7.122,6.137
14614,0.761,36.945,24.658,30.01,23.251,4.742,7.083,6.098
14615,0.761,37.0,24.661,29.991,23.254,4.742,7.123,6.138
14616,0.754,37.115,24.704,29.982,23.247,4.701,7.002,6.138
14617,0.748,37.213,24.669,30.02,23.254,4.823,7.245,6.26
14618,0.754,36.878,24.665,30.039,23.258,4.865,7.166,6.221
14619,0.738,36.951,24.603,30.02,23.251,4.824,7.165,6.098
14620,0.734,37.096,24.649,30.011,23.254,4.743,7.165,6.178
14621,0.721,37.184,24.645,30.011,23.251,4.864,7.206,6.179
14622,0.734,36.887,24.661,30.02,23.258,4.824,7.247,6.22
14623,0.731,36.999,24.731,30.02,23.244,4.783,7.003,6.058
14624,0.731,37.096,24.654,30.059,23.244,4.783,7.163,6.178
14625,0.725,37.193,24.669,30.03,23.244,4.824,7.165,6.057
14626,0.718,37.089,24.673,30.011,23.254,4.743,7.124,6.137
14627,0.728,37.222,24.673,30.02,23.244,4.742,7.124,6.098
14628,0.734,37.329,24.626,30.03,23.244,4.701,7.165,6.097
14629,0.747,37.426,24.633,30.049,23.261,4.945,7.287,6.3
14630,0.757,36.842,24.657,30.03,23.258,4.785,7.247,6.14
14631,0.744,36.96,24.638,30.049,23.254,4.824,7.206,6.179
14632,0.76,37.077,24.672,30.04,23.251,4.824,7.287,6.22
14633,0.757,37.116,24.681,30.049,23.254,4.905,7.288,6.22
14634,0.757,36.954,24.689,30.021,23.261,4.784,7.207,6.098
14635,0.757,37.067,24.653,30.001,23.244,4.702,7.165,6.016
14636,0.754,37.174,24.708,30.039,23.247,4.782,7.246,6.178
14637,0.751,37.213,24.693,30.02,23.251,4.783,7.288,6.098
14638,0.738,36.868,24.65,30.078,23.251,4.783,7.207,6.097
14639,0.741,36.98,24.637,30.011,23.244,4.742,7.247,6.097
14640,0.731,37.096,24.672,30.049,23.254,4.864,7.328,6.26
14641,0.747,36.973,24.657,30.059,23.261,4.946,7.41,6.18
14642,0.734,36.943,24.653,30.04,23.247,4.785,7.289,6.139
14643,0.734,37.048,24.677,30.059,23.251,4.905,7.288,6.098
14644,0.731,37.174,24.688,30.049,23.251,4.784,7.329,6.3
14645,0.728,36.82,24.653,30.049,23.254,4.824,7.289,6.221
14646,0.728,36.912,24.696,30.04,23.244,4.702,7.166,6.139
14647,0.731,37.0,24.689,30.03,23.247,4.782,7.246,6.098
14648,0.751,37.115,24.638,30.059,23.261,4.742,7.125,6.097
14649,0.748,36.81,24.672,30.049,23.247,4.742,7.083,6.178
14650,0.744,36.922,24.673,30.049,23.247,4.783,7.123,6.179
14651,0.751,37.057,24.681,30.04,23.244,4.742,7.165,6.22
14652,0.757,37.164,24.681,30.088,23.265,4.945,7.368,6.342
14653,0.764,36.906,24.626,30.059,23.251,4.825,7.167,6.181
14654,0.754,37.047,24.653,30.049,23.251,4.743,7.206,6.261
14655,0.767,37.154,24.661,30.068,23.251,4.823,7.247,6.302
14656,0.774,37.203,24.72,30.059,23.254,4.905,7.206,6.262
14657,0.758,36.791,24.654,30.059,23.251,4.825,7.165,6.221
14658,0.744,36.912,24.669,30.04,23.24,4.702,7.124,6.18
14659,0.751,37.028,24.673,30.068,23.251,4.823,7.165,6.301
14660,0.728,37.087,24.677,30.069,23.251,4.783,7.206,6.221
14661,0.731,36.781,24.677,30.059,23.251,4.742,7.084,6.22
14662,0.725,36.902,24.649,30.049,23.247,4.823,7.205,6.302
14663,0.728,37.028,24.688,30.107,23.268,4.946,7.328,6.425
14664,0.728,37.058,24.65,30.079,23.251,4.866,7.167,6.385
14665,0.721,36.886,24.645,30.078,23.254,4.784,7.124,6.344
14666,0.728,37.018,24.696,30.069,23.258,4.824,7.205,6.384
14667,0.738,37.125,24.669,30.097,23.251,4.865,7.206,6.344
14668,0.741,37.03,24.681,30.088,23.254,4.784,7.084,6.303
14669,0.734,36.828,24.642,30.05,23.24,4.62,7.002,6.343
14670,0.751,36.979,24.696,30.078,23.247,4.781,7.041,6.303
14671,0.748,37.077,24.693,30.078,23.251,4.742,7.001,6.262
14672,0.747,36.819,24.669,30.088,23.247,4.742,6.96,6.302
14673,0.754,36.893,24.661,30.069,23.251,4.783,7.0,6.302
14674,0.764,37.086,24.661,30.117,23.258,4.946,7.123,6.384
14675,0.774,37.164,24.653,30.088,23.251,4.825,7.002,6.385
14676,0.761,36.714,24.727,30.088,23.247,4.824,7.001,6.303
14677,0.744,36.863,24.666,30.098,23.254,4.783,7.082,6.384
14678,0.741,36.989,24.696,30.098,23.251,4.824,7.042,6.425
14679,0.741,37.077,24.63,30.107,23.254,4.783,6.92,6.304
14680,0.718,36.694,24.653,30.079,23.237,4.742,6.796,6.262
14681,0.721,36.844,24.68,30.098,23.247,4.783,6.958,6.302
14682,0.734,36.98,24.638,30.088,23.251,4.783,6.919,6.343
14683,0.718,37.019,24.653,30.078,23.244,4.742,6.878,6.303
14684,0.718,36.761,24.614,30.098,23.247,4.783,6.837,6.384
14685,0.711,36.94,24.668,30.117,23.265,4.946,6.999,6.547
14686,0.721,37.067,24.72,30.136,23.251,4.785,6.879,6.346
14687,0.734,37.078,24.65,30.108,23.247,4.824,6.918,6.384
14688,0.734,36.819,24.684,30.098,23.251,4.824,6.919,6.385
14689,0.734,36.951,24.63,30.117,23.254,4.865,6.959,6.507
14690,0.734,37.067,24.661,30.127,23.254,4.865,6.838,6.345
14691,0.734,37.078,24.649,30.088,23.24,4.662,6.755,6.303
14692,0.744,36.675,24.673,30.107,23.251,4.782,6.836,6.384
14693,0.747,36.805,24.622,30.117,23.254,4.702,6.796,6.303
14694,0.754,36.903,24.625,30.107,23.254,4.701,6.755,6.302
14695,0.751,37.21,24.688,30.107,23.251,4.742,6.754,6.384
14696,0.748,36.792,24.724,30.127,23.254,4.905,6.998,6.547
14697,0.751,36.941,24.65,30.127,23.251,4.744,6.797,6.386
14698,0.731,37.029,24.676,30.117,23.254,4.823,6.795,6.466
14699,0.734,36.703,24.638,30.127,23.254,4.824,6.836,6.386
14700,0.734,36.729,24.669,30.146,23.261,4.783,6.796,6.425
14701,0.734,36.854,24.669,30.127,23.254,4.824,6.836,6.344
14702,0.728,36.913,24.634,30.108,23.244,4.702,6.714,6.262
14703,0.721,36.664,24.657,30.127,23.251,4.782,6.713,6.384
14704,0.721,36.815,24.653,30.127,23.247,4.742,6.754,6.385
14705,0.718,36.941,24.653,30.117,23.251,4.742,6.754,6.344
14706,0.715,37.0,24.712,30.107,23.244,4.701,6.714,6.384
14707,0.731,36.674,24.642,30.155,23.254,4.863,6.835,6.507
14708,0.734,36.853,24.661,30.165,23.258,4.865,6.796,6.467
14709,0.734,36.932,24.618,30.118,23.251,4.865,6.795,6.467
14710,0.738,37.009,24.672,30.146,23.251,4.865,6.795,6.507
14711,0.751,36.569,24.638,30.156,23.258,4.865,6.795,6.508
14712,0.748,36.718,24.684,30.137,23.254,4.865,6.836,6.549
14713,0.751,36.815,24.603,30.117,23.24,4.702,6.674,6.346
14714,0.748,36.874,24.625,30.136,23.251,4.782,6.753,6.343
14715,0.76,36.692,24.68,30.146,23.251,4.783,6.714,6.343
14716,0.754,36.825,24.669,30.127,23.251,4.742,6.672,6.262
14717,0.728,36.922,24.606,30.127,23.244,4.823,6.672,6.343
14718,0.728,36.98,24.633,30.146,23.254,4.905,6.794,6.466
14719,0.747,36.588,24.649,30.184,23.261,4.947,6.836,6.426
14720,0.734,36.689,24.661,30.127,23.247,4.825,6.714,6.426
14721,0.731,36.825,24.642,30.156,23.251,4.824,6.713,6.385
14722,0.725,36.855,24.649,30.165,23.251,4.905,6.754,6.385
14723,0.724,36.635,24.661,30.165,23.258,4.825,6.754,6.466
14724,0.718,36.757,24.653,30.137,23.247,4.783,6.632,6.264
14725,0.708,36.835,24.688,30.146,23.244,4.783,6.753,6.384
14726,0.718,36.644,24.7,30.146,23.251,4.783,6.754,6.425
14727,0.731,36.584,24.618,30.146,23.244,4.783,6.632,6.344
14728,0.725,36.699,24.614,30.137,23.247,4.783,6.712,6.343
14729,0.731,36.806,24.621,30.175,23.247,4.824,6.835,6.384
14730,0.744,36.529,24.668,30.194,23.265,4.946,6.877,6.507
14731,0.738,36.622,24.657,30.156,23.248,4.744,6.674,6.386
14732,0.744,36.728,24.68,30.175,23.251,4.864,6.794,6.385
14733,0.747,36.825,24.646,30.185,23.254,4.865,6.795,6.344
14734,0.751,36.433,24.637,30.166,23.258,4.865,6.836,6.384
14735,0.748,36.592,24.688,30.165,23.244,4.865,6.674,6.303
14736,0.738,36.661,24.657,30.146,23.237,4.824,6.713,6.343
14737,0.741,36.786,24.653,30.223,23.247,4.783,6.754,6.343
14738,0.747,36.528,24.645,30.166,23.24,4.824,6.673,6.303
14739,0.734,36.65,24.645,30.156,23.244,4.824,6.672,6.262
14740,0.738,36.757,24.68,30.137,23.244,4.783,6.794,6.343
14741,0.721,36.883,24.696,30.204,23.261,4.986,6.836,6.425
14742,0.724,36.597,24.685,30.175,23.254,4.826,6.755,6.263
14743,0.718,36.689,24.63,30.166,23.251,4.824,6.836,6.302
14744,0.715,36.815,24.629,30.185,23.254,4.824,6.796,6.343
14745,0.724,36.855,24.637,30.185,23.254,4.824,6.836,6.384
14746,0.734,36.472,24.696,30.185,23.254,4.824,6.796,6.303
14747,0.728,36.564,24.654,30.156,23.24,4.661,6.633,6.221
14748,0.728,36.689,24.669,30.185,23.251,4.741,6.753,6.342
14749,0.734,36.719,24.645,30.175,23.244,4.823,6.714,6.303
14750,0.731,36.461,24.665,30.185,23.251,4.743,6.672,6.262
14751,0.738,36.564,24.669,30.166,23.247,4.742,6.753,6.221
14752,0.731,36.68,24.685,30.223,23.258,4.905,6.917,6.383
14753,0.764,36.892,24.607,30.204,23.247,4.825,6.878,6.181
14754,0.754,36.875,24.621,30.195,23.251,4.905,6.796,6.261
14755,0.748,37.009,24.661,30.185,23.251,4.865,6.917,6.302
14756,0.754,37.096,24.684,30.204,23.258,4.865,6.837,6.262
14757,0.748,36.215,24.591,30.204,23.247,4.784,6.918,6.262
14758,0.734,36.187,24.652,30.175,23.244,4.702,6.796,6.18
14759,0.725,36.331,24.661,30.194,23.247,4.782,6.877,6.22
14760,0.734,36.418,24.696,30.204,23.247,4.742,6.837,6.261
14761,0.715,36.41,24.665,30.185,23.24,4.783,6.837,6.139
14762,0.721,36.553,24.677,30.166,23.251,4.742,6.837,6.219
14763,0.721,36.68,24.646,30.233,23.258,4.945,7.04,6.383
14764,0.724,36.796,24.649,30.224,23.254,4.825,6.879,6.303
14765,0.711,36.241,24.665,30.204,23.261,4.783,6.918,6.262
14766,0.715,36.379,24.653,30.214,23.251,4.824,6.919,6.262
14767,0.724,36.496,24.602,30.223,23.251,4.865,6.959,6.221
14768,0.737,36.573,24.653,30.224,23.251,4.906,6.838,6.22
14769,0.721,36.363,24.638,30.185,23.24,4.662,6.755,6.139
14770,0.731,36.534,24.653,30.223,23.251,4.782,6.836,6.138
14771,0.747,36.631,24.661,30.224,23.247,4.864,6.877,6.219
14772,0.734,36.7,24.7,30.204,23.244,4.784,6.877,6.22
14773,0.738,36.288,24.634,30.204,23.24,4.824,6.877,6.18
14774,0.757,36.437,24.641,30.223,23.254,4.905,7.0,6.383
14775,0.761,36.602,24.712,30.224,23.254,4.825,6.96,6.181
14776,0.751,36.575,24.662,30.224,23.251,4.824,6.96,6.261
14777,0.751,36.344,24.653,30.271,23.247,4.824,7.0,6.18
14778,0.738,36.457,24.638,30.214,23.251,4.824,7.082,6.22
14779,0.731,36.602,24.661,30.233,23.251,4.824,7.083,6.139
14780,0.725,36.776,24.653,30.204,23.244,4.702,6.92,6.057
14781,0.715,36.365,24.641,30.204,23.247,4.782,7.041,6.219
14782,0.721,36.505,24.68,30.204,23.251,4.864,7.082,6.139
14783,0.711,36.593,24.634,30.204,23.244,4.702,7.042,6.138
14784,0.705,36.392,24.641,30.233,23.247,4.782,7.042,6.179
14785,0.711,36.438,24.676,30.233,23.258,4.905,7.204,6.342
14786,0.721,36.563,24.688,30.243,23.251,4.784,7.165,6.181
14787,0.724,36.651,24.63,30.224,23.251,4.905,7.124,6.22
14788,0.724,36.239,24.661,30.243,23.261,4.825,7.083,6.22
14789,0.731,36.331,24.634,30.252,23.251,4.824,7.205,6.22
14790,0.741,36.476,24.653,30.243,23.247,4.783,7.043,6.18
14791,0.734,36.544,24.634,30.195,23.244,4.702,7.042,6.179
14792,0.738,36.219,24.68,30.242,23.244,4.782,7.042,6.22
14793,0.757,36.369,24.599,30.224,23.247,4.783,7.082,6.139
14794,0.754,36.496,24.625,30.233,23.247,4.742,7.042,6.138
14795,0.744,36.564,24.668,30.214,23.244,4.783,7.082,6.138
14796,0.751,36.191,24.677,30.252,23.265,4.905,7.245,6.341
14797,0.741,36.359,24.556,30.262,23.254,4.825,7.125,6.181
14798,0.731,36.476,24.629,30.253,23.247,4.824,7.124,6.22
14799,0.731,36.525,24.657,30.262,23.254,4.865,7.083,6.261
14800,0.728,36.229,24.669,30.262,23.254,4.865,7.164,6.302
14801,0.734,36.379,24.653,30.253,23.251,4.824,7.002,6.14
14802,0.715,36.438,24.673,30.224,23.24,4.743,6.96,6.138
14803,0.715,36.525,24.618,30.262,23.254,4.783,7.082,6.219
14804,0.708,36.286,24.629,30.243,23.244,4.783,7.002,6.18
14805,0.711,36.399,24.665,30.233,23.244,4.783,7.001,6.098
14806,0.715,36.515,24.677,30.243,23.247,4.824,7.041,6.219
14807,0.728,36.574,24.626,30.272,23.265,4.865,7.164,6.424
14808,0.747,36.2,24.668,30.262,23.254,4.824,7.084,6.182
14809,0.738,36.312,24.642,30.262,23.251,4.865,7.042,6.342
14810,0.734,36.409,24.676,30.262,23.247,4.824,7.001,6.262
14811,0.747,36.285,24.646,30.272,23.254,4.865,7.082,6.302
14812,0.741,36.169,24.684,30.272,23.254,4.784,7.042,6.262
14813,0.751,36.283,24.591,30.224,23.237,4.742,6.879,6.139
14814,0.735,36.38,24.645,30.271,23.251,4.823,7.0,6.219
14815,0.751,36.074,24.676,30.262,23.247,4.743,7.001,6.261
14816,0.748,36.186,24.673,30.262,23.24,4.742,7.041,6.221
14817,0.741,36.292,24.56,30.281,23.244,4.742,6.96,6.18
14818,0.738,36.399,24.625,30.262,23.254,4.905,7.122,6.383
14819,0.754,36.17,24.668,30.301,23.261,4.906,7.002,6.344
14820,0.725,36.254,24.657,30.272,23.251,4.744,7.041,6.303
14821,0.724,36.408,24.657,30.272,23.251,4.823,7.082,6.343
14822,0.728,36.458,24.684,30.291,23.251,4.783,7.042,6.343
14823,0.715,36.113,24.587,30.291,23.258,4.864,7.082,6.343
14824,0.708,36.272,24.633,30.272,23.247,4.702,6.88,6.221
14825,0.695,36.36,24.653,30.272,23.251,4.782,6.959,6.302
14826,0.708,36.438,24.68,30.272,23.251,4.824,7.041,6.302
14827,0.724,36.113,24.614,30.272,23.24,4.824,6.96,6.262
14828,0.721,36.244,24.618,30.272,23.247,4.783,6.919,6.262
14829,0.718,36.36,24.629,30.262,23.247,4.824,7.041,6.384
14830,0.741,36.447,24.669,30.31,23.265,4.946,7.123,6.466
14831,0.741,36.17,24.657,30.282,23.248,4.866,7.043,6.304
14832,0.741,36.311,24.673,30.291,23.247,4.865,7.082,6.425
14833,0.738,36.399,24.681,30.301,23.251,4.824,7.002,6.385
14834,0.76,36.467,24.649,30.291,23.254,4.905,7.082,6.385
14835,0.757,35.988,24.673,30.282,23.251,4.784,7.042,6.222
14836,0.738,36.079,24.61,30.262,23.247,4.702,7.042,6.261
14837,0.741,36.234,24.637,30.301,23.251,4.823,7.082,6.343
14838,0.738,36.446,24.622,30.301,23.247,4.743,7.042,6.303
14839,0.734,36.084,24.641,30.301,23.244,4.701,7.082,6.302
14840,0.721,36.195,24.661,30.282,23.244,4.742,7.123,6.302
14841,0.728,36.34,24.669,30.32,23.265,4.864,7.287,6.506
14842,0.731,36.14,24.669,30.311,23.251,4.824,7.125,6.386
14843,0.718,36.177,24.61,30.339,23.254,4.824,7.165,6.385
14844,0.708,36.311,24.625,30.34,23.251,4.865,7.287,6.385
14845,0.718,36.418,24.676,30.34,23.258,4.824,7.288,6.425
14846,0.711,35.978,24.661,30.33,23.251,4.783,7.247,6.304
14847,0.689,36.079,24.622,30.301,23.24,4.661,7.125,6.302
14848,0.721,36.215,24.614,30.301,23.251,4.741,7.287,6.384
14849,0.737,36.283,24.633,30.311,23.244,4.783,7.247,6.385
14850,0.728,35.996,24.63,30.32,23.24,4.742,7.328,6.344
14851,0.738,36.118,24.645,30.311,23.244,4.742,7.329,6.384
14852,0.754,36.282,24.708,30.339,23.265,5.027,7.492,6.547
14853,0.757,36.36,24.685,30.311,23.258,4.867,7.453,6.346
14854,0.738,35.901,24.653,30.32,23.251,4.865,7.33,6.384
14855,0.747,36.021,24.688,30.311,23.251,4.824,7.451,6.466
14856,0.757,36.166,24.646,30.339,23.254,4.946,7.452,6.386
14857,0.748,36.225,24.618,30.34,23.251,4.785,7.371,6.344
14858,0.747,35.995,24.602,30.311,23.244,4.742,7.289,6.343
14859,0.747,36.137,24.696,30.33,23.251,4.742,7.369,6.343
14860,0.738,36.282,24.665,30.311,23.247,4.823,7.33,6.384
14861,0.751,36.312,24.673,30.291,23.244,4.783,7.329,6.344
14862,0.738,35.92,24.673,30.31,23.244,4.783,7.329,6.425
14863,0.747,36.098,24.61,30.368,23.265,4.986,7.532,6.548
14864,0.747,36.186,24.621,30.34,23.251,4.785,7.412,6.386
14865,0.751,36.206,24.684,30.34,23.258,4.824,7.411,6.425
14866,0.764,36.043,24.677,30.349,23.244,4.783,7.371,6.426
14867,0.783,36.166,24.583,30.369,23.254,4.824,7.411,6.466
14868,0.787,36.283,24.617,30.359,23.251,4.824,7.371,6.345
14869,0.787,36.063,24.633,30.321,23.237,4.702,7.33,6.384
14870,0.787,36.07,24.657,30.34,23.251,4.742,7.41,6.385
14871,0.8,36.195,24.657,30.349,23.247,4.742,7.371,6.344
14872,0.813,36.273,24.692,30.33,23.247,4.701,7.289,6.384
14873,0.82,35.833,24.599,30.34,23.244,4.701,7.329,6.303
14874,0.83,35.982,24.645,30.378,23.265,4.904,7.451,6.547
14875,0.83,36.118,24.696,30.359,23.251,4.784,7.29,6.386
14876,0.82,36.177,24.673,30.359,23.258,4.824,7.329,6.344
14877,0.817,35.889,24.661,30.426,23.258,4.743,7.37,6.384
14878,0.807,36.021,24.622,30.379,23.254,4.864,7.37,6.425
14879,0.797,36.128,24.657,30.35,23.251,4.784,7.208,6.385
14880,0.784,36.196,24.661,30.34,23.24,4.702,7.125,6.263
14881,0.78,35.803,24.63,30.359,23.247,4.782,7.287,6.384
14882,0.777,35.962,24.657,30.359,23.251,4.783,7.288,6.303
14883,0.79,36.06,24.634,30.349,23.251,4.742,7.207,6.302
14884,0.78,36.147,24.626,30.34,23.247,4.783,7.206,6.343
14885,0.787,36.704,24.676,30.368,23.265,4.824,7.328,6.547
14886,0.806,36.844,24.704,30.388,23.258,4.865,7.289,6.468
14887,0.807,36.941,24.622,30.388,23.254,4.784,7.207,6.386
14888,0.826,36.981,24.645,30.369,23.251,4.905,7.206,6.425
14889,0.83,35.514,24.63,30.388,23.251,4.865,7.165,6.385
14890,0.839,35.653,24.684,30.388,23.251,4.906,7.165,6.344
14891,0.846,35.76,24.618,30.369,23.247,4.662,7.043,6.303
14892,0.82,35.78,24.672,30.378,23.251,4.822,7.123,6.343
14893,0.836,35.914,24.669,30.378,23.251,4.743,7.083,6.303
14894,0.843,36.05,24.618,30.378,23.247,4.742,7.083,6.221
14895,0.846,36.138,24.68,30.378,23.244,4.783,6.961,6.22
14896,0.849,36.09,24.591,30.378,23.251,4.824,7.122,6.342
14897,0.849,35.879,24.668,30.436,23.258,4.905,7.124,6.425
14898,0.849,36.011,24.669,30.389,23.254,4.784,7.043,6.263
14899,0.84,36.099,24.688,30.388,23.254,4.742,6.96,6.343
14900,0.826,35.783,24.693,30.398,23.251,4.783,7.082,6.384
14901,0.833,35.876,24.657,30.407,23.251,4.864,7.083,6.385
14902,0.836,36.002,24.677,30.398,23.254,4.743,7.083,6.303
14903,0.817,36.06,24.595,30.379,23.244,4.701,6.92,6.343
14904,0.807,35.706,24.606,30.407,23.247,4.863,7.0,6.384
14905,0.803,35.818,24.664,30.388,23.251,4.784,7.041,6.385
14906,0.8,35.934,24.661,30.398,23.24,4.702,6.96,6.344
14907,0.81,36.04,24.556,30.417,23.244,4.701,6.96,6.343
14908,0.816,35.783,24.644,30.417,23.258,4.863,7.122,6.547
14909,0.826,35.943,24.657,30.408,23.254,4.743,7.083,6.346
14910,0.823,36.031,24.673,30.427,23.254,4.823,7.042,6.384
14911,0.83,36.118,24.661,30.417,23.247,4.783,7.042,6.425
14912,0.83,35.783,24.704,30.417,23.254,4.783,7.082,6.466
14913,0.82,35.933,24.658,30.417,23.254,4.824,7.002,6.426
14914,0.81,36.031,24.606,30.388,23.24,4.661,6.879,6.263
14915,0.794,36.07,24.657,30.398,23.244,4.782,7.04,6.343
14916,0.797,35.764,24.599,30.407,23.251,4.742,6.96,6.343
14917,0.787,35.904,24.633,30.407,23.247,4.701,6.96,6.343
14918,0.777,35.992,24.637,30.407,23.247,4.66,6.919,6.303
14919,0.771,36.031,24.7,30.407,23.247,4.7,6.959,6.425
14920,0.767,35.783,24.689,30.446,23.258,4.904,7.082,6.466
14921,0.761,35.905,24.657,30.437,23.251,4.744,6.92,6.426
14922,0.757,35.983,24.696,30.427,23.254,4.742,7.0,6.385
14923,0.751,36.271,24.642,30.465,23.258,4.783,7.041,6.466
14924,0.735,35.795,24.637,30.427,23.254,4.824,7.042,6.426
14925,0.747,35.914,24.68,30.446,23.254,4.743,6.96,6.385
14926,0.718,35.992,24.642,30.398,23.237,4.661,6.878,6.344
14927,0.724,35.725,24.653,30.417,23.251,4.741,6.959,6.425
14928,0.734,35.722,24.626,30.427,23.244,4.783,6.96,6.344
14929,0.738,35.837,24.68,30.427,23.244,4.702,6.919,6.343
14930,0.731,35.953,24.646,30.417,23.251,4.66,6.878,6.343
14931,0.721,35.705,24.645,30.436,23.258,4.822,7.04,6.425
14932,0.734,35.866,24.7,30.484,23.268,4.824,7.042,6.385
14933,0.718,35.973,24.654,30.437,23.248,4.783,7.001,6.466
14934,0.728,36.07,24.645,30.427,23.254,4.783,7.082,6.386
14935,0.721,36.253,24.692,30.456,23.254,4.783,7.042,6.425
14936,0.721,36.427,24.614,30.437,23.254,4.783,7.042,6.385
14937,0.708,36.534,24.621,30.446,23.247,4.702,6.92,6.263
14938,0.695,36.593,24.606,30.437,23.244,4.742,7.041,6.384
14939,0.695,35.376,24.684,30.437,23.24,4.742,6.96,6.344
14940,0.682,35.517,24.626,30.437,23.244,4.701,6.919,6.303
14941,0.692,35.643,24.653,30.437,23.247,4.66,6.837,6.262
14942,0.682,35.702,24.653,30.446,23.247,4.741,6.999,6.384
14943,0.675,35.789,24.645,30.494,23.258,4.945,7.082,6.588
14944,0.678,35.914,24.657,30.447,23.247,4.785,7.002,6.468
14945,0.669,36.021,24.68,30.456,23.251,4.742,6.96,6.467
14946,0.662,36.07,24.673,30.465,23.254,4.783,6.96,6.467
14947,0.678,35.706,24.638,30.533,23.251,4.824,7.041,6.467
14948,0.678,35.846,24.614,30.485,23.254,4.865,6.96,6.345
14949,0.669,35.925,24.629,30.447,23.237,4.621,6.878,6.343
14950,0.675,35.944,24.633,30.456,23.251,4.781,6.918,6.384
14951,0.685,35.657,24.641,30.456,23.247,4.742,6.959,6.466
14952,0.692,35.779,24.661,30.456,23.244,4.742,6.878,6.345
14953,0.685,35.895,24.657,30.494,23.247,4.742,6.918,6.384
14954,0.708,35.772,24.649,30.485,23.265,4.945,7.081,6.629
14955,0.718,35.626,24.7,30.466,23.251,4.785,7.002,6.468
14956,0.702,35.75,24.673,30.466,23.251,4.783,7.001,6.507
14957,0.695,35.856,24.661,30.466,23.251,4.783,7.082,6.467
14958,0.692,35.666,24.634,30.475,23.254,4.824,7.083,6.507
14959,0.688,35.74,24.649,30.466,23.247,4.783,6.961,6.427
14960,0.669,35.828,24.614,30.456,23.244,4.702,7.041,6.466
14961,0.672,35.953,24.637,30.475,23.244,4.742,6.96,6.426
14962,0.672,35.513,24.665,30.466,23.251,4.701,6.96,6.466
14963,0.662,35.662,24.653,30.504,23.247,4.701,7.0,6.426
14964,0.649,35.769,24.618,30.456,23.247,4.782,7.041,6.426
14965,0.659,35.885,24.672,30.504,23.261,4.864,7.164,6.629
14966,0.669,35.685,24.642,30.485,23.251,4.702,7.043,6.55
14967,0.672,35.808,24.649,30.485,23.254,4.782,7.042,6.508
14968,0.675,35.924,24.657,30.494,23.251,4.783,7.082,6.467
14969,0.678,36.002,24.669,30.495,23.251,4.783,7.123,6.507
14970,0.685,35.533,24.638,30.495,23.251,4.702,7.043,6.508
14971,0.679,35.662,24.637,30.456,23.237,4.579,6.96,6.427
14972,0.678,35.779,24.68,30.485,23.247,4.74,7.041,6.507
14973,0.685,35.866,24.661,30.494,23.247,4.701,7.001,6.467
14974,0.692,35.551,24.642,30.485,23.244,4.701,7.082,6.386
14975,0.698,35.691,24.669,30.456,23.244,4.701,7.042,6.425
14976,0.695,35.798,24.645,30.494,23.254,4.823,7.123,6.507
14977,0.688,35.886,24.661,30.514,23.258,4.783,7.165,6.508
14978,0.682,35.637,24.649,30.476,23.251,4.742,7.124,6.427
14979,0.675,35.788,24.653,30.485,23.24,4.783,7.165,6.507
14980,0.669,35.895,24.669,30.494,23.251,4.864,7.206,6.508
14981,0.675,36.088,24.677,30.504,23.254,4.824,7.165,6.467
14982,0.682,35.582,24.677,30.476,23.24,4.702,7.043,6.304
14983,0.669,35.682,24.607,30.494,23.247,4.66,7.123,6.465
14984,0.672,35.827,24.645,30.514,23.247,4.782,7.124,6.467
14985,0.678,35.55,24.684,30.495,23.251,4.702,7.083,6.467
14986,0.669,35.605,24.665,30.495,23.244,4.701,7.123,6.426
14987,0.675,35.749,24.653,30.571,23.254,4.823,7.246,6.507
14988,0.698,35.895,24.665,30.534,23.261,4.865,7.206,6.467
14989,0.692,35.589,24.649,30.505,23.254,4.702,7.206,6.426
14990,0.705,35.74,24.669,30.514,23.251,4.782,7.206,6.466
14991,0.695,35.856,24.653,30.504,23.251,4.864,7.287,6.507
14992,0.695,35.953,24.669,30.504,23.251,4.824,7.288,6.549
14993,0.701,35.408,24.642,30.504,23.244,4.702,7.207,6.346
14994,0.698,35.498,24.63,30.485,23.251,4.701,7.165,6.384
14995,0.698,35.672,24.653,30.504,23.247,4.742,7.124,6.385
14996,0.695,35.741,24.563,30.504,23.244,4.742,7.165,6.466
14997,0.692,35.502,24.59,30.495,23.244,4.661,7.084,6.426
14998,0.682,35.643,24.621,30.514,23.247,4.741,7.205,6.466
14999,0.692,35.788,24.672,30.533,23.261,4.864,7.369,6.629
15000,0.688,35.876,24.685,30.524,23.251,4.743,7.248,6.468
15001,0.669,35.512,24.681,30.514,23.251,4.823,7.328,6.507
15002,0.662,35.643,24.677,30.533,23.254,4.743,7.289,6.467
15003,0.665,35.779,24.669,30.543,23.258,4.783,7.329,6.426
15004,0.646,35.818,24.634,30.524,23.251,4.864,7.329,6.426
15005,0.659,35.589,24.641,30.495,23.244,4.662,7.248,6.385
15006,0.675,35.74,24.633,30.533,23.247,4.741,7.491,6.507
15007,0.698,35.866,24.614,30.514,23.247,4.783,7.534,6.427
15008,0.718,35.867,24.618,30.514,23.247,4.742,7.575,6.385
15009,0.737,35.532,24.641,30.504,23.24,4.701,7.575,6.425
15010,0.786,35.682,24.661,30.543,23.258,4.904,7.82,6.629
15011,0.806,35.817,24.677,30.553,23.261,4.784,7.781,6.468
15012,0.829,35.56,24.653,30.524,23.247,4.702,7.781,6.467
15013,0.856,35.519,24.661,30.543,23.251,4.782,7.862,6.467
15014,0.879,35.662,24.626,30.524,23.254,4.824,7.863,6.467
15015,0.895,35.769,24.649,30.524,23.258,4.824,7.822,6.507
15016,0.921,35.406,24.579,30.514,23.247,4.661,7.741,6.305
15017,0.909,35.508,24.598,30.524,23.244,4.782,7.903,6.425
15018,0.944,35.653,24.614,30.524,23.254,4.702,7.863,6.466
15019,0.948,35.74,24.7,30.524,23.244,4.66,7.863,6.345
15020,0.954,35.492,24.665,30.514,23.244,4.66,7.863,6.425
15021,0.984,35.652,24.657,30.524,23.247,4.741,7.944,6.507
15022,1.056,35.817,24.708,30.572,23.261,4.905,8.067,6.549
15023,1.108,35.876,24.661,30.534,23.251,4.784,7.946,6.468
15024,1.145,35.359,24.614,30.543,23.247,4.702,7.945,6.589
15025,1.204,35.469,24.692,30.562,23.251,4.782,7.945,6.509
15026,1.237,35.604,24.642,30.553,23.254,4.824,7.986,6.549
15027,1.283,35.702,24.641,30.553,23.24,4.702,7.864,6.427
15028,1.309,35.482,24.622,30.514,23.251,4.701,7.944,6.548
15029,1.332,35.633,24.688,30.552,23.247,4.782,7.864,6.508
15030,1.349,35.759,24.65,30.533,23.244,4.783,7.904,6.508
15031,1.362,35.809,24.63,30.533,23.244,4.702,7.863,6.549
15032,1.385,35.349,24.672,30.543,23.247,4.782,7.944,6.63
15033,1.424,35.526,24.657,30.6,23.258,4.864,8.108,6.794
15034,1.437,35.624,24.606,30.553,23.251,4.743,7.987,6.633
15035,1.408,35.635,24.684,30.562,23.251,4.783,8.027,6.631
15036,1.385,35.529,24.607,30.562,23.254,4.824,7.946,6.672
15037,1.339,35.682,24.641,30.562,23.258,4.702,7.986,6.753
15038,1.316,35.779,24.645,30.553,23.247,4.742,7.946,6.673
15039,1.261,35.646,24.649,30.533,23.24,4.701,7.905,6.794
15040,1.205,35.433,24.653,30.552,23.251,4.701,7.985,6.795
15041,1.149,35.575,24.614,30.543,23.251,4.66,7.824,6.836
15042,1.103,35.653,24.657,30.543,23.244,4.66,7.863,6.958
15043,1.037,35.472,24.638,30.553,23.251,4.7,7.944,7.326
15044,0.978,35.585,24.637,30.591,23.258,4.863,8.026,7.614
15045,0.925,35.711,24.688,30.563,23.251,4.743,7.946,7.657
15046,0.818,35.818,24.622,30.572,23.247,4.742,7.986,7.983
15047,0.755,35.358,24.665,30.572,23.247,4.742,7.946,8.149
15048,0.689,35.469,24.645,30.582,23.251,4.783,7.945,8.435
15049,0.627,35.604,24.665,30.572,23.254,4.742,7.864,8.641
15050,0.567,35.663,24.638,30.524,23.24,4.661,7.782,8.847
15051,0.541,35.395,24.626,30.552,23.247,4.741,7.822,9.011
15052,0.508,35.517,24.657,30.562,23.247,4.742,7.781,9.216
15053,0.482,35.653,24.634,30.543,23.251,4.701,7.781,9.34
15054,0.472,35.731,24.657,30.543,23.247,4.782,7.862,9.586
15055,0.491,35.338,24.661,30.61,23.258,4.824,7.985,9.791
15056,0.52,35.497,24.642,30.62,23.251,4.702,7.783,9.712
15057,0.534,35.624,24.645,30.572,23.254,4.742,7.781,9.874
15058,0.576,35.663,24.676,30.572,23.254,4.742,7.822,9.997
15059,0.609,35.462,24.7,30.572,23.254,4.864,7.781,10.161
15060,0.626,35.614,24.63,30.562,23.244,4.743,7.618,10.163
15061,0.652,35.692,24.626,30.553,23.244,4.783,7.739,10.488
15062,0.701,35.741,24.665,30.553,23.247,4.702,7.659,10.654
15063,0.714,35.3,24.63,30.562,23.247,4.66,7.495,10.981
15064,0.715,35.43,24.622,30.553,23.24,4.741,7.575,11.228
15065,0.724,35.537,24.688,30.581,23.244,4.742,7.575,11.678
15066,0.744,35.969,24.646,30.601,23.258,4.864,7.616,11.967
15067,0.754,35.533,24.641,30.572,23.247,4.743,7.617,12.214
15068,0.77,35.653,24.641,30.572,23.254,4.783,7.535,12.42
15069,0.77,35.76,24.708,30.572,23.251,4.783,7.575,12.625
15070,0.774,35.415,24.661,30.591,23.251,4.824,7.616,12.79
15071,0.774,35.393,24.661,30.572,23.244,4.661,7.413,12.751
15072,0.764,35.508,24.645,30.553,23.247,4.741,7.452,12.913
15073,0.78,35.595,24.63,30.581,23.251,4.701,7.412,12.915
15074,0.784,35.289,24.641,30.553,23.254,4.742,7.371,12.833
15075,0.79,35.411,24.618,30.553,23.247,4.742,7.37,12.832
15076,0.787,35.565,24.645,30.62,23.254,4.783,7.452,12.832
15077,0.793,35.672,24.637,30.611,23.268,4.946,7.493,12.995
15078,0.787,35.299,24.649,30.572,23.254,4.785,7.412,12.753
15079,0.774,35.42,24.7,30.572,23.254,4.783,7.371,12.709
15080,0.764,35.556,24.658,30.582,23.251,4.783,7.411,12.546
15081,0.767,35.644,24.645,30.572,23.251,4.824,7.493,12.464
15082,0.774,35.261,24.669,30.562,23.244,4.743,7.29,12.341
15083,0.758,35.362,24.634,30.553,23.244,4.62,7.329,12.258
15084,0.751,35.517,24.637,30.581,23.254,4.781,7.329,12.217
15085,0.757,35.576,24.641,30.572,23.247,4.742,7.37,12.135
15086,0.751,35.327,24.622,30.572,23.251,4.661,7.289,12.053
15087,0.761,35.469,24.61,30.572,23.247,4.66,7.288,11.971
15088,0.767,35.576,24.61,30.61,23.265,4.904,7.451,12.051
15089,0.783,35.644,24.715,30.582,23.251,4.744,7.33,11.808
15090,0.774,35.328,24.623,30.572,23.251,4.783,7.37,11.765
15091,0.771,35.478,24.672,30.582,23.251,4.864,7.37,11.642
15092,0.787,35.595,24.677,30.591,23.251,4.784,7.452,11.56
15093,0.787,35.615,24.649,30.601,23.254,4.783,7.29,11.356
15094,0.797,35.366,24.649,30.544,23.244,4.661,7.125,11.151
15095,0.787,35.507,24.653,30.581,23.247,4.782,7.205,11.108
15096,0.79,35.624,24.641,30.62,23.251,4.702,7.247,10.985
15097,0.78,35.414,24.583,30.572,23.247,4.742,7.247,10.822
15098,0.777,35.259,24.609,30.562,23.247,4.661,7.247,10.739
15099,0.767,35.41,24.676,30.591,23.254,4.822,7.369,10.738
15100,0.783,35.556,24.646,30.611,23.261,4.824,7.37,10.575
15101,0.764,35.298,24.634,30.601,23.247,4.824,7.33,10.492
15102,0.774,35.401,24.68,30.582,23.251,4.824,7.37,10.288
15103,0.774,35.556,24.661,30.601,23.254,4.783,7.452,10.205
15104,0.774,35.644,24.661,30.601,23.254,4.824,7.412,10.123
15105,0.771,35.175,24.653,30.563,23.247,4.661,7.249,9.919
15106,0.754,35.304,24.606,30.591,23.244,4.782,7.369,9.835
15107,0.78,35.449,24.618,30.582,23.247,4.783,7.37,9.753
15108,0.774,35.527,24.645,30.563,23.244,4.702,7.452,9.549
15109,0.784,35.231,24.669,30.572,23.244,4.66,7.452,9.466
15110,0.787,35.391,24.645,30.582,23.251,4.782,7.534,9.546
15111,0.81,35.565,24.645,30.61,23.265,4.824,7.616,9.425
15112,0.8,35.596,24.606,30.601,23.251,4.743,7.576,9.302
15113,0.8,35.193,24.637,30.572,23.244,4.783,7.575,9.26
15114,0.807,35.333,24.669,30.582,23.254,4.824,7.657,9.097
15115,0.807,35.44,24.634,30.601,23.251,4.783,7.658,9.095
15116,0.816,35.518,24.63,30.572,23.244,4.661,7.617,8.851
15117,0.794,35.394,24.583,30.582,23.244,4.741,7.698,8.889
15118,0.793,35.556,24.633,30.582,23.254,4.783,7.658,8.727
15119,0.79,35.663,24.618,30.572,23.247,4.702,7.739,8.644
15120,0.784,35.712,24.606,30.572,23.24,4.701,7.699,8.603
15121,0.793,35.357,24.629,30.572,23.254,4.742,7.902,8.643
15122,0.79,35.507,24.653,30.639,23.265,4.905,7.985,8.603
15123,0.793,35.624,24.649,30.582,23.248,4.825,7.864,8.44
15124,0.78,35.663,24.645,30.601,23.251,4.783,7.944,8.438
15125,0.784,35.127,24.645,30.591,23.247,4.783,7.945,8.438
15126,0.784,35.256,24.645,30.611,23.254,4.742,7.945,8.397
15127,0.8,35.372,24.591,30.582,23.24,4.661,7.783,8.112
15128,0.79,35.277,24.629,30.572,23.247,4.741,7.862,8.191
15129,0.8,35.401,24.633,30.572,23.251,4.742,7.822,8.151
15130,0.8,35.527,24.637,30.572,23.247,4.661,7.944,8.028
15131,0.8,35.605,24.645,30.591,23.247,4.7,7.823,8.027
15132,0.807,35.174,24.634,30.572,23.258,4.782,7.944,8.149
15133,0.816,35.342,24.661,30.63,23.268,4.946,8.026,8.028
15134,0.82,35.43,24.638,30.592,23.251,4.785,7.865,7.946
15135,0.817,35.527,24.641,30.591,23.251,4.824,7.822,7.864
15136,0.823,35.106,24.614,30.582,23.251,4.824,7.863,7.863
15137,0.82,35.255,24.602,30.582,23.258,4.783,7.904,7.863
15138,0.813,35.362,24.653,30.582,23.241,4.661,7.701,7.66
15139,0.797,35.421,24.665,30.582,23.251,4.741,7.821,7.739
15140,0.79,35.211,24.642,30.591,23.251,4.742,7.741,7.699
15141,0.793,35.362,24.665,30.563,23.244,4.742,7.699,7.618
15142,0.784,35.45,24.63,30.572,23.244,4.701,7.618,7.576
15143,0.787,35.547,24.645,30.582,23.254,4.782,7.861,7.698
15144,0.8,35.222,24.645,30.61,23.261,4.824,7.741,7.699
15145,0.787,35.333,24.645,30.582,23.251,4.783,7.781,7.658
15146,0.784,35.449,24.649,30.591,23.254,4.742,7.659,7.617
15147,0.797,35.508,24.634,30.591,23.251,4.783,7.78,7.535
15148,0.803,35.173,24.68,30.601,23.258,4.824,7.74,7.494
15149,0.807,35.304,24.653,30.572,23.244,4.621,7.537,7.29
15150,0.803,35.401,24.626,30.572,23.251,4.7,7.616,7.369
15151,0.813,35.45,24.626,30.582,23.247,4.742,7.576,7.37
15152,0.82,35.221,24.61,30.572,23.251,4.742,7.575,7.289
15153,0.817,35.352,24.606,30.572,23.244,4.701,7.575,7.329
15154,0.833,35.469,24.649,30.591,23.261,4.823,7.657,7.492
15155,0.833,35.355,24.653,30.601,23.251,4.824,7.536,7.29
15156,0.826,35.354,24.634,30.582,23.254,4.743,7.494,7.329
15157,0.817,35.488,24.637,30.591,23.254,4.742,7.494,7.289
15158,0.826,35.595,24.661,30.582,23.258,4.823,7.534,7.329
15159,0.817,35.03,24.645,30.61,23.251,4.783,7.494,7.289
15160,0.81,35.101,24.649,30.563,23.244,4.661,7.412,7.044
15161,0.807,35.246,24.653,30.582,23.254,4.782,7.452,7.204
15162,0.816,35.334,24.634,30.572,23.247,4.824,7.412,7.165
15163,0.803,35.152,24.61,30.562,23.251,4.743,7.452,7.124
15164,0.787,35.265,24.657,30.572,23.251,4.701,7.33,7.083
15165,0.797,35.43,24.63,30.582,23.254,4.823,7.492,7.286
15166,0.807,35.527,24.637,30.601,23.265,4.824,7.453,7.166
15167,0.82,35.145,24.602,30.572,23.251,4.743,7.33,7.124
15168,0.82,35.256,24.625,30.572,23.254,4.742,7.451,7.083
15169,0.82,35.382,24.665,30.582,23.254,4.823,7.412,7.083
15170,0.823,35.469,24.665,30.582,23.251,4.783,7.411,7.042
15171,0.83,35.067,24.63,30.572,23.244,4.702,7.249,6.879
15172,0.826,35.169,24.622,30.562,23.244,4.742,7.328,6.959
15173,0.843,35.333,24.629,30.572,23.251,4.742,7.248,6.96
15174,0.843,35.373,24.657,30.562,23.247,4.701,7.247,6.96
15175,0.836,35.095,24.595,30.553,23.24,4.742,7.247,6.919
15176,0.846,35.255,24.625,30.562,23.247,4.783,7.328,7.041
15177,0.853,35.401,24.614,30.61,23.261,4.905,7.37,7.001
15178,0.827,35.393,24.653,30.582,23.254,4.784,7.411,6.879
15179,0.833,35.086,24.641,30.572,23.244,4.742,7.33,6.918
15180,0.826,35.236,24.594,30.572,23.251,4.783,7.329,6.959
15181,0.83,35.343,24.625,30.582,23.251,4.824,7.37,6.96
15182,0.826,35.315,24.645,30.572,23.244,4.702,7.208,6.756
15183,0.817,35.123,24.622,30.534,23.247,4.701,7.247,6.754
15184,0.807,35.275,24.637,30.572,23.251,4.742,7.288,6.795
15185,0.82,35.372,24.637,30.572,23.251,4.783,7.288,6.795
15186,0.813,35.076,24.645,30.562,23.247,4.702,7.207,6.714
15187,0.82,35.169,24.598,30.562,23.247,4.742,7.287,6.794
15188,0.843,35.314,24.653,30.591,23.258,4.905,7.451,6.877
15189,0.843,35.401,24.661,30.572,23.254,4.744,7.371,6.837
15190,0.853,35.019,24.61,30.562,23.251,4.742,7.37,6.877
15191,0.846,35.178,24.641,30.572,23.251,4.783,7.411,6.796
15192,0.859,35.285,24.622,30.572,23.258,4.864,7.411,6.836
15193,0.866,35.411,24.637,30.553,23.244,4.702,7.33,6.633
15194,0.862,34.961,24.661,30.533,23.244,4.66,7.41,6.712
15195,0.859,35.12,24.657,30.533,23.251,4.782,7.411,6.672
15196,0.866,35.217,24.665,30.552,23.247,4.702,7.411,6.672
15197,0.853,35.295,24.606,30.543,23.24,4.66,7.452,6.631
15198,0.843,35.305,24.637,30.533,23.251,4.741,7.412,6.753
15199,0.849,35.459,24.657,30.6,23.265,4.864,7.615,6.754
15200,0.849,35.585,24.618,30.572,23.248,4.743,7.576,6.632
15201,0.846,35.634,24.622,30.543,23.247,4.783,7.616,6.631
15202,0.846,34.925,24.625,30.562,23.251,4.742,7.617,6.672
15203,0.846,35.081,24.649,30.572,23.258,4.823,7.698,6.631
15204,0.846,35.198,24.653,30.582,23.244,4.743,7.577,6.631
15205,0.833,35.199,24.63,30.515,23.244,4.661,7.575,6.59
15206,0.833,35.093,24.661,30.562,23.251,4.741,7.575,6.59
15207,0.843,35.227,24.602,30.562,23.251,4.742,7.575,6.549
15208,0.853,35.343,24.606,30.534,23.244,4.701,7.535,6.468
15209,0.853,35.68,24.641,30.533,23.247,4.742,7.575,6.548
15210,0.856,35.012,24.633,30.591,23.254,4.864,7.82,6.712
15211,0.879,35.187,24.657,30.582,23.254,4.824,7.659,6.632
15212,0.869,35.256,24.599,30.543,23.247,4.743,7.658,6.59
15213,0.879,35.094,24.637,30.553,23.254,4.783,7.617,6.509
15214,0.879,35.14,24.657,30.553,23.254,4.824,7.779,6.549
15215,0.885,35.285,24.653,30.553,23.251,4.824,7.659,6.59
15216,0.876,35.372,24.622,30.524,23.244,4.661,7.536,6.468
15217,0.859,34.961,24.59,30.524,23.244,4.782,7.534,6.548
15218,0.879,35.081,24.656,30.543,23.244,4.783,7.575,6.468
15219,0.866,35.198,24.641,30.514,23.244,4.783,7.535,6.426
15220,0.862,35.285,24.633,30.533,23.24,4.702,7.453,6.466
15221,0.862,34.941,24.645,30.543,23.247,4.823,7.574,6.629
15222,0.879,35.11,24.626,30.572,23.265,4.865,7.535,6.631
15223,0.866,35.227,24.653,30.543,23.254,4.784,7.453,6.55
15224,0.862,35.314,24.657,30.543,23.251,4.824,7.452,6.59
15225,0.859,34.932,24.606,30.553,23.251,4.783,7.452,6.631
15226,0.872,35.11,24.59,30.562,23.258,4.824,7.493,6.672
15227,0.876,35.227,24.598,30.543,23.244,4.743,7.29,6.469
15228,0.872,35.237,24.641,30.514,23.24,4.783,7.369,6.589
15229,0.879,34.892,24.641,30.543,23.251,4.783,7.37,6.468
15230,0.885,35.014,24.641,30.533,23.251,4.742,7.33,6.507
15231,0.892,35.139,24.626,30.524,23.244,4.742,7.289,6.467
15232,0.892,35.169,24.645,30.524,23.251,4.823,7.329,6.548
15233,0.905,35.026,24.634,30.572,23.261,4.946,7.41,6.712
15234,0.921,35.14,24.645,30.534,23.251,4.825,7.33,6.51
15235,0.912,35.246,24.63,30.533,23.254,4.905,7.329,6.549
15236,0.912,35.286,24.61,30.533,23.254,4.906,7.329,6.508
15237,0.905,35.065,24.618,30.533,23.254,4.987,7.289,6.589
15238,0.902,35.197,24.645,30.524,23.254,4.826,7.207,6.468
15239,0.895,35.247,24.657,30.514,23.251,4.824,7.247,6.507
15240,0.905,35.084,24.645,30.524,23.251,4.824,7.288,6.467
15241,0.899,34.968,24.634,30.524,23.251,4.824,7.247,6.467
15242,0.905,35.12,24.633,30.504,23.244,4.824,7.247,6.426
15243,0.905,35.217,24.606,30.504,23.247,4.946,7.247,6.466
15244,0.902,35.036,24.657,30.562,23.261,5.029,7.41,6.67
15245,0.895,35.14,24.606,30.534,23.247,4.948,7.289,6.509
15246,0.889,35.265,24.602,30.533,23.251,4.947,7.288,6.467
15247,0.902,35.353,24.625,30.533,23.251,4.988,7.288,6.507
15248,0.912,34.932,24.649,30.533,23.254,4.907,7.288,6.467
15249,0.918,35.071,24.626,30.505,23.247,4.906,7.166,6.345
15250,0.915,35.188,24.622,30.495,23.237,4.865,7.165,6.384
15251,0.935,35.285,24.618,30.523,23.251,4.987,7.206,6.507
15252,0.935,35.037,24.567,30.504,23.244,4.907,7.125,6.467
15253,0.938,35.178,24.59,30.514,23.251,4.947,7.043,6.386
15254,0.948,35.285,24.645,30.495,23.254,4.988,7.164,6.466
15255,0.961,35.401,24.61,30.562,23.261,5.029,7.246,6.507
15256,0.948,35.019,24.598,30.505,23.251,4.989,7.125,6.427
15257,0.951,35.159,24.614,30.523,23.254,4.988,7.083,6.426
15258,0.948,35.275,24.668,30.504,23.251,5.029,7.083,6.466
15259,0.945,35.334,24.591,30.523,23.254,5.03,7.083,6.426
15260,0.935,35.056,24.606,30.504,23.244,4.948,6.92,6.344
15261,0.928,35.169,24.618,30.485,23.24,4.866,6.959,6.384
15262,0.951,35.294,24.622,30.504,23.251,5.028,7.0,6.385
15263,0.938,35.353,24.614,30.495,23.244,4.948,6.919,6.425
15264,0.935,35.162,24.668,30.485,23.247,4.947,6.837,6.344
15265,0.931,35.294,24.606,30.504,23.251,5.069,6.958,6.466
15266,0.948,35.459,24.657,30.543,23.261,5.111,7.041,6.467
15267,0.951,35.508,24.626,30.514,23.244,5.03,6.92,6.467
15268,0.971,35.279,24.668,30.504,23.251,4.989,6.959,6.467
15269,0.977,35.401,24.638,30.514,23.251,5.11,6.96,6.507
15270,0.984,35.517,24.587,30.524,23.258,5.071,6.878,6.427
15271,0.987,35.25,24.602,30.504,23.247,4.948,6.796,6.222
15272,0.978,35.286,24.575,30.495,23.244,5.11,6.917,6.424
15273,0.99,35.439,24.594,30.495,23.254,4.989,6.837,6.344
15274,0.997,35.546,24.668,30.475,23.244,4.948,6.755,6.343
15275,1.004,35.346,24.595,30.475,23.244,4.947,6.795,6.303
15276,1.01,35.498,24.629,30.494,23.258,5.029,6.917,6.506
15277,1.014,35.653,24.626,30.523,23.265,5.233,6.919,6.386
15278,1.01,35.721,24.692,30.495,23.251,4.991,6.878,6.344
15279,1.004,35.482,24.626,30.495,23.254,5.029,6.918,6.343
15280,0.991,35.643,24.618,30.495,23.247,5.03,6.919,6.425
15281,1.004,35.769,24.618,30.495,23.254,5.07,6.919,6.385
15282,1.004,35.818,24.579,30.475,23.251,4.989,6.796,6.303
15283,0.994,35.569,24.617,30.456,23.244,4.988,6.917,6.384
15284,0.997,35.739,24.668,30.494,23.251,5.029,6.837,6.385
15285,1.01,35.847,24.595,30.475,23.244,5.07,6.877,6.385
15286,1.001,35.915,24.637,30.475,23.247,4.989,6.796,6.344
15287,1.007,35.791,24.622,30.466,23.247,5.07,6.958,6.384
15288,1.043,35.972,24.688,30.513,23.258,5.193,7.0,6.425
15289,1.037,36.07,24.595,30.466,23.247,5.031,6.838,6.385
15290,1.046,36.09,24.574,30.475,23.247,5.07,6.918,6.344
15291,1.043,35.956,24.609,30.475,23.254,5.03,6.919,6.384
15292,1.046,36.079,24.575,30.504,23.251,5.03,6.959,6.303
15293,1.063,36.186,24.598,30.466,23.247,4.989,6.838,6.14
15294,1.056,36.196,24.668,30.456,23.247,5.029,6.918,6.219
15295,1.066,36.081,24.638,30.465,23.251,4.989,6.959,6.302
15296,1.066,36.195,24.63,30.456,23.247,5.029,6.919,6.262
15297,1.063,36.283,24.622,30.446,23.244,4.907,6.959,6.18
15298,1.066,36.264,24.668,30.465,23.247,5.069,7.082,6.342
15299,1.073,36.379,24.653,30.494,23.265,5.152,7.083,6.303
15300,1.066,36.476,24.638,30.456,23.251,5.031,7.083,6.262
15301,1.063,36.592,24.614,30.465,23.251,5.03,7.123,6.302
15302,1.066,36.584,24.625,30.446,23.254,5.07,7.165,6.221
15303,1.066,36.718,24.641,30.465,23.251,5.111,7.165,6.302
15304,1.053,36.825,24.645,30.456,23.251,5.071,7.084,6.221
15305,1.053,36.884,24.626,30.446,23.244,5.03,7.083,6.22
15306,1.063,36.338,24.637,30.456,23.251,5.03,7.123,6.18
15307,1.086,36.457,24.598,30.456,23.244,5.07,7.124,6.261
15308,1.076,36.554,24.629,30.427,23.24,4.989,7.002,6.18
15309,1.076,36.632,24.672,30.436,23.251,5.029,7.123,6.139
15310,1.092,36.795,24.626,30.465,23.261,5.111,7.287,6.382
15311,1.099,36.95,24.649,30.456,23.247,5.152,7.207,6.263
15312,1.099,37.038,24.595,30.504,23.247,5.071,7.165,6.262
15313,1.106,37.106,24.59,30.466,23.254,5.111,7.206,6.302
15314,1.122,36.714,24.645,30.437,23.254,5.112,7.206,6.302
15315,1.112,36.854,24.552,30.465,23.254,5.071,7.125,6.221
15316,1.102,36.932,24.605,30.427,23.234,4.989,7.124,6.139
15317,1.109,36.99,24.618,30.436,23.251,5.11,7.205,6.219
15318,1.096,36.904,24.641,30.437,23.247,5.03,7.125,6.18
15319,1.099,37.038,24.622,30.437,23.247,4.989,7.083,6.179
15320,1.096,37.154,24.606,30.427,23.24,5.029,7.123,6.22
15321,1.099,37.184,24.618,30.436,23.258,5.151,7.327,6.383
15322,1.109,37.261,24.622,30.456,23.254,5.071,7.207,6.303
15323,1.096,37.358,24.622,30.437,23.247,5.111,7.247,6.221
15324,1.086,37.464,24.645,30.446,23.254,5.152,7.206,6.302
15325,1.092,37.341,24.634,30.446,23.254,5.112,7.328,6.343
15326,1.099,37.138,24.594,30.437,23.254,5.071,7.289,6.262
15327,1.093,37.232,24.563,30.408,23.24,4.948,7.207,6.139
15328,1.099,37.338,24.578,30.417,23.251,5.069,7.206,6.26
15329,1.106,37.263,24.621,30.417,23.247,4.989,7.247,6.18
15330,1.099,37.387,24.61,30.417,23.244,4.988,7.166,6.179
15331,1.102,37.503,24.618,30.417,23.24,4.988,7.206,6.22
15332,1.106,37.59,24.602,30.417,23.251,5.07,7.409,6.342
15333,1.112,37.284,24.602,30.455,23.261,5.193,7.452,6.262
15334,1.106,37.377,24.66,30.418,23.247,5.072,7.412,6.221
15335,1.106,37.484,24.61,30.417,23.247,5.07,7.452,6.261
15336,1.106,37.59,24.621,30.417,23.254,5.07,7.493,6.302
15337,1.099,37.39,24.622,30.427,23.265,5.03,7.534,6.302
15338,1.089,37.522,24.641,30.417,23.251,4.989,7.372,6.058
15339,1.063,37.6,24.587,30.398,23.244,5.029,7.452,6.259
15340,1.069,37.706,24.625,30.407,23.251,5.07,7.412,6.262
15341,1.06,37.525,24.606,30.407,23.247,4.989,7.452,6.221
15342,1.04,37.639,24.602,30.407,23.247,4.948,7.371,6.22
15343,1.03,37.764,24.61,30.398,23.254,5.029,7.533,6.302
15344,1.03,37.852,24.653,30.436,23.261,5.151,7.657,6.384
15345,1.027,37.556,24.587,30.408,23.247,5.071,7.576,6.263
15346,1.014,37.658,24.594,30.417,23.251,5.111,7.535,6.302
15347,1.014,37.774,24.602,30.417,23.251,5.071,7.616,6.302
15348,1.014,37.804,24.629,30.408,23.251,5.07,7.698,6.302
15349,1.007,37.67,24.641,30.388,23.254,4.908,7.536,6.18
15350,0.994,37.774,24.626,30.369,23.237,4.987,7.575,6.22
15351,0.987,37.9,24.606,30.397,23.254,4.948,7.616,6.22
15352,0.991,38.237,24.563,30.388,23.251,4.988,7.698,6.139
15353,0.978,37.895,24.594,30.369,23.244,4.907,7.536,6.219
15354,0.977,37.987,24.645,30.388,23.247,5.028,7.657,6.302
15355,0.99,38.132,24.602,30.417,23.258,5.151,7.739,6.343
15356,0.981,37.702,24.598,30.388,23.251,4.99,7.577,6.221
15357,0.958,37.65,24.629,30.388,23.254,5.029,7.575,6.261
15358,0.948,37.784,24.649,30.388,23.254,4.989,7.616,6.221
15359,0.935,37.89,24.622,30.388,23.254,5.11,7.617,6.261
15360,0.925,37.671,24.641,30.379,23.244,4.949,7.495,6.139
15361,0.905,37.765,24.598,30.35,23.244,4.988,7.494,6.219
15362,0.915,37.929,24.61,30.369,23.254,5.029,7.534,6.22
15363,0.905,37.988,24.629,30.359,23.247,4.989,7.453,6.22
15364,0.889,37.557,24.618,30.359,23.247,4.988,7.412,6.22
15365,0.882,37.687,24.614,30.359,23.247,5.029,7.533,6.383
15366,0.879,37.87,24.641,30.417,23.265,5.111,7.534,6.344
15367,0.872,37.891,24.633,30.36,23.248,4.989,7.453,6.343
15368,0.879,37.738,24.669,30.369,23.251,5.029,7.452,6.262
15369,0.876,37.871,24.642,30.369,23.254,4.989,7.412,6.302
15370,0.882,38.026,24.594,30.369,23.254,4.988,7.452,6.425
15371,0.879,38.065,24.59,30.35,23.251,4.988,7.29,6.263
15372,0.859,37.596,24.543,30.321,23.24,4.907,7.369,6.343
15373,0.869,37.764,24.586,30.349,23.251,5.028,7.248,6.221
15374,0.869,37.842,24.672,30.34,23.254,4.948,7.288,6.302
15375,0.859,37.901,24.571,30.349,23.237,4.947,7.288,6.262
15376,0.856,37.709,24.613,30.349,23.251,4.947,7.288,6.302
15377,0.849,37.89,24.645,30.378,23.261,5.11,7.451,6.506
15378,0.846,37.997,24.684,30.35,23.251,5.03,7.29,6.345
15379,0.833,37.979,24.634,30.359,23.251,4.907,7.288,6.343
15380,0.82,37.739,24.587,30.349,23.251,4.987,7.207,6.384
15381,0.813,37.871,24.613,30.349,23.254,5.029,7.247,6.466
15382,0.813,37.958,24.594,30.359,23.251,4.989,7.125,6.386
15383,0.797,37.777,24.578,30.321,23.237,4.866,7.083,6.344
15384,0.8,37.718,24.637,30.359,23.244,4.987,7.245,6.466
15385,0.79,37.832,24.591,30.321,23.251,4.988,7.084,6.345
15386,0.784,37.948,24.617,30.32,23.247,4.948,7.042,6.384
15387,0.784,37.604,24.637,30.32,23.244,4.907,7.082,6.344
15388,0.797,37.716,24.669,30.359,23.261,5.069,7.286,6.466
15389,0.807,37.851,24.7,30.349,23.258,5.03,7.125,6.345
15390,0.803,37.901,24.634,30.321,23.254,4.948,7.165,6.466
15391,0.794,37.681,24.633,30.32,23.251,4.988,7.124,6.426
15392,0.793,37.822,24.587,30.34,23.247,4.988,7.205,6.426
15393,0.797,37.939,24.59,30.33,23.244,4.988,7.247,6.426
15394,0.8,37.988,24.645,30.292,23.244,4.866,7.125,6.182
15395,0.797,37.538,24.548,30.31,23.251,4.987,7.205,6.342
15396,0.807,37.706,24.582,30.301,23.251,4.988,7.206,6.384
15397,0.794,37.813,24.606,30.311,23.251,4.907,7.165,6.385
15398,0.784,37.881,24.653,30.301,23.247,4.865,7.165,6.344
15399,0.784,37.517,24.634,30.32,23.251,4.987,7.287,6.466
15400,0.784,37.725,24.614,30.34,23.261,5.07,7.288,6.386
15401,0.767,37.794,24.637,30.292,23.251,4.989,7.288,6.344
15402,0.764,37.843,24.598,30.291,23.254,4.988,7.288,6.384
15403,0.77,37.623,24.59,30.291,23.254,4.988,7.288,6.466
15404,0.764,37.755,24.676,30.33,23.258,4.988,7.288,6.426
15405,0.754,37.861,24.587,30.301,23.247,4.826,7.166,6.222
15406,0.741,37.862,24.598,30.311,23.251,4.946,7.246,6.424
15407,0.767,37.632,24.598,30.301,23.254,4.947,7.288,6.385
15408,0.767,37.755,24.68,30.272,23.254,4.947,7.166,6.303
15409,0.761,37.833,24.638,30.282,23.237,4.825,7.124,6.262
15410,0.777,37.853,24.626,30.291,23.247,4.905,7.205,6.465
15411,0.79,37.661,24.641,30.32,23.265,5.069,7.328,6.426
15412,0.78,37.755,24.622,30.34,23.244,4.908,7.207,6.385
15413,0.784,37.852,24.594,30.282,23.254,4.987,7.287,6.385
15414,0.793,37.498,24.641,30.291,23.254,4.907,7.166,6.425
15415,0.79,37.571,24.622,30.32,23.254,4.947,7.206,6.344
15416,0.793,37.697,24.59,30.253,23.254,4.866,7.043,6.221
15417,0.774,37.736,24.567,30.262,23.247,4.865,7.123,6.302
15418,0.78,37.593,24.641,30.281,23.254,4.906,7.165,6.262
15419,0.777,37.697,24.571,30.282,23.247,4.865,7.084,6.262
15420,0.761,37.813,24.547,30.262,23.254,4.824,7.042,6.343
15421,0.767,37.91,24.605,30.262,23.247,4.824,7.082,6.425
15422,0.761,37.345,24.563,30.301,23.268,5.068,7.245,6.466
15423,0.767,37.474,24.605,30.263,23.251,4.948,7.044,6.426
15424,0.751,37.571,24.637,30.272,23.251,4.907,7.123,6.385
15425,0.754,37.677,24.594,30.272,23.251,4.987,7.124,6.425
15426,0.757,37.477,24.625,30.272,23.258,4.948,7.124,6.426
15427,0.761,37.609,24.594,30.262,23.254,4.907,7.043,6.222
15428,0.754,37.697,24.637,30.234,23.244,4.825,7.042,6.261
15429,0.774,37.765,24.575,30.262,23.251,4.905,7.082,6.384
15430,0.787,37.42,24.578,30.262,23.251,4.906,7.042,6.385
15431,0.78,37.532,24.586,30.243,23.251,4.865,7.042,6.263
15432,0.754,37.648,24.578,30.243,23.244,4.906,7.082,6.343
15433,0.783,37.726,24.602,30.281,23.265,5.069,7.286,6.547
15434,0.8,37.401,24.645,30.253,23.248,4.948,7.125,6.346
15435,0.784,37.522,24.555,30.253,23.251,4.947,7.083,6.384
15436,0.793,37.629,24.605,30.253,23.251,4.988,7.123,6.344
15437,0.79,37.879,24.621,30.243,23.261,4.988,7.043,6.425
15438,0.784,37.412,24.645,30.233,23.254,4.866,7.042,6.304
15439,0.774,37.513,24.567,30.214,23.24,4.784,6.879,6.302
15440,0.771,37.629,24.57,30.223,23.251,4.905,7.0,6.302
15441,0.77,37.467,24.605,30.233,23.251,4.865,7.082,6.302
15442,0.77,37.504,24.551,30.224,23.244,4.865,6.961,6.302
15443,0.757,37.619,24.605,30.233,23.251,4.865,7.0,6.343
15444,0.761,37.726,24.657,30.243,23.258,4.987,7.163,6.466
15445,0.77,37.334,24.63,30.252,23.254,4.948,7.043,6.426
15446,0.761,37.435,24.606,30.224,23.251,4.988,7.001,6.426
15447,0.761,37.542,24.61,30.233,23.251,4.907,7.123,6.344
15448,0.783,37.629,24.629,30.224,23.258,4.906,7.043,6.425
15449,0.787,37.179,24.579,30.243,23.254,4.947,7.123,6.344
15450,0.784,37.319,24.582,30.185,23.244,4.785,6.921,6.181
15451,0.784,37.445,24.606,30.214,23.258,4.824,6.959,6.301
15452,0.79,37.542,24.59,30.204,23.254,4.865,7.0,6.384
15453,0.787,37.236,24.59,30.185,23.247,4.824,6.919,6.303
15454,0.787,37.358,24.625,30.185,23.244,4.824,6.959,6.302
15455,0.81,37.531,24.626,30.223,23.261,5.027,7.122,6.506
15456,0.813,37.591,24.594,30.195,23.258,4.907,6.921,6.386
15457,0.794,37.256,24.629,30.185,23.254,4.865,7.0,6.344
15458,0.787,37.386,24.653,30.194,23.251,4.906,6.96,6.343
15459,0.784,37.532,24.598,30.214,23.254,4.865,7.0,6.425
15460,0.787,37.552,24.617,30.185,23.251,4.906,6.838,6.344
15461,0.774,37.313,24.582,30.156,23.244,4.865,6.877,6.343
15462,0.784,37.464,24.555,30.165,23.254,4.865,6.959,6.384
15463,0.777,37.58,24.594,30.175,23.254,4.906,6.96,6.344
15464,0.761,37.591,24.645,30.146,23.244,4.825,6.878,6.343
15465,0.761,37.265,24.591,30.165,23.251,4.824,6.959,6.343
15466,0.774,37.406,24.617,30.185,23.261,4.946,7.082,6.466
15467,0.777,37.532,24.622,30.175,23.251,4.907,6.88,6.345
15468,0.78,37.408,24.665,30.146,23.254,4.906,7.0,6.384
15469,0.79,37.321,24.63,30.165,23.254,4.906,7.001,6.425
15470,0.8,37.464,24.629,30.165,23.251,4.865,7.041,6.385
15471,0.794,37.571,24.629,30.146,23.251,4.824,6.96,6.303
15472,0.79,37.227,24.493,30.137,23.247,4.865,6.838,6.343
15473,0.806,37.338,24.581,30.165,23.251,4.865,6.837,6.343
15474,0.807,37.454,24.668,30.137,23.244,4.824,6.877,6.303
15475,0.803,37.532,24.517,30.127,23.251,4.824,6.877,6.262
15476,0.807,37.121,24.585,30.127,23.247,4.783,6.918,6.343
15477,0.813,37.251,24.625,30.165,23.261,4.986,7.122,6.547
15478,0.813,37.386,24.645,30.137,23.254,4.907,6.921,6.386
15479,0.8,37.445,24.618,30.136,23.251,4.865,6.878,6.385
15480,0.794,37.293,24.618,30.146,23.254,4.865,6.959,6.385
15481,0.79,37.454,24.637,30.127,23.251,4.906,6.919,6.425
15482,0.787,37.58,24.583,30.117,23.247,4.784,6.796,6.304
15483,0.777,37.591,24.582,30.098,23.244,4.824,6.836,6.343
15484,0.78,37.15,24.649,30.107,23.251,4.865,6.796,6.343
15485,0.767,37.28,24.567,30.107,23.247,4.824,6.755,6.384
15486,0.767,37.387,24.594,30.107,23.244,4.824,6.714,6.303
15487,0.774,37.417,24.574,30.098,23.254,4.824,6.794,6.425
15488,0.787,37.225,24.687,30.117,23.268,5.027,6.958,6.466
15489,0.793,37.348,24.634,30.098,23.251,4.826,6.797,6.386
15490,0.793,37.435,24.645,30.107,23.251,4.865,6.795,6.425
15491,0.803,37.475,24.634,30.107,23.254,4.906,6.714,6.426
15492,0.8,37.254,24.618,30.117,23.254,4.906,6.794,6.385
15493,0.807,37.367,24.594,30.098,23.251,4.784,6.673,6.263
15494,0.797,37.445,24.614,30.05,23.24,4.742,6.672,6.343
15495,0.813,37.628,24.621,30.088,23.251,4.823,6.753,6.343
15496,0.82,37.179,24.598,30.069,23.247,4.824,6.714,6.221
15497,0.807,37.309,24.617,30.088,23.244,4.702,6.632,6.261
15498,0.787,37.387,24.61,30.059,23.251,4.863,6.753,6.262
15499,0.8,37.158,24.629,30.117,23.258,4.987,6.836,6.424
15500,0.807,37.232,24.59,30.098,23.258,4.907,6.674,6.344
15501,0.79,37.338,24.61,30.069,23.251,4.865,6.753,6.343
15502,0.78,37.464,24.559,30.097,23.258,4.946,6.673,6.343
15503,0.787,37.13,24.586,30.107,23.254,4.866,6.713,6.343
15504,0.78,37.232,24.641,30.098,23.254,4.824,6.713,6.343
15505,0.774,37.348,24.61,30.069,23.237,4.743,6.591,6.181
15506,0.777,37.426,24.602,30.069,23.251,4.864,6.671,6.423
15507,0.784,37.014,24.621,30.05,23.247,4.865,6.631,6.263
15508,0.787,37.144,24.637,30.059,23.244,4.906,6.631,6.302
15509,0.787,37.242,24.524,30.069,23.24,4.784,6.509,6.262
15510,0.8,37.338,24.589,30.059,23.251,4.864,6.63,6.343
15511,0.813,37.109,24.621,30.097,23.261,4.987,6.712,6.384
15512,0.81,37.212,24.598,30.05,23.251,4.907,6.672,6.385
15513,0.813,37.348,24.59,30.068,23.254,4.906,6.631,6.303
15514,0.82,37.407,24.637,30.078,23.254,4.865,6.712,6.302
15515,0.82,37.062,24.641,30.078,23.254,4.865,6.713,6.262
15516,0.813,37.193,24.61,30.04,23.251,4.824,6.591,6.18
15517,0.8,37.28,24.59,30.03,23.247,4.783,6.631,6.301
15518,0.803,37.348,24.641,30.059,23.254,4.864,6.631,6.302
15519,0.794,37.167,24.52,30.049,23.247,4.824,6.631,6.18
15520,0.79,37.299,24.562,30.04,23.254,4.865,6.55,6.22
15521,0.784,37.406,24.594,30.04,23.251,4.824,6.712,6.302
15522,0.793,37.465,24.547,30.088,23.265,4.987,6.754,6.384
15523,0.787,37.111,24.59,30.04,23.251,4.826,6.632,6.344
15524,0.777,37.222,24.637,30.049,23.244,4.865,6.712,6.343
15525,0.774,37.319,24.563,30.059,23.251,4.906,6.672,6.343
15526,0.767,37.109,24.629,30.049,23.254,4.906,6.672,6.303
15527,0.78,37.069,24.614,30.03,23.244,4.744,6.509,6.221
15528,0.78,37.135,24.637,30.03,23.244,4.864,6.589,6.302
15529,0.787,37.27,24.579,30.04,23.247,4.824,6.59,6.302
15530,0.793,37.003,24.59,30.03,23.247,4.783,6.631,6.302
15531,0.79,37.096,24.578,30.03,23.244,4.783,6.672,6.262
15532,0.784,37.203,24.598,30.049,23.251,4.864,6.713,6.424
15533,0.806,37.338,24.598,30.068,23.268,4.946,6.754,6.344
15534,0.813,36.898,24.614,30.021,23.254,4.866,6.632,6.303
15535,0.82,37.028,24.645,30.03,23.251,4.865,6.631,6.302
15536,0.817,37.154,24.614,30.04,23.251,4.906,6.631,6.343
15537,0.8,37.242,24.645,30.03,23.254,4.947,6.672,6.343
15538,0.781,36.897,24.634,30.011,23.244,4.703,6.509,6.181
15539,0.774,37.019,24.551,30.039,23.24,4.782,6.549,6.301
15540,0.777,37.173,24.59,30.03,23.254,4.824,6.63,6.221
15541,0.774,37.223,24.574,30.011,23.251,4.783,6.59,6.18
15542,0.774,36.964,24.559,30.049,23.247,4.742,6.549,6.22
15543,0.777,37.115,24.578,30.021,23.244,4.905,6.671,6.261
15544,0.784,37.241,24.641,30.068,23.258,4.987,6.753,6.343
15545,0.774,37.29,24.614,30.04,23.251,4.907,6.592,6.303
15546,0.767,36.859,24.598,30.02,23.251,4.825,6.712,6.262
15547,0.774,36.98,24.606,30.03,23.254,4.905,6.632,6.262
15548,0.78,37.115,24.676,30.02,23.251,4.865,6.631,6.302
15549,0.787,37.136,24.552,30.011,23.247,4.784,6.59,6.14
15550,0.774,36.935,24.574,30.001,23.251,4.824,6.631,6.301
15551,0.793,37.096,24.602,30.011,23.251,4.824,6.631,6.302
15552,0.787,37.193,24.598,30.011,23.251,4.783,6.55,6.221
15553,0.79,37.098,24.582,29.991,23.24,4.742,6.63,6.261
15554,0.793,36.905,24.637,30.01,23.258,4.945,6.672,6.384
15555,0.81,37.076,24.637,30.02,23.254,4.825,6.672,6.222
15556,0.79,37.164,24.571,29.992,23.247,4.865,6.55,6.302
15557,0.793,36.849,24.617,30.001,23.258,4.865,6.63,6.302
15558,0.79,36.913,24.614,30.02,23.254,4.865,6.672,6.302
15559,0.78,37.067,24.614,30.059,23.254,4.784,6.631,6.221
15560,0.774,37.116,24.579,29.973,23.247,4.742,6.55,6.18
15561,0.777,36.81,24.582,29.981,23.251,4.864,6.63,6.22
15562,0.771,36.941,24.617,29.972,23.247,4.824,6.631,6.22
15563,0.764,37.067,24.571,29.972,23.244,4.783,6.631,6.098
15564,0.754,37.116,24.656,30.001,23.247,4.783,6.672,6.26
15565,0.761,36.867,24.634,30.02,23.265,4.946,6.794,6.302
15566,0.767,37.018,24.587,29.982,23.254,4.866,6.673,6.302
15567,0.767,37.106,24.633,29.991,23.251,4.824,6.753,6.262
15568,0.777,37.155,24.614,29.991,23.251,4.865,6.795,6.221
15569,0.774,36.858,24.645,30.03,23.254,4.865,6.714,6.261
15570,0.784,36.98,24.594,29.992,23.251,4.784,6.632,6.18
15571,0.777,37.067,24.563,29.962,23.247,4.702,6.672,6.179
15572,0.787,37.135,24.641,29.991,23.254,4.823,6.713,6.139
15573,0.787,36.8,24.591,29.982,23.251,4.824,6.672,6.219
15574,0.787,36.931,24.617,29.953,23.244,4.783,6.713,6.139
15575,0.787,37.048,24.594,29.972,23.247,4.783,6.713,6.219
15576,0.793,37.106,24.582,29.991,23.265,4.986,6.835,6.342
15577,0.797,36.906,24.621,29.982,23.258,4.785,6.714,6.14
15578,0.777,37.019,24.622,29.962,23.251,4.824,6.672,6.219
15579,0.774,37.135,24.614,30.01,23.251,4.865,6.753,6.261
15580,0.784,37.5,24.567,29.982,23.254,4.906,6.795,6.302
15581,0.78,36.9,24.586,29.982,23.251,4.825,6.673,6.18
15582,0.771,36.999,24.617,29.953,23.237,4.702,6.631,6.139
15583,0.757,37.115,24.59,29.953,23.254,4.823,6.631,6.179
15584,0.761,36.791,24.645,29.953,23.251,4.824,6.672,6.179
15585,0.754,36.826,24.63,29.981,23.247,4.824,6.631,6.139
15586,0.754,36.922,24.594,29.953,23.244,4.743,6.631,6.179
15587,0.764,37.038,24.59,29.962,23.251,4.823,6.834,6.342
15588,0.777,36.867,24.621,29.981,23.265,4.946,6.837,6.221
15589,0.758,36.98,24.598,30.029,23.248,4.785,6.755,6.261
15590,0.774,37.106,24.575,29.972,23.258,4.824,6.754,6.262
15591,0.78,37.174,24.617,29.962,23.251,4.824,6.836,6.302
15592,0.78,36.714,24.625,29.972,23.254,4.783,6.877,6.221
15593,0.784,36.844,24.614,29.953,23.244,4.742,6.715,6.139
15594,0.774,36.913,24.602,29.962,23.251,4.864,6.835,6.219
15595,0.787,37.057,24.59,29.953,23.247,4.784,6.796,6.18
15596,0.78,36.694,24.594,29.933,23.244,4.783,6.877,6.098
15597,0.774,36.834,24.617,29.952,23.24,4.783,6.837,6.097
15598,0.774,36.941,24.606,29.933,23.244,4.742,6.918,6.219
15599,0.78,37.038,24.629,29.991,23.258,4.945,7.122,6.302
15600,0.764,36.809,24.555,29.962,23.247,4.825,7.002,6.14
15601,0.757,36.912,24.613,29.953,23.254,4.783,6.96,6.179
15602,0.757,37.047,24.598,30.0,23.251,4.783,6.96,6.22
15603,0.757,37.078,24.582,29.953,23.254,4.864,7.0,6.22
15604,0.761,36.867,24.621,29.953,23.251,4.865,7.001,6.139
15605,0.748,36.999,24.532,29.933,23.237,4.824,7.001,6.179
15606,0.747,37.096,24.597,29.952,23.244,4.783,6.96,6.22
15607,0.747,37.126,24.621,29.933,23.247,4.864,7.0,6.098
15608,0.76,36.81,24.657,29.914,23.244,4.784,6.919,6.056
15609,0.767,36.941,24.548,29.933,23.247,4.824,7.041,6.137
15610,0.774,37.067,24.594,29.952,23.265,4.987,7.204,6.219
15611,0.787,36.963,24.61,29.953,23.254,4.826,7.165,6.22
15612,0.771,36.885,24.594,29.933,23.251,4.783,7.084,6.139
15613,0.78,36.999,24.594,29.952,23.254,4.783,7.205,6.26
15614,0.787,37.096,24.586,29.953,23.258,4.864,7.125,6.221
15615,0.797,36.762,24.606,29.943,23.254,4.824,7.165,6.22
15616,0.787,36.845,24.606,29.895,23.244,4.702,7.002,6.058
15617,0.767,36.961,24.649,29.923,23.251,4.823,7.204,6.219
15618,0.77,37.077,24.645,29.923,23.247,4.824,7.043,6.139
15619,0.761,36.79,24.591,29.923,23.244,4.783,7.082,6.138
15620,0.757,36.883,24.586,29.914,23.251,4.702,7.123,6.219
15621,0.751,37.028,24.613,29.933,23.254,4.945,7.287,6.342
15622,0.754,37.135,24.586,29.952,23.258,4.825,7.166,6.221
15623,0.751,36.762,24.594,29.933,23.251,4.783,7.124,6.22
15624,0.744,36.893,24.586,29.914,23.258,4.864,7.165,6.261
15625,0.747,37.047,24.606,29.943,23.254,4.784,7.206,6.302
15626,0.747,37.106,24.606,29.933,23.251,4.864,7.125,6.262
15627,0.744,36.752,24.629,29.895,23.244,4.743,6.961,6.099
15628,0.747,36.892,24.645,29.923,23.251,4.823,7.041,6.219
15629,0.76,36.999,24.622,29.952,23.251,4.783,7.042,6.22
15630,0.757,37.058,24.602,29.914,23.244,4.742,7.001,6.22
15631,0.77,36.723,24.594,29.904,23.24,4.783,7.041,6.139
15632,0.757,36.854,24.586,29.933,23.254,4.824,7.123,6.301
15633,0.774,37.028,24.586,29.952,23.261,4.905,7.165,6.262
15634,0.771,37.02,24.617,29.914,23.247,4.784,7.124,6.221
15635,0.767,36.761,24.61,29.914,23.254,4.864,7.124,6.302
15636,0.777,36.893,24.59,29.904,23.251,4.824,7.043,6.302
15637,0.777,36.999,24.645,29.923,23.251,4.905,7.042,6.18
15638,0.764,37.077,24.641,29.904,23.244,4.662,6.92,6.098
15639,0.751,36.857,24.559,29.904,23.251,4.782,7.041,6.178
15640,0.751,36.989,24.609,29.914,23.247,4.864,7.001,6.261
15641,0.744,37.067,24.598,29.895,23.254,4.743,7.001,6.18
15642,0.744,36.752,24.606,29.885,23.244,4.701,7.001,6.22
15643,0.738,36.835,24.594,29.894,23.254,4.782,7.041,6.302
15644,0.754,36.97,24.625,29.952,23.265,4.905,7.082,6.343
15645,0.748,37.058,24.61,29.924,23.254,4.825,7.042,6.303
15646,0.738,36.723,24.571,29.933,23.258,4.783,6.96,6.262
15647,0.744,36.825,24.621,29.914,23.247,4.824,7.041,6.221
15648,0.741,36.951,24.645,29.914,23.251,4.824,7.123,6.342
15649,0.751,37.048,24.614,29.952,23.247,4.743,6.961,6.14
15650,0.754,36.579,24.567,29.885,23.247,4.742,7.0,6.219
15651,0.761,36.747,24.578,29.914,23.251,4.783,7.001,6.22
15652,0.77,36.864,24.609,29.904,23.254,4.783,7.041,6.22
15653,0.764,36.932,24.59,29.904,23.247,4.661,6.96,6.139
15654,0.767,36.741,24.59,29.914,23.254,4.863,7.163,6.341
15655,0.783,36.921,24.606,29.923,23.258,4.865,7.084,6.221
15656,0.777,37.019,24.578,29.895,23.251,4.743,7.083,6.22
15657,0.774,37.058,24.637,29.914,23.254,4.823,7.042,6.342
15658,0.771,36.761,24.579,29.904,23.254,4.824,7.082,6.343
15659,0.774,36.902,24.617,29.914,23.258,4.865,7.042,6.303
15660,0.761,36.999,24.598,29.895,23.244,4.784,6.879,6.14
15661,0.748,37.029,24.582,29.914,23.251,4.783,7.0,6.219
15662,0.747,36.694,24.613,29.895,23.251,4.742,7.001,6.22
15663,0.747,36.806,24.563,29.894,23.247,4.742,6.96,6.139
15664,0.734,36.912,24.613,29.885,23.244,4.742,7.0,6.219
15665,0.744,37.038,24.625,29.914,23.254,4.905,7.123,6.424
15666,0.751,36.838,24.594,29.914,23.254,4.784,7.002,6.304
15667,0.741,36.96,24.614,29.895,23.251,4.824,7.001,6.302
15668,0.751,37.058,24.598,29.885,23.247,4.783,7.001,6.262
15669,0.761,36.761,24.586,29.894,23.251,4.824,7.041,6.262
15670,0.767,36.701,24.574,29.914,23.251,4.824,7.001,6.262
15671,0.761,36.834,24.57,29.866,23.244,4.661,6.838,6.221
15672,0.767,36.922,24.594,29.894,23.251,4.822,6.958,6.342
15673,0.764,36.635,24.559,29.885,23.247,4.824,6.919,6.221
15674,0.77,36.719,24.613,29.866,23.247,4.743,6.878,6.22
15675,0.777,36.863,24.598,29.875,23.247,4.701,6.877,6.22
15676,0.777,36.961,24.578,29.894,23.254,4.823,7.0,6.383
15677,0.787,36.645,24.652,29.914,23.254,4.824,6.919,6.303
15678,0.767,36.748,24.606,29.895,23.254,4.824,6.959,6.262
15679,0.761,36.883,24.629,29.952,23.251,4.783,6.919,6.302
15680,0.754,36.97,24.559,29.895,23.251,4.824,6.959,6.384
15681,0.754,36.559,24.559,29.885,23.251,4.783,7.0,6.222
15682,0.744,36.689,24.59,29.875,23.244,4.742,6.879,6.139
15683,0.744,36.806,24.567,29.865,23.254,4.783,6.918,6.219
15684,0.741,36.883,24.641,29.894,23.247,4.783,6.878,6.22
15685,0.741,36.501,24.618,29.875,23.251,4.783,6.959,6.139
15686,0.738,36.631,24.582,29.885,23.251,4.742,6.878,6.341
15687,0.741,36.738,24.633,29.894,23.258,4.823,7.081,6.384
15688,0.76,36.835,24.622,29.923,23.254,4.865,6.961,6.303
15689,0.754,36.692,24.571,29.904,23.251,4.824,7.0,6.302
15690,0.761,36.825,24.57,29.904,23.254,4.783,7.041,6.343
15691,0.767,36.922,24.605,29.885,23.251,4.864,7.042,6.343
15692,0.767,36.98,24.582,29.894,23.251,4.784,7.001,6.303
15693,0.767,36.521,24.606,29.875,23.244,4.702,6.797,6.18
15694,0.754,36.631,24.621,29.865,23.247,4.823,6.958,6.179
15695,0.774,36.776,24.598,29.856,23.254,4.783,6.919,6.179
15696,0.78,36.682,24.59,29.865,23.244,4.702,6.919,6.179
15697,0.774,36.556,24.594,29.846,23.244,4.742,6.878,6.22
15698,0.758,36.68,24.617,29.884,23.251,4.742,6.959,6.342
15699,0.77,36.825,24.625,29.914,23.258,4.945,7.041,6.343
15700,0.767,36.462,24.555,29.856,23.247,4.785,6.96,6.262
15701,0.754,36.535,24.582,29.856,23.244,4.783,6.919,6.221
15702,0.754,36.67,24.578,29.875,23.251,4.783,6.878,6.302
15703,0.751,36.767,24.59,29.885,23.254,4.824,6.959,6.302
15704,0.748,36.499,24.617,29.885,23.251,4.783,6.838,6.221
15705,0.738,36.612,24.575,29.837,23.244,4.702,6.877,6.22
15706,0.741,36.757,24.574,29.884,23.251,4.823,6.877,6.302
15707,0.744,36.825,24.613,29.856,23.247,4.743,6.918,6.262
15708,0.751,36.433,24.621,29.856,23.24,4.742,6.796,6.139
15709,0.754,36.592,24.61,29.884,23.244,4.701,6.877,6.26
15710,0.767,36.718,24.594,29.894,23.265,4.904,7.081,6.465
15711,0.777,36.815,24.621,29.885,23.251,4.744,6.92,6.264
15712,0.764,36.337,24.594,29.875,23.251,4.945,6.959,6.302
15713,0.764,36.486,24.594,29.875,23.251,4.866,6.96,6.221
15714,0.774,36.593,24.598,29.875,23.258,4.906,7.041,6.383
15715,0.784,36.67,24.59,29.865,23.251,4.744,6.92,6.263
15716,0.767,37.026,24.586,29.818,23.24,4.742,6.878,6.18
15717,0.774,37.173,24.629,29.865,23.251,4.783,6.959,6.301
15718,0.761,37.271,24.598,29.875,23.247,4.824,6.919,6.18
15719,0.761,37.3,24.59,29.846,23.247,4.783,6.959,6.22
15720,0.751,36.131,24.574,29.856,23.244,4.783,6.96,6.302
15721,0.754,36.301,24.609,29.894,23.261,4.905,7.163,6.425
15722,0.764,36.418,24.606,29.885,23.258,4.825,7.043,6.304
15723,0.757,36.764,24.575,29.846,23.251,4.824,7.042,6.302
15724,0.738,36.567,24.602,29.865,23.251,4.824,7.123,6.384
15725,0.747,36.699,24.567,29.865,23.254,4.783,7.124,6.385
15726,0.741,36.806,24.57,29.875,23.254,4.864,7.083,6.263
15727,0.741,36.27,24.578,29.837,23.244,4.702,6.961,6.18
15728,0.751,36.283,24.633,29.846,23.251,4.782,7.082,6.301
15729,0.761,36.408,24.571,29.856,23.251,4.783,7.042,6.262
15730,0.767,36.496,24.586,29.837,23.244,4.742,7.001,6.221
15731,0.761,36.334,24.617,29.856,23.24,4.742,6.96,6.261
15732,0.774,36.495,24.618,29.856,23.254,4.823,7.163,6.424
15733,0.79,36.66,24.594,29.894,23.258,4.987,7.165,6.385
15734,0.787,36.709,24.606,29.847,23.254,4.826,7.002,6.303
15735,0.78,36.269,24.59,29.856,23.244,4.824,7.123,6.302
15736,0.777,36.418,24.567,29.846,23.254,4.824,7.165,6.302
15737,0.79,36.525,24.586,29.865,23.258,4.865,7.165,6.343
15738,0.771,36.603,24.61,29.837,23.251,4.784,7.084,6.262
15739,0.754,36.191,24.59,29.827,23.244,4.783,7.123,6.262
15740,0.761,36.369,24.578,29.836,23.251,4.783,7.083,6.262
15741,0.751,36.476,24.609,29.856,23.244,4.783,7.123,6.221
15742,0.748,36.535,24.575,29.827,23.244,4.742,7.083,6.22
15743,0.747,36.392,24.574,29.836,23.247,4.661,7.205,6.302
15744,0.747,36.544,24.602,29.884,23.258,4.944,7.287,6.465
15745,0.751,36.699,24.617,29.866,23.254,4.825,7.166,6.345
15746,0.735,36.7,24.555,29.837,23.247,4.865,7.287,6.303
15747,0.747,36.288,24.613,29.856,23.254,4.824,7.329,6.384
15748,0.76,36.418,24.618,29.865,23.258,4.905,7.329,6.385
15749,0.761,36.534,24.458,29.875,23.251,4.825,7.289,6.344
15750,0.757,36.535,24.573,29.837,23.244,4.661,7.207,6.181
15751,0.764,36.305,24.574,29.836,23.254,4.741,7.287,6.301
15752,0.77,36.437,24.582,29.836,23.251,4.783,7.329,6.302
15753,0.774,36.544,24.578,29.827,23.251,4.783,7.289,6.262
15754,0.777,36.296,24.586,29.817,23.244,4.702,7.288,6.302
15755,0.79,36.265,24.613,29.865,23.261,4.904,7.491,6.425
15756,0.793,36.418,24.606,29.875,23.247,4.825,7.331,6.304
15757,0.78,36.486,24.653,29.846,23.254,4.783,7.329,6.302
15758,0.774,36.171,24.563,29.846,23.251,4.864,7.37,6.343
15759,0.774,36.283,24.594,29.856,23.258,4.906,7.37,6.384
15760,0.774,36.408,24.567,29.846,23.254,4.784,7.289,6.263
15761,0.748,36.448,24.562,29.808,23.247,4.661,7.288,6.262
15762,0.747,36.209,24.59,29.836,23.247,4.782,7.329,6.262
15763,0.757,36.35,24.551,29.836,23.254,4.742,7.329,6.262
15764,0.744,36.457,24.601,29.827,23.24,4.701,7.329,6.262
15765,0.738,36.516,24.575,29.836,23.244,4.782,7.289,6.343
15766,0.754,36.133,24.574,29.865,23.258,4.864,7.451,6.466
15767,0.764,36.292,24.637,29.856,23.254,4.824,7.33,6.304
15768,0.757,36.38,24.598,29.856,23.254,4.824,7.37,6.343
15769,0.761,36.448,24.598,29.846,23.251,4.783,7.37,6.384
15770,0.761,36.228,24.535,29.846,23.251,4.905,7.37,6.344
15771,0.774,36.36,24.554,29.846,23.251,4.784,7.289,6.343
15772,0.767,36.447,24.57,29.798,23.24,4.702,7.207,6.221
15773,0.767,36.535,24.59,29.846,23.254,4.742,7.328,6.383
15774,0.78,36.133,24.586,29.827,23.254,4.783,7.248,6.344
15775,0.78,36.244,24.574,29.827,23.244,4.702,7.166,6.221
15776,0.787,36.35,24.59,29.817,23.251,4.742,7.206,6.342
15777,0.784,36.409,24.629,29.855,23.261,4.905,7.328,6.547
15778,0.787,36.093,24.575,29.846,23.258,4.784,7.207,6.305
15779,0.774,36.215,24.582,29.837,23.247,4.702,7.247,6.384
15780,0.761,36.321,24.586,29.846,23.251,4.863,7.206,6.344
15781,0.764,36.361,24.598,29.817,23.251,4.865,7.206,6.303
15782,0.757,36.208,24.582,29.836,23.247,4.865,7.165,6.302
15783,0.748,36.302,24.57,29.808,23.24,4.702,7.084,6.262
15784,0.747,36.437,24.641,29.826,23.247,4.782,7.164,6.302
15785,0.744,36.113,24.583,29.836,23.251,4.783,7.043,6.262
15786,0.747,36.157,24.578,29.836,23.24,4.742,7.042,6.262
15787,0.747,36.273,24.609,29.817,23.244,4.742,7.042,6.262
15788,0.764,36.399,24.606,29.836,23.251,4.864,7.245,6.465
15789,0.783,36.016,24.606,29.865,23.251,4.824,7.084,6.304
15790,0.774,36.108,24.575,29.827,23.251,4.743,7.123,6.343
15791,0.774,36.234,24.609,29.827,23.254,4.864,7.043,6.303
15792,0.78,36.331,24.582,29.836,23.254,4.784,7.082,6.302
15793,0.787,36.092,24.621,29.836,23.254,4.742,7.002,6.302
15794,0.777,36.205,24.544,29.788,23.244,4.661,6.919,6.14
15795,0.777,36.35,24.558,29.836,23.247,4.863,6.959,6.26
15796,0.784,36.399,24.598,29.808,23.251,4.784,6.96,6.139
15797,0.784,35.968,24.594,29.817,23.247,4.783,6.96,6.219
15798,0.764,36.108,24.524,29.827,23.237,4.742,6.96,6.302
15799,0.764,36.244,24.558,29.827,23.261,4.945,7.041,6.384
15800,0.783,36.341,24.605,29.855,23.251,4.785,7.001,6.344
15801,0.754,36.073,24.594,29.798,23.254,4.824,6.96,6.221
15802,0.754,36.234,24.602,29.836,23.251,4.783,7.041,6.22
15803,0.764,36.36,24.606,29.836,23.261,4.864,7.042,6.342
15804,0.748,36.399,24.575,29.817,23.254,4.824,6.96,6.303
15805,0.744,36.093,24.578,29.807,23.244,4.702,6.878,6.14
15806,0.741,36.205,24.566,29.807,23.251,4.823,7.0,6.26
15807,0.754,36.331,24.605,29.826,23.251,4.743,6.96,6.221
15808,0.761,36.61,24.578,29.817,23.244,4.742,6.919,6.22
15809,0.767,36.047,24.574,29.807,23.24,4.742,6.959,6.22
15810,0.767,36.166,24.586,29.836,23.254,4.823,7.163,6.383
15811,0.79,36.311,24.598,29.856,23.254,4.865,7.165,6.222
15812,0.774,36.035,24.61,29.817,23.244,4.865,7.043,6.22
15813,0.78,36.032,24.59,29.817,23.254,4.824,7.123,6.22
15814,0.787,36.166,24.571,29.836,23.254,4.824,7.165,6.22
15815,0.787,36.283,24.559,29.846,23.254,4.824,7.165,6.22
15816,0.787,35.9,24.582,29.798,23.244,4.702,7.043,6.058
15817,0.771,36.011,24.613,29.807,23.254,4.823,7.164,6.178
15818,0.767,36.166,24.547,29.826,23.254,4.783,7.124,6.179
15819,0.757,36.244,24.586,29.817,23.247,4.742,7.124,6.139
15820,0.764,36.024,24.559,29.807,23.247,4.701,7.083,6.138
15821,0.757,36.166,24.617,29.817,23.254,4.863,7.286,6.301
15822,0.774,36.35,24.625,29.836,23.258,4.784,7.207,6.221
15823,0.761,36.399,24.59,29.827,23.251,4.783,7.206,6.22
15824,0.757,35.882,24.574,29.827,23.254,4.824,7.125,6.302
15825,0.754,36.049,24.574,29.836,23.251,4.783,7.205,6.302
15826,0.757,36.166,24.578,29.836,23.251,4.742,7.165,6.302
15827,0.754,36.187,24.598,29.798,23.244,4.742,7.084,6.18
15828,0.761,35.909,24.547,29.807,23.251,4.823,7.164,6.22
15829,0.757,36.059,24.586,29.807,23.251,4.783,7.084,6.22
15830,0.767,36.157,24.551,29.817,23.247,4.742,7.002,6.098
15831,0.767,36.215,24.597,29.807,23.237,4.701,7.041,6.138
15832,0.777,36.034,24.621,29.807,23.251,4.782,7.204,6.423
15833,0.8,36.195,24.629,29.846,23.258,4.864,7.125,6.263
15834,0.781,36.264,24.563,29.798,23.247,4.784,7.083,6.262
15835,0.787,36.293,24.562,29.817,23.251,4.864,7.042,6.262
15836,0.787,36.034,24.621,29.817,23.251,4.784,7.082,6.262
15837,0.797,36.176,24.606,29.817,23.254,4.824,7.042,6.221
15838,0.774,36.273,24.578,29.788,23.237,4.661,6.92,6.098
15839,0.774,36.044,24.551,29.807,23.251,4.822,6.959,6.219
15840,0.777,35.907,24.586,29.807,23.244,4.783,6.919,6.18
15841,0.751,36.04,24.582,29.798,23.244,4.661,6.959,6.098
15842,0.748,36.128,24.559,29.788,23.244,4.619,6.878,6.138
15843,0.751,35.87,24.605,29.817,23.247,4.781,6.959,6.341
15844,0.761,36.001,24.555,29.846,23.258,4.864,7.041,6.343
15845,0.757,36.099,24.566,29.808,23.254,4.784,6.92,6.221
15846,0.751,36.196,24.598,29.826,23.244,4.824,6.919,6.261
15847,0.764,35.813,24.614,29.817,23.251,4.783,6.959,6.302
15848,0.777,35.972,24.532,29.817,23.258,4.824,6.919,6.221
15849,0.771,36.108,24.543,29.788,23.241,4.702,6.756,6.058
15850,0.767,36.128,24.57,29.798,23.244,4.782,6.836,6.178
15851,0.783,35.851,24.574,29.817,23.251,4.783,6.796,6.098
15852,0.784,35.972,24.555,29.807,23.244,4.742,6.836,6.178
15853,0.787,36.07,24.605,29.798,23.244,4.701,6.796,6.179
15854,0.784,36.166,24.547,29.807,23.251,4.782,6.958,6.261
15855,0.81,35.87,24.582,29.846,23.261,4.864,6.96,6.262
15856,0.813,35.973,24.633,29.808,23.244,4.743,6.878,6.221
15857,0.807,36.098,24.626,29.807,23.254,4.823,6.877,6.18
15858,0.8,36.176,24.598,29.846,23.251,4.783,7.0,6.22
15859,0.803,35.909,24.575,29.817,23.254,4.824,7.001,6.261
15860,0.803,36.031,24.59,29.798,23.24,4.702,6.838,6.139
15861,0.787,36.099,24.586,29.778,23.251,4.66,6.918,6.179
15862,0.8,36.176,24.582,29.797,23.251,4.7,6.959,6.261
15863,0.8,38.21,24.555,29.788,23.251,4.742,6.96,6.18
15864,0.807,38.336,24.578,29.798,23.251,4.661,6.919,6.22
15865,0.807,38.414,24.59,29.798,23.251,4.741,7.081,6.342
15866,0.823,37.657,24.582,29.836,23.258,4.905,7.123,6.425
15867,0.826,34.84,24.617,29.808,23.244,4.784,7.043,6.344
15868,0.839,34.965,24.629,29.788,23.254,4.824,7.082,6.262
15869,0.833,35.053,24.528,29.826,23.24,4.824,7.002,6.343
15870,0.865,35.993,24.57,29.817,23.258,4.865,7.123,6.343
15871,0.862,36.262,24.582,29.817,23.251,4.702,7.002,6.221
15872,0.853,36.37,24.559,29.779,23.24,4.742,7.041,6.22
15873,0.862,36.486,24.582,29.797,23.251,4.783,7.001,6.261
15874,0.866,35.528,24.531,29.788,23.254,4.742,7.041,6.221
15875,0.859,35.634,24.582,29.788,23.247,4.742,6.96,6.22
15876,0.866,35.759,24.57,29.798,23.247,4.783,7.0,6.302
15877,0.869,35.876,24.609,29.826,23.265,4.986,7.204,6.384
15878,0.866,35.81,24.559,29.798,23.254,4.826,7.084,6.303
15879,0.849,35.943,24.582,29.807,23.254,4.824,7.042,6.343
15880,0.856,36.079,24.574,29.788,23.247,4.783,7.082,6.303
15881,0.856,36.157,24.605,29.817,23.254,4.905,7.083,6.221
15882,0.853,35.784,24.586,29.807,23.258,4.784,7.083,6.22
15883,0.849,35.876,24.582,29.798,23.237,4.742,7.083,6.139
15884,0.849,36.011,24.539,29.807,23.251,4.783,7.164,6.219
15885,0.846,36.099,24.574,29.798,23.247,4.783,7.124,6.22
15886,0.846,35.754,24.57,29.788,23.24,4.702,7.083,6.22
15887,0.849,35.885,24.598,29.798,23.247,4.701,7.164,6.18
15888,0.872,36.03,24.575,29.817,23.265,4.863,7.368,6.383
15889,0.879,36.099,24.582,29.817,23.254,4.784,7.167,6.303
15890,0.879,35.985,24.57,29.798,23.251,4.783,7.206,6.262
15891,0.882,36.108,24.605,29.807,23.251,4.702,7.206,6.302
15892,0.879,36.244,24.598,29.807,23.254,4.863,7.287,6.262
15893,0.892,36.274,24.61,29.788,23.251,4.865,7.207,6.262
15894,0.899,35.593,24.524,29.778,23.233,4.702,7.125,6.139
15895,0.895,35.74,24.585,29.797,23.247,4.782,7.165,6.179
15896,0.908,35.847,24.59,29.778,23.247,4.742,7.124,6.179
15897,0.899,35.809,24.602,29.788,23.247,4.742,7.124,6.098
15898,0.882,35.867,24.493,29.778,23.24,4.701,7.124,6.138
15899,0.882,36.011,24.558,29.778,23.247,4.863,7.327,6.301
15900,0.889,36.137,24.59,29.826,23.258,4.865,7.167,6.18
15901,0.869,35.668,24.582,29.788,23.251,4.784,7.043,6.22
15902,0.859,35.798,24.609,29.807,23.247,4.824,7.164,6.22
15903,0.853,35.914,24.582,29.807,23.251,4.824,7.206,6.261
15904,0.843,36.011,24.574,29.817,23.254,4.865,7.165,6.18
15905,0.839,35.648,24.57,29.779,23.244,4.662,7.043,6.139
15906,0.826,35.74,24.559,29.759,23.251,4.741,7.082,6.219
15907,0.833,35.914,24.601,29.797,23.251,4.742,7.123,6.18
15908,0.859,35.973,24.512,29.778,23.247,4.823,7.083,6.139
15909,0.866,35.6,24.558,29.778,23.244,4.702,6.961,6.138
15910,0.866,35.74,24.559,29.778,23.251,4.782,7.082,6.26
15911,0.879,35.904,24.598,29.826,23.261,4.946,7.245,6.302
15912,0.863,35.963,24.594,29.779,23.251,4.866,7.206,6.18
15913,0.866,35.753,24.598,29.807,23.254,4.743,7.206,6.261
15914,0.866,35.876,24.582,29.788,23.247,4.742,7.206,6.221
15915,0.843,36.021,24.574,29.798,23.254,4.905,7.287,6.261
15916,0.836,36.061,24.613,29.788,23.244,4.744,7.207,6.017
15917,0.826,35.601,24.598,29.759,23.247,4.783,7.287,6.178
15918,0.813,35.759,24.512,29.769,23.251,4.783,7.247,6.139
15919,0.81,35.885,24.55,29.788,23.247,4.783,7.288,6.098
15920,0.787,35.925,24.539,29.769,23.24,4.742,7.288,6.097
15921,0.777,35.705,24.554,29.778,23.247,4.783,7.369,6.178
15922,0.777,35.875,24.574,29.817,23.261,4.905,7.492,6.301
15923,0.787,35.973,24.609,29.798,23.251,4.784,7.371,6.099
15924,0.771,35.887,24.59,29.778,23.254,4.824,7.37,6.178
15925,0.761,35.704,24.567,29.778,23.258,4.824,7.452,6.179
15926,0.767,35.827,24.586,29.807,23.251,4.824,7.452,6.261
15927,0.77,35.915,24.606,29.798,23.254,4.783,7.412,6.139
15928,0.761,35.637,24.563,29.769,23.234,4.661,7.289,6.057
15929,0.751,35.731,24.582,29.797,23.247,4.782,7.369,6.178
15930,0.761,35.856,24.535,29.778,23.244,4.824,7.37,6.139
15931,0.764,35.963,24.558,29.759,23.244,4.661,7.289,6.098
15932,0.757,35.485,24.566,29.769,23.244,4.7,7.369,6.097
15933,0.748,35.633,24.613,29.788,23.254,4.782,7.452,6.3
15934,0.777,35.798,24.559,29.807,23.261,4.864,7.534,6.18
15935,0.761,35.866,24.582,29.779,23.251,4.824,7.453,6.139
15936,0.751,35.704,24.598,29.769,23.254,4.783,7.412,6.179
15937,0.767,35.837,24.61,29.788,23.251,4.824,7.411,6.261
15938,0.748,35.972,24.547,29.798,23.247,4.865,7.452,6.262
15939,0.744,36.041,24.558,29.788,23.244,4.743,7.33,6.058
15940,0.721,35.552,24.559,29.769,23.247,4.783,7.329,6.219
15941,0.721,35.72,24.578,29.788,23.251,4.783,7.37,6.139
15942,0.721,35.856,24.566,29.769,23.244,4.742,7.37,6.179
15943,0.711,35.896,24.582,29.788,23.244,4.742,7.33,6.179
15944,0.702,35.589,24.543,29.788,23.247,4.823,7.41,6.22
15945,0.714,35.788,24.582,29.836,23.261,4.946,7.493,6.342
15946,0.705,35.866,24.559,29.798,23.251,4.825,7.331,6.262
15947,0.715,35.906,24.621,29.778,23.254,4.824,7.289,6.262
15948,0.724,35.494,24.602,29.778,23.247,4.824,7.329,6.262
15949,0.724,35.652,24.582,29.807,23.254,4.824,7.329,6.262
15950,0.731,35.75,24.539,29.788,23.247,4.702,7.289,6.099
15951,0.725,36.106,24.582,29.759,23.244,4.782,7.207,6.219
15952,0.728,35.515,24.539,29.778,23.254,4.824,7.206,6.22
15953,0.728,35.633,24.57,29.778,23.247,4.783,7.165,6.18
15954,0.734,35.74,24.523,29.759,23.244,4.742,7.206,6.22
15955,0.741,35.569,24.543,29.759,23.251,4.742,7.247,6.342
15956,0.754,35.634,24.613,29.816,23.261,4.905,7.288,6.303
15957,0.744,35.75,24.598,29.779,23.251,4.865,7.207,6.302
15958,0.734,35.847,24.563,29.797,23.251,4.824,7.125,6.262
15959,0.725,35.541,24.578,29.788,23.251,4.824,7.205,6.302
15960,0.721,35.653,24.609,29.778,23.251,4.865,7.165,6.262
15961,0.721,35.779,24.586,29.778,23.237,4.743,6.962,6.099
15962,0.702,35.857,24.559,29.769,23.251,4.783,7.041,6.3
15963,0.708,35.378,24.586,29.778,23.254,4.824,7.082,6.221
15964,0.695,35.517,24.535,29.778,23.244,4.702,7.042,6.261
15965,0.698,35.653,24.57,29.759,23.24,4.782,7.001,6.221
15966,0.692,35.712,24.578,29.797,23.254,4.905,7.163,6.342
15967,0.714,35.578,24.602,29.798,23.261,4.906,7.124,6.303
15968,0.721,35.663,24.536,29.798,23.251,4.784,7.043,6.302
15969,0.728,35.798,24.547,29.798,23.251,4.864,7.001,6.302
15970,0.731,35.866,24.574,29.798,23.254,4.906,7.082,6.302
15971,0.738,35.503,24.59,29.798,23.251,4.865,7.083,6.302
15972,0.725,35.633,24.567,29.769,23.244,4.743,6.88,6.099
15973,0.728,35.702,24.594,29.778,23.251,4.864,7.121,6.219
15974,0.747,35.789,24.489,29.778,23.247,4.784,7.002,6.261
15975,0.741,35.454,24.53,29.769,23.244,4.702,6.96,6.139
15976,0.738,35.594,24.582,29.769,23.247,4.742,7.0,6.138
15977,0.734,35.692,24.551,29.797,23.251,4.864,7.123,6.301
15978,0.751,35.77,24.547,29.817,23.258,4.865,7.043,6.262
15979,0.741,35.569,24.554,29.769,23.251,4.824,7.123,6.221
15980,0.725,35.701,24.598,29.778,23.247,4.824,7.083,6.261
15981,0.731,35.846,24.59,29.807,23.247,4.865,7.123,6.262
15982,0.725,35.627,24.594,29.779,23.254,4.824,7.124,6.221
15983,0.724,35.481,24.594,29.769,23.237,4.702,7.043,6.058
15984,0.692,35.595,24.504,29.769,23.251,4.863,7.204,6.219
15985,0.701,35.73,24.566,29.788,23.251,4.784,7.165,6.18
15986,0.711,35.386,24.574,29.759,23.247,4.824,7.084,6.139
15987,0.708,35.488,24.582,29.759,23.244,4.743,7.083,6.179
15988,0.731,35.624,24.543,29.778,23.258,4.945,7.245,6.301
15989,0.741,35.759,24.578,29.817,23.258,4.825,7.288,6.221
15990,0.734,35.367,24.586,29.779,23.254,4.783,7.207,6.302
15991,0.734,35.517,24.578,29.778,23.247,4.864,7.206,6.262
15992,0.738,35.653,24.574,29.778,23.251,4.865,7.287,6.221
15993,0.741,35.731,24.59,29.778,23.247,4.906,7.288,6.22
15994,0.751,35.377,24.547,29.759,23.24,4.622,7.125,6.058
15995,0.748,35.517,24.566,29.759,23.251,4.781,7.246,6.178
15996,0.76,35.672,24.586,29.769,23.247,4.783,7.206,6.098
15997,0.748,35.721,24.606,29.769,23.251,4.783,7.247,6.097
15998,0.734,35.338,24.528,29.759,23.244,4.783,7.166,6.097
15999,0.731,35.507,24.562,29.778,23.247,4.864,7.368,6.26
16000,0.747,35.662,24.59,29.826,23.265,4.946,7.37,6.221
16001,0.728,35.683,24.582,29.779,23.251,4.825,7.289,6.18
16002,0.725,35.319,24.559,29.778,23.247,4.824,7.247,6.179
16003,0.724,35.478,24.559,29.778,23.254,4.824,7.288,6.22
16004,0.721,35.585,24.566,29.807,23.254,4.905,7.369,6.22
16005,0.715,35.634,24.555,29.769,23.247,4.703,7.248,6.017
16006,0.711,35.443,24.59,29.769,23.247,4.823,7.247,6.056
16007,0.744,35.604,24.594,29.778,23.258,4.743,7.247,6.097
16008,0.777,35.711,24.551,29.778,23.244,4.742,7.206,6.097
16009,0.79,35.77,24.543,29.769,23.24,4.742,7.125,6.056
16010,0.829,35.473,24.574,29.778,23.254,4.864,7.408,6.259
16011,0.878,35.662,24.609,29.826,23.254,4.784,7.289,6.18
16012,0.892,35.74,24.555,29.779,23.247,4.783,7.288,6.179
16013,0.921,35.415,24.613,29.759,23.251,4.824,7.288,6.22
16014,0.948,35.498,24.602,29.778,23.254,4.865,7.288,6.22
16015,0.974,35.605,24.559,29.778,23.251,4.865,7.247,6.18
16016,0.964,35.692,24.625,29.75,23.251,4.662,7.125,6.057
16017,0.971,35.28,24.544,29.778,23.254,4.782,7.287,6.219
16018,0.984,35.411,24.582,29.778,23.244,4.742,7.288,6.098
16019,1.0,35.537,24.543,29.769,23.244,4.742,7.288,6.056
16020,1.023,35.605,24.601,29.759,23.244,4.742,7.288,6.097
16021,1.049,35.318,24.594,29.778,23.254,4.823,7.451,6.3
16022,1.115,35.507,24.571,29.807,23.251,4.783,7.371,6.14
16023,1.158,35.585,24.613,29.75,23.251,4.824,7.37,6.098
16024,1.204,35.673,24.532,29.788,23.254,4.783,7.411,6.178
16025,1.243,35.338,24.578,29.778,23.251,4.783,7.411,6.179
16026,1.283,35.488,24.602,29.788,23.247,4.783,7.33,6.22
16027,1.299,35.595,24.61,29.75,23.24,4.661,7.289,6.098
16028,1.309,35.644,24.512,29.797,23.251,4.782,7.369,6.138
16029,1.319,35.481,24.562,29.769,23.244,4.742,7.33,6.219
16030,1.316,35.614,24.594,29.759,23.24,4.742,7.329,6.139
16031,1.352,35.711,24.574,29.769,23.237,4.742,7.289,6.219
16032,1.365,35.77,24.574,29.769,23.254,4.783,7.41,6.342
16033,1.378,35.31,24.625,29.807,23.261,4.946,7.411,6.303
16034,1.352,35.411,24.563,29.779,23.251,4.744,7.289,6.262
16035,1.329,35.546,24.562,29.778,23.254,4.823,7.329,6.262
16036,1.336,35.567,24.59,29.769,23.251,4.743,7.37,6.343
16037,1.319,35.346,24.559,29.778,23.254,4.783,7.289,6.384
16038,1.283,35.507,24.504,29.797,23.244,4.661,7.085,6.222
16039,1.205,35.557,24.57,29.769,23.244,4.741,7.286,6.302
16040,1.149,35.365,24.609,29.759,23.251,4.701,7.288,6.425
16041,1.087,35.373,24.575,29.769,23.244,4.701,7.207,6.466
16042,1.04,35.488,24.59,29.769,23.244,4.701,7.125,6.589
16043,0.994,35.585,24.559,29.769,23.247,4.823,7.287,6.997
16044,0.935,35.356,24.566,29.807,23.265,4.946,7.288,7.245
16045,0.886,35.478,24.562,29.769,23.251,4.785,7.125,7.369
16046,0.833,35.595,24.523,29.778,23.254,4.783,7.205,7.736
16047,0.784,35.692,24.585,29.788,23.251,4.824,7.206,7.984
16048,0.748,35.328,24.555,29.769,23.254,4.783,7.206,8.311
16049,0.715,35.478,24.586,29.759,23.244,4.661,7.125,8.437
16050,0.679,35.566,24.551,29.759,23.247,4.741,7.165,8.763
16051,0.656,35.701,24.597,29.769,23.247,4.742,7.165,8.929
16052,0.636,35.185,24.586,29.759,23.247,4.742,7.165,9.134
16053,0.616,35.304,24.582,29.749,23.244,4.701,7.124,9.258
16054,0.613,35.43,24.551,29.759,23.258,4.863,7.165,9.503
16055,0.616,35.546,24.578,29.788,23.265,4.865,7.328,9.546
16056,0.616,35.269,24.582,29.759,23.248,4.784,7.207,9.588
16057,0.632,35.41,24.582,29.759,23.251,4.783,7.165,9.71
16058,0.675,35.556,24.5,29.788,23.251,4.824,7.206,9.874
16059,0.714,35.615,24.546,29.778,23.258,4.824,7.206,9.916
16060,0.734,35.251,24.547,29.759,23.244,4.702,7.165,9.835
16061,0.751,35.353,24.594,29.749,23.247,4.742,7.206,10.078
16062,0.77,35.517,24.578,29.759,23.251,4.742,7.206,10.243
16063,0.79,35.518,24.621,29.759,23.244,4.783,7.206,10.326
16064,0.793,35.317,24.544,29.749,23.244,4.702,7.206,10.612
16065,0.787,35.459,24.547,29.788,23.254,4.863,7.369,10.94
16066,0.81,35.604,24.597,29.807,23.265,4.865,7.289,11.106
16067,0.8,35.433,24.571,29.779,23.248,4.743,7.207,11.311
16068,0.807,35.24,24.512,29.778,23.254,4.783,7.287,11.394
16069,0.813,35.362,24.558,29.778,23.254,4.742,7.288,11.639
16070,0.813,35.469,24.586,29.788,23.254,4.823,7.329,11.723
16071,0.816,35.202,24.57,29.75,23.237,4.621,7.085,11.723
16072,0.813,35.295,24.574,29.749,23.247,4.822,7.164,11.846
16073,0.826,35.411,24.625,29.778,23.247,4.865,7.206,11.847
16074,0.83,35.517,24.547,29.74,23.244,4.784,7.125,11.928
16075,0.826,35.097,24.527,29.74,23.24,4.661,7.083,11.848
16076,0.82,35.246,24.593,29.778,23.258,4.741,7.245,11.928
16077,0.839,35.401,24.59,29.778,23.265,4.864,7.328,11.888
16078,0.817,35.489,24.559,29.807,23.244,4.784,7.329,11.725
16079,0.807,35.115,24.519,29.769,23.251,4.783,7.289,11.642
16080,0.813,35.275,24.582,29.788,23.251,4.824,7.369,11.56
16081,0.803,35.372,24.559,29.759,23.251,4.783,7.37,11.519
16082,0.813,35.479,24.566,29.749,23.24,4.742,7.208,11.234
16083,0.794,35.365,24.598,29.73,23.247,4.742,7.328,11.231
16084,0.797,35.526,24.516,29.768,23.251,4.783,7.329,11.271
16085,0.784,35.643,24.55,29.759,23.247,4.742,7.289,11.028
16086,0.784,35.683,24.551,29.749,23.244,4.661,7.288,10.985
16087,0.777,35.079,24.586,29.768,23.254,4.782,7.451,10.984
16088,0.813,35.246,24.516,29.807,23.261,4.824,7.452,10.822
16089,0.807,35.334,24.535,29.769,23.251,4.743,7.412,10.779
16090,0.81,35.363,24.566,29.769,23.251,4.783,7.33,10.616
16091,0.816,35.268,24.582,29.778,23.251,4.824,7.41,10.493
16092,0.826,35.42,24.57,29.778,23.254,4.824,7.452,10.451
16093,0.82,35.517,24.629,29.759,23.251,4.743,7.33,10.166
16094,0.82,35.797,24.583,29.749,23.247,4.823,7.329,10.122
16095,0.826,35.195,24.559,29.759,23.247,4.783,7.329,10.0
16096,0.83,35.304,24.578,29.749,23.251,4.783,7.248,9.917
16097,0.833,35.42,24.543,29.749,23.244,4.702,7.288,9.794
16098,0.817,35.182,24.558,29.749,23.251,4.823,7.288,9.875
16099,0.82,35.266,24.539,29.797,23.261,4.946,7.41,9.753
16100,0.82,35.372,24.59,29.778,23.251,4.744,7.289,9.59
16101,0.807,35.469,24.563,29.769,23.254,4.742,7.288,9.507
16102,0.813,35.163,24.566,29.769,23.251,4.783,7.369,9.465
16103,0.81,35.294,24.598,29.769,23.254,4.905,7.411,9.302
16104,0.807,35.401,24.504,29.778,23.251,4.744,7.249,9.178
16105,0.79,35.469,24.542,29.74,23.247,4.783,7.328,9.177
16106,0.806,35.067,24.574,29.768,23.251,4.742,7.329,9.096
16107,0.8,35.207,24.578,29.74,23.247,4.701,7.41,8.892
16108,0.8,35.324,24.559,29.778,23.247,4.701,7.411,8.809
16109,0.807,35.411,24.543,29.75,23.247,4.742,7.452,8.93
16110,0.816,35.143,24.605,29.797,23.261,4.945,7.615,8.85
16111,0.826,35.275,24.551,29.759,23.247,4.785,7.535,8.686
16112,0.833,35.391,24.57,29.769,23.254,4.742,7.453,8.684
16113,0.83,35.46,24.609,29.778,23.254,4.823,7.574,8.603
16114,0.852,35.144,24.594,29.778,23.254,4.783,7.575,8.48
16115,0.843,35.275,24.563,29.74,23.244,4.661,7.454,8.357
16116,0.833,35.372,24.578,29.759,23.247,4.66,7.452,8.356
16117,0.836,35.421,24.57,29.759,23.251,4.7,7.534,8.275
16118,0.826,35.096,24.559,29.74,23.244,4.701,7.575,8.152
16119,0.83,35.207,24.535,29.73,23.24,4.742,7.494,8.11
16120,0.826,35.314,24.582,29.768,23.251,4.823,7.656,8.272
16121,0.833,35.401,24.582,29.778,23.254,4.783,7.536,8.111
16122,0.81,35.172,24.563,29.769,23.251,4.824,7.616,8.028
16123,0.82,35.304,24.578,29.769,23.254,4.743,7.657,8.027
16124,0.81,35.43,24.512,29.778,23.258,4.823,7.658,7.987
16125,0.826,35.22,24.554,29.769,23.251,4.743,7.658,7.864
16126,0.807,35.103,24.578,29.74,23.24,4.579,7.455,7.741
16127,0.81,35.236,24.59,29.759,23.251,4.7,7.615,7.74
16128,0.813,35.343,24.543,29.759,23.254,4.782,7.535,7.659
16129,0.829,35.037,24.543,29.74,23.247,4.742,7.575,7.536
16130,0.83,35.12,24.551,29.749,23.247,4.742,7.575,7.616
16131,0.839,35.275,24.586,29.778,23.254,4.783,7.698,7.779
16132,0.852,35.42,24.598,29.778,23.261,4.824,7.658,7.618
16133,0.843,35.096,24.614,29.778,23.251,4.783,7.617,7.576
16134,0.853,35.255,24.606,29.759,23.254,4.783,7.617,7.494
16135,0.856,35.391,24.536,29.759,23.254,4.824,7.617,7.575
16136,0.856,35.46,24.609,29.759,23.258,4.743,7.657,7.454
16137,0.849,34.99,24.555,29.749,23.237,4.62,7.455,7.29
16138,0.836,35.139,24.555,29.759,23.247,4.7,7.615,7.41
16139,0.839,35.265,24.551,29.769,23.251,4.782,7.576,7.33
16140,0.836,35.334,24.601,29.73,23.244,4.702,7.657,7.41
16141,0.83,35.056,24.582,29.739,23.254,4.701,7.536,7.289
16142,0.833,35.217,24.559,29.749,23.258,4.823,7.697,7.41
16143,0.843,35.362,24.617,29.778,23.265,4.905,7.658,7.289
16144,0.826,35.402,24.559,29.769,23.251,4.744,7.658,7.288
16145,0.826,35.019,24.57,29.778,23.251,4.742,7.658,7.288
16146,0.826,35.159,24.617,29.759,23.251,4.783,7.698,7.247
16147,0.83,35.275,24.567,29.759,23.251,4.783,7.577,7.206
16148,0.836,35.305,24.555,29.769,23.244,4.661,7.372,7.043
16149,0.836,35.219,24.508,29.759,23.251,4.741,7.533,7.164
16150,0.839,35.343,24.581,29.74,23.251,4.742,7.494,7.002
16151,0.846,35.45,24.582,29.759,23.24,4.701,7.494,7.001
16152,0.843,35.412,24.586,29.749,23.244,4.742,7.494,7.082
16153,0.859,35.076,24.641,29.788,23.258,4.864,7.656,7.164
16154,0.875,35.255,24.591,29.759,23.251,4.784,7.455,7.043
16155,0.866,35.324,24.563,29.74,23.251,4.783,7.452,7.042
16156,0.866,35.027,24.59,29.74,23.254,4.702,7.452,7.042
16157,0.866,35.111,24.551,29.759,23.254,4.782,7.534,7.001
16158,0.859,35.236,24.562,29.749,23.251,4.661,7.494,6.879
16159,0.846,35.314,24.531,29.72,23.244,4.66,7.412,6.959
16160,0.846,35.008,24.593,29.759,23.247,4.782,7.411,6.96
16161,0.846,35.159,24.555,29.769,23.247,4.702,7.452,6.878
16162,0.843,35.275,24.562,29.73,23.251,4.66,7.371,6.755
16163,0.836,35.353,24.609,29.73,23.244,4.7,7.533,6.876
16164,0.846,35.085,24.539,29.787,23.261,4.782,7.657,7.081
16165,0.846,35.207,24.566,29.759,23.247,4.702,7.495,6.88
16166,0.833,35.333,24.598,29.749,23.254,4.701,7.534,6.877
16167,0.846,35.402,24.594,29.749,23.251,4.782,7.534,6.959
16168,0.856,35.019,24.465,29.759,23.258,4.783,7.494,6.878
16169,0.856,35.149,24.519,29.759,23.247,4.661,7.453,6.715
16170,0.846,35.227,24.539,29.721,23.24,4.7,7.452,6.876
16171,0.869,35.314,24.527,29.749,23.247,4.701,7.452,6.715
16172,0.866,35.008,24.554,29.74,23.244,4.701,7.493,6.754
16173,0.856,35.12,24.59,29.73,23.244,4.66,7.494,6.632
16174,0.866,35.256,24.559,29.749,23.247,4.741,7.453,6.753
16175,0.892,35.334,24.57,29.778,23.265,4.905,7.534,6.754
16176,0.882,34.932,24.605,29.74,23.251,4.784,7.453,6.673
16177,0.879,35.1,24.575,29.74,23.247,4.702,7.493,6.672
16178,0.876,35.207,24.582,29.74,23.251,4.742,7.494,6.713
16179,0.879,35.391,24.531,29.759,23.258,4.783,7.494,6.794
16180,0.872,35.047,24.589,29.74,23.251,4.702,7.331,6.633
16181,0.853,35.14,24.559,29.711,23.24,4.66,7.329,6.631
16182,0.856,35.285,24.547,29.749,23.244,4.782,7.37,6.59
16183,0.853,35.008,24.601,29.73,23.254,4.742,7.33,6.631
16184,0.862,35.015,24.567,29.739,23.24,4.742,7.289,6.55
16185,0.846,35.13,24.562,29.73,23.247,4.661,7.369,6.63
16186,0.856,35.256,24.605,29.759,23.258,4.822,7.411,6.753
16187,0.869,34.969,24.551,29.749,23.244,4.783,7.289,6.673
16188,0.859,35.062,24.562,29.74,23.251,4.742,7.288,6.631
16189,0.862,35.188,24.543,29.74,23.251,4.742,7.247,6.631
16190,0.879,35.285,24.59,29.768,23.254,4.742,7.328,6.59
16191,0.895,34.989,24.578,29.759,23.247,4.742,7.167,6.549
16192,0.879,35.101,24.559,29.73,23.24,4.539,7.084,6.427
16193,0.879,35.227,24.582,29.749,23.254,4.699,7.245,6.588
16194,0.885,35.324,24.547,29.73,23.244,4.701,7.125,6.509
16195,0.898,34.865,24.562,29.739,23.24,4.66,7.083,6.427
16196,0.895,35.004,24.582,29.73,23.244,4.66,7.042,6.466
16197,0.895,35.149,24.535,29.787,23.251,4.782,7.204,6.629
16198,0.905,35.237,24.566,29.788,23.254,4.783,7.165,6.509
16199,0.899,35.103,24.566,29.759,23.254,4.742,7.084,6.508
16200,0.892,35.265,24.59,29.74,23.251,4.742,7.164,6.508
16201,0.892,35.372,24.594,29.759,23.251,4.783,7.246,6.508
16202,0.886,35.431,24.578,29.769,23.251,4.742,7.125,6.467
16203,0.882,34.789,24.586,29.711,23.24,4.579,7.002,6.304
16204,0.876,34.926,24.508,29.758,23.251,4.7,7.123,6.547
16205,0.872,35.071,24.535,29.74,23.244,4.742,7.083,6.468
16206,0.876,35.083,24.558,29.759,23.251,4.661,7.042,6.386
16207,0.876,34.968,24.547,29.74,23.244,4.66,7.082,6.466
16208,0.885,35.12,24.582,29.816,23.254,4.782,7.205,6.589
16209,0.911,35.265,24.563,29.788,23.254,4.702,7.125,6.468
16210,0.886,35.075,24.582,29.74,23.251,4.701,7.165,6.467
16211,0.905,34.91,24.57,29.759,23.254,4.742,7.165,6.467
16212,0.908,35.043,24.566,29.759,23.251,4.701,7.165,6.467
16213,0.908,35.14,24.586,29.749,23.251,4.66,7.165,6.386
16214,0.912,34.863,24.535,29.711,23.237,4.619,7.002,6.303
16215,0.925,34.956,24.57,29.758,23.251,4.7,7.082,6.384
16216,0.918,35.072,24.566,29.74,23.251,4.701,7.123,6.344
16217,0.915,35.188,24.555,29.759,23.244,4.66,7.124,6.262
16218,0.915,34.796,24.547,29.73,23.251,4.66,7.083,6.343
16219,0.915,34.936,24.562,29.739,23.254,4.822,7.245,6.547
16220,0.918,35.11,24.605,29.768,23.254,4.783,7.206,6.346
16221,0.905,35.15,24.582,29.749,23.254,4.702,7.206,6.466
16222,0.908,34.824,24.574,29.749,23.254,4.742,7.206,6.426
16223,0.905,34.994,24.609,29.768,23.254,4.783,7.206,6.385
16224,0.912,35.111,24.575,29.759,23.258,4.742,7.206,6.344
16225,0.899,35.169,24.551,29.711,23.241,4.62,7.043,6.303
16226,0.899,34.863,24.578,29.749,23.247,4.7,7.123,6.425
16227,0.902,35.032,24.531,29.749,23.251,4.66,7.165,6.385
16228,0.908,35.14,24.562,29.74,23.247,4.66,7.165,6.303
16229,0.918,35.179,24.527,29.72,23.247,4.66,7.124,6.343
16230,0.925,34.949,24.574,29.759,23.258,4.822,7.287,6.506
16231,0.948,35.129,24.555,29.788,23.258,4.783,7.166,6.386
16232,0.935,35.217,24.59,29.75,23.251,4.702,7.124,6.303
16233,0.951,35.257,24.594,29.759,23.251,4.742,7.124,6.384
16234,0.948,34.749,24.574,29.797,23.247,4.701,7.165,6.425
16235,0.961,34.887,24.543,29.769,23.254,4.742,7.124,6.344
16236,0.958,34.975,24.59,29.74,23.24,4.539,6.961,6.181
16237,0.954,35.283,24.563,29.73,23.251,4.699,7.041,6.261
16238,0.958,35.046,24.547,29.73,23.247,4.742,7.042,6.384
16239,0.945,35.188,24.535,29.739,23.244,4.661,7.001,6.222
16240,0.948,35.266,24.566,29.72,23.244,4.66,6.96,6.261
16241,0.938,34.95,24.559,29.739,23.251,4.7,7.041,6.343
16242,0.951,35.024,24.574,29.787,23.261,4.782,7.123,6.425
16243,0.945,35.14,24.594,29.74,23.251,4.702,7.002,6.263
16244,0.951,35.237,24.598,29.749,23.247,4.701,7.041,6.384
16245,0.945,35.027,24.543,29.759,23.251,4.66,7.001,6.344
16246,0.948,35.168,24.59,29.778,23.261,4.782,7.001,6.343
16247,0.951,35.275,24.547,29.759,23.251,4.62,6.96,6.14
16248,0.951,35.353,24.531,29.73,23.244,4.7,6.878,6.219
16249,0.961,34.98,24.511,29.739,23.254,4.62,6.877,6.261
16250,0.968,35.091,24.574,29.74,23.247,4.619,6.877,6.262
16251,0.974,35.217,24.555,29.74,23.244,4.578,6.877,6.302
16252,0.984,35.324,24.582,29.749,23.251,4.74,7.0,6.384
16253,1.004,35.191,24.59,29.788,23.258,4.864,6.96,6.344
16254,0.997,35.295,24.586,29.759,23.254,4.702,6.96,6.303
16255,0.997,35.43,24.555,29.74,23.254,4.742,6.96,6.302
16256,1.01,35.489,24.601,29.74,23.258,4.783,6.96,6.302
16257,1.01,35.163,24.575,29.759,23.254,4.742,6.878,6.302
16258,1.001,35.313,24.547,29.74,23.247,4.579,6.796,6.14
16259,0.994,35.411,24.562,29.74,23.251,4.659,6.836,6.301
16260,0.997,35.46,24.578,29.74,23.247,4.7,6.877,6.262
16261,0.991,35.336,24.559,29.73,23.244,4.579,6.877,6.221
16262,0.991,35.488,24.535,29.73,23.244,4.659,6.837,6.22
16263,0.997,35.605,24.605,29.739,23.254,4.863,7.04,6.464
16264,1.004,35.663,24.578,29.759,23.254,4.743,6.96,6.304
16265,0.987,35.424,24.543,29.759,23.254,4.701,6.919,6.302
16266,1.0,35.556,24.601,29.749,23.254,4.742,6.959,6.302
16267,1.007,35.672,24.536,29.749,23.254,4.823,6.96,6.384
16268,1.017,35.616,24.558,29.749,23.251,4.743,6.96,6.263
16269,1.02,35.587,24.535,29.73,23.244,4.579,6.797,6.262
16270,1.02,35.73,24.574,29.749,23.247,4.7,6.917,6.221
16271,1.03,35.837,24.574,29.759,23.251,4.742,7.0,6.22
16272,1.037,35.646,24.563,29.73,23.247,4.579,6.919,6.261
16273,1.037,35.759,24.578,29.73,23.244,4.659,6.878,6.262
16274,1.046,35.904,24.566,29.749,23.254,4.741,7.081,6.384
16275,1.079,36.031,24.566,29.788,23.258,4.823,6.88,6.222
16276,1.063,35.802,24.574,29.75,23.251,4.702,6.918,6.302
16277,1.069,35.953,24.426,29.768,23.254,4.782,6.878,6.302
16278,1.063,36.079,24.553,29.759,23.251,4.783,6.918,6.425
16279,1.06,36.167,24.566,29.759,23.258,4.742,6.959,6.304
16280,1.056,35.928,24.59,29.73,23.241,4.579,6.756,6.221
16281,1.05,36.06,24.59,29.73,23.254,4.781,6.917,6.22
16282,1.053,36.205,24.563,29.739,23.247,4.742,6.878,6.139
16283,1.05,36.264,24.59,29.73,23.251,4.701,6.796,6.219
16284,1.056,36.101,24.563,29.73,23.247,4.742,6.917,6.22
16285,1.06,36.263,24.566,29.759,23.254,4.823,7.041,6.383
16286,1.079,36.427,24.625,29.778,23.258,4.783,6.96,6.303
16287,1.063,36.429,24.547,29.74,23.254,4.783,6.96,6.302
16288,1.082,36.295,24.558,29.749,23.247,4.783,6.96,6.302
16289,1.086,36.428,24.523,29.749,23.251,4.783,6.96,6.302
16290,1.102,36.554,24.605,29.749,23.258,4.783,6.96,6.262
16291,1.093,36.555,24.586,29.73,23.244,4.661,6.797,6.099
16292,1.089,36.536,24.582,29.73,23.251,4.7,6.917,6.3
16293,1.102,36.651,24.594,29.739,23.247,4.742,6.878,6.18
16294,1.106,36.767,24.555,29.759,23.244,4.701,6.918,6.179
16295,1.115,36.806,24.531,29.711,23.247,4.66,6.837,6.139
16296,1.112,36.692,24.562,29.73,23.251,4.822,7.04,6.26
16297,1.132,36.853,24.582,29.826,23.258,4.865,6.96,6.221
16298,1.119,36.922,24.535,29.75,23.254,4.743,6.919,6.22
16299,1.125,36.75,24.543,29.74,23.254,4.823,6.959,6.261
16300,1.122,36.825,24.605,29.749,23.254,4.783,6.96,6.262
16301,1.122,36.97,24.594,29.768,23.251,4.824,6.96,6.221
16302,1.119,37.038,24.559,29.73,23.247,4.702,6.878,6.058
16303,1.102,37.183,24.578,29.73,23.247,4.701,6.837,6.178
16304,1.112,37.367,24.555,29.739,23.244,4.782,6.877,6.139
16305,1.119,37.436,24.516,29.74,23.247,4.661,6.959,6.138
16306,1.115,37.523,24.574,29.74,23.244,4.741,6.878,6.138
16307,1.112,36.891,24.445,29.749,23.247,4.783,7.081,6.26
16308,1.145,37.057,24.53,29.778,23.265,4.905,7.083,6.262
16309,1.139,37.164,24.547,29.73,23.251,4.825,7.042,6.139
16310,1.138,37.223,24.621,29.749,23.247,4.824,7.123,6.179
16311,1.151,37.223,24.606,29.759,23.251,4.824,7.124,6.301
16312,1.155,37.357,24.563,29.759,23.254,4.743,7.205,6.18
16313,1.158,37.464,24.574,29.759,23.247,4.701,7.084,6.057
16314,1.155,37.504,24.551,29.711,23.244,4.742,7.205,6.178
16315,1.168,37.341,24.547,29.72,23.251,4.783,7.247,6.22
16316,1.168,37.454,24.547,29.739,23.247,4.702,7.125,6.058
16317,1.168,37.571,24.547,29.759,23.247,4.701,7.165,6.015
16318,1.158,37.601,24.531,29.74,23.247,4.701,7.246,6.178
16319,1.165,37.495,24.574,29.778,23.265,4.945,7.45,6.301
16320,1.174,37.629,24.609,29.75,23.258,4.744,7.208,6.18
16321,1.155,37.735,24.575,29.749,23.254,4.742,7.287,6.139
16322,1.152,38.053,24.566,29.759,23.247,4.864,7.288,6.219
16323,1.155,37.625,24.605,29.759,23.258,4.824,7.329,6.22
16324,1.155,37.755,24.536,29.749,23.251,4.702,7.289,6.058
16325,1.135,37.804,24.523,29.74,23.244,4.742,7.288,6.178
16326,1.135,37.67,24.578,29.759,23.251,4.742,7.288,6.139
16327,1.142,37.698,24.426,29.74,23.244,4.701,7.329,6.138
16328,1.148,37.813,24.526,29.73,23.251,4.66,7.289,6.098
16329,1.152,37.891,24.546,29.749,23.244,4.7,7.288,6.138
16330,1.165,37.776,24.558,29.768,23.261,4.863,7.41,6.382
16331,1.178,37.91,24.547,29.769,23.258,4.824,7.249,6.222
16332,1.165,38.026,24.543,29.759,23.251,4.783,7.288,6.18
16333,1.161,38.104,24.547,29.749,23.258,4.824,7.288,6.179
16334,1.168,37.74,24.551,29.749,23.251,4.824,7.288,6.261
16335,1.162,37.871,24.582,29.74,23.254,4.783,7.247,6.18
16336,1.155,37.958,24.559,29.72,23.24,4.661,7.166,6.098
16337,1.158,38.065,24.566,29.73,23.247,4.782,7.165,6.219
16338,1.139,37.893,24.551,29.739,23.254,4.742,7.206,6.18
16339,1.129,38.016,24.543,29.73,23.244,4.701,7.125,6.139
16340,1.129,38.113,24.558,29.73,23.247,4.701,7.165,6.138
16341,1.116,38.21,24.543,29.759,23.261,4.904,7.409,6.382
16342,1.112,37.952,24.543,29.749,23.258,4.784,7.208,6.222
16343,1.099,38.045,24.547,29.74,23.254,4.783,7.206,6.18
16344,1.099,38.171,24.547,29.749,23.251,4.783,7.247,6.22
16345,1.076,38.211,24.554,29.749,23.265,4.824,7.125,6.302
16346,1.076,38.0,24.555,29.759,23.251,4.743,7.124,6.18
16347,1.053,38.113,24.43,29.73,23.24,4.62,7.083,6.139
16348,1.069,38.22,24.545,29.739,23.251,4.741,7.042,6.179
16349,1.069,38.24,24.551,29.74,23.247,4.742,7.082,6.139
16350,1.047,37.962,24.594,29.72,23.237,4.742,7.042,6.179
16351,1.05,38.094,24.547,29.739,23.244,4.701,7.001,6.261
16352,1.06,38.2,24.566,29.787,23.258,4.904,7.123,6.343
16353,1.063,38.201,24.551,29.75,23.251,4.784,7.002,6.181
16354,1.043,38.153,24.555,29.749,23.247,4.742,7.001,6.179
16355,1.043,38.249,24.57,29.74,23.251,4.783,6.96,6.261
16356,1.033,38.355,24.578,29.759,23.254,4.824,6.96,6.262
16357,1.03,38.03,24.57,29.759,23.247,4.743,6.919,6.139
16358,1.001,38.085,24.531,29.721,23.24,4.701,6.878,6.138
16359,0.997,38.21,24.562,29.749,23.244,4.701,6.877,6.179
16360,0.984,38.297,24.582,29.749,23.254,4.742,6.837,6.22
16361,0.971,37.915,24.563,29.74,23.251,4.742,6.837,6.139
16362,0.964,38.036,24.559,29.73,23.251,4.783,6.958,6.179
16363,0.961,38.19,24.59,29.768,23.265,4.864,6.919,6.301
16364,0.948,38.24,24.567,29.74,23.251,4.784,6.878,6.221
16365,0.932,37.991,24.52,29.759,23.251,4.742,6.877,6.261
16366,0.931,38.123,24.582,29.749,23.251,4.783,6.877,6.302
16367,0.915,38.258,24.52,29.759,23.258,4.783,6.918,6.262
16368,0.925,38.308,24.542,29.749,23.247,4.742,6.715,6.099
16369,0.905,38.001,24.558,29.72,23.244,4.701,6.835,6.219
16370,0.912,38.161,24.613,29.739,23.251,4.701,6.837,6.139
16371,0.908,38.278,24.59,29.73,23.244,4.742,6.796,6.219
16372,0.905,38.298,24.555,29.73,23.244,4.742,6.795,6.139
16373,0.915,37.982,24.547,29.739,23.254,4.783,6.917,6.301
16374,0.925,38.161,24.543,29.797,23.265,4.864,6.959,6.302
16375,0.925,38.239,24.547,29.731,23.251,4.702,6.878,6.14
16376,0.909,38.25,24.562,29.749,23.251,4.742,6.796,6.179
16377,0.912,37.943,24.535,29.74,23.258,4.783,6.836,6.22
16378,0.886,38.093,24.519,29.749,23.254,4.824,6.877,6.22
16379,0.879,38.181,24.546,29.74,23.244,4.661,6.674,6.139
16380,0.863,38.268,24.554,29.72,23.247,4.741,6.835,6.179
16381,0.862,37.991,24.57,29.749,23.24,4.783,6.755,6.179
16382,0.853,38.084,24.563,29.72,23.247,4.742,6.714,6.139
16383,0.846,38.181,24.59,29.711,23.247,4.701,6.713,6.138
16384,0.846,37.981,24.563,29.739,23.247,4.782,6.835,6.301
16385,0.843,38.084,24.578,29.797,23.258,4.905,6.877,6.262
16386,0.833,38.152,24.578,29.759,23.251,4.784,6.715,6.302
16387,0.826,38.258,24.457,29.749,23.251,4.742,6.794,6.18
16388,0.83,37.866,24.53,29.74,23.251,4.783,6.755,6.261
16389,0.839,37.978,24.519,29.759,23.258,4.824,6.795,6.221
16390,0.833,38.075,24.578,29.73,23.241,4.661,6.673,6.098
16391,0.833,38.162,24.52,29.759,23.244,4.741,6.794,6.138
16392,0.839,37.875,24.55,29.73,23.247,4.701,6.755,6.138
16393,0.836,37.997,24.586,29.73,23.251,4.66,6.714,6.138
16394,0.833,38.113,24.551,29.739,23.251,4.619,6.754,6.138
16395,0.843,38.181,24.566,29.749,23.258,4.822,6.917,6.301
16396,0.853,38.0,24.574,29.768,23.261,4.865,6.756,6.14
16397,0.84,38.104,24.555,29.759,23.251,4.743,6.795,6.219
16398,0.833,38.239,24.527,29.759,23.247,4.742,6.795,6.261
16399,0.813,38.269,24.523,29.74,23.254,4.823,6.836,6.18
16400,0.82,37.895,24.597,29.74,23.251,4.743,6.837,6.179
16401,0.807,38.007,24.543,29.72,23.251,4.579,6.674,6.017
16402,0.79,38.094,24.531,29.73,23.251,4.74,6.835,6.137
16403,0.8,38.143,24.582,29.749,23.258,4.783,6.918,6.179
16404,0.8,37.836,24.543,29.711,23.247,4.742,6.756,6.098
16405,0.787,37.968,24.551,29.72,23.244,4.701,6.836,6.138
16406,0.793,38.046,24.586,29.73,23.251,4.782,6.999,6.301
16407,0.8,38.123,24.555,29.778,23.258,4.864,6.96,6.221
16408,0.797,37.98,24.531,29.74,23.247,4.702,6.838,6.139
16409,0.8,38.113,24.535,29.749,23.251,4.782,6.918,6.219
16410,0.813,38.201,24.574,29.749,23.254,4.742,6.919,6.18
16411,0.816,37.914,24.504,29.759,23.251,4.823,7.0,6.22
16412,0.813,37.863,24.546,29.73,23.247,4.621,6.797,6.058
16413,0.8,37.968,24.508,29.73,23.251,4.741,6.877,6.137
16414,0.81,38.074,24.531,29.749,23.247,4.742,6.877,6.179
16415,0.82,37.73,24.582,29.72,23.251,4.701,6.959,6.139
16416,0.807,37.861,24.52,29.73,23.244,4.701,6.878,6.098
16417,0.816,37.987,24.554,29.759,23.254,4.823,7.081,6.26
16418,0.816,38.094,24.547,29.759,23.258,4.824,7.083,6.221
16419,0.807,37.721,24.566,29.749,23.251,4.783,7.042,6.22
16420,0.794,37.871,24.566,29.749,23.247,4.783,7.042,6.261
16421,0.793,38.006,24.547,29.74,23.258,4.783,7.164,6.221
16422,0.793,38.084,24.558,29.768,23.258,4.742,7.124,6.18
16423,0.79,37.74,24.57,29.73,23.247,4.701,7.043,6.057
16424,0.78,37.852,24.551,29.73,23.247,4.782,7.164,6.178
16425,0.777,37.987,24.547,29.749,23.24,4.702,7.206,6.179
16426,0.78,38.027,24.578,29.74,23.251,4.701,7.165,6.139
16427,0.767,37.778,24.516,29.72,23.244,4.66,7.246,6.179
16428,0.787,37.919,24.527,29.73,23.247,4.7,7.288,6.261
16429,0.806,38.036,24.523,29.768,23.261,4.863,7.369,6.302
16430,0.803,38.075,24.578,29.74,23.247,4.743,7.289,6.221
16431,0.81,37.874,24.551,29.749,23.251,4.742,7.247,6.22
16432,0.807,37.997,24.562,29.74,23.254,4.742,7.288,6.302
16433,0.807,38.113,24.508,29.768,23.258,4.742,7.288,6.262
16434,0.816,38.124,24.535,29.74,23.244,4.701,7.166,6.017
16435,0.807,37.654,24.547,29.72,23.251,4.66,7.246,6.137
16436,0.81,37.793,24.535,29.73,23.251,4.741,7.247,6.138
16437,0.813,37.891,24.566,29.73,23.24,4.701,7.206,6.057
16438,0.8,37.892,24.527,29.72,23.244,4.701,7.165,6.097
16439,0.794,37.815,24.589,29.749,23.251,4.701,7.246,6.3
16440,0.8,37.958,24.598,29.778,23.265,4.823,7.206,6.221
16441,0.794,38.046,24.559,29.75,23.244,4.743,7.125,6.139
16442,0.8,37.701,24.559,29.74,23.254,4.823,7.205,6.179
16443,0.8,37.755,24.531,29.74,23.258,4.824,7.206,6.179
16444,0.787,37.9,24.547,29.759,23.258,4.743,7.165,6.179
16445,0.78,37.968,24.547,29.74,23.241,4.661,6.921,6.057
16446,0.774,37.681,24.558,29.749,23.251,4.741,7.122,6.178
16447,0.777,37.841,24.543,29.74,23.247,4.742,7.124,6.22
16448,0.78,37.968,24.515,29.74,23.254,4.661,7.124,6.139
16449,0.784,38.027,24.57,29.72,23.247,4.579,7.124,6.098
16450,0.793,37.605,24.57,29.739,23.251,4.781,7.246,6.26
16451,0.806,37.802,24.574,29.787,23.261,4.864,7.206,6.18
16452,0.8,37.891,24.563,29.759,23.254,4.702,7.165,6.179
16453,0.81,37.949,24.52,29.749,23.251,4.823,7.165,6.22
16454,0.813,37.643,24.546,29.768,23.254,4.824,7.124,6.22
16455,0.826,37.784,24.558,29.749,23.258,4.783,7.165,6.058
16456,0.813,37.871,24.508,29.72,23.241,4.661,6.921,5.975
16457,0.813,37.93,24.527,29.759,23.251,4.7,7.041,6.137
16458,0.81,37.748,24.527,29.74,23.247,4.742,7.042,6.016
16459,0.794,37.861,24.578,29.73,23.244,4.701,7.042,6.096
16460,0.803,37.958,24.524,29.73,23.247,4.66,7.042,6.097
16461,0.8,38.026,24.558,29.778,23.265,4.904,7.164,6.26
16462,0.803,37.768,24.562,29.759,23.251,4.744,7.043,6.139
16463,0.79,37.852,24.559,29.749,23.258,4.742,7.082,6.098
16464,0.777,37.968,24.547,29.749,23.254,4.783,7.042,6.138
16465,0.777,38.285,24.531,29.749,23.254,4.824,7.042,6.179
16466,0.787,37.723,24.57,29.749,23.251,4.743,6.92,6.057
16467,0.774,37.832,24.531,29.73,23.237,4.701,6.878,6.056
16468,0.787,37.948,24.496,29.73,23.251,4.701,6.918,6.015
16469,0.79,37.672,24.542,29.739,23.251,4.701,6.878,6.096
16470,0.793,37.688,24.574,29.73,23.244,4.66,6.837,6.056
16471,0.8,37.813,24.543,29.739,23.251,4.7,6.837,6.097
16472,0.813,37.92,24.562,29.778,23.261,4.863,7.04,6.3
16473,0.826,37.614,24.539,29.759,23.251,4.743,6.879,6.18
16474,0.813,37.716,24.55,29.749,23.251,4.783,6.877,6.098
16475,0.826,37.813,24.562,29.73,23.254,4.742,6.918,6.138
16476,0.826,37.92,24.535,29.739,23.254,4.701,6.919,6.26
16477,0.826,37.623,24.535,29.749,23.254,4.742,6.878,6.058
16478,0.804,37.735,24.508,29.72,23.237,4.62,6.837,6.097
16479,0.803,37.871,24.566,29.759,23.247,4.7,6.877,6.097
16480,0.81,37.949,24.527,29.721,23.247,4.701,6.877,6.097
16481,0.8,37.7,24.515,29.73,23.244,4.66,6.837,6.056
16482,0.79,37.822,24.523,29.73,23.244,4.7,6.958,6.137
16483,0.79,37.968,24.566,29.759,23.254,4.863,7.082,6.301
16484,0.81,38.055,24.559,29.74,23.251,4.743,6.961,6.14
16485,0.787,38.507,24.539,29.73,23.251,4.742,7.0,6.138
16486,0.8,38.636,24.574,29.759,23.254,4.742,7.041,6.179
16487,0.797,38.743,24.559,29.759,23.254,4.742,7.123,6.179
16488,0.8,38.801,24.531,29.759,23.251,4.742,7.002,6.098
16489,0.794,37.277,24.523,29.701,23.237,4.62,6.96,6.056
16490,0.8,37.415,24.582,29.739,23.254,4.7,7.041,6.097
16491,0.81,37.532,24.531,29.749,23.247,4.742,7.082,6.056
16492,0.807,37.562,24.504,29.749,23.247,4.661,7.002,6.137
16493,0.813,37.773,24.511,29.73,23.247,4.66,7.163,6.098
16494,0.816,37.948,24.546,29.768,23.261,4.863,7.287,6.26
16495,0.839,38.065,24.582,29.749,23.254,4.784,7.166,6.099
16496,0.817,37.759,24.531,29.73,23.251,4.783,7.206,6.219
16497,0.826,37.698,24.562,29.739,23.251,4.742,7.287,6.18
16498,0.82,37.813,24.543,29.74,23.258,4.783,7.329,6.179
16499,0.81,37.91,24.535,29.74,23.254,4.824,7.207,6.098
16500,0.8,37.518,24.496,29.692,23.234,4.661,7.165,6.016
16501,0.803,37.638,24.531,29.749,23.251,4.741,7.246,6.056
16502,0.8,37.764,24.515,29.74,23.251,4.742,7.247,6.097
16503,0.79,37.823,24.531,29.73,23.244,4.62,7.247,5.975
16504,0.787,37.574,24.531,29.72,23.244,4.7,7.288,6.137
16505,0.78,37.725,24.578,29.739,23.254,4.904,7.491,6.219
16506,0.806,37.871,24.531,29.759,23.247,4.744,7.29,6.139
16507,0.797,37.949,24.527,29.74,23.251,4.783,7.329,6.138
16508,0.794,37.537,24.531,29.749,23.251,4.742,7.329,6.098
16509,0.81,37.687,24.57,29.74,23.258,4.783,7.329,6.138
16510,0.81,37.803,24.523,29.759,23.254,4.783,7.289,6.057
16511,0.81,37.833,24.511,29.721,23.244,4.62,7.125,6.056
16512,0.803,37.651,24.515,29.73,23.251,4.741,7.205,6.097
16513,0.82,37.803,24.48,29.739,23.251,4.783,7.247,6.097
16514,0.813,37.891,24.503,29.72,23.244,4.742,7.206,6.056
16515,0.816,37.93,24.585,29.739,23.251,4.742,7.165,6.056
16516,0.826,37.451,24.516,29.749,23.258,4.905,7.328,6.219
16517,0.836,37.609,24.527,29.749,23.251,4.784,7.167,6.098
16518,0.813,37.697,24.554,29.73,23.258,4.742,7.165,6.016
16519,0.807,37.707,24.555,29.73,23.251,4.783,7.206,6.096
16520,0.81,37.602,24.551,29.749,23.258,4.824,7.165,6.138
16521,0.803,37.716,24.535,29.74,23.254,4.783,7.084,6.057
16522,0.8,37.813,24.57,29.72,23.24,4.62,7.042,5.975
16523,0.787,37.804,24.578,29.739,23.247,4.781,7.042,6.055
16524,0.797,37.574,24.547,29.74,23.254,4.742,7.082,6.097
16525,0.787,37.697,24.543,29.73,23.247,4.661,7.042,6.056
16526,0.787,37.784,24.539,29.72,23.247,4.7,7.001,6.056
16527,0.79,37.43,24.465,29.749,23.258,4.782,7.082,6.219
16528,0.813,37.561,24.515,29.778,23.261,4.824,7.164,6.098
16529,0.8,37.629,24.523,29.73,23.254,4.865,7.002,6.138
16530,0.803,37.716,24.589,29.73,23.251,4.824,7.123,6.138
16531,0.81,37.477,24.551,29.759,23.254,4.824,7.043,6.098
16532,0.803,37.6,24.562,29.759,23.258,4.824,7.082,6.097
16533,0.81,37.716,24.469,29.74,23.251,4.702,6.88,6.016
16534,0.807,37.746,24.515,29.73,23.244,4.701,7.04,6.096
16535,0.816,37.324,24.578,29.72,23.251,4.782,7.001,6.056
16536,0.816,37.454,24.496,29.73,23.254,4.702,7.041,6.015
16537,0.816,37.58,24.515,29.739,23.244,4.579,6.96,6.056
16538,0.81,37.658,24.503,29.72,23.254,4.822,6.96,6.137
16539,0.813,37.391,24.597,29.768,23.261,4.905,7.163,6.219
16540,0.807,37.512,24.508,29.74,23.247,4.784,7.084,6.098
16541,0.8,37.61,24.546,29.74,23.251,4.742,7.042,6.138
16542,0.794,37.678,24.539,29.74,23.258,4.783,7.123,6.098
16543,0.787,37.362,24.508,29.74,23.254,4.824,7.083,6.138
16544,0.797,37.512,24.531,29.74,23.247,4.743,6.961,6.016
16545,0.777,37.562,24.547,29.692,23.244,4.701,7.0,6.056
16546,0.787,37.629,24.519,29.73,23.258,4.742,7.082,6.137
16547,0.78,37.39,24.507,29.73,23.241,4.701,7.042,6.057
16548,0.79,37.493,24.527,29.73,23.247,4.701,6.92,6.056
16549,0.784,37.59,24.574,29.72,23.247,4.742,7.0,6.097
16550,0.797,37.917,24.57,29.768,23.261,4.905,7.123,6.26
16551,0.807,37.403,24.539,29.749,23.254,4.744,7.043,6.139
16552,0.8,37.484,24.535,29.759,23.254,4.783,7.001,6.138
16553,0.797,37.6,24.547,29.74,23.258,4.783,7.123,6.219
16554,0.8,37.361,24.527,29.768,23.251,4.824,7.043,6.18
16555,0.816,37.349,24.55,29.73,23.254,4.702,6.92,5.976
16556,0.81,37.426,24.504,29.73,23.247,4.66,7.0,6.015
16557,0.81,37.561,24.535,29.73,23.244,4.741,7.041,6.056
16558,0.807,37.275,24.523,29.73,23.254,4.742,6.96,6.097
16559,0.8,37.387,24.554,29.711,23.24,4.701,6.96,6.016
16560,0.8,37.503,24.59,29.739,23.247,4.742,7.122,6.178
16561,0.8,37.619,24.531,29.768,23.265,4.864,7.205,6.098
16562,0.794,37.237,24.554,29.74,23.251,4.784,7.003,6.097
16563,0.777,37.367,24.519,29.74,23.251,4.783,7.001,6.138
16564,0.777,37.512,24.531,29.749,23.251,4.824,7.082,6.219
16565,0.78,37.562,24.558,29.74,23.258,4.824,7.164,6.22
16566,0.78,37.198,24.519,29.73,23.244,4.702,7.002,6.017
16567,0.764,37.309,24.515,29.73,23.247,4.782,7.041,6.096
16568,0.777,37.445,24.523,29.73,23.254,4.702,7.042,6.138
16569,0.784,37.484,24.531,29.73,23.244,4.742,7.001,6.098
16570,0.78,37.255,24.539,29.72,23.244,4.661,7.001,6.056
16571,0.787,37.377,24.515,29.749,23.247,4.822,7.245,6.219
16572,0.8,37.541,24.55,29.768,23.265,4.824,7.288,6.261
16573,0.803,37.562,24.543,29.749,23.254,4.783,7.166,6.221
16574,0.8,37.112,24.531,29.74,23.251,4.742,7.206,6.22
16575,0.813,37.222,24.578,29.749,23.258,4.823,7.287,6.22
16576,0.816,37.348,24.52,29.73,23.254,4.783,7.288,6.22
16577,0.82,37.378,24.542,29.72,23.247,4.661,7.247,6.058
16578,0.797,37.234,24.512,29.711,23.247,4.7,7.328,6.178
16579,0.794,37.396,24.585,29.73,23.247,4.782,7.329,6.098
16580,0.787,37.493,24.543,29.73,23.244,4.742,7.329,6.138
16581,0.787,37.331,24.512,29.72,23.24,4.661,7.289,6.138
16582,0.774,37.205,24.511,29.739,23.251,4.741,7.491,6.26
16583,0.787,37.376,24.492,29.759,23.265,4.905,7.575,6.262
16584,0.787,37.474,24.531,29.74,23.251,4.744,7.494,6.221
16585,0.78,37.139,24.605,29.749,23.251,4.742,7.534,6.261
16586,0.771,37.213,24.497,29.74,23.247,4.783,7.534,6.221
16587,0.77,37.338,24.577,29.749,23.244,4.864,7.575,6.261
16588,0.777,37.426,24.535,29.73,23.251,4.743,7.494,6.139
16589,0.78,37.053,24.566,29.711,23.24,4.701,7.534,6.138
16590,0.777,37.231,24.559,29.739,23.244,4.782,7.534,6.138
16591,0.787,37.348,24.504,29.72,23.244,4.702,7.534,6.219
16592,0.793,37.426,24.519,29.73,23.24,4.66,7.575,6.058
16593,0.787,37.244,24.488,29.72,23.247,4.741,7.616,6.219
16594,0.806,37.425,24.53,29.778,23.261,4.905,7.698,6.302
16595,0.81,37.513,24.562,29.721,23.254,4.784,7.536,6.18
16596,0.8,37.571,24.547,29.73,23.251,4.742,7.534,6.22
16597,0.813,36.997,24.554,29.73,23.254,4.783,7.616,6.22
16598,0.807,37.144,24.535,29.749,23.254,4.824,7.657,6.22
16599,0.784,37.261,24.554,29.74,23.254,4.702,7.455,6.098
16600,0.774,37.262,24.578,29.701,23.244,4.701,7.534,6.178
16601,0.777,37.156,24.512,29.73,23.251,4.823,7.575,6.179
16602,0.774,37.309,24.523,29.73,23.251,4.743,7.575,6.098
16603,0.771,37.397,24.48,29.72,23.251,4.701,7.575,6.097
16604,0.761,37.446,24.503,29.72,23.244,4.742,7.535,6.178
16605,0.767,37.187,24.589,29.749,23.254,4.864,7.697,6.301
16606,0.78,37.338,24.489,29.759,23.251,4.743,7.536,6.221
16607,0.761,37.426,24.53,29.74,23.251,4.783,7.616,6.261
16608,0.767,37.542,24.504,29.74,23.254,4.742,7.617,6.221
16609,0.783,37.169,24.593,29.73,23.261,4.783,7.535,6.22
16610,0.79,37.29,24.574,29.749,23.251,4.783,7.534,6.098
16611,0.777,37.358,24.524,29.711,23.24,4.661,7.453,6.056
16612,0.774,37.042,24.558,29.73,23.251,4.782,7.534,6.178
16613,0.787,37.097,24.484,29.73,23.251,4.742,7.575,6.179
16614,0.787,37.222,24.519,29.72,23.247,4.742,7.494,6.139
16615,0.797,37.3,24.574,29.72,23.247,4.742,7.534,6.138
16616,0.797,37.051,24.504,29.73,23.254,4.864,7.657,6.341
16617,0.81,37.231,24.542,29.739,23.258,4.743,7.698,6.181
16618,0.787,37.3,24.512,29.73,23.247,4.783,7.618,6.301
16619,0.79,37.397,24.55,29.749,23.251,4.783,7.657,6.18
16620,0.78,37.004,24.469,29.73,23.254,4.783,7.658,6.261
16621,0.784,37.144,24.526,29.749,23.261,4.824,7.617,6.221
16622,0.774,37.251,24.539,29.72,23.241,4.702,7.454,6.098
16623,0.764,37.291,24.461,29.73,23.254,4.782,7.534,6.138
16624,0.777,37.023,24.538,29.73,23.258,4.783,7.534,6.138
16625,0.761,37.154,24.558,29.739,23.251,4.702,7.534,6.138
16626,0.767,37.251,24.48,29.73,23.244,4.742,7.534,6.179
16627,0.767,37.319,24.507,29.73,23.251,4.823,7.575,6.301
16628,0.783,37.224,24.523,29.768,23.265,4.905,7.698,6.18
16629,0.774,37.319,24.562,29.74,23.248,4.865,7.536,6.179
16630,0.761,37.435,24.535,29.749,23.251,4.784,7.534,6.139
16631,0.78,37.475,24.535,29.74,23.251,4.864,7.494,6.179
16632,0.787,37.024,24.539,29.74,23.251,4.906,7.616,6.22
16633,0.79,37.144,24.496,29.74,23.251,4.825,7.535,6.139
16634,0.774,37.232,24.511,29.711,23.244,4.702,7.494,6.179
16635,0.787,37.262,24.558,29.72,23.251,4.823,7.534,6.139
16636,0.787,37.156,24.492,29.739,23.247,4.824,7.494,6.138
16637,0.787,37.29,24.531,29.72,23.244,4.702,7.494,6.138
16638,0.777,37.358,24.5,29.72,23.247,4.742,7.534,6.138
16639,0.774,37.081,24.554,29.759,23.261,4.945,7.657,6.301
16640,0.784,37.04,24.558,29.749,23.247,4.703,7.495,6.18
16641,0.764,37.145,24.527,29.73,23.251,4.823,7.534,6.22
16642,0.77,37.261,24.558,29.739,23.251,4.824,7.494,6.22
16643,0.767,36.945,24.488,29.778,23.254,4.824,7.534,6.302
16644,0.77,37.077,24.538,29.75,23.254,4.743,7.453,6.14
16645,0.757,37.164,24.562,29.701,23.237,4.661,7.412,6.179
16646,0.757,37.271,24.492,29.749,23.251,4.822,7.452,6.22
16647,0.757,37.013,24.531,29.74,23.247,4.743,7.371,6.18
16648,0.764,37.116,24.504,29.74,23.247,4.742,7.37,6.139
16649,0.764,37.222,24.566,29.72,23.244,4.783,7.452,6.301
16650,0.777,37.329,24.5,29.759,23.261,4.946,7.615,6.384
16651,0.79,36.965,24.503,29.74,23.254,4.825,7.454,6.222
16652,0.787,37.077,24.527,29.749,23.251,4.824,7.493,6.22
16653,0.787,37.212,24.504,29.797,23.251,4.824,7.453,6.302
16654,0.79,37.281,24.523,29.769,23.258,4.946,7.452,6.221
16655,0.8,36.907,24.558,29.749,23.244,4.785,7.371,6.18
16656,0.784,37.019,24.492,29.711,23.24,4.702,7.289,6.22
16657,0.797,37.144,24.519,29.73,23.251,4.823,7.451,6.22
16658,0.787,37.174,24.527,29.73,23.251,4.783,7.33,6.22
16659,0.78,37.041,24.57,29.72,23.24,4.742,7.329,6.139
16660,0.774,37.173,24.535,29.739,23.251,4.783,7.37,6.179
16661,0.784,37.309,24.547,29.778,23.261,4.946,7.452,6.301
16662,0.774,37.33,24.531,29.74,23.254,4.825,7.29,6.262
16663,0.774,37.023,24.507,29.797,23.254,4.783,7.288,6.262
16664,0.764,37.135,24.511,29.759,23.258,4.824,7.288,6.262
16665,0.757,37.232,24.566,29.759,23.251,4.824,7.329,6.302
16666,0.764,37.194,24.523,29.759,23.247,4.824,7.248,6.18
16667,0.751,36.954,24.5,29.721,23.24,4.702,7.166,6.179
16668,0.774,37.096,24.511,29.73,23.247,4.742,7.246,6.179
16669,0.774,37.193,24.562,29.73,23.247,4.823,7.125,6.139
16670,0.771,36.983,24.516,29.73,23.24,4.743,7.083,6.219
16671,0.764,37.067,24.542,29.72,23.251,4.823,7.123,6.22
16672,0.78,37.212,24.531,29.759,23.261,4.865,7.287,6.383
16673,0.79,37.329,24.492,29.759,23.247,4.824,7.125,6.263
16674,0.784,36.783,24.538,29.74,23.251,4.824,7.083,6.221
16675,0.787,36.893,24.554,29.74,23.254,4.865,7.205,6.139
16676,0.793,37.047,24.519,29.749,23.251,4.865,7.165,6.219
16677,0.8,37.135,24.546,29.749,23.254,4.824,7.124,6.139
16678,0.781,36.963,24.515,29.701,23.237,4.661,6.961,6.098
16679,0.771,37.115,24.597,29.739,23.251,4.782,7.082,6.138
16680,0.777,37.232,24.543,29.74,23.244,4.742,7.042,6.098
16681,0.771,37.3,24.496,29.73,23.24,4.701,6.96,6.097
16682,0.761,36.86,24.519,29.72,23.24,4.742,6.96,6.056
16683,0.764,36.989,24.48,29.73,23.254,4.823,7.082,6.178
16684,0.764,37.144,24.519,29.778,23.261,4.905,7.083,6.22
16685,0.754,37.165,24.55,29.73,23.247,4.784,6.961,6.261
16686,0.761,36.945,24.484,29.739,23.254,4.864,7.0,6.262
16687,0.754,37.086,24.515,29.74,23.247,4.865,7.001,6.262
16688,0.767,37.212,24.554,29.749,23.254,4.865,7.041,6.221
16689,0.774,37.223,24.586,29.73,23.244,4.824,6.92,6.139
16690,0.767,36.878,24.5,29.72,23.244,4.743,6.959,6.179
16691,0.777,37.028,24.546,29.749,23.251,4.823,7.082,6.139
16692,0.784,37.154,24.535,29.74,23.247,4.783,6.961,6.098
16693,0.771,37.481,24.5,29.74,23.244,4.742,6.96,6.097
16694,0.774,36.948,24.48,29.72,23.247,4.823,7.082,6.219
16695,0.793,37.096,24.554,29.759,23.265,4.905,7.245,6.302
16696,0.803,37.203,24.527,29.778,23.254,4.825,7.084,6.18
16697,0.794,36.849,24.496,29.74,23.251,4.824,7.042,6.22
16698,0.787,36.845,24.534,29.749,23.254,4.905,7.082,6.139
16699,0.78,36.98,24.582,29.759,23.254,4.865,7.083,6.301
16700,0.78,37.058,24.485,29.759,23.247,4.784,7.042,6.14
16701,0.767,36.79,24.495,29.721,23.244,4.783,7.082,6.179
16702,0.761,36.931,24.519,29.73,23.251,4.783,7.083,6.139
16703,0.764,37.057,24.542,29.778,23.247,4.824,7.083,6.138
16704,0.757,37.135,24.496,29.73,23.254,4.743,7.083,6.016
16705,0.754,36.714,24.523,29.72,23.247,4.783,7.205,6.178
16706,0.757,36.882,24.531,29.816,23.261,4.946,7.369,6.342
16707,0.761,37.028,24.507,29.76,23.254,4.866,7.248,6.181
16708,0.761,37.068,24.523,29.769,23.251,4.865,7.206,6.22
16709,0.77,36.742,24.562,29.749,23.258,4.865,7.247,6.139
16710,0.77,36.892,24.566,29.759,23.247,4.906,7.288,6.219
16711,0.774,37.009,24.555,29.759,23.258,4.906,7.207,6.18
16712,0.767,37.048,24.508,29.721,23.244,4.784,7.084,6.057
16713,0.777,36.704,24.503,29.749,23.247,4.824,7.245,6.137
16714,0.78,36.834,24.488,29.759,23.251,4.824,7.247,6.098
16715,0.784,36.951,24.558,29.749,23.244,4.824,7.206,6.097
16716,0.784,36.981,24.523,29.73,23.247,4.783,7.165,6.097
16717,0.787,36.732,24.496,29.759,23.258,4.905,7.368,6.219
16718,0.787,36.902,24.534,29.778,23.261,4.947,7.289,6.18
16719,0.774,36.971,24.57,29.74,23.258,4.866,7.329,6.139
16720,0.774,36.981,24.516,29.759,23.251,5.028,7.37,6.179
16721,0.767,36.818,24.542,29.74,23.254,4.907,7.37,6.261
16722,0.761,36.979,24.512,29.749,23.254,4.906,7.33,6.221
16723,0.761,37.086,24.531,29.73,23.251,4.825,7.167,6.017
16724,0.751,36.838,24.488,29.72,23.244,4.865,7.328,6.178
16725,0.757,36.759,24.573,29.73,23.251,4.865,7.289,6.179
16726,0.751,36.883,24.547,29.787,23.247,4.865,7.329,6.139
16727,0.748,36.961,24.488,29.731,23.244,4.865,7.167,6.138
16728,0.751,36.636,24.527,29.72,23.251,4.906,7.287,6.219
16729,0.774,36.747,24.55,29.778,23.258,5.028,7.451,6.302
16730,0.771,36.883,24.508,29.75,23.247,4.867,7.29,6.14
16731,0.774,36.942,24.492,29.74,23.258,4.946,7.369,6.219
16732,0.777,36.616,24.499,29.759,23.254,4.947,7.33,6.261
16733,0.79,36.747,24.48,29.759,23.251,4.988,7.37,6.221
16734,0.787,36.864,24.487,29.749,23.251,4.907,7.289,6.18
16735,0.78,36.932,24.538,29.701,23.24,4.865,7.125,6.098
16736,0.79,36.539,24.55,29.758,23.254,4.906,7.246,6.178
16737,0.793,36.699,24.515,29.73,23.251,4.987,7.166,6.179
16738,0.78,36.786,24.542,29.739,23.244,4.988,7.206,6.057
16739,0.774,36.874,24.535,29.711,23.244,4.826,7.165,6.137
16740,0.771,36.644,24.508,29.758,23.258,4.987,7.328,6.301
16741,0.783,36.815,24.527,29.769,23.254,4.988,7.207,6.221
16742,0.767,36.922,24.504,29.749,23.251,4.948,7.206,6.18
16743,0.761,36.98,24.507,29.768,23.247,4.988,7.206,6.22
16744,0.764,36.54,24.496,29.759,23.254,4.988,7.206,6.261
16745,0.764,36.66,24.577,29.759,23.258,4.948,7.165,6.302
16746,0.754,36.767,24.438,29.759,23.244,4.866,7.002,6.14
16747,0.748,36.787,24.495,29.721,23.247,4.946,7.123,6.26
16748,0.76,36.663,24.534,29.749,23.247,4.907,7.043,6.18
16749,0.774,36.767,24.55,29.74,23.251,4.825,7.042,6.22
16750,0.767,36.893,24.539,29.72,23.24,4.865,7.001,6.139
16751,0.77,36.894,24.504,29.749,23.251,4.987,7.163,6.301
16752,0.79,36.654,24.542,29.778,23.261,5.029,7.165,6.302
16753,0.777,36.738,24.488,29.74,23.251,4.907,7.043,6.302
16754,0.78,36.844,24.515,29.749,23.258,5.028,7.082,6.262
16755,0.784,36.529,24.574,29.749,23.258,4.989,7.042,6.302
16756,0.78,36.574,24.485,29.759,23.258,4.948,7.001,6.302
16757,0.784,36.718,24.495,29.721,23.244,4.866,6.838,6.099
16758,0.774,36.787,24.515,29.73,23.258,4.906,7.04,6.178
16759,0.777,36.433,24.554,29.739,23.251,4.906,6.96,6.22
16760,0.771,36.563,24.539,29.74,23.251,4.865,6.96,6.139
16761,0.767,36.699,24.5,29.74,23.251,4.865,7.0,6.219
16762,0.757,36.796,24.55,29.749,23.261,5.068,7.123,6.383
16763,0.77,36.519,24.492,29.778,23.261,4.989,7.124,6.222
16764,0.764,36.612,24.511,29.74,23.247,4.948,7.043,6.22
16765,0.761,36.747,24.581,29.749,23.251,4.947,7.123,6.302
16766,0.757,36.816,24.469,29.759,23.251,4.907,7.083,6.302
16767,0.757,36.49,24.511,29.759,23.251,4.947,7.083,6.262
16768,0.764,36.593,24.496,29.721,23.24,4.825,6.92,6.221
16769,0.754,36.709,24.542,29.749,23.258,4.987,7.041,6.22
16770,0.774,36.787,24.469,29.759,23.251,4.866,7.001,6.22
16771,0.771,36.375,24.48,29.73,23.251,4.865,6.919,6.18
16772,0.774,36.515,24.538,29.72,23.244,4.824,6.959,6.179
16773,0.767,36.631,24.519,29.759,23.254,4.946,7.082,6.342
16774,0.8,36.719,24.515,29.778,23.254,5.029,7.042,6.303
16775,0.79,36.528,24.562,29.73,23.244,4.907,7.082,6.262
16776,0.797,36.65,24.52,29.739,23.254,4.947,7.042,6.18
16777,0.794,36.757,24.488,29.768,23.261,4.947,7.123,6.301
16778,0.79,36.94,24.546,29.749,23.258,4.988,7.165,6.14
16779,0.78,36.444,24.574,29.72,23.244,4.785,7.002,6.057
16780,0.764,36.535,24.481,29.739,23.244,4.946,7.204,6.219
16781,0.777,36.689,24.515,29.74,23.251,4.907,7.206,6.22
16782,0.771,36.47,24.542,29.72,23.247,4.906,7.165,6.22
16783,0.764,36.448,24.512,29.787,23.244,4.825,7.124,6.18
16784,0.767,36.592,24.503,29.759,23.254,4.987,7.327,6.301
16785,0.774,36.728,24.577,29.778,23.265,4.988,7.329,6.262
16786,0.754,36.355,24.531,29.759,23.254,4.988,7.329,6.262
16787,0.754,36.438,24.5,29.74,23.247,4.948,7.329,6.302
16788,0.757,36.573,24.503,29.759,23.251,4.947,7.37,6.221
16789,0.764,36.67,24.562,29.749,23.258,4.947,7.37,6.22
16790,0.774,36.307,24.539,29.73,23.244,4.785,7.289,6.139
16791,0.767,36.418,24.519,29.749,23.251,4.905,7.329,6.219
16792,0.777,36.582,24.531,29.749,23.251,4.906,7.289,6.139
16793,0.777,36.651,24.523,29.749,23.244,4.825,7.329,6.179
16794,0.777,36.22,24.5,29.73,23.244,4.905,7.289,6.139
16795,0.787,36.321,24.531,29.72,23.251,4.906,7.369,6.219
16796,0.79,36.495,24.527,29.797,23.265,5.028,7.492,6.302
16797,0.8,36.554,24.496,29.74,23.248,4.907,7.371,6.221
16798,0.787,36.363,24.534,29.74,23.254,4.987,7.411,6.22
16799,0.78,36.515,24.543,29.759,23.251,4.948,7.411,6.302
16800,0.777,36.631,24.496,29.749,23.258,4.907,7.411,6.221
16801,0.777,36.671,24.495,29.74,23.241,4.825,7.249,6.058
16802,0.754,36.278,24.511,29.73,23.247,4.905,7.41,6.219
16803,0.757,36.466,24.499,29.759,23.247,4.906,7.371,6.139
16804,0.764,36.564,24.519,29.74,23.24,4.865,7.33,6.138
16805,0.748,36.565,24.523,29.74,23.247,4.824,7.289,6.179
16806,0.747,36.344,24.507,29.74,23.254,4.946,7.451,6.342
16807,0.767,36.495,24.527,29.787,23.265,5.029,7.452,6.303
16808,0.764,36.583,24.531,29.75,23.248,4.867,7.412,6.262
16809,0.764,36.431,24.574,29.759,23.254,4.906,7.411,6.221
16810,0.774,36.314,24.445,29.74,23.258,4.947,7.371,6.383
16811,0.784,36.447,24.518,29.749,23.258,4.988,7.37,6.303
16812,0.774,36.535,24.503,29.73,23.241,4.826,7.289,6.058
16813,0.774,36.219,24.515,29.749,23.251,4.905,7.288,6.259
16814,0.79,36.331,24.519,29.759,23.247,4.906,7.288,6.262
16815,0.79,36.438,24.519,29.74,23.247,4.865,7.288,6.262
16816,0.79,36.535,24.523,29.74,23.247,4.824,7.207,6.18
16817,0.787,36.123,24.488,29.749,23.251,4.946,7.287,6.301
16818,0.797,36.32,24.562,29.768,23.265,5.029,7.41,6.343
16819,0.787,36.409,24.551,29.749,23.254,4.907,7.289,6.303
16820,0.78,36.477,24.492,29.749,23.254,4.947,7.288,6.302
16821,0.774,36.113,24.48,29.749,23.258,4.907,7.288,6.384
16822,0.764,36.282,24.491,29.778,23.251,4.987,7.288,6.303
16823,0.764,36.399,24.507,29.75,23.254,4.826,7.166,6.14
16824,0.764,36.438,24.488,29.74,23.247,4.865,7.165,6.219
16825,0.764,36.218,24.53,29.749,23.247,4.824,7.206,6.302
16826,0.754,36.398,24.527,29.749,23.244,4.824,7.125,6.18
16827,0.748,36.477,24.511,29.73,23.244,4.783,7.043,6.22
16828,0.767,36.535,24.566,29.739,23.244,4.946,7.204,6.302
16829,0.774,36.19,24.582,29.797,23.261,4.988,7.287,6.302
16830,0.767,36.321,24.535,29.759,23.251,4.907,7.166,6.221
16831,0.774,36.428,24.492,29.759,23.251,4.865,7.165,6.261
16832,0.777,36.467,24.495,29.759,23.258,4.906,7.165,6.343
16833,0.777,36.132,24.515,29.778,23.251,4.906,7.206,6.343
16834,0.78,36.273,24.5,29.75,23.251,4.784,7.043,6.181
16835,0.78,36.341,24.531,29.72,23.24,4.783,7.042,6.261
16836,0.79,36.61,24.527,29.749,23.247,4.824,7.164,6.18
16837,0.787,36.229,24.519,29.73,23.244,4.743,7.043,6.22
16838,0.787,36.369,24.574,29.72,23.244,4.823,7.042,6.18
16839,0.777,36.457,24.543,29.739,23.251,4.824,7.082,6.261
16840,0.774,36.19,24.527,29.797,23.261,4.905,7.164,6.343
16841,0.774,36.225,24.511,29.74,23.251,4.865,7.043,6.262
16842,0.758,36.331,24.503,29.759,23.247,4.824,7.082,6.343
16843,0.757,36.418,24.484,29.759,23.254,4.905,7.083,6.262
16844,0.757,36.16,24.515,29.759,23.254,4.906,7.083,6.302
16845,0.757,36.292,24.55,29.759,23.251,4.865,6.961,6.302
16846,0.754,36.389,24.488,29.74,23.244,4.702,6.838,6.18
16847,0.744,36.496,24.495,29.759,23.244,4.904,6.958,6.22
16848,0.757,36.171,24.519,29.73,23.247,4.825,6.96,6.22
16849,0.767,36.283,24.578,29.759,23.247,4.743,6.919,6.22
16850,0.774,36.399,24.527,29.73,23.24,4.783,6.959,6.22
16851,0.78,36.505,24.504,29.778,23.258,5.027,7.082,6.383
16852,0.793,36.056,24.535,29.759,23.244,4.907,7.042,6.222
16853,0.787,36.176,24.523,29.759,23.247,4.906,7.042,6.22
16854,0.787,36.273,24.515,29.759,23.251,4.906,7.082,6.342
16855,0.79,36.351,24.562,29.769,23.261,4.906,7.123,6.262
16856,0.803,36.035,24.52,29.749,23.251,4.865,7.043,6.099
16857,0.794,36.147,24.5,29.72,23.24,4.743,7.082,6.178
16858,0.787,36.263,24.558,29.739,23.247,4.823,7.164,6.179
16859,0.777,36.322,24.527,29.749,23.244,4.824,7.124,6.179
16860,0.774,36.083,24.515,29.749,23.247,4.824,7.124,6.139
16861,0.761,36.195,24.503,29.749,23.247,4.865,7.287,6.179
16862,0.777,36.331,24.531,29.768,23.261,4.987,7.451,6.342
16863,0.777,36.332,24.523,29.759,23.251,4.907,7.371,6.221
16864,0.761,36.15,24.496,29.759,23.247,4.865,7.37,6.22
16865,0.764,36.263,24.55,29.759,23.254,4.906,7.37,6.261
16866,0.761,36.418,24.5,29.778,23.254,4.947,7.452,6.262
16867,0.767,36.199,24.484,29.769,23.247,4.866,7.371,6.139
16868,0.767,36.11,24.484,29.73,23.247,4.743,7.289,6.179
16869,0.783,36.253,24.538,29.759,23.251,4.823,7.451,6.22
16870,0.78,36.379,24.523,29.759,23.247,4.824,7.412,6.18
16871,0.787,35.959,24.527,29.73,23.244,4.783,7.411,6.098
16872,0.784,36.06,24.496,29.73,23.244,4.824,7.452,6.138
16873,0.793,36.186,24.527,29.778,23.258,4.987,7.696,6.382
16874,0.816,36.331,24.515,29.769,23.254,4.866,7.536,6.181
16875,0.807,35.958,24.519,29.749,23.254,4.824,7.534,6.179
16876,0.816,36.127,24.542,29.759,23.254,4.865,7.657,6.139
16877,0.826,36.263,24.519,29.769,23.254,4.946,7.617,6.219
16878,0.83,36.341,24.558,29.74,23.258,4.825,7.698,6.139
16879,0.807,35.958,24.5,29.74,23.241,4.743,7.374,6.057
16880,0.81,36.098,24.499,29.768,23.251,4.905,7.614,6.137
16881,0.816,36.234,24.503,29.74,23.247,4.865,7.576,6.098
16882,0.81,36.293,24.503,29.74,23.247,4.865,7.535,6.097
16883,0.816,36.054,24.519,29.73,23.251,4.743,7.534,6.056
16884,0.82,36.205,24.484,29.749,23.258,4.945,7.657,6.3
16885,0.843,36.36,24.569,29.778,23.261,4.988,7.576,6.18
16886,0.839,36.371,24.531,29.75,23.254,4.907,7.616,6.139
16887,0.839,36.074,24.492,29.759,23.254,4.906,7.617,6.26
16888,0.852,36.195,24.538,29.759,23.258,4.825,7.617,6.058
16889,0.862,36.312,24.531,29.769,23.254,4.946,7.657,6.137
16890,0.856,36.341,24.484,29.749,23.237,4.744,7.617,6.098
16891,0.856,35.968,24.468,29.759,23.251,4.783,7.698,6.138
16892,0.866,36.098,24.507,29.749,23.254,4.783,7.74,6.057
16893,0.859,36.186,24.511,29.73,23.247,4.783,7.699,6.056
16894,0.859,36.168,24.503,29.739,23.244,4.824,7.74,6.097
16895,0.872,36.014,24.523,29.749,23.247,4.905,7.943,6.26
16896,0.889,36.166,24.519,29.778,23.254,4.906,7.783,6.139
16897,0.872,36.254,24.511,29.75,23.254,4.906,7.822,6.098
16898,0.869,35.967,24.562,29.749,23.251,4.825,7.741,6.138
16899,0.866,36.041,24.512,29.768,23.254,4.824,7.781,6.138
16900,0.856,36.205,24.511,29.769,23.254,4.865,7.781,6.138
16901,0.859,36.264,24.496,29.73,23.247,4.702,7.578,5.976
16902,0.853,35.881,24.495,29.739,23.251,4.863,7.738,6.177
16903,0.866,36.049,24.492,29.749,23.251,4.865,7.74,6.179
16904,0.866,36.176,24.476,29.74,23.251,4.784,7.699,6.139
16905,0.859,36.235,24.515,29.73,23.24,4.864,7.658,6.138
16906,0.859,35.928,24.503,29.759,23.254,4.946,7.82,6.341
16907,0.872,36.088,24.511,29.797,23.265,4.907,7.741,6.262
16908,0.866,36.176,24.554,29.75,23.251,4.906,7.618,6.221
16909,0.876,36.244,24.535,29.759,23.251,4.865,7.698,6.302
16910,0.876,35.928,24.508,29.769,23.258,4.906,7.618,6.343
16911,0.882,36.088,24.511,29.778,23.254,4.865,7.617,6.303
16912,0.895,36.186,24.496,29.75,23.244,4.743,7.495,6.14
16913,0.886,36.225,24.492,29.759,23.251,4.864,7.616,6.26
16914,0.905,35.947,24.503,29.759,23.251,4.824,7.617,6.262
16915,0.918,36.069,24.535,29.74,23.247,4.824,7.535,6.221
16916,0.915,36.176,24.504,29.74,23.244,4.743,7.453,6.18
16917,0.909,36.225,24.464,29.759,23.254,4.864,7.615,6.342
16918,0.908,35.938,24.573,29.778,23.265,4.906,7.657,6.343
16919,0.895,36.06,24.527,29.75,23.251,4.784,7.658,6.303
16920,0.879,36.166,24.5,29.759,23.254,4.905,7.576,6.384
16921,0.882,36.513,24.499,29.769,23.251,4.906,7.616,6.344
16922,0.872,35.902,24.488,29.759,23.258,4.906,7.617,6.384
16923,0.853,36.03,24.511,29.769,23.244,4.825,7.535,6.222
16924,0.846,36.099,24.464,29.73,23.24,4.702,7.534,6.342
16925,0.853,35.927,24.515,29.759,23.247,4.823,7.616,6.303
16926,0.859,35.954,24.503,29.749,23.251,4.702,7.617,6.343
16927,0.856,36.069,24.468,29.749,23.244,4.782,7.617,6.303
16928,0.862,36.138,24.55,29.74,23.24,4.702,7.535,6.384
16929,0.866,35.975,24.566,29.759,23.254,4.904,7.738,6.507
16930,0.862,36.127,24.551,29.778,23.258,4.825,7.659,6.427
16931,0.849,36.225,24.543,29.759,23.251,4.783,7.658,6.426
16932,0.843,36.331,24.508,29.759,23.258,4.864,7.617,6.507
16933,0.836,35.632,24.515,29.769,23.254,4.906,7.617,6.427
16934,0.839,35.798,24.496,29.769,23.258,4.865,7.617,6.466
16935,0.839,35.876,24.534,29.721,23.247,4.743,7.495,6.304
16936,0.826,35.944,24.527,29.73,23.251,4.783,7.575,6.425
16937,0.833,35.887,24.472,29.749,23.251,4.783,7.535,6.466
16938,0.81,36.011,24.546,29.74,23.244,4.783,7.494,6.426
16939,0.79,36.156,24.535,29.73,23.247,4.783,7.494,6.385
16940,0.787,36.196,24.484,29.768,23.251,4.824,7.575,6.507
16941,0.784,35.832,24.495,29.788,23.261,4.946,7.657,6.63
16942,0.784,35.972,24.503,29.759,23.251,4.785,7.495,6.468
16943,0.777,36.07,24.523,29.759,23.254,4.824,7.494,6.467
16944,0.771,36.099,24.48,29.769,23.251,4.824,7.494,6.548
16945,0.767,35.726,24.515,29.769,23.254,4.905,7.575,6.59
16946,0.754,35.866,24.5,29.749,23.254,4.825,7.413,6.387
16947,0.741,35.963,24.46,29.73,23.244,4.743,7.371,6.466
16948,0.747,35.993,24.534,29.739,23.254,4.783,7.37,6.467
16949,0.751,35.821,24.535,29.74,23.254,4.824,7.33,6.386
16950,0.751,35.963,24.535,29.74,23.24,4.743,7.41,6.385
16951,0.748,36.06,24.519,29.759,23.251,4.783,7.452,6.466
16952,0.767,35.994,24.519,29.807,23.265,4.905,7.534,6.629
16953,0.754,35.888,24.527,29.759,23.258,4.906,7.331,6.428
16954,0.754,35.992,24.488,29.759,23.254,4.825,7.37,6.466
16955,0.761,36.089,24.534,29.759,23.251,4.905,7.37,6.426
16956,0.751,35.754,24.5,29.759,23.251,4.825,7.289,6.426
16957,0.748,35.818,24.488,29.74,23.244,4.743,7.166,6.263
16958,0.738,35.934,24.527,29.759,23.247,4.823,7.287,6.384
16959,0.738,36.05,24.476,29.759,23.247,4.783,7.288,6.385
16960,0.728,35.696,24.499,29.74,23.251,4.783,7.166,6.344
16961,0.718,35.817,24.48,29.74,23.251,4.742,7.165,6.384
16962,0.718,35.972,24.487,29.74,23.261,4.864,7.287,6.507
16963,0.728,36.079,24.523,29.778,23.251,4.824,7.166,6.386
16964,0.698,35.678,24.488,29.75,23.258,4.865,7.206,6.466
16965,0.705,35.808,24.511,29.788,23.254,4.824,7.206,6.426
16966,0.715,35.953,24.503,29.788,23.258,4.865,7.165,6.385
16967,0.721,36.021,24.503,29.788,23.251,4.865,7.124,6.344
16968,0.715,35.754,24.542,29.74,23.24,4.743,7.043,6.221
16969,0.711,35.876,24.496,29.74,23.254,4.864,7.082,6.342
16970,0.728,36.021,24.531,29.749,23.247,4.865,7.042,6.303
16971,0.718,36.08,24.507,29.759,23.244,4.743,6.96,6.262
16972,0.728,35.764,24.515,29.74,23.244,4.701,6.96,6.221
16973,0.731,35.924,24.527,29.759,23.254,4.823,7.122,6.342
16974,0.741,36.079,24.5,29.778,23.261,4.905,7.083,6.343
16975,0.744,36.071,24.538,29.769,23.247,4.825,7.083,6.262
16976,0.741,35.658,24.543,29.74,23.251,4.783,7.042,6.302
16977,0.744,35.798,24.508,29.74,23.254,4.864,7.123,6.343
16978,0.744,35.895,24.554,29.778,23.251,4.784,7.083,6.303
16979,0.731,36.04,24.512,29.74,23.237,4.742,6.92,6.18
16980,0.715,35.677,24.499,29.797,23.247,4.823,7.081,6.261
16981,0.721,35.846,24.472,29.769,23.251,4.824,7.083,6.221
16982,0.718,35.963,24.495,29.749,23.247,4.743,7.042,6.18
16983,0.718,35.657,24.495,29.73,23.247,4.783,7.082,6.139
16984,0.715,35.712,24.507,29.749,23.251,4.824,7.164,6.382
16985,0.718,35.875,24.55,29.797,23.261,4.946,7.246,6.344
16986,0.718,35.954,24.492,29.778,23.247,4.825,7.125,6.343
16987,0.708,35.667,24.519,29.75,23.247,4.865,7.205,6.262
16988,0.721,35.808,24.527,29.778,23.251,4.824,7.247,6.384
16989,0.728,35.934,24.531,29.769,23.254,4.824,7.288,6.344
16990,0.734,36.031,24.496,29.749,23.247,4.702,7.125,6.181
16991,0.731,35.591,24.452,29.72,23.24,4.823,7.124,6.22
16992,0.738,35.778,24.507,29.759,23.247,4.783,7.165,6.261
16993,0.738,35.914,24.496,29.759,23.251,4.783,7.246,6.262
16994,0.741,35.964,24.499,29.749,23.247,4.702,7.166,6.221
16995,0.744,35.696,24.488,29.73,23.244,4.701,7.206,6.261
16996,0.747,35.856,24.511,29.778,23.265,4.904,7.369,6.384
16997,0.76,36.011,24.535,29.778,23.248,4.784,7.208,6.263
16998,0.748,36.032,24.543,29.759,23.251,4.824,7.206,6.262
16999,0.741,35.552,24.508,29.769,23.254,4.824,7.206,6.262
17000,0.744,35.73,24.496,29.759,23.251,4.824,7.287,6.343
17001,0.741,35.856,24.492,29.778,23.254,4.783,7.207,6.221
17002,0.725,35.857,24.523,29.721,23.237,4.661,7.165,6.139
17003,0.728,35.666,24.511,29.749,23.254,4.782,7.206,6.26
17004,0.725,35.788,24.507,29.759,23.247,4.742,7.125,6.302
17005,0.721,35.866,24.496,29.749,23.251,4.783,7.124,6.262
17006,0.711,35.915,24.484,29.759,23.247,4.702,7.124,6.221
17007,0.724,35.743,24.507,29.778,23.261,4.863,7.287,6.383
17008,0.747,35.885,24.558,29.769,23.251,4.784,7.166,6.303
17009,0.741,35.973,24.523,29.759,23.254,4.783,7.206,6.302
17010,0.744,35.734,24.511,29.759,23.258,4.824,7.247,6.343
17011,0.744,35.693,24.531,29.759,23.254,4.865,7.288,6.303
17012,0.764,35.827,24.527,29.759,23.254,4.824,7.166,6.262
17013,0.754,35.915,24.488,29.73,23.237,4.661,7.043,6.221
17014,0.738,35.503,24.499,29.759,23.251,4.782,7.204,6.342
17015,0.754,35.605,24.492,29.749,23.247,4.783,7.165,6.221
17016,0.754,35.74,24.491,29.749,23.244,4.742,7.165,6.22
17017,0.757,35.818,24.464,29.73,23.244,4.742,7.165,6.18
17018,0.754,35.569,24.538,29.768,23.258,4.823,7.206,6.342
17019,0.764,35.759,24.543,29.797,23.261,4.865,7.165,6.303
17020,0.748,35.857,24.527,29.759,23.251,4.784,7.165,6.302
17021,0.738,35.934,24.527,29.759,23.251,4.783,7.165,6.302
17022,0.728,35.551,24.523,29.759,23.258,4.824,7.206,6.343
17023,0.728,35.701,24.496,29.769,23.258,4.824,7.165,6.343
17024,0.734,35.827,24.503,29.74,23.241,4.661,7.043,6.059
17025,0.734,35.867,24.468,29.749,23.254,4.7,7.123,6.259
17026,0.773,35.599,24.48,29.768,23.244,4.742,7.124,6.262
17027,0.79,35.711,24.495,29.749,23.24,4.701,7.002,6.262
17028,0.81,35.837,24.511,29.749,23.244,4.742,7.001,6.18
17029,0.859,35.876,24.496,29.759,23.251,4.783,7.123,6.261
17030,0.895,35.57,24.523,29.797,23.265,4.946,7.165,6.302
17031,0.918,35.663,24.539,29.75,23.248,4.703,7.043,6.302
17032,0.931,35.817,24.535,29.759,23.251,4.782,7.042,6.221
17033,0.967,35.819,24.508,29.759,23.247,4.824,7.123,6.302
17034,0.971,35.589,24.496,29.759,23.251,4.824,7.083,6.262
17035,0.99,35.692,24.48,29.74,23.247,4.661,6.92,6.139
17036,1.004,35.779,24.491,29.73,23.247,4.782,7.0,6.219
17037,1.04,35.732,24.495,29.759,23.254,4.742,7.082,6.22
17038,1.063,35.549,24.511,29.749,23.254,4.742,7.083,6.261
17039,1.082,35.663,24.48,29.74,23.244,4.661,7.002,6.18
17040,1.122,35.779,24.476,29.72,23.244,4.7,7.123,6.22
17041,1.184,35.473,24.523,29.787,23.261,4.904,7.327,6.383
17042,1.236,35.576,24.511,29.759,23.251,4.744,7.207,6.263
17043,1.26,35.692,24.472,29.759,23.254,4.742,7.206,6.262
17044,1.315,35.77,24.495,29.759,23.244,4.742,7.287,6.343
17045,1.322,35.454,24.488,29.759,23.258,4.783,7.288,6.384
17046,1.326,35.594,24.507,29.778,23.251,4.824,7.288,6.385
17047,1.303,35.682,24.511,29.74,23.24,4.621,7.247,6.303
17048,1.312,35.789,24.527,29.768,23.251,4.741,7.328,6.384
17049,1.345,35.473,24.48,29.749,23.247,4.661,7.289,6.385
17050,1.358,35.623,24.472,29.749,23.251,4.7,7.329,6.385
17051,1.368,35.711,24.499,29.74,23.247,4.742,7.329,6.425
17052,1.362,35.827,24.523,29.778,23.261,4.905,7.532,6.629
17053,1.336,35.474,24.496,29.759,23.258,4.703,7.372,6.509
17054,1.332,35.623,24.523,29.769,23.251,4.782,7.411,6.508
17055,1.319,35.721,24.48,29.749,23.251,4.824,7.33,6.467
17056,1.306,35.779,24.511,29.74,23.254,4.783,7.37,6.548
17057,1.247,35.761,24.519,29.749,23.251,4.742,7.289,6.468
17058,1.175,35.866,24.546,29.73,23.24,4.701,7.329,6.589
17059,1.116,36.011,24.512,29.759,23.247,4.742,7.329,6.671
17060,1.057,36.06,24.468,29.759,23.247,4.742,7.329,6.794
17061,1.004,35.313,24.468,29.74,23.247,4.701,7.167,6.958
17062,0.952,35.42,24.472,29.749,23.247,4.782,7.246,7.285
17063,0.906,35.604,24.519,29.797,23.261,4.986,7.45,7.654
17064,0.837,35.941,24.503,29.769,23.247,4.785,7.33,7.861
17065,0.771,35.552,24.472,29.749,23.258,4.742,7.37,8.107
17066,0.738,35.682,24.507,29.768,23.254,4.783,7.33,8.475
17067,0.695,35.789,24.496,29.769,23.251,4.864,7.451,8.764
17068,0.675,35.416,24.57,29.769,23.251,4.702,7.29,8.807
17069,0.639,35.383,24.481,29.73,23.24,4.742,7.247,9.092
17070,0.61,35.555,24.48,29.759,23.251,4.742,7.328,9.258
17071,0.606,35.644,24.487,29.749,23.247,4.823,7.329,9.422
17072,0.596,35.357,24.48,29.74,23.251,4.743,7.207,9.546
17073,0.593,35.478,24.487,29.74,23.247,4.783,7.369,9.71
17074,0.622,35.624,24.503,29.797,23.258,4.905,7.492,9.914
17075,0.658,35.73,24.523,29.74,23.254,4.784,7.331,9.835
17076,0.691,35.386,24.511,29.74,23.254,4.783,7.37,10.038
17077,0.737,35.517,24.484,29.759,23.258,4.824,7.37,10.121
17078,0.767,35.662,24.55,29.74,23.247,4.905,7.37,10.284
17079,0.777,35.731,24.527,29.759,23.258,4.825,7.37,10.327
17080,0.787,35.338,24.484,29.74,23.241,4.661,7.289,10.571
17081,0.8,35.497,24.499,29.749,23.247,4.741,7.369,10.858
17082,0.8,35.624,24.503,29.759,23.247,4.783,7.411,11.024
17083,0.803,35.683,24.495,29.73,23.247,4.661,7.33,11.269
17084,0.807,35.626,24.503,29.739,23.247,4.7,7.37,11.475
17085,0.8,35.798,24.499,29.759,23.254,4.823,7.533,12.006
17086,0.81,35.962,24.55,29.807,23.265,4.824,7.453,11.97
17087,0.807,35.954,24.488,29.769,23.251,4.824,7.412,12.173
17088,0.803,35.254,24.542,29.759,23.251,4.702,7.452,12.338
17089,0.807,35.401,24.48,29.759,23.251,4.782,7.452,12.38
17090,0.816,35.527,24.495,29.769,23.258,4.783,7.493,12.462
17091,0.82,35.528,24.503,29.74,23.251,4.661,7.331,12.3
17092,0.81,35.375,24.488,29.74,23.254,4.741,7.37,12.421
17093,0.826,35.527,24.515,29.74,23.251,4.661,7.411,12.462
17094,0.83,35.634,24.492,29.74,23.251,4.741,7.371,12.422
17095,0.826,35.5,24.48,29.73,23.244,4.742,7.289,12.259
17096,0.839,35.451,24.495,29.749,23.251,4.823,7.41,12.298
17097,0.839,35.642,24.503,29.797,23.258,4.865,7.493,12.258
17098,0.833,35.702,24.527,29.769,23.254,4.784,7.453,12.013
17099,0.82,35.357,24.468,29.778,23.247,4.783,7.412,11.97
17100,0.823,35.469,24.503,29.769,23.254,4.824,7.411,11.97
17101,0.817,35.595,24.531,29.769,23.261,4.783,7.452,11.807
17102,0.803,35.692,24.488,29.759,23.251,4.742,7.33,11.521
17103,0.794,35.185,24.511,29.74,23.244,4.742,7.37,11.559
17104,0.8,35.352,24.503,29.74,23.251,4.823,7.33,11.519
17105,0.797,35.478,24.488,29.759,23.244,4.783,7.329,11.355
17106,0.794,35.585,24.499,29.74,23.247,4.702,7.289,11.273
17107,0.793,35.366,24.48,29.749,23.247,4.742,7.329,11.231
17108,0.803,35.555,24.526,29.778,23.265,4.905,7.41,11.19
17109,0.823,35.644,24.453,29.759,23.251,4.784,7.289,10.986
17110,0.817,35.721,24.503,29.749,23.254,4.783,7.41,10.944
17111,0.823,35.204,24.542,29.778,23.254,4.783,7.411,10.821
17112,0.83,35.352,24.554,29.769,23.258,4.824,7.452,10.739
17113,0.83,35.478,24.512,29.759,23.251,4.743,7.29,10.535
17114,0.826,35.499,24.488,29.74,23.247,4.783,7.41,10.41
17115,0.836,35.231,24.488,29.749,23.247,4.742,7.493,10.328
17116,0.843,35.381,24.511,29.759,23.251,4.701,7.412,10.205
17117,0.839,35.469,24.48,29.74,23.24,4.66,7.452,10.082
17118,0.833,35.508,24.519,29.749,23.251,4.741,7.534,10.121
17119,0.83,35.432,24.449,29.778,23.265,4.864,7.657,10.041
17120,0.826,35.566,24.464,29.769,23.251,4.743,7.576,9.796
17121,0.826,35.653,24.519,29.769,23.251,4.742,7.616,9.712
17122,0.826,35.702,24.535,29.769,23.254,4.742,7.576,9.67
17123,0.82,35.357,24.547,29.778,23.251,4.864,7.616,9.629
17124,0.82,35.478,24.508,29.75,23.251,4.743,7.495,9.304
17125,0.8,35.547,24.457,29.73,23.24,4.661,7.534,9.301
17126,0.807,35.337,24.479,29.759,23.251,4.7,7.616,9.26
17127,0.813,35.392,24.503,29.73,23.244,4.782,7.617,9.178
17128,0.813,35.517,24.503,29.739,23.247,4.742,7.576,9.055
17129,0.823,35.605,24.406,29.74,23.247,4.742,7.575,9.013
17130,0.823,35.203,24.471,29.768,23.261,4.986,7.738,9.094
17131,0.836,35.333,24.483,29.759,23.251,4.785,7.618,8.851
17132,0.839,35.44,24.53,29.759,23.254,4.742,7.617,8.767
17133,0.846,35.556,24.488,29.778,23.251,4.742,7.657,8.726
17134,0.843,35.27,24.488,29.769,23.254,4.742,7.617,8.685
17135,0.849,35.41,24.476,29.749,23.251,4.742,7.495,8.603
17136,0.84,35.498,24.46,29.73,23.24,4.661,7.412,8.399
17137,0.852,35.595,24.511,29.749,23.251,4.741,7.493,8.356
17138,0.846,35.241,24.535,29.749,23.247,4.742,7.453,8.356
17139,0.84,35.353,24.472,29.759,23.247,4.701,7.452,8.275
17140,0.826,35.488,24.483,29.749,23.247,4.742,7.371,8.314
17141,0.833,35.585,24.464,29.797,23.265,4.905,7.533,8.315
17142,0.836,35.327,24.491,29.769,23.251,4.784,7.453,8.152
17143,0.826,35.459,24.484,29.749,23.258,4.783,7.371,8.069
17144,0.826,35.556,24.495,29.768,23.258,4.742,7.411,8.069
17145,0.826,35.586,24.452,29.769,23.247,4.823,7.371,8.028
17146,0.83,35.299,24.479,29.769,23.251,4.743,7.411,7.824
17147,0.813,35.411,24.515,29.74,23.244,4.62,7.289,7.822
17148,0.82,35.546,24.55,29.759,23.254,4.741,7.491,7.781
17149,0.83,35.567,24.449,29.74,23.251,4.742,7.453,7.781
17150,0.839,35.366,24.464,29.759,23.244,4.661,7.493,7.74
17151,0.839,35.498,24.464,29.74,23.247,4.7,7.534,7.659
17152,0.859,35.643,24.503,29.797,23.261,4.904,7.779,7.861
17153,0.862,35.29,24.503,29.778,23.251,4.744,7.618,7.66
17154,0.862,35.209,24.542,29.778,23.258,4.742,7.657,7.617
17155,0.866,35.333,24.48,29.759,23.251,4.823,7.698,7.617
17156,0.869,35.459,24.487,29.778,23.251,4.865,7.78,7.535
17157,0.879,35.249,24.527,29.759,23.254,4.702,7.618,7.372
17158,0.863,35.353,24.488,29.73,23.244,4.66,7.698,7.492
17159,0.84,35.498,24.511,29.759,23.251,4.741,7.699,7.453
17160,0.859,35.614,24.484,29.759,23.247,4.742,7.821,7.452
17161,0.846,35.059,24.472,29.759,23.244,4.661,7.741,7.371
17162,0.84,35.217,24.491,29.759,23.251,4.863,7.903,7.573
17163,0.843,35.381,24.472,29.778,23.268,4.865,7.945,7.454
17164,0.843,35.44,24.472,29.74,23.251,4.702,7.823,7.33
17165,0.826,35.172,24.503,29.759,23.251,4.742,7.781,7.37
17166,0.839,35.304,24.499,29.759,23.251,4.823,7.781,7.37
17167,0.836,35.44,24.495,29.759,23.254,4.783,7.822,7.33
17168,0.846,35.489,24.527,29.73,23.244,4.661,7.7,7.167
17169,0.836,35.067,24.504,29.749,23.251,4.741,7.78,7.287
17170,0.846,35.245,24.503,29.74,23.247,4.661,7.822,7.207
17171,0.859,35.381,24.484,29.749,23.244,4.741,7.659,7.206
17172,0.859,35.392,24.511,29.749,23.244,4.661,7.617,7.125
17173,0.866,35.182,24.484,29.749,23.247,4.822,7.861,7.246
17174,0.879,35.352,24.55,29.797,23.258,4.905,7.822,7.166
17175,0.876,35.44,24.512,29.798,23.251,4.784,7.822,7.084
17176,0.879,35.479,24.48,29.74,23.247,4.783,7.822,7.123
17177,0.892,35.192,24.519,29.759,23.247,4.783,7.822,7.083
17178,0.879,35.343,24.484,29.749,23.254,4.824,7.903,7.083
17179,0.872,35.44,24.499,29.74,23.247,4.621,7.701,6.92
17180,0.856,35.307,24.46,29.73,23.247,4.741,7.699,6.959
17181,0.872,35.2,24.495,29.749,23.251,4.823,7.699,6.919
17182,0.863,35.324,24.511,29.749,23.244,4.743,7.699,6.878
17183,0.853,35.43,24.472,29.749,23.247,4.661,7.658,6.877
17184,0.853,35.096,24.472,29.74,23.24,4.822,7.78,7.04
17185,0.856,35.236,24.495,29.797,23.261,4.865,7.903,7.042
17186,0.843,35.353,24.492,29.769,23.254,4.784,7.62,6.92
17187,0.846,35.421,24.48,29.769,23.254,4.742,7.739,6.959
17188,0.853,35.191,24.534,29.749,23.247,4.823,7.781,6.919
17189,0.869,35.314,24.527,29.768,23.254,4.824,7.7,6.919
17190,0.863,35.449,24.5,29.749,23.247,4.661,7.618,6.756
17191,0.862,35.489,24.456,29.72,23.247,4.7,7.617,6.876
17192,0.879,35.058,24.479,29.739,23.251,4.782,7.617,6.877
17193,0.879,35.236,24.487,29.74,23.251,4.742,7.535,6.837
17194,0.879,35.324,24.534,29.72,23.244,4.742,7.494,6.755
17195,0.885,35.43,24.41,29.739,23.251,4.742,7.575,6.876
17196,0.908,35.038,24.491,29.778,23.265,4.864,7.657,6.877
17197,0.899,35.149,24.511,29.74,23.254,4.824,7.536,6.796
17198,0.886,35.246,24.499,29.74,23.254,4.783,7.534,6.755
17199,0.889,35.334,24.492,29.749,23.254,4.783,7.453,6.754
17200,0.879,35.152,24.468,29.749,23.254,4.824,7.493,6.795
17201,0.879,35.285,24.511,29.73,23.244,4.743,7.371,6.633
17202,0.866,35.392,24.492,29.72,23.24,4.661,7.37,6.631
17203,0.872,35.441,24.491,29.739,23.254,4.822,7.452,6.631
17204,0.872,35.144,24.495,29.73,23.247,4.661,7.371,6.631
17205,0.863,35.256,24.495,29.73,23.247,4.66,7.452,6.672
17206,0.866,35.372,24.507,29.749,23.244,4.66,7.452,6.672
17207,0.869,35.728,24.472,29.788,23.261,4.822,7.615,6.753
17208,0.879,35.3,24.515,29.74,23.254,4.702,7.495,6.673
17209,0.889,35.411,24.472,29.74,23.251,4.742,7.494,6.672
17210,0.895,35.508,24.476,29.749,23.251,4.742,7.534,6.713
17211,0.882,35.154,24.48,29.768,23.254,4.783,7.412,6.672
17212,0.892,35.17,24.476,29.749,23.251,4.742,7.371,6.509
17213,0.886,35.266,24.48,29.72,23.244,4.701,7.33,6.549
17214,0.905,35.391,24.53,29.759,23.251,4.742,7.451,6.59
17215,0.905,35.019,24.48,29.759,23.251,4.701,7.29,6.549
17216,0.912,35.178,24.48,29.74,23.24,4.66,7.288,6.508
17217,0.915,35.275,24.515,29.72,23.24,4.7,7.369,6.589
17218,0.915,35.391,24.488,29.768,23.265,4.823,7.492,6.712
17219,0.915,35.047,24.48,29.759,23.258,4.743,7.412,6.51
17220,0.896,35.149,24.452,29.759,23.254,4.742,7.33,6.549
17221,0.905,35.285,24.483,29.759,23.254,4.783,7.41,6.508
17222,0.895,35.344,24.468,29.749,23.258,4.783,7.371,6.589
17223,0.899,35.124,24.495,29.749,23.251,4.742,7.411,6.468
17224,0.889,35.246,24.492,29.72,23.24,4.661,7.411,6.426
17225,0.885,35.362,24.495,29.739,23.251,4.7,7.493,6.466
17226,0.895,35.44,24.507,29.759,23.251,4.742,7.453,6.507
17227,0.892,35.096,24.488,29.74,23.244,4.661,7.371,6.427
17228,0.889,35.246,24.546,29.74,23.244,4.66,7.411,6.466
17229,0.905,35.372,24.492,29.768,23.258,4.863,7.574,6.629
17230,0.915,35.44,24.476,29.788,23.254,4.743,7.454,6.428
17231,0.918,35.038,24.46,29.759,23.251,4.742,7.534,6.426
17232,0.928,35.188,24.456,29.769,23.251,4.742,7.494,6.466
17233,0.931,35.285,24.515,29.759,23.254,4.823,7.575,6.386
17234,0.925,35.334,24.542,29.759,23.251,4.824,7.535,6.425
17235,0.922,34.97,24.484,29.74,23.237,4.58,7.372,6.344
17236,0.922,35.101,24.464,29.749,23.244,4.74,7.492,6.343
17237,0.938,35.198,24.507,29.759,23.244,4.701,7.412,6.384
17238,0.935,35.285,24.484,29.74,23.244,4.701,7.493,6.263
17239,0.918,35.334,24.511,29.73,23.251,4.701,7.494,6.343
17240,0.922,35.469,24.48,29.759,23.254,4.823,7.534,6.506
17241,0.938,35.595,24.495,29.778,23.265,4.865,7.534,6.427
17242,0.922,34.934,24.484,29.759,23.258,4.743,7.494,6.385
17243,0.918,35.024,24.484,29.759,23.247,4.742,7.494,6.385
17244,0.918,35.178,24.468,29.769,23.254,4.823,7.534,6.385
17245,0.915,35.275,24.487,29.759,23.258,4.865,7.453,6.466
17246,0.922,35.027,24.484,29.74,23.241,4.662,7.33,6.264
17247,0.912,35.14,24.441,29.73,23.251,4.822,7.41,6.302
17248,0.918,35.275,24.538,29.739,23.247,4.743,7.411,6.384
17249,0.925,35.343,24.496,29.759,23.247,4.783,7.371,6.303
17250,0.931,34.97,24.523,29.74,23.247,4.702,7.33,6.302
17251,0.948,35.12,24.496,29.768,23.258,4.823,7.532,6.425
17252,0.964,35.284,24.511,29.778,23.254,4.783,7.412,6.304
17253,0.955,35.296,24.515,29.759,23.251,4.783,7.452,6.343
17254,0.961,35.075,24.511,29.749,23.244,4.824,7.452,6.343
17255,0.968,35.236,24.46,29.768,23.254,4.824,7.452,6.343
17256,0.974,35.362,24.468,29.778,23.254,4.824,7.371,6.343
17257,0.977,35.373,24.472,29.73,23.237,4.661,7.289,6.181
17258,0.968,35.133,24.499,29.749,23.251,4.822,7.329,6.261
17259,0.958,35.284,24.46,29.759,23.244,4.743,7.329,6.302
17260,0.964,35.401,24.487,29.749,23.251,4.783,7.248,6.262
17261,0.958,35.412,24.53,29.749,23.244,4.742,7.288,6.262
17262,0.958,35.095,24.504,29.768,23.254,4.823,7.41,6.465
17263,0.974,35.255,24.511,29.788,23.261,4.865,7.33,6.304
17264,0.961,35.343,24.515,29.75,23.251,4.824,7.289,6.343
17265,0.958,35.411,24.433,29.749,23.258,4.824,7.288,6.303
17266,0.961,35.211,24.491,29.759,23.258,4.865,7.288,6.343
17267,0.964,35.343,24.511,29.769,23.258,4.865,7.247,6.303
17268,0.961,35.421,24.496,29.74,23.251,4.702,7.084,6.18
17269,0.971,35.134,24.425,29.759,23.247,4.823,7.205,6.301
17270,0.981,35.217,24.479,29.749,23.251,4.824,7.165,6.262
17271,0.987,35.333,24.503,29.74,23.24,4.783,7.084,6.262
17272,1.0,35.44,24.495,29.74,23.244,4.742,7.083,6.221
17273,0.997,35.144,24.495,29.759,23.258,4.864,7.286,6.464
17274,1.02,35.304,24.499,29.778,23.258,4.865,7.166,6.304
17275,1.02,35.401,24.449,29.75,23.251,4.906,7.165,6.302
17276,1.027,35.498,24.448,29.759,23.258,4.865,7.165,6.262
17277,1.033,35.288,24.495,29.759,23.254,4.865,7.165,6.343
17278,1.033,35.42,24.519,29.759,23.261,4.865,7.165,6.221
17279,1.017,35.537,24.433,29.721,23.237,4.743,7.002,6.22
17280,1.014,35.615,24.483,29.759,23.251,4.783,7.163,6.18
17281,1.014,35.472,24.484,29.73,23.247,4.783,7.124,6.301
17282,1.01,35.585,24.491,29.739,23.244,4.824,7.083,6.262
17283,1.01,35.711,24.476,29.73,23.247,4.783,7.123,6.221
17284,1.014,35.789,24.499,29.759,23.265,4.905,7.287,6.464
17285,1.023,35.512,24.476,29.769,23.258,4.825,7.207,6.304
17286,1.01,35.614,24.464,29.759,23.254,4.824,7.165,6.302
17287,1.017,35.74,24.534,29.759,23.254,4.824,7.206,6.302
17288,1.023,35.789,24.523,29.759,23.254,4.946,7.287,6.343
17289,1.033,35.703,24.468,29.769,23.254,4.866,7.166,6.221
17290,1.037,35.818,24.472,29.721,23.244,4.743,7.206,6.18
17291,1.046,35.953,24.48,29.759,23.254,4.823,7.206,6.22
17292,1.056,36.127,24.476,29.749,23.244,4.783,7.206,6.18
17293,1.063,35.812,24.456,29.749,23.244,4.742,7.247,6.139
17294,1.05,35.915,24.507,29.73,23.247,4.783,7.206,6.219
17295,1.076,36.04,24.441,29.759,23.261,5.027,7.409,6.342
17296,1.092,35.907,24.479,29.769,23.251,4.826,7.289,6.221
17297,1.089,35.906,24.511,29.74,23.254,4.783,7.329,6.302
17298,1.083,36.031,24.507,29.759,23.258,4.824,7.289,6.221
17299,1.073,36.118,24.468,29.778,23.258,4.865,7.369,6.302
17300,1.079,36.033,24.48,29.74,23.254,4.784,7.289,6.18
17301,1.07,36.128,24.464,29.72,23.237,4.661,7.166,6.139
17302,1.069,36.263,24.487,29.759,23.254,4.863,7.287,6.219
17303,1.073,36.389,24.48,29.74,23.244,4.784,7.207,6.139
17304,1.073,36.227,24.523,29.72,23.251,4.783,7.206,6.179
17305,1.066,36.35,24.39,29.749,23.24,4.824,7.287,6.261
17306,1.073,36.505,24.49,29.768,23.261,4.987,7.41,6.343
17307,1.083,36.593,24.55,29.778,23.251,4.826,7.411,6.221
17308,1.076,36.248,24.496,29.769,23.251,4.783,7.452,6.302
17309,1.105,36.398,24.488,29.817,23.261,4.864,7.412,6.302
17310,1.115,36.515,24.437,29.769,23.254,4.824,7.493,6.221
17311,1.109,36.583,24.483,29.759,23.254,4.824,7.453,6.22
17312,1.115,36.555,24.487,29.73,23.244,4.743,7.412,6.18
17313,1.115,36.689,24.484,29.749,23.251,4.823,7.452,6.179
17314,1.125,36.806,24.515,29.759,23.247,4.702,7.493,6.179
17315,1.135,36.826,24.421,29.74,23.244,4.782,7.494,6.139
17316,1.135,36.577,24.467,29.73,23.247,4.742,7.494,6.179
17317,1.142,36.728,24.534,29.759,23.254,4.864,7.738,6.342
17318,1.161,36.863,24.515,29.769,23.258,4.824,7.618,6.221
17319,1.132,36.865,24.507,29.797,23.258,4.865,7.657,6.18
17320,1.138,36.999,24.46,29.759,23.247,4.824,7.698,6.22
17321,1.125,37.135,24.491,29.769,23.254,4.865,7.74,6.18
17322,1.129,37.232,24.511,29.778,23.258,4.824,7.699,6.139
17323,1.122,37.099,24.46,29.721,23.241,4.743,7.618,6.138
17324,1.132,37.001,24.542,29.749,23.247,4.864,7.739,6.179
17325,1.129,37.115,24.539,29.797,23.247,4.824,7.659,6.139
17326,1.129,37.213,24.461,29.731,23.244,4.824,7.617,6.138
17327,1.129,37.022,24.507,29.73,23.247,4.824,7.657,6.179
17328,1.135,37.154,24.476,29.768,23.254,4.865,7.861,6.301
17329,1.158,37.309,24.526,29.778,23.258,4.824,7.782,6.14
17330,1.148,37.368,24.48,29.759,23.251,4.783,7.74,6.219
17331,1.161,37.225,24.464,29.749,23.254,4.824,7.781,6.18
17332,1.174,37.348,24.483,29.768,23.261,4.905,7.862,6.261
17333,1.171,37.483,24.464,29.759,23.254,4.784,7.741,6.221
17334,1.165,37.513,24.495,29.73,23.234,4.702,7.781,6.139
17335,1.181,37.188,24.425,29.73,23.251,4.823,7.903,6.179
17336,1.191,37.338,24.471,29.73,23.251,4.824,7.823,6.139
17337,1.191,37.426,24.468,29.749,23.247,4.783,7.822,6.138
17338,1.188,37.484,24.503,29.72,23.247,4.783,7.944,6.138
17339,1.171,37.504,24.441,29.787,23.261,4.864,8.026,6.301
17340,1.181,37.638,24.507,29.759,23.251,4.824,7.946,6.221
17341,1.171,37.736,24.519,29.759,23.251,4.824,7.986,6.261
17342,1.168,37.794,24.507,29.749,23.247,4.865,8.027,6.221
17343,1.168,37.517,24.492,29.759,23.261,4.865,7.946,6.22
17344,1.168,37.648,24.546,29.759,23.247,4.743,7.864,6.139
17345,1.142,37.707,24.398,29.74,23.237,4.742,7.782,6.138
17346,1.148,37.775,24.467,29.768,23.251,4.823,7.903,6.219
17347,1.155,37.651,24.48,29.74,23.247,4.783,7.782,6.18
17348,1.148,37.774,24.456,29.749,23.251,4.702,7.7,6.139
17349,1.148,37.89,24.468,29.778,23.251,4.823,7.78,6.219
17350,1.155,38.141,24.48,29.778,23.265,4.946,7.984,6.342
17351,1.161,37.798,24.495,29.74,23.251,4.825,7.783,6.221
17352,1.161,37.919,24.48,29.74,23.254,4.824,7.781,6.22
17353,1.161,38.007,24.491,29.749,23.258,4.824,7.7,6.22
17354,1.174,37.701,24.515,29.778,23.254,4.865,7.699,6.18
17355,1.168,37.717,24.437,29.73,23.24,4.743,7.536,6.057
17356,1.152,37.823,24.46,29.73,23.247,4.823,7.616,6.137
17357,1.158,37.939,24.472,29.749,23.254,4.783,7.617,6.219
17358,1.145,37.739,24.464,29.749,23.244,4.783,7.495,6.18
17359,1.129,37.88,24.464,29.797,23.251,4.702,7.534,6.139
17360,1.119,37.997,24.437,29.75,23.261,4.823,7.575,6.341
17361,1.122,38.123,24.514,29.759,23.261,4.865,7.616,6.303
17362,1.102,37.798,24.5,29.749,23.251,4.784,7.495,6.221
17363,1.089,37.938,24.523,29.74,23.258,4.824,7.534,6.302
17364,1.089,38.036,24.507,29.749,23.261,4.824,7.453,6.221
17365,1.079,38.104,24.468,29.778,23.254,4.905,7.493,6.22
17366,1.066,37.913,24.448,29.721,23.244,4.662,7.29,6.139
17367,1.043,38.045,24.499,29.749,23.251,4.782,7.329,6.26
17368,1.046,38.181,24.492,29.749,23.254,4.742,7.289,6.18
17369,1.05,38.22,24.406,29.749,23.244,4.742,7.288,6.22
17370,1.05,37.866,24.448,29.74,23.244,4.701,7.247,6.22
17371,1.033,38.006,24.456,29.768,23.254,4.823,7.41,6.342
17372,1.05,38.152,24.507,29.769,23.261,4.824,7.33,6.343
17373,1.033,38.163,24.476,29.74,23.261,4.824,7.289,6.221
17374,1.027,37.942,24.503,29.749,23.254,4.824,7.288,6.261
17375,1.03,38.074,24.492,29.759,23.251,4.865,7.288,6.302
17376,1.03,38.191,24.452,29.759,23.258,4.824,7.247,6.302
17377,1.011,38.173,24.534,29.721,23.251,4.743,7.125,6.058
17378,1.001,37.99,24.469,29.749,23.251,4.783,7.287,6.219
17379,1.0,38.142,24.499,29.749,23.251,4.742,7.207,6.18
17380,0.984,38.23,24.453,29.74,23.251,4.742,7.125,6.139
17381,0.965,37.924,24.503,29.72,23.244,4.701,7.124,6.219
17382,0.958,37.911,24.515,29.759,23.258,4.823,7.287,6.383
17383,0.958,38.064,24.503,29.778,23.258,4.865,7.166,6.222
17384,0.941,38.114,24.542,29.74,23.251,4.784,7.124,6.261
17385,0.925,37.932,24.504,29.807,23.254,4.824,7.165,6.302
17386,0.918,38.055,24.456,29.769,23.251,4.865,7.124,6.302
17387,0.912,38.181,24.542,29.759,23.258,4.906,7.124,6.262
17388,0.902,38.22,24.48,29.73,23.244,4.662,6.921,6.099
17389,0.902,37.866,24.46,29.749,23.247,4.822,7.081,6.219
17390,0.908,38.006,24.437,29.749,23.247,4.783,7.123,6.18
17391,0.905,38.123,24.444,29.749,23.244,4.702,7.124,6.179
17392,0.899,38.191,24.456,29.74,23.24,4.701,7.124,6.098
17393,0.899,37.895,24.46,29.749,23.251,4.782,7.165,6.26
17394,0.912,38.055,24.511,29.788,23.265,4.946,7.328,6.302
17395,0.908,38.142,24.429,29.74,23.254,4.785,7.248,6.221
17396,0.905,38.23,24.475,29.759,23.251,4.824,7.288,6.18
17397,0.912,37.991,24.495,29.749,23.254,4.743,7.288,6.22
17398,0.902,38.142,24.507,29.73,23.258,4.864,7.369,6.22
17399,0.886,38.258,24.457,29.759,23.254,4.702,7.208,6.139
17400,0.866,38.26,24.425,29.721,23.247,4.742,7.287,6.219
17401,0.859,37.838,24.471,29.759,23.251,4.701,7.288,6.18
17402,0.853,37.948,24.499,29.749,23.244,4.782,7.207,6.139
17403,0.846,38.055,24.488,29.73,23.244,4.783,7.206,6.098
17404,0.84,38.066,24.534,29.73,23.251,4.783,7.287,6.178
17405,0.839,37.98,24.508,29.816,23.265,4.905,7.451,6.342
17406,0.833,38.084,24.48,29.76,23.251,4.744,7.33,6.14
17407,0.826,38.181,24.523,29.759,23.251,4.783,7.329,6.179
17408,0.826,38.105,24.484,29.778,23.251,4.783,7.289,6.22
17409,0.843,37.913,24.511,29.769,23.261,4.783,7.329,6.22
17410,0.843,38.026,24.464,29.749,23.244,4.742,7.167,6.139
17411,0.826,38.085,24.472,29.73,23.244,4.823,7.246,6.138
17412,0.833,37.865,24.472,29.749,23.251,4.743,7.247,6.138
17413,0.836,37.949,24.452,29.749,23.251,4.742,7.166,6.138
17414,0.849,38.055,24.503,29.73,23.251,4.62,7.165,6.098
17415,0.833,38.133,24.484,29.778,23.254,4.741,7.206,6.178
17416,0.852,37.741,24.472,29.788,23.265,4.905,7.287,6.22
17417,0.849,37.832,24.515,29.74,23.251,4.744,7.207,6.139
17418,0.84,37.958,24.48,29.778,23.247,4.783,7.287,6.179
17419,0.826,38.046,24.499,29.769,23.254,4.742,7.207,6.179
17420,0.836,37.759,24.449,29.778,23.258,4.823,7.287,6.179
17421,0.833,37.89,24.511,29.75,23.251,4.702,7.166,6.057
17422,0.797,37.987,24.496,29.749,23.247,4.701,7.206,6.097
17423,0.8,38.084,24.48,29.749,23.251,4.742,7.287,6.056
17424,0.803,37.75,24.511,29.749,23.251,4.742,7.166,6.137
17425,0.794,37.88,24.472,29.749,23.24,4.742,7.246,6.057
17426,0.793,37.997,24.464,29.759,23.251,4.783,7.369,6.219
17427,0.797,38.084,24.495,29.797,23.268,4.905,7.411,6.302
17428,0.8,37.721,24.425,29.75,23.251,4.744,7.289,6.18
17429,0.807,37.851,24.479,29.759,23.251,4.783,7.288,6.179
17430,0.803,37.968,24.487,29.759,23.254,4.702,7.329,6.179
17431,0.82,38.007,24.507,29.788,23.258,4.823,7.289,6.179
17432,0.826,37.893,24.488,29.759,23.251,4.743,7.247,6.057
17433,0.81,38.007,24.472,29.74,23.247,4.701,7.328,6.137
17434,0.823,38.132,24.519,29.759,23.251,4.782,7.329,6.057
17435,0.823,38.431,24.507,29.749,23.251,4.702,7.289,6.137
17436,0.83,37.667,24.48,29.74,23.251,4.66,7.207,6.057
17437,0.836,37.765,24.519,29.749,23.251,4.782,7.287,6.137
17438,0.83,37.909,24.484,29.778,23.261,4.864,7.451,6.219
17439,0.82,37.681,24.491,29.769,23.254,4.743,7.29,6.18
17440,0.81,37.717,24.46,29.778,23.261,4.823,7.288,6.179
17441,0.813,37.851,24.518,29.759,23.251,4.824,7.369,6.179
17442,0.807,37.939,24.48,29.788,23.254,4.783,7.411,6.179
17443,0.807,37.652,24.503,29.759,23.247,4.702,7.289,5.976
17444,0.803,37.736,24.527,29.769,23.251,4.782,7.369,6.096
17445,0.8,37.9,24.488,29.759,23.251,4.742,7.411,6.138
17446,0.787,37.978,24.46,29.759,23.251,4.783,7.33,6.057
17447,0.787,37.691,24.487,29.759,23.244,4.661,7.329,6.056
17448,0.79,37.822,24.437,29.759,23.251,4.782,7.451,6.178
17449,0.813,37.987,24.483,29.797,23.261,4.864,7.452,6.179
17450,0.813,38.027,24.437,29.778,23.244,4.662,7.412,6.057
17451,0.813,37.605,24.479,29.778,23.251,4.782,7.452,6.178
17452,0.82,37.754,24.464,29.797,23.258,4.783,7.493,6.139
17453,0.817,37.861,24.495,29.788,23.254,4.783,7.575,6.098
17454,0.82,37.91,24.515,29.759,23.24,4.661,7.413,5.975
17455,0.817,37.585,24.48,29.769,23.251,4.66,7.574,6.055
17456,0.826,37.735,24.48,29.759,23.251,4.741,7.454,6.015
17457,0.823,37.832,24.523,29.749,23.244,4.701,7.615,6.015
17458,0.817,37.862,24.476,29.759,23.24,4.66,7.617,5.974
17459,0.81,37.632,24.456,29.778,23.258,4.741,7.739,6.177
17460,0.82,37.793,24.456,29.807,23.261,4.823,7.699,6.017
17461,0.81,37.871,24.491,29.798,23.254,4.743,7.74,6.096
17462,0.8,37.891,24.48,29.788,23.254,4.742,7.781,6.056
17463,0.807,37.671,24.495,29.778,23.258,4.783,7.781,6.056
17464,0.807,37.793,24.531,29.778,23.251,4.783,7.822,6.056
17465,0.797,37.871,24.48,29.769,23.24,4.62,7.659,6.015
17466,0.794,37.805,24.495,29.797,23.247,4.741,7.698,5.974
17467,0.806,37.747,24.511,29.798,23.251,4.742,7.699,6.055
17468,0.794,37.861,24.472,29.778,23.244,4.661,7.618,6.015
17469,0.806,37.939,24.464,29.769,23.24,4.7,7.657,6.056
17470,0.82,37.576,24.444,29.807,23.258,4.823,7.82,6.178
17471,0.833,37.697,24.468,29.807,23.254,4.783,7.7,6.057
17472,0.826,37.784,24.452,29.788,23.251,4.742,7.658,6.137
17473,0.826,37.881,24.464,29.788,23.251,4.783,7.617,6.098
17474,0.83,37.575,24.499,29.798,23.254,4.742,7.657,6.178
17475,0.846,37.716,24.374,29.817,23.251,4.742,7.658,6.057
17476,0.83,37.803,24.479,29.75,23.237,4.661,7.536,6.015
17477,0.83,37.881,24.519,29.778,23.254,4.741,7.575,6.137
17478,0.839,37.585,24.492,29.769,23.251,4.701,7.535,6.057
17479,0.83,37.716,24.456,29.788,23.247,4.742,7.494,5.975
17480,0.817,37.823,24.433,29.778,23.244,4.701,7.453,6.015
17481,0.813,37.91,24.538,29.788,23.265,4.823,7.696,6.137
17482,0.82,37.642,24.5,29.817,23.248,4.743,7.577,6.098
17483,0.807,37.745,24.488,29.788,23.254,4.701,7.494,6.097
17484,0.813,37.88,24.519,29.798,23.251,4.742,7.453,6.097
17485,0.8,37.939,24.492,29.798,23.258,4.742,7.534,6.097
17486,0.81,37.604,24.445,29.807,23.258,4.742,7.453,6.097
17487,0.8,37.706,24.471,29.779,23.244,4.579,7.29,5.975
17488,0.8,37.823,24.46,29.797,23.247,4.7,7.369,6.055
17489,0.82,37.872,24.483,29.798,23.251,4.701,7.452,6.097
17490,0.826,37.546,24.456,29.778,23.247,4.701,7.371,5.975
17491,0.807,37.677,24.515,29.778,23.247,4.701,7.33,6.015
17492,0.823,37.793,24.484,29.817,23.261,4.904,7.492,6.218
17493,0.843,37.881,24.499,29.817,23.254,4.784,7.494,6.098
17494,0.836,37.604,24.519,29.807,23.251,4.783,7.453,6.138
17495,0.836,37.745,24.48,29.807,23.251,4.742,7.452,6.057
17496,0.839,37.833,24.472,29.798,23.251,4.783,7.493,6.056
17497,0.846,37.536,24.499,29.807,23.254,4.742,7.412,6.056
17498,0.827,37.571,24.445,29.769,23.244,4.62,7.371,6.015
17499,0.82,37.716,24.468,29.817,23.247,4.781,7.37,6.056
17500,0.83,37.823,24.468,29.788,23.244,4.702,7.452,6.056
17501,0.823,37.517,24.491,29.798,23.251,4.701,7.412,5.934
17502,0.813,37.658,24.468,29.788,23.251,4.701,7.452,6.136
17503,0.816,37.803,24.503,29.845,23.261,4.863,7.615,6.219
17504,0.82,37.891,24.507,29.808,23.251,4.743,7.454,6.058
17505,0.803,37.537,24.425,29.826,23.244,4.742,7.452,6.137
17506,0.803,37.696,24.479,29.817,23.251,4.701,7.534,6.179
17507,0.813,37.813,24.495,29.817,23.254,4.782,7.534,6.179
17508,0.807,37.862,24.495,29.817,23.251,4.742,7.453,6.057
17509,0.807,37.565,24.476,29.855,23.244,4.701,7.412,6.097
17510,0.813,37.725,24.472,29.827,23.251,4.742,7.411,6.178
17511,0.813,37.823,24.483,29.798,23.251,4.742,7.411,6.098
17512,0.813,37.891,24.484,29.807,23.244,4.661,7.411,6.016
17513,0.826,37.46,24.491,29.798,23.251,4.7,7.452,6.178
17514,0.83,37.599,24.488,29.846,23.261,4.904,7.656,6.261
17515,0.846,37.745,24.495,29.837,23.251,4.703,7.536,6.099
17516,0.836,37.737,24.449,29.808,23.251,4.742,7.534,6.138
17517,0.846,37.458,24.483,29.817,23.251,4.742,7.494,6.179
17518,0.84,37.599,24.394,29.836,23.258,4.823,7.494,6.179
17519,0.833,37.706,24.467,29.836,23.254,4.783,7.453,6.139
17520,0.82,37.736,24.487,29.798,23.244,4.661,7.33,6.138
17521,0.823,37.641,24.456,29.817,23.251,4.7,7.37,6.179
17522,0.817,37.755,24.487,29.846,23.247,4.782,7.37,6.098
17523,0.813,37.852,24.48,29.817,23.247,4.702,7.289,6.097
17524,0.807,37.565,24.487,29.807,23.251,4.701,7.329,6.178
17525,0.807,37.543,24.398,29.874,23.258,4.945,7.492,6.301
17526,0.813,37.715,24.463,29.837,23.251,4.663,7.371,6.221
17527,0.813,37.775,24.499,29.846,23.258,4.741,7.411,6.22
17528,0.813,37.526,24.488,29.856,23.251,4.783,7.371,6.22
17529,0.823,37.686,24.456,29.846,23.251,4.783,7.37,6.22
17530,0.833,37.774,24.468,29.837,23.24,4.702,7.33,6.139
17531,0.817,37.814,24.483,29.817,23.244,4.66,7.37,6.219
17532,0.833,37.421,24.487,29.836,23.244,4.741,7.411,6.18
17533,0.836,37.551,24.46,29.836,23.244,4.742,7.371,6.179
17534,0.836,37.658,24.495,29.817,23.244,4.742,7.289,6.179
17535,0.836,37.736,24.472,29.817,23.251,4.701,7.41,6.22
17536,0.839,37.382,24.456,29.875,23.265,4.863,7.615,6.342
17537,0.846,37.522,24.518,29.846,23.251,4.702,7.495,6.262
17538,0.843,37.619,24.472,29.894,23.251,4.742,7.412,6.221
17539,0.826,37.678,24.433,29.837,23.254,4.823,7.493,6.302
17540,0.826,37.439,24.464,29.856,23.261,4.783,7.453,6.343
17541,0.826,37.59,24.464,29.837,23.251,4.742,7.33,6.181
17542,0.81,37.668,24.472,29.827,23.24,4.661,7.289,6.179
17543,0.82,37.745,24.487,29.855,23.251,4.782,7.329,6.301
17544,0.813,37.296,24.499,29.837,23.251,4.742,7.37,6.18
17545,0.803,37.406,24.453,29.846,23.244,4.661,7.289,6.179
17546,0.794,37.513,24.444,29.837,23.247,4.7,7.288,6.342
17547,0.806,37.552,24.514,29.865,23.265,4.863,7.451,6.343
17548,0.81,37.581,24.519,29.875,23.254,4.743,7.33,6.303
17549,0.8,37.687,24.414,29.865,23.251,4.783,7.329,6.302
17550,0.807,37.803,24.432,29.875,23.251,4.742,7.289,6.302
17551,0.807,37.497,24.44,29.885,23.254,4.742,7.329,6.384
17552,0.826,37.236,24.475,29.875,23.254,4.701,7.207,6.263
17553,0.826,37.329,24.452,29.846,23.244,4.701,7.206,6.302
17554,0.826,37.445,24.518,29.865,23.247,4.742,7.206,6.221
17555,0.823,37.312,24.488,29.837,23.251,4.661,7.165,6.22
17556,0.826,37.416,24.468,29.836,23.247,4.66,7.043,6.18
17557,0.83,37.532,24.515,29.865,23.247,4.741,7.164,6.342
17558,0.843,37.677,24.48,29.913,23.265,4.905,7.287,6.343
17559,0.826,37.228,24.48,29.856,23.254,4.784,7.166,6.343
17560,0.817,37.348,24.437,29.875,23.251,4.742,7.124,6.343
17561,0.813,37.464,24.495,29.885,23.254,4.783,7.124,6.343
17562,0.813,37.552,24.499,29.875,23.254,4.824,7.043,6.303
17563,0.81,37.255,24.456,29.865,23.247,4.702,6.96,6.18
17564,0.794,37.358,24.491,29.856,23.251,4.701,7.0,6.342
17565,0.806,37.522,24.468,29.904,23.254,4.701,7.001,6.384
17566,0.8,37.571,24.46,29.856,23.247,4.742,6.96,6.344
17567,0.787,37.217,24.518,29.856,23.244,4.62,6.96,6.343
17568,0.777,37.357,24.425,29.884,23.251,4.7,7.082,6.466
17569,0.806,37.512,24.506,29.914,23.265,4.863,7.083,6.629
17570,0.816,37.533,24.464,29.876,23.254,4.743,6.961,6.509
17571,0.81,37.303,24.448,29.875,23.251,4.783,6.96,6.508
17572,0.807,37.435,24.483,29.885,23.254,4.702,6.919,6.508
17573,0.81,37.551,24.464,29.914,23.251,4.782,6.878,6.508
17574,0.813,37.562,24.522,29.866,23.251,4.702,6.837,6.386
17575,0.813,37.159,24.464,29.865,23.251,4.701,6.837,6.466
17576,0.82,37.328,24.448,29.885,23.251,4.701,6.837,6.426
17577,0.81,37.406,24.503,29.875,23.247,4.742,6.837,6.466
17578,0.803,37.657,24.433,29.885,23.244,4.661,6.755,6.386
17579,0.8,37.237,24.452,29.894,23.244,4.7,6.836,6.507
17580,0.803,37.377,24.44,29.923,23.265,4.863,6.958,6.63
17581,0.807,37.493,24.51,29.895,23.254,4.743,6.878,6.428
17582,0.794,37.207,24.507,29.885,23.254,4.783,6.837,6.507
17583,0.787,37.252,24.484,29.894,23.251,4.742,6.796,6.508
17584,0.787,37.367,24.527,29.914,23.254,4.823,6.795,6.427
17585,0.793,37.464,24.465,29.895,23.247,4.783,6.755,6.385
17586,0.771,37.091,24.444,29.875,23.24,4.661,6.714,6.385
17587,0.79,37.231,24.464,29.894,23.247,4.7,6.713,6.425
17588,0.79,37.348,24.39,29.923,23.244,4.66,6.754,6.466
17589,0.787,37.455,24.455,29.895,23.247,4.66,6.714,6.304
17590,0.79,37.082,24.448,29.894,23.244,4.741,6.754,6.465
17591,0.797,37.241,24.487,29.933,23.265,4.905,6.957,6.548
17592,0.81,37.367,24.488,29.914,23.254,4.784,6.838,6.468
17593,0.797,37.416,24.484,29.914,23.254,4.824,6.877,6.426
17594,0.807,37.043,24.527,29.904,23.247,4.824,6.918,6.466
17595,0.82,37.183,24.484,29.914,23.258,4.743,6.919,6.467
17596,0.82,37.309,24.445,29.914,23.251,4.701,6.837,6.345
17597,0.803,37.32,24.483,29.876,23.244,4.701,6.918,6.384
17598,0.816,37.147,24.409,29.904,23.254,4.742,6.837,6.385
17599,0.803,37.309,24.452,29.914,23.244,4.661,6.877,6.425
17600,0.797,37.416,24.421,29.904,23.244,4.66,6.837,6.304
17601,0.794,37.436,24.471,29.914,23.247,4.741,6.877,6.425
17602,0.787,37.062,24.507,29.952,23.258,4.945,7.081,6.466
17603,0.793,37.212,24.507,29.924,23.247,4.703,6.92,6.386
17604,0.784,37.309,24.542,29.914,23.251,4.701,6.878,6.385
17605,0.777,37.33,24.484,29.943,23.254,4.701,6.959,6.425
17606,0.774,37.1,24.441,29.952,23.258,4.782,6.919,6.507
17607,0.774,37.241,24.479,29.933,23.251,4.702,6.837,6.305
17608,0.774,37.31,24.417,29.895,23.24,4.62,6.837,6.384
17609,0.777,37.119,24.432,29.933,23.251,4.659,6.877,6.425
17610,0.78,37.069,24.448,29.933,23.251,4.741,6.796,6.344
17611,0.79,37.164,24.491,29.914,23.247,4.661,6.795,6.303
17612,0.787,37.28,24.476,29.933,23.247,4.741,6.795,6.384
17613,0.806,37.032,24.499,29.952,23.265,4.864,6.999,6.466
17614,0.816,37.145,24.503,29.943,23.258,4.784,6.838,6.467
17615,0.803,37.27,24.468,29.933,23.258,4.742,6.877,6.426
17616,0.813,37.348,24.472,29.943,23.254,4.783,6.877,6.426
17617,0.81,36.985,24.495,29.962,23.251,4.783,6.877,6.426
17618,0.807,37.125,24.429,29.953,23.251,4.702,6.837,6.263
17619,0.797,37.213,24.421,29.914,23.237,4.66,6.796,6.384
17620,0.797,37.309,24.444,29.933,23.251,4.822,6.714,6.385
17621,0.79,37.023,24.499,29.952,23.254,4.743,6.794,6.344
17622,0.771,37.164,24.472,29.933,23.247,4.701,6.795,6.303
17623,0.757,37.28,24.468,29.924,23.247,4.701,6.795,6.343
17624,0.774,37.377,24.507,29.962,23.261,4.823,6.958,6.425
17625,0.78,37.1,24.46,29.943,23.254,4.743,6.838,6.304
17626,0.774,37.232,24.437,29.952,23.251,4.783,6.796,6.343
17627,0.767,37.329,24.483,29.953,23.247,4.742,6.836,6.384
17628,0.757,37.397,24.394,29.962,23.258,4.783,6.837,6.344
17629,0.777,37.024,24.436,29.981,23.254,4.824,6.796,6.221
17630,0.774,37.144,24.452,29.953,23.237,4.661,6.714,6.302
17631,0.774,37.261,24.464,29.962,23.258,4.741,6.713,6.302
17632,0.777,37.281,24.468,29.972,23.247,4.701,6.754,6.302
17633,0.79,37.022,24.472,29.962,23.247,4.701,6.754,6.221
17634,0.784,37.135,24.472,29.962,23.244,4.66,6.714,6.261
17635,0.79,37.289,24.48,30.02,23.265,4.904,6.916,6.384
17636,0.8,37.262,24.472,29.953,23.251,4.825,6.715,6.222
17637,0.797,37.089,24.503,29.962,23.254,4.743,6.754,6.302
17638,0.8,37.222,24.441,29.972,23.251,4.823,6.795,6.262
17639,0.8,37.348,24.44,29.991,23.258,4.783,6.795,6.262
17640,0.79,36.918,24.44,29.982,23.254,4.742,6.673,6.18
17641,0.774,36.942,24.456,29.953,23.244,4.701,6.672,6.22
17642,0.771,37.115,24.479,29.981,23.254,4.823,6.631,6.22
17643,0.767,37.184,24.48,29.972,23.244,4.661,6.631,6.18
17644,0.767,37.386,24.464,29.972,23.247,4.7,6.59,6.139
17645,0.767,37.512,24.472,29.991,23.247,4.742,6.671,6.26
17646,0.77,37.677,24.441,30.02,23.265,4.945,6.835,6.384
17647,0.774,37.746,24.491,30.001,23.248,4.785,6.674,6.222
17648,0.767,36.653,24.41,30.011,23.254,4.783,6.672,6.18
17649,0.777,36.786,24.471,29.972,23.251,4.864,6.713,6.22
17650,0.784,36.922,24.476,29.991,23.254,4.824,6.713,6.302
17651,0.79,36.99,24.448,30.001,23.251,4.824,6.632,6.099
17652,0.774,37.029,24.46,29.982,23.254,4.824,6.672,6.219
17653,0.787,37.183,24.452,30.001,23.247,4.865,6.631,6.18
17654,0.787,37.29,24.495,29.982,23.251,4.784,6.672,6.179
17655,0.787,37.339,24.472,29.991,23.244,4.824,6.55,6.139
17656,0.79,36.908,24.452,29.991,23.251,4.865,6.793,6.26
17657,0.803,37.067,24.53,30.03,23.254,4.987,6.836,6.221
17658,0.8,37.154,24.437,30.03,23.251,4.866,6.796,6.22
17659,0.787,37.203,24.464,30.001,23.254,4.865,6.836,6.261
17660,0.78,36.945,24.495,30.02,23.258,4.906,6.837,6.302
17661,0.793,37.115,24.511,30.03,23.254,4.865,6.837,6.221
17662,0.777,37.165,24.484,29.982,23.247,4.784,6.755,6.139
17663,0.767,37.482,24.46,30.01,23.258,4.905,6.876,6.179
17664,0.774,36.976,24.491,30.011,23.251,4.865,6.877,6.139
17665,0.764,37.125,24.464,30.001,23.247,4.824,6.796,6.138
17666,0.754,37.203,24.437,30.011,23.247,4.905,6.877,6.138
17667,0.767,36.955,24.471,30.039,23.254,4.987,7.081,6.382
17668,0.777,36.99,24.437,30.059,23.258,4.907,6.961,6.222
17669,0.777,37.096,24.46,30.021,23.251,4.906,6.96,6.261
17670,0.78,37.174,24.472,30.049,23.254,4.947,7.082,6.262
17671,0.78,36.916,24.483,30.049,23.254,5.029,7.123,6.262
17672,0.78,37.047,24.48,30.021,23.251,4.989,7.002,6.18
17673,0.787,37.145,24.484,30.011,23.237,4.826,6.96,6.179
17674,0.784,37.261,24.515,30.03,23.251,4.905,7.082,6.22
17675,0.793,36.859,24.464,30.04,23.247,4.906,7.042,6.22
17676,0.8,36.98,24.456,30.02,23.244,4.825,6.92,6.139
17677,0.784,37.096,24.487,30.03,23.247,4.824,6.959,6.301
17678,0.793,37.174,24.409,30.059,23.258,5.027,7.122,6.384
17679,0.793,36.868,24.432,30.049,23.254,4.948,7.043,6.222
17680,0.774,36.989,24.436,30.049,23.254,4.947,7.042,6.261
17681,0.777,37.096,24.503,30.049,23.251,4.907,7.042,6.302
17682,0.771,37.164,24.488,30.068,23.254,5.028,7.082,6.221
17683,0.774,36.906,24.48,30.059,23.251,4.948,7.042,6.261
17684,0.764,37.028,24.487,30.011,23.247,4.825,6.96,6.139
17685,0.767,37.173,24.472,30.049,23.258,4.905,7.041,6.219
17686,0.761,37.194,24.464,30.059,23.244,4.906,6.96,6.18
17687,0.757,36.897,24.487,30.021,23.24,4.865,6.919,6.139
17688,0.751,37.038,24.448,30.039,23.251,4.865,7.0,6.219
17689,0.767,37.173,24.44,30.078,23.261,4.987,7.082,6.424
17690,0.777,37.213,24.432,30.078,23.254,4.988,7.083,6.222
17691,0.761,36.83,24.452,30.069,23.254,4.866,7.002,6.261
17692,0.77,36.97,24.483,30.069,23.254,4.865,7.001,6.302
17693,0.783,37.077,24.464,30.078,23.261,4.946,7.082,6.343
17694,0.784,37.001,24.495,30.088,23.258,4.988,7.042,6.221
17695,0.787,36.876,24.449,30.04,23.241,4.785,6.839,6.139
17696,0.777,37.009,24.464,30.068,23.247,4.864,7.04,6.219
17697,0.777,37.116,24.511,30.059,23.251,4.784,7.001,6.22
17698,0.78,36.676,24.464,30.097,23.247,4.864,7.001,6.18
17699,0.771,36.777,24.405,30.04,23.244,4.865,6.919,6.179
17700,0.767,36.912,24.432,30.088,23.251,4.906,7.081,6.423
17701,0.777,37.019,24.487,30.107,23.258,4.906,7.042,6.304
17702,0.764,36.809,24.472,30.079,23.254,4.865,7.001,6.262
17703,0.774,36.951,24.46,30.098,23.254,4.946,7.041,6.343
17704,0.771,37.067,24.472,30.079,23.261,4.907,6.96,6.343
17705,0.761,37.174,24.468,30.078,23.261,4.947,7.082,6.343
17706,0.754,36.849,24.472,30.069,23.247,4.825,6.839,6.262
17707,0.751,36.913,24.448,30.069,23.24,4.865,6.958,6.343
17708,0.757,37.095,24.46,30.097,23.247,4.906,7.0,6.303
17709,0.764,37.145,24.444,30.088,23.247,4.865,7.001,6.302
17710,0.767,41.048,24.44,30.088,23.24,4.906,6.919,6.302
17711,0.761,41.165,24.44,30.088,23.251,4.947,7.041,6.384
17712,0.793,41.261,24.468,30.136,23.258,5.069,7.082,6.547
17713,0.793,41.262,24.476,30.108,23.251,4.908,7.002,6.427
17714,0.78,34.876,24.511,30.088,23.251,4.947,6.919,6.385
17715,0.79,35.022,24.457,30.107,23.251,4.988,7.041,6.425
17716,0.79,35.178,24.448,30.107,23.251,4.907,6.96,6.426
17717,0.793,35.237,24.483,30.127,23.251,4.865,6.878,6.263
17718,0.78,37.481,24.366,30.088,23.244,4.824,6.877,6.302
17719,0.784,37.667,24.467,30.107,23.247,4.946,6.959,6.343
17720,0.774,37.755,24.448,30.107,23.251,4.866,6.919,6.343
17721,0.767,37.66,24.499,30.107,23.24,4.865,6.837,6.384
17722,0.754,36.412,24.453,30.107,23.247,4.906,6.958,6.303
17723,0.774,36.553,24.507,30.127,23.261,4.987,7.122,6.465
17724,0.767,36.699,24.472,30.117,23.251,4.866,7.043,6.345
17725,0.761,36.739,24.441,30.117,23.251,4.987,6.96,6.466
17726,0.764,36.864,24.479,30.127,23.251,4.988,7.041,6.426
17727,0.764,36.97,24.48,30.146,23.261,4.988,7.042,6.466
17728,0.757,37.067,24.472,30.127,23.251,4.826,6.96,6.345
17729,0.761,36.522,24.444,30.108,23.24,4.743,6.96,6.303
17730,0.764,36.65,24.464,30.117,23.251,4.905,6.96,6.384
17731,0.764,36.786,24.468,30.117,23.251,4.865,6.96,6.344
17732,0.777,36.854,24.468,30.117,23.244,4.824,7.0,6.343
17733,0.771,36.558,24.452,30.117,23.254,4.946,7.041,6.384
17734,0.783,36.737,24.487,30.155,23.258,4.988,7.204,6.629
17735,0.79,36.873,24.464,30.156,23.251,4.907,7.125,6.468
17736,0.78,36.913,24.456,30.127,23.251,4.906,7.043,6.426
17737,0.79,36.683,24.468,30.136,23.254,4.865,7.082,6.426
17738,0.793,36.825,24.476,30.184,23.261,4.906,7.164,6.426
17739,0.787,36.941,24.468,30.146,23.254,4.865,7.124,6.385
17740,0.761,36.981,24.476,30.108,23.237,4.824,7.002,6.385
17741,0.764,36.482,24.511,30.146,23.251,4.905,7.163,6.385
17742,0.757,36.631,24.468,30.146,23.247,4.865,7.206,6.385
17743,0.751,36.728,24.452,30.117,23.247,4.824,7.084,6.303
17744,0.748,36.787,24.429,30.117,23.244,4.865,7.123,6.425
17745,0.757,36.691,24.448,30.165,23.265,5.028,7.287,6.507
17746,0.761,36.844,24.514,30.156,23.258,4.948,7.207,6.427
17747,0.748,36.932,24.445,30.156,23.251,4.825,7.084,6.426
17748,0.741,36.933,24.468,30.165,23.247,4.824,7.123,6.385
17749,0.757,36.492,24.468,30.185,23.254,4.905,7.287,6.385
17750,0.767,36.612,24.495,30.166,23.254,4.825,7.166,6.344
17751,0.764,36.69,24.48,30.146,23.24,4.783,6.962,6.262
17752,0.767,36.575,24.464,30.165,23.254,4.824,7.122,6.384
17753,0.774,36.545,24.456,30.165,23.251,4.824,7.043,6.385
17754,0.774,36.689,24.456,30.165,23.251,4.824,7.082,6.344
17755,0.784,36.767,24.444,30.156,23.244,4.783,7.042,6.343
17756,0.79,36.384,24.507,30.165,23.258,4.946,7.164,6.466
17757,0.79,36.524,24.449,30.185,23.251,4.866,7.084,6.386
17758,0.793,36.612,24.456,30.175,23.254,4.824,7.002,6.385
17759,0.78,36.718,24.417,30.185,23.247,4.865,7.082,6.385
17760,0.78,36.537,24.463,30.185,23.261,4.906,7.083,6.425
17761,0.777,36.699,24.487,30.166,23.251,4.865,6.961,6.263
17762,0.761,36.786,24.46,30.146,23.237,4.784,6.919,6.302
17763,0.754,36.883,24.456,30.175,23.251,4.905,6.959,6.302
17764,0.761,36.414,24.483,30.166,23.244,4.825,6.96,6.221
17765,0.767,36.573,24.452,30.165,23.247,4.702,6.919,6.302
17766,0.748,36.689,24.436,30.185,23.251,4.782,6.959,6.302
17767,0.757,36.777,24.483,30.214,23.261,4.986,7.041,6.506
17768,0.767,36.423,24.382,30.204,23.251,4.866,6.92,6.386
17769,0.767,36.525,24.412,30.195,23.254,4.824,6.959,6.425
17770,0.761,36.66,24.448,30.204,23.254,4.824,6.96,6.344
17771,0.767,36.7,24.53,30.204,23.247,4.905,6.919,6.425
17772,0.774,36.451,24.476,30.204,23.251,4.825,6.878,6.304
17773,0.771,36.544,24.46,30.185,23.24,4.783,6.877,6.384
17774,0.78,36.679,24.417,30.204,23.251,4.864,6.959,6.344
17775,0.777,36.71,24.444,30.195,23.247,4.743,6.919,6.262
17776,0.784,36.441,24.483,30.195,23.251,4.783,6.919,6.343
17777,0.784,36.563,24.433,30.195,23.247,4.742,6.959,6.343
17778,0.797,36.718,24.487,30.233,23.258,4.986,7.082,6.506
17779,0.787,36.691,24.464,30.233,23.254,4.866,7.042,6.345
17780,0.774,36.46,24.472,30.224,23.254,4.865,7.042,6.384
17781,0.784,36.611,24.48,30.214,23.258,4.865,7.082,6.385
17782,0.767,36.709,24.437,30.223,23.254,4.906,7.042,6.425
17783,0.767,36.355,24.456,30.243,23.254,4.906,7.042,6.304
17784,0.764,36.38,24.479,30.185,23.24,4.744,6.879,6.262
17785,0.751,36.524,24.464,30.214,23.244,4.783,7.04,6.262
17786,0.757,36.622,24.468,30.233,23.251,4.783,7.001,6.343
17787,0.761,36.565,24.476,30.224,23.251,4.824,7.001,6.303
17788,0.735,36.699,24.402,30.243,23.244,4.824,7.001,6.302
17789,0.757,36.834,24.448,30.233,23.254,4.824,7.123,6.506
17790,0.774,36.96,24.456,30.262,23.258,4.865,7.043,6.427
17791,0.764,36.175,24.479,30.234,23.251,4.865,6.96,6.344
17792,0.777,36.321,24.433,30.243,23.254,4.824,7.0,6.343
17793,0.787,36.437,24.44,30.252,23.251,4.824,7.001,6.425
17794,0.79,36.525,24.417,30.262,23.261,4.905,7.041,6.507
17795,0.787,36.363,24.452,30.243,23.247,4.744,6.96,6.305
17796,0.784,36.476,24.503,30.224,23.247,4.823,6.919,6.302
17797,0.787,36.631,24.417,30.252,23.244,4.824,7.0,6.425
17798,0.787,36.69,24.452,30.243,23.247,4.783,7.041,6.385
17799,0.787,36.834,24.429,30.243,23.244,4.742,7.001,6.385
17800,0.774,36.96,24.503,30.262,23.251,4.823,7.163,6.507
17801,0.79,37.096,24.472,30.301,23.265,4.905,7.328,6.589
17802,0.777,37.145,24.444,30.272,23.251,4.784,7.207,6.427
17803,0.767,35.947,24.452,30.272,23.247,4.783,7.287,6.466
17804,0.767,36.079,24.487,30.282,23.254,4.905,7.329,6.426
17805,0.757,36.215,24.495,30.291,23.254,4.825,7.37,6.507
17806,0.754,36.551,24.464,30.291,23.254,4.824,7.37,6.427
17807,0.748,36.411,24.464,30.263,23.244,4.743,7.37,6.344
17808,0.741,36.563,24.331,30.301,23.251,4.823,7.492,6.425
17809,0.76,36.689,24.424,30.291,23.24,4.783,7.534,6.426
17810,0.757,36.211,24.456,30.282,23.237,4.824,7.494,6.385
17811,0.77,36.149,24.444,30.272,23.247,4.743,7.494,6.425
17812,0.774,36.292,24.417,30.31,23.258,4.864,7.697,6.588
17813,0.79,36.428,24.452,30.33,23.261,4.865,7.658,6.549
17814,0.78,36.208,24.362,30.311,23.254,4.865,7.739,6.508
17815,0.79,36.331,24.455,30.311,23.251,4.824,7.74,6.549
17816,0.793,36.447,24.476,30.301,23.254,4.865,7.699,6.549
17817,0.787,36.535,24.405,30.339,23.254,4.865,7.658,6.508
17818,0.78,36.152,24.448,30.311,23.247,4.702,7.495,6.427
17819,0.771,36.254,24.409,30.291,23.244,4.782,7.575,6.548
17820,0.77,36.398,24.487,30.32,23.254,4.783,7.616,6.468
17821,0.761,36.477,24.495,30.32,23.247,4.783,7.495,6.548
17822,0.757,36.228,24.452,30.301,23.247,4.742,7.412,6.468
17823,0.751,36.369,24.46,30.339,23.254,4.701,7.574,6.629
17824,0.761,36.486,24.483,30.368,23.268,4.985,7.657,6.672
17825,0.767,36.573,24.484,30.34,23.251,4.826,7.536,6.509
17826,0.757,36.411,24.487,30.34,23.251,4.865,7.494,6.63
17827,0.741,36.525,24.452,30.349,23.251,4.824,7.534,6.672
17828,0.744,36.67,24.44,30.349,23.254,4.865,7.534,6.713
17829,0.77,36.719,24.44,30.349,23.251,4.824,7.453,6.632
17830,0.77,36.0,24.456,30.311,23.244,4.702,7.29,6.55
17831,0.77,36.147,24.444,30.349,23.247,4.863,7.329,6.63
17832,0.77,36.273,24.448,30.359,23.251,4.784,7.329,6.672
17833,0.774,36.274,24.456,30.34,23.244,4.742,7.329,6.55
17834,0.771,36.341,24.429,30.34,23.247,4.783,7.329,6.549
17835,0.764,36.495,24.46,30.359,23.254,4.905,7.451,6.752
17836,0.796,36.641,24.464,30.359,23.258,4.865,7.371,6.632
17837,0.777,36.383,24.444,30.369,23.247,4.784,7.37,6.672
17838,0.78,36.17,24.448,30.388,23.254,4.824,7.33,6.631
17839,0.787,36.292,24.436,30.388,23.254,4.783,7.329,6.631
17840,0.767,36.399,24.522,30.388,23.254,4.783,7.329,6.672
17841,0.764,36.227,24.48,30.379,23.244,4.783,7.167,6.509
17842,0.754,36.293,24.452,30.359,23.244,4.742,7.206,6.63
17843,0.761,36.485,24.46,30.378,23.251,4.823,7.206,6.59
17844,0.761,36.554,24.483,30.369,23.247,4.702,7.206,6.549
17845,0.754,36.018,24.448,30.359,23.247,4.742,7.084,6.508
17846,0.751,36.118,24.429,30.388,23.251,4.742,7.083,6.63
17847,0.764,36.282,24.467,30.417,23.258,4.905,7.367,6.712
17848,0.757,36.37,24.46,30.408,23.258,4.825,7.126,6.632
17849,0.754,36.141,24.421,30.407,23.247,4.946,7.165,6.59
17850,0.78,36.263,24.444,30.407,23.254,4.785,7.084,6.631
17851,0.764,36.408,24.444,30.407,23.258,4.905,7.205,6.672
17852,0.783,36.477,24.471,30.417,23.258,4.784,7.043,6.591
17853,0.771,35.979,24.464,30.379,23.244,4.702,7.001,6.59
17854,0.774,36.175,24.421,30.455,23.251,4.742,7.082,6.549
17855,0.777,36.263,24.44,30.418,23.244,4.701,7.042,6.549
17856,0.793,36.312,24.452,30.408,23.251,4.701,7.001,6.508
17857,0.784,36.035,24.456,30.455,23.251,4.742,7.041,6.549
17858,0.784,36.224,24.444,30.456,23.258,4.945,7.123,6.671
17859,0.787,36.341,24.471,30.446,23.258,4.825,7.043,6.591
17860,0.761,36.313,24.495,30.427,23.258,4.865,7.082,6.549
17861,0.77,36.14,24.452,30.436,23.254,4.824,7.042,6.549
17862,0.767,36.253,24.472,30.427,23.254,4.865,7.082,6.59
17863,0.767,36.389,24.437,30.446,23.251,4.824,6.92,6.549
17864,0.751,36.592,24.475,30.408,23.237,4.702,6.878,6.386
17865,0.761,36.153,24.452,30.436,23.251,4.823,6.959,6.507
17866,0.764,36.282,24.46,30.437,23.247,4.824,6.96,6.467
17867,0.757,36.37,24.468,30.427,23.244,4.743,6.878,6.467
17868,0.757,36.016,24.452,30.427,23.244,4.783,6.918,6.426
17869,0.783,36.07,24.436,30.456,23.258,4.864,7.041,6.629
17870,0.787,36.214,24.436,30.465,23.251,4.824,6.96,6.509
17871,0.774,36.283,24.432,30.456,23.251,4.783,6.919,6.508
17872,0.777,35.891,24.444,30.456,23.254,4.864,6.878,6.508
17873,0.797,36.011,24.432,30.475,23.254,4.824,6.959,6.508
17874,0.8,36.147,24.401,30.494,23.254,4.824,6.878,6.508
17875,0.787,36.225,24.432,30.437,23.244,4.702,6.755,6.386
17876,0.787,36.072,24.464,30.456,23.247,4.742,6.836,6.507
17877,0.79,36.224,24.401,30.475,23.251,4.823,6.796,6.345
17878,0.813,36.36,24.44,30.456,23.244,4.783,6.836,6.343
17879,0.803,36.409,24.46,30.465,23.24,4.742,6.837,6.343
17880,0.8,35.834,24.472,30.466,23.251,4.783,6.958,6.506
17881,0.816,36.011,24.468,30.513,23.265,4.946,7.122,6.549
17882,0.81,36.147,24.448,30.485,23.254,4.866,6.961,6.427
17883,0.807,36.196,24.429,30.485,23.251,4.784,7.041,6.385
17884,0.8,36.033,24.475,30.485,23.254,4.864,7.204,6.466
17885,0.813,36.204,24.464,30.494,23.251,4.824,7.206,6.426
17886,0.813,36.331,24.456,30.514,23.254,4.865,7.125,6.344
17887,0.813,36.332,24.472,30.466,23.24,4.621,7.083,6.343
17888,0.813,35.939,24.48,30.504,23.251,4.863,7.245,6.466
17889,0.82,36.069,24.468,30.514,23.251,4.784,7.125,6.426
17890,0.836,36.176,24.452,30.504,23.251,4.742,7.165,6.304
17891,0.836,36.187,24.479,30.485,23.24,4.742,7.206,6.343
17892,0.849,35.909,24.476,30.542,23.251,4.864,7.287,6.506
17893,0.856,36.069,24.448,30.553,23.265,4.906,7.329,6.508
17894,0.856,36.166,24.393,30.543,23.254,4.906,7.289,6.386
17895,0.853,36.062,24.409,30.533,23.251,4.784,7.247,6.466
17896,0.859,36.051,24.491,30.514,23.254,4.824,7.288,6.467
17897,0.866,36.195,24.406,30.543,23.254,4.824,7.288,6.426
17898,0.862,36.283,24.432,30.505,23.244,4.743,7.247,6.222
17899,0.84,35.795,24.487,30.514,23.251,4.783,7.288,6.424
17900,0.839,35.914,24.491,30.543,23.244,4.783,7.288,6.344
17901,0.833,36.05,24.445,30.514,23.244,4.742,7.207,6.343
17902,0.826,36.118,24.425,30.514,23.251,4.742,7.247,6.262
17903,0.839,35.956,24.424,30.533,23.254,4.701,7.288,6.343
17904,0.846,36.089,24.432,30.562,23.261,4.945,7.41,6.506
17905,0.859,36.253,24.432,30.572,23.254,4.703,7.33,6.386
17906,0.846,36.303,24.456,30.562,23.251,4.782,7.329,6.344
17907,0.853,35.824,24.425,30.572,23.251,4.824,7.289,6.343
17908,0.862,35.991,24.421,30.591,23.258,4.865,7.329,6.343
17909,0.862,36.079,24.428,30.572,23.254,4.824,7.329,6.343
17910,0.872,36.138,24.456,30.543,23.244,4.702,7.167,6.181
17911,0.866,35.889,24.468,30.562,23.254,4.782,7.328,6.301
17912,0.872,36.04,24.472,30.553,23.254,4.783,7.289,6.302
17913,0.879,36.157,24.437,30.553,23.251,4.742,7.288,6.262
17914,0.879,36.196,24.393,30.572,23.244,4.661,7.288,6.302
17915,0.889,35.909,24.409,30.582,23.251,4.782,7.369,6.302
17916,0.915,36.069,24.514,30.591,23.261,4.905,7.33,6.302
17917,0.902,36.157,24.41,30.582,23.251,4.784,7.289,6.262
17918,0.899,36.187,24.409,30.572,23.247,4.742,7.329,6.343
17919,0.895,35.832,24.459,30.582,23.254,4.823,7.289,6.262
17920,0.879,35.963,24.476,30.61,23.258,4.824,7.369,6.302
17921,0.879,36.089,24.456,30.582,23.241,4.783,7.167,6.18
17922,0.869,36.042,24.448,30.553,23.247,4.783,7.206,6.22
17923,0.866,35.888,24.448,30.581,23.244,4.783,7.328,6.139
17924,0.866,36.021,24.503,30.563,23.251,4.783,7.289,6.138
17925,0.849,36.128,24.445,30.591,23.24,4.702,7.207,6.138
17926,0.836,35.774,24.452,30.582,23.247,4.823,7.328,6.301
17927,0.856,35.876,24.475,30.63,23.265,4.946,7.451,6.302
17928,0.856,36.03,24.456,30.63,23.248,4.703,7.29,6.221
17929,0.846,36.089,24.386,30.601,23.251,4.742,7.329,6.22
17930,0.853,35.812,24.424,30.62,23.251,4.823,7.37,6.18
17931,0.843,35.934,24.491,30.601,23.251,4.824,7.37,6.22
17932,0.839,36.069,24.468,30.62,23.251,4.783,7.208,6.139
17933,0.836,36.128,24.433,30.592,23.244,4.783,7.206,6.179
17934,0.833,35.764,24.409,30.62,23.251,4.824,7.247,6.139
17935,0.83,35.924,24.448,30.62,23.244,4.783,7.247,6.179
17936,0.82,36.012,24.479,30.62,23.244,4.742,7.206,6.098
17937,0.823,36.08,24.386,30.62,23.247,4.783,7.165,6.178
17938,0.823,35.783,24.451,30.63,23.261,4.946,7.368,6.301
17939,0.823,35.962,24.436,30.659,23.251,4.825,7.248,6.18
17940,0.8,36.041,24.483,30.64,23.251,4.824,7.206,6.139
17941,0.8,36.118,24.433,30.64,23.254,4.905,7.165,6.219
17942,0.777,35.831,24.448,30.649,23.258,4.825,7.246,6.261
17943,0.777,35.982,24.436,30.649,23.254,4.783,7.125,6.262
17944,0.764,36.06,24.456,30.621,23.244,4.661,7.002,6.139
17945,0.757,36.109,24.436,30.64,23.247,4.822,7.123,6.219
17946,0.754,35.793,24.44,30.659,23.251,4.824,7.002,6.22
17947,0.744,35.924,24.479,30.64,23.244,4.865,7.001,6.261
17948,0.734,36.031,24.441,30.64,23.244,4.743,7.001,6.262
17949,0.751,36.377,24.425,30.669,23.254,4.864,7.163,6.343
17950,0.764,35.872,24.456,30.688,23.258,4.824,7.002,6.303
17951,0.744,35.973,24.464,30.669,23.244,4.865,7.123,6.262
17952,0.747,36.089,24.433,30.678,23.258,4.906,7.043,6.343
17953,0.747,35.812,24.417,30.678,23.254,4.865,7.042,6.384
17954,0.764,35.838,24.44,30.688,23.254,4.865,7.082,6.222
17955,0.744,35.934,24.409,30.65,23.237,4.662,6.961,6.22
17956,0.76,36.021,24.467,30.678,23.251,4.863,6.919,6.22
17957,0.761,35.754,24.464,30.688,23.247,4.824,6.919,6.302
17958,0.748,35.828,24.421,30.669,23.251,4.783,6.837,6.221
17959,0.751,35.953,24.479,30.669,23.244,4.742,6.958,6.302
17960,0.748,36.079,24.487,30.707,23.265,4.986,7.082,6.425
17961,0.747,35.764,24.46,30.698,23.251,4.907,6.92,6.344
17962,0.738,35.885,24.46,30.679,23.251,4.825,6.878,6.343
17963,0.728,36.011,24.464,30.698,23.254,4.865,6.877,6.384
17964,0.725,36.118,24.448,30.698,23.261,4.946,6.918,6.385
17965,0.711,35.688,24.44,30.698,23.254,4.866,6.959,6.303
17966,0.705,35.798,24.456,30.65,23.244,4.784,6.756,6.343
17967,0.698,35.934,24.452,30.697,23.24,4.824,6.917,6.384
17968,0.701,36.021,24.44,30.698,23.244,4.824,6.878,6.425
17969,0.708,35.667,24.456,30.698,23.244,4.824,6.796,6.344
17970,0.711,35.76,24.452,30.707,23.24,4.783,6.755,6.343
17971,0.715,35.895,24.405,30.708,23.251,4.864,6.998,6.506
17972,0.731,35.973,24.436,30.746,23.254,4.865,6.838,6.467
17973,0.738,35.744,24.432,30.708,23.247,4.906,6.877,6.467
17974,0.734,35.895,24.405,30.717,23.251,4.865,6.837,6.507
17975,0.747,35.992,24.416,30.727,23.254,4.906,6.877,6.508
17976,0.747,36.022,24.463,30.717,23.258,4.906,6.918,6.467
17977,0.734,35.754,24.386,30.717,23.247,4.703,6.674,6.304
17978,0.734,35.895,24.42,30.708,23.251,4.904,6.794,6.343
17979,0.738,36.011,24.471,30.717,23.244,4.865,6.755,6.343
17980,0.741,35.859,24.476,30.708,23.247,4.824,6.754,6.343
17981,0.708,35.762,24.46,30.717,23.247,4.824,6.714,6.303
17982,0.702,35.895,24.452,30.717,23.251,4.905,6.876,6.465
17983,0.714,36.011,24.456,30.775,23.261,4.987,6.959,6.507
17984,0.708,35.696,24.472,30.727,23.251,4.866,6.919,6.427
17985,0.698,35.779,24.441,30.736,23.261,4.824,6.959,6.426
17986,0.695,35.924,24.436,30.746,23.251,4.946,6.919,6.466
17987,0.698,36.021,24.44,30.756,23.261,4.947,6.959,6.467
17988,0.695,35.591,24.409,30.746,23.251,4.866,6.878,6.304
17989,0.692,35.711,24.428,30.717,23.244,4.784,6.918,6.343
17990,0.714,35.837,24.483,30.736,23.244,4.864,6.878,6.343
17991,0.715,35.915,24.495,30.727,23.251,4.824,6.959,6.425
17992,0.724,35.59,24.456,30.727,23.251,4.743,6.878,6.304
17993,0.721,35.73,24.44,30.736,23.244,4.783,6.959,6.384
17994,0.721,35.875,24.432,30.775,23.261,4.946,7.122,6.547
17995,0.737,35.973,24.421,30.756,23.254,4.907,7.043,6.386
17996,0.738,35.667,24.467,30.746,23.251,4.906,7.042,6.385
17997,0.744,35.817,24.359,30.765,23.258,4.947,7.123,6.344
17998,0.738,35.953,24.42,30.766,23.254,4.947,7.205,6.425
17999,0.728,36.002,24.44,30.785,23.251,4.907,7.084,6.344
18000,0.718,35.629,24.487,30.747,23.24,4.784,7.002,6.262
18001,0.715,35.778,24.452,30.785,23.247,4.864,7.082,6.384
18002,0.708,35.895,24.405,30.766,23.247,4.906,7.205,6.344
18003,0.721,35.925,24.452,30.766,23.251,4.865,7.043,6.262
18004,0.705,35.571,24.386,30.756,23.247,4.865,7.082,6.262
18005,0.705,35.73,24.405,30.785,23.251,4.987,7.327,6.505
18006,0.711,35.866,24.491,30.804,23.265,5.029,7.289,6.427
18007,0.708,36.049,24.37,30.795,23.251,4.907,7.207,6.344
18008,0.708,35.927,24.412,30.804,23.254,4.906,7.247,6.343
18009,0.711,36.06,24.42,30.795,23.254,4.947,7.288,6.343
18010,0.721,36.138,24.46,30.814,23.251,4.947,7.247,6.343
18011,0.731,35.573,24.46,30.785,23.251,4.866,7.206,6.221
18012,0.721,35.538,24.429,30.766,23.237,4.784,7.206,6.22
18013,0.734,35.691,24.456,30.804,23.254,4.864,7.206,6.342
18014,0.741,35.789,24.39,30.785,23.254,4.906,7.287,6.262
18015,0.741,35.588,24.416,30.795,23.251,4.825,7.166,6.262
18016,0.744,35.721,24.487,30.775,23.24,4.783,7.206,6.302
18017,0.751,35.856,24.378,30.814,23.258,4.986,7.328,6.384
18018,0.754,35.973,24.447,30.824,23.254,4.866,7.289,6.344
18019,0.728,35.466,24.401,30.814,23.251,4.865,7.247,6.262
18020,0.721,35.623,24.452,30.824,23.258,4.906,7.288,6.262
18021,0.724,35.75,24.425,30.814,23.254,4.865,7.247,6.302
18022,0.715,35.837,24.428,30.824,23.258,4.906,7.369,6.221
18023,0.705,35.522,24.425,30.805,23.241,4.784,7.208,6.139
18024,0.708,35.653,24.424,30.804,23.251,4.824,7.247,6.219
18025,0.724,35.807,24.456,30.823,23.251,4.824,7.206,6.261
18026,0.731,35.867,24.417,30.824,23.244,4.824,7.247,6.221
18027,0.751,35.503,24.42,30.805,23.24,4.783,7.166,6.261
18028,0.777,35.653,24.448,30.833,23.254,4.905,7.368,6.384
18029,0.823,35.807,24.413,30.862,23.261,4.987,7.289,6.263
18030,0.843,35.819,24.459,30.824,23.251,4.907,7.288,6.262
18031,0.872,35.589,24.437,30.833,23.251,4.906,7.288,6.262
18032,0.898,35.74,24.464,30.853,23.251,4.865,7.288,6.262
18033,0.918,35.866,24.44,30.862,23.258,4.946,7.288,6.302
18034,0.938,35.886,24.374,30.853,23.244,4.744,7.207,6.18
18035,0.951,35.704,24.416,30.824,23.247,4.823,7.206,6.301
18036,0.984,35.856,24.463,30.843,23.254,4.905,7.206,6.262
18037,0.991,35.963,24.413,30.833,23.244,4.865,7.206,6.221
18038,1.02,35.532,24.424,30.833,23.244,4.784,7.125,6.18
18039,1.023,35.442,24.46,30.824,23.244,4.905,7.246,6.301
18040,1.082,35.594,24.472,30.881,23.268,5.028,7.288,6.425
18041,1.128,35.682,24.441,30.863,23.251,4.867,7.207,6.344
18042,1.174,35.568,24.425,30.862,23.251,4.865,7.165,6.303
18043,1.227,35.72,24.424,30.853,23.254,4.906,7.246,6.302
18044,1.266,35.837,24.366,30.872,23.261,4.906,7.206,6.302
18045,1.283,35.934,24.42,30.853,23.251,4.825,7.125,6.221
18046,1.293,35.408,24.44,30.843,23.247,4.865,7.165,6.342
18047,1.345,35.565,24.429,30.872,23.244,4.784,7.124,6.303
18048,1.349,35.701,24.417,30.872,23.251,4.824,7.165,6.302
18049,1.358,35.789,24.428,30.853,23.247,4.743,7.124,6.302
18050,1.381,35.377,24.448,30.853,23.251,4.864,7.124,6.425
18051,1.404,35.555,24.378,30.91,23.261,4.987,7.246,6.466
18052,1.418,35.663,24.42,30.882,23.254,4.907,7.206,6.386
18053,1.418,35.731,24.44,30.882,23.251,4.865,7.165,6.466
18054,1.405,35.453,24.448,30.93,23.251,4.906,7.206,6.507
18055,1.395,35.575,24.421,30.892,23.251,4.865,7.247,6.467
18056,1.369,35.663,24.471,30.863,23.244,4.743,7.003,6.345
18057,1.294,35.673,24.452,30.882,23.247,4.864,7.163,6.547
18058,1.264,35.51,24.417,30.882,23.247,4.784,7.165,6.549
18059,1.208,35.633,24.471,30.882,23.247,4.864,7.206,6.59
18060,1.155,35.711,24.483,30.863,23.244,4.784,7.165,6.712
18061,1.116,35.76,24.363,30.92,23.258,4.905,7.368,6.998
18062,1.076,35.521,24.439,30.93,23.258,4.906,7.248,7.041
18063,0.991,35.643,24.421,30.901,23.247,4.825,7.288,7.204
18064,0.906,35.74,24.409,30.911,23.251,4.865,7.288,7.531
18065,0.814,35.684,24.42,30.911,23.247,4.906,7.369,7.738
18066,0.732,35.443,24.479,30.93,23.251,4.865,7.37,7.984
18067,0.646,35.585,24.409,30.901,23.244,4.743,7.248,8.149
18068,0.561,35.663,24.397,30.882,23.247,4.823,7.288,8.435
18069,0.537,35.424,24.424,30.911,23.247,4.824,7.288,8.682
18070,0.501,35.508,24.463,30.92,23.247,4.783,7.329,8.888
18071,0.475,35.633,24.464,30.892,23.247,4.824,7.248,9.052
18072,0.465,35.721,24.433,30.911,23.254,4.905,7.328,9.298
18073,0.478,35.358,24.471,30.94,23.261,4.987,7.37,9.463
18074,0.507,35.478,24.405,30.94,23.258,4.826,7.289,9.587
18075,0.54,35.604,24.416,30.93,23.251,4.865,7.288,9.629
18076,0.583,35.702,24.495,30.93,23.247,4.906,7.288,9.71
18077,0.609,35.386,24.374,30.949,23.265,4.825,7.288,9.914
18078,0.649,35.536,24.412,30.911,23.251,4.743,7.166,9.957
18079,0.649,35.624,24.448,30.911,23.244,4.783,7.206,10.283
18080,0.685,35.711,24.487,30.94,23.251,4.824,7.206,10.571
18081,0.705,35.386,24.421,30.949,23.247,4.824,7.247,10.899
18082,0.734,35.517,24.421,30.911,23.244,4.783,7.084,11.146
18083,0.741,35.653,24.444,30.93,23.251,4.824,7.164,11.474
18084,0.77,35.75,24.456,31.016,23.265,5.027,7.287,11.884
18085,0.783,35.387,24.429,30.96,23.251,4.826,7.125,12.01
18086,0.771,35.479,24.452,30.94,23.258,4.865,7.165,12.336
18087,0.767,35.624,24.343,30.978,23.251,4.824,7.165,12.584
18088,0.777,35.673,24.416,30.959,23.254,4.865,7.165,12.83
18089,0.777,35.53,24.44,30.959,23.261,4.865,7.124,12.792
18090,0.78,35.614,24.448,30.93,23.244,4.743,7.002,12.751
18091,0.787,35.73,24.464,30.949,23.247,4.823,7.123,12.994
18092,0.787,36.086,24.433,30.95,23.244,4.824,7.043,12.956
18093,0.797,35.428,24.44,30.95,23.247,4.824,7.042,12.915
18094,0.79,35.546,24.444,30.95,23.244,4.783,7.001,12.874
18095,0.8,35.653,24.413,30.969,23.258,4.905,7.204,12.995
18096,0.823,35.434,24.483,30.969,23.261,4.947,7.206,12.834
18097,0.817,35.45,24.425,30.988,23.261,4.907,7.125,12.71
18098,0.82,35.556,24.424,30.969,23.254,4.906,7.124,12.587
18099,0.803,35.672,24.428,30.969,23.251,4.825,7.165,12.505
18100,0.803,35.415,24.483,30.978,23.258,4.946,7.165,12.463
18101,0.797,35.527,24.448,30.979,23.247,4.785,7.043,12.178
18102,0.781,35.624,24.382,30.94,23.247,4.824,7.123,12.216
18103,0.79,35.759,24.432,30.969,23.247,4.783,7.083,12.094
18104,0.78,35.3,24.421,30.959,23.247,4.864,7.042,11.971
18105,0.78,35.43,24.409,30.959,23.247,4.824,7.164,11.807
18106,0.767,35.556,24.448,30.95,23.247,4.865,7.124,11.928
18107,0.783,35.663,24.448,30.997,23.254,4.987,7.287,11.888
18108,0.78,35.338,24.444,30.988,23.251,4.826,7.166,11.685
18109,0.777,35.449,24.425,30.979,23.251,4.946,7.206,11.56
18110,0.79,35.585,24.456,30.988,23.254,4.866,7.165,11.519
18111,0.8,35.653,24.433,30.998,23.251,4.865,7.165,11.396
18112,0.803,35.318,24.421,30.998,23.258,4.906,7.165,11.232
18113,0.79,35.421,24.405,30.969,23.244,4.744,7.043,11.027
18114,0.793,35.585,24.342,31.017,23.254,4.823,7.123,10.985
18115,0.803,35.605,24.416,30.989,23.251,4.865,7.124,10.903
18116,0.8,35.395,24.46,30.979,23.247,4.824,7.083,10.618
18117,0.803,35.584,24.39,30.988,23.244,4.743,7.123,10.574
18118,0.803,35.682,24.424,30.998,23.251,4.945,7.205,10.614
18119,0.82,35.721,24.448,31.027,23.258,4.947,7.165,10.411
18120,0.813,35.29,24.464,30.989,23.251,4.907,7.124,10.247
18121,0.8,35.411,24.394,31.027,23.254,4.865,7.165,10.164
18122,0.803,35.537,24.334,31.008,23.254,4.865,7.165,10.122
18123,0.797,35.461,24.388,31.008,23.258,4.824,7.206,10.0
18124,0.794,35.393,24.405,31.008,23.251,4.783,7.043,9.755
18125,0.78,35.488,24.393,30.979,23.244,4.824,7.082,9.752
18126,0.784,35.614,24.451,31.007,23.251,4.865,7.123,9.63
18127,0.787,35.251,24.468,30.988,23.244,4.743,7.124,9.507
18128,0.793,35.334,24.409,30.988,23.247,4.742,7.083,9.343
18129,0.793,35.459,24.471,30.979,23.251,4.823,7.164,9.342
18130,0.806,35.575,24.487,31.026,23.261,4.946,7.287,9.382
18131,0.82,35.289,24.452,31.027,23.247,4.866,7.247,9.179
18132,0.82,35.392,24.436,31.008,23.254,4.865,7.247,9.015
18133,0.813,35.517,24.421,31.017,23.251,4.824,7.369,9.013
18134,0.816,35.643,24.417,31.036,23.254,4.905,7.411,8.972
18135,0.816,35.194,24.424,31.027,23.247,4.865,7.411,8.891
18136,0.826,35.295,24.463,30.969,23.244,4.702,7.289,8.687
18137,0.826,35.44,24.448,31.017,23.254,4.823,7.451,8.725
18138,0.83,35.527,24.425,31.017,23.244,4.743,7.452,8.644
18139,0.82,35.327,24.471,31.008,23.244,4.742,7.534,8.562
18140,0.803,35.449,24.487,30.998,23.24,4.742,7.453,8.48
18141,0.813,35.575,24.413,31.017,23.251,4.864,7.615,8.601
18142,0.823,35.663,24.397,31.046,23.265,4.946,7.617,8.48
18143,0.807,35.251,24.428,31.018,23.251,4.825,7.617,8.357
18144,0.807,35.372,24.385,31.036,23.251,4.905,7.657,8.356
18145,0.813,35.488,24.436,31.027,23.254,4.825,7.658,8.356
18146,0.81,35.537,24.487,31.046,23.258,4.946,7.698,8.315
18147,0.797,35.336,24.386,31.037,23.247,4.703,7.577,8.112
18148,0.79,35.421,24.393,31.017,23.24,4.742,7.616,8.109
18149,0.806,35.546,24.42,31.046,23.251,4.783,7.617,8.069
18150,0.816,35.624,24.448,31.037,23.247,4.824,7.495,8.069
18151,0.816,35.357,24.452,31.017,23.244,4.743,7.575,7.946
18152,0.829,35.498,24.433,31.027,23.247,4.783,7.616,8.067
18153,0.836,35.624,24.425,31.075,23.254,4.946,7.698,8.069
18154,0.846,35.289,24.44,31.037,23.251,4.825,7.536,7.946
18155,0.84,35.334,24.389,31.046,23.251,4.824,7.534,7.864
18156,0.846,35.43,24.471,31.056,23.251,4.865,7.534,7.822
18157,0.843,35.546,24.444,31.056,23.251,4.824,7.453,7.863
18158,0.843,35.011,24.39,31.056,23.251,4.743,7.371,7.66
18159,0.839,35.101,24.424,31.008,23.24,4.661,7.411,7.617
18160,0.836,35.265,24.432,31.056,23.254,4.782,7.452,7.657
18161,0.83,35.353,24.436,31.056,23.251,4.783,7.371,7.698
18162,0.823,35.248,24.456,31.037,23.247,4.702,7.33,7.536
18163,0.813,35.401,24.425,31.046,23.251,4.782,7.41,7.657
18164,0.82,35.565,24.366,31.075,23.261,4.946,7.574,7.698
18165,0.83,35.634,24.404,31.056,23.247,4.785,7.454,7.536
18166,0.82,35.251,24.498,31.066,23.254,4.864,7.493,7.534
18167,0.817,35.41,24.359,31.066,23.254,4.824,7.494,7.534
18168,0.813,35.527,24.404,31.075,23.254,4.865,7.534,7.534
18169,0.813,35.567,24.416,31.056,23.251,4.743,7.372,7.331
18170,0.82,35.164,24.46,31.037,23.244,4.701,7.411,7.451
18171,0.83,35.352,24.452,31.056,23.244,4.823,7.452,7.452
18172,0.836,35.431,24.417,31.066,23.247,4.702,7.412,7.29
18173,0.836,35.479,24.424,31.066,23.24,4.782,7.493,7.247
18174,0.836,35.211,24.397,31.094,23.244,4.742,7.453,7.247
18175,0.839,35.372,24.432,31.085,23.258,4.905,7.615,7.45
18176,0.852,35.507,24.495,31.075,23.251,4.784,7.413,7.249
18177,0.846,35.528,24.429,31.133,23.254,4.742,7.452,7.288
18178,0.859,35.183,24.393,31.066,23.258,4.864,7.452,7.207
18179,0.853,35.342,24.44,31.085,23.254,4.824,7.493,7.247
18180,0.853,35.44,24.468,31.085,23.251,4.824,7.412,7.206
18181,0.843,35.297,24.448,31.095,23.24,4.661,7.289,7.043
18182,0.83,35.305,24.444,31.066,23.251,4.782,7.41,7.042
18183,0.836,35.449,24.429,31.066,23.251,4.783,7.411,7.123
18184,0.83,35.547,24.413,31.075,23.251,4.783,7.33,7.043
18185,0.833,35.106,24.409,31.047,23.251,4.783,7.289,7.001
18186,0.82,35.207,24.479,31.065,23.251,4.824,7.451,7.163
18187,0.836,35.381,24.46,31.19,23.265,4.946,7.493,7.165
18188,0.83,35.44,24.417,31.077,23.254,4.785,7.331,7.084
18189,0.833,35.163,24.397,31.085,23.247,4.824,7.37,7.002
18190,0.846,35.304,24.459,31.085,23.254,4.783,7.33,7.001
18191,0.853,35.449,24.429,31.104,23.251,4.864,7.37,7.001
18192,0.853,35.527,24.436,31.085,23.247,4.784,7.208,6.879
18193,0.849,35.106,24.405,31.056,23.244,4.661,7.287,6.918
18194,0.859,35.275,24.416,31.066,23.247,4.741,7.329,6.919
18195,0.856,35.401,24.424,31.075,23.244,4.742,7.207,6.959
18196,0.862,35.431,24.448,31.066,23.24,4.742,7.165,6.838
18197,0.866,35.124,24.436,31.123,23.244,4.701,7.246,6.837
18198,0.862,35.294,24.417,31.085,23.261,4.904,7.369,6.999
18199,0.875,35.43,24.456,31.123,23.258,4.825,7.248,6.96
18200,0.866,35.45,24.46,31.095,23.251,4.824,7.288,6.838
18201,0.859,35.182,24.405,31.095,23.254,4.783,7.329,6.877
18202,0.866,35.342,24.409,31.095,23.251,4.783,7.289,6.877
18203,0.856,35.459,24.42,31.095,23.258,4.824,7.288,6.918
18204,0.856,35.489,24.354,31.085,23.247,4.743,7.166,6.715
18205,0.849,35.125,24.424,31.066,23.24,4.823,7.246,6.835
18206,0.856,35.284,24.452,31.094,23.251,4.783,7.328,6.796
18207,0.843,35.372,24.413,31.095,23.244,4.702,7.289,6.795
18208,0.843,35.325,24.417,31.066,23.251,4.701,7.288,6.755
18209,0.849,35.219,24.428,31.075,23.247,4.742,7.288,6.836
18210,0.866,35.372,24.499,31.104,23.268,4.905,7.491,6.877
18211,0.872,35.507,24.433,31.124,23.258,4.784,7.331,6.837
18212,0.869,35.049,24.358,31.085,23.251,4.824,7.329,6.796
18213,0.882,35.121,24.404,31.095,23.251,4.783,7.37,6.795
18214,0.879,35.275,24.401,31.114,23.254,4.824,7.37,6.795
18215,0.882,35.363,24.409,31.076,23.251,4.824,7.37,6.795
18216,0.879,35.028,24.374,31.066,23.237,4.621,7.289,6.633
18217,0.882,35.188,24.424,31.104,23.247,4.781,7.41,6.753
18218,0.898,35.304,24.421,31.095,23.254,4.742,7.289,6.714
18219,0.882,35.392,24.436,31.085,23.244,4.701,7.207,6.672
18220,0.879,34.99,24.452,31.075,23.247,4.742,7.165,6.672
18221,0.879,35.158,24.464,31.104,23.251,4.905,7.287,6.835
18222,0.885,35.304,24.476,31.114,23.258,4.865,7.247,6.714
18223,0.872,35.353,24.405,31.095,23.261,4.824,7.166,6.672
18224,0.869,35.22,24.37,31.143,23.251,4.783,7.206,6.713
18225,0.879,35.362,24.393,31.114,23.261,4.824,7.206,6.713
18226,0.872,35.488,24.448,31.095,23.251,4.824,7.206,6.754
18227,0.863,35.528,24.46,31.152,23.244,4.702,7.084,6.551
18228,0.853,35.039,24.397,31.076,23.251,4.742,7.123,6.712
18229,0.879,35.197,24.459,31.104,23.244,4.742,7.287,6.632
18230,0.879,35.304,24.483,31.095,23.247,4.742,7.207,6.631
18231,0.879,35.325,24.468,31.076,23.244,4.783,7.247,6.631
18232,0.879,35.085,24.417,31.095,23.251,4.742,7.328,6.672
18233,0.895,35.274,24.417,31.143,23.261,4.905,7.492,6.713
18234,0.892,35.363,24.413,31.114,23.254,4.825,7.494,6.713
18235,0.899,35.651,24.417,31.114,23.251,4.783,7.534,6.672
18236,0.905,35.155,24.444,31.095,23.251,4.824,7.616,6.591
18237,0.915,35.304,24.425,31.123,23.258,4.824,7.617,6.631
18238,0.912,35.411,24.366,31.105,23.254,4.702,7.495,6.55
18239,0.892,35.009,24.432,31.076,23.244,4.782,7.616,6.59
18240,0.905,35.043,24.436,31.095,23.254,4.824,7.617,6.59
18241,0.905,35.178,24.417,31.104,23.247,4.824,7.617,6.549
18242,0.889,35.256,24.393,31.076,23.251,4.743,7.576,6.549
18243,0.889,35.017,24.409,31.075,23.244,4.742,7.616,6.549
18244,0.895,35.178,24.456,31.133,23.261,4.905,7.779,6.671
18245,0.905,35.323,24.394,31.095,23.251,4.784,7.7,6.55
18246,0.886,35.382,24.459,31.104,23.251,4.824,7.699,6.671
18247,0.885,35.038,24.421,31.104,23.251,4.783,7.658,6.631
18248,0.892,35.159,24.389,31.104,23.251,4.864,7.739,6.631
18249,0.895,35.285,24.44,31.104,23.258,4.824,7.659,6.55
18250,0.902,35.353,24.452,31.076,23.241,4.702,7.495,6.468
18251,0.902,34.942,24.456,31.095,23.254,4.823,7.616,6.507
18252,0.915,35.081,24.429,31.085,23.251,4.783,7.617,6.63
18253,0.915,35.207,24.405,31.075,23.254,4.702,7.495,6.509
18254,0.918,35.276,24.416,31.114,23.247,4.742,7.494,6.508
18255,0.918,35.056,24.397,31.104,23.251,4.823,7.656,6.67
18256,0.944,35.188,24.463,31.114,23.258,4.743,7.455,6.55
18257,0.932,35.304,24.44,31.095,23.251,4.742,7.493,6.63
18258,0.948,35.353,24.409,31.095,23.251,4.823,7.453,6.55
18259,0.951,35.047,24.444,31.104,23.258,4.783,7.534,6.549
18260,0.938,35.188,24.471,31.095,23.254,4.783,7.372,6.59
18261,0.932,35.285,24.362,31.066,23.24,4.702,7.37,6.549
18262,0.935,35.324,24.397,31.094,23.251,4.742,7.452,6.549
18263,0.925,35.152,24.389,31.085,23.247,4.823,7.371,6.508
18264,0.918,35.285,24.401,31.085,23.244,4.702,7.33,6.427
18265,0.931,35.392,24.397,31.075,23.251,4.66,7.329,6.548
18266,0.922,35.249,24.444,31.114,23.254,4.863,7.451,6.63
18267,0.941,35.219,24.417,31.124,23.258,4.824,7.371,6.55
18268,0.932,35.333,24.424,31.095,23.254,4.824,7.37,6.508
18269,0.931,35.43,24.452,31.095,23.251,4.743,7.33,6.508
18270,0.948,35.182,24.456,31.095,23.254,4.823,7.41,6.549
18271,0.961,35.314,24.452,31.104,23.251,4.783,7.371,6.508
18272,0.958,35.421,24.421,31.066,23.244,4.661,7.167,6.386
18273,0.954,35.489,24.421,31.075,23.244,4.7,7.328,6.507
18274,0.964,35.029,24.405,31.085,23.244,4.782,7.289,6.467
18275,0.974,35.149,24.397,31.075,23.251,4.783,7.329,6.467
18276,0.974,35.275,24.455,31.056,23.244,4.702,7.248,6.345
18277,0.984,35.372,24.433,31.056,23.247,4.701,7.328,6.466
18278,1.0,35.153,24.448,31.094,23.258,4.863,7.492,6.548
18279,0.994,35.294,24.46,31.076,23.258,4.743,7.371,6.468
18280,0.974,35.401,24.452,31.066,23.254,4.742,7.289,6.548
18281,0.977,35.498,24.433,31.075,23.251,4.823,7.329,6.508
18282,0.99,35.231,24.389,31.085,23.251,4.824,7.289,6.427
18283,0.984,35.362,24.428,31.075,23.244,4.702,7.207,6.385
18284,0.974,35.469,24.409,31.027,23.244,4.66,7.125,6.385
18285,0.987,35.528,24.424,31.065,23.258,4.741,7.205,6.385
18286,0.981,35.231,24.424,31.066,23.254,4.742,7.165,6.385
18287,0.974,35.353,24.417,31.047,23.251,4.701,7.084,6.344
18288,0.977,35.469,24.405,31.046,23.244,4.66,7.123,6.425
18289,0.984,35.528,24.475,31.075,23.254,4.822,7.205,6.507
18290,1.01,35.356,24.433,31.066,23.254,4.783,7.247,6.427
18291,1.001,35.459,24.397,31.066,23.251,4.824,7.125,6.385
18292,1.017,35.566,24.409,31.056,23.258,4.783,7.246,6.425
18293,1.027,35.624,24.428,31.066,23.251,4.742,7.166,6.426
18294,1.03,35.424,24.425,31.075,23.251,4.823,7.206,6.466
18295,1.037,35.537,24.409,31.037,23.244,4.621,7.043,6.345
18296,1.024,35.605,24.409,31.037,23.247,4.7,7.123,6.384
18297,1.043,35.519,24.42,31.046,23.251,4.701,7.002,6.425
18298,1.05,35.624,24.409,31.037,23.24,4.66,7.082,6.304
18299,1.043,35.73,24.467,31.027,23.244,4.66,7.042,6.343
18300,1.037,35.847,24.448,31.046,23.251,4.741,7.123,6.466
18301,1.05,35.646,24.425,31.075,23.261,4.864,7.205,6.507
18302,1.053,35.769,24.409,31.037,23.258,4.743,7.084,6.305
18303,1.047,35.876,24.436,31.046,23.251,4.742,7.083,6.384
18304,1.05,35.954,24.362,31.056,23.251,4.783,7.123,6.466
18305,1.056,35.686,24.408,31.056,23.258,4.742,7.083,6.386
18306,1.053,35.817,24.456,31.056,23.247,4.783,7.042,6.344
18307,1.037,35.905,24.315,31.018,23.244,4.661,7.001,6.343
18308,1.05,35.983,24.392,31.036,23.247,4.7,7.001,6.425
18309,1.056,35.84,24.409,31.037,23.247,4.742,7.001,6.344
18310,1.069,35.953,24.471,31.017,23.251,4.742,6.919,6.303
18311,1.066,36.069,24.355,31.008,23.251,4.701,7.041,6.384
18312,1.076,36.166,24.455,31.056,23.261,4.904,7.123,6.547
18313,1.096,36.091,24.433,31.037,23.254,4.744,7.083,6.386
18314,1.083,36.205,24.425,31.037,23.254,4.823,7.002,6.344
18315,1.089,36.34,24.432,31.017,23.251,4.824,7.082,6.466
18316,1.109,36.361,24.393,31.036,23.251,4.824,7.042,6.507
18317,1.102,36.121,24.409,31.037,23.251,4.783,6.96,6.345
18318,1.106,36.244,24.405,30.979,23.24,4.702,6.919,6.303
18319,1.099,36.36,24.444,31.017,23.247,4.782,7.0,6.384
18320,1.093,36.63,24.425,31.017,23.244,4.783,6.96,6.344
18321,1.089,36.421,24.444,31.017,23.244,4.783,6.878,6.343
18322,1.089,36.525,24.456,31.017,23.244,4.742,6.959,6.384
18323,1.096,36.66,24.444,31.036,23.261,4.864,7.122,6.547
18324,1.106,36.546,24.425,31.017,23.251,4.824,7.002,6.346
18325,1.089,36.555,24.397,31.017,23.251,4.824,7.001,6.425
18326,1.083,36.66,24.401,31.017,23.254,4.824,7.082,6.466
18327,1.089,36.786,24.397,31.017,23.258,4.783,7.083,6.386
18328,1.092,36.586,24.377,31.017,23.254,4.783,7.083,6.385
18329,1.089,36.661,24.393,30.989,23.247,4.702,6.92,6.263
18330,1.099,36.776,24.455,31.007,23.251,4.863,7.081,6.302
18331,1.109,36.874,24.417,30.998,23.247,4.784,7.083,6.343
18332,1.115,36.587,24.42,30.988,23.247,4.824,6.961,6.343
18333,1.119,36.737,24.409,30.988,23.251,4.743,7.0,6.384
18334,1.122,36.873,24.432,31.017,23.258,4.945,7.204,6.507
18335,1.138,36.961,24.432,31.036,23.258,4.866,7.043,6.427
18336,1.135,37.0,24.378,31.008,23.251,4.865,7.042,6.466
18337,1.132,37.154,24.397,30.998,23.251,4.865,7.001,6.345
18338,1.145,37.27,24.393,31.008,23.258,4.865,7.123,6.343
18339,1.145,37.339,24.432,31.008,23.254,4.906,7.124,6.384
18340,1.132,36.841,24.378,30.969,23.247,4.825,6.961,6.222
18341,1.122,36.96,24.393,30.988,23.247,4.824,7.041,6.342
18342,1.119,37.115,24.424,30.979,23.251,4.824,7.123,6.262
18343,1.119,37.155,24.389,30.979,23.247,4.743,7.165,6.343
18344,1.112,37.261,24.346,30.979,23.247,4.783,7.124,6.262
18345,1.112,37.387,24.396,30.979,23.251,4.824,7.165,6.424
18346,1.115,37.522,24.451,31.017,23.265,4.905,7.368,6.426
18347,1.106,37.543,24.366,30.998,23.254,4.865,7.208,6.385
18348,1.099,37.207,24.404,30.979,23.251,4.865,7.206,6.385
18349,1.109,37.348,24.436,30.979,23.251,4.865,7.206,6.425
18350,1.119,37.445,24.468,30.998,23.251,4.946,7.247,6.426
18351,1.132,38.021,24.374,30.979,23.251,4.825,7.206,6.263
18352,1.119,38.267,24.393,30.959,23.251,4.824,7.287,6.262
18353,1.122,38.404,24.385,30.969,23.251,4.905,7.247,6.343
18354,1.116,38.472,24.412,30.969,23.251,4.906,7.206,6.303
18355,1.112,36.996,24.456,30.95,23.244,4.784,7.165,6.302
18356,1.112,36.952,24.37,30.95,23.251,4.905,7.206,6.384
18357,1.125,37.134,24.424,30.997,23.261,5.028,7.369,6.425
18358,1.125,37.213,24.421,30.95,23.251,4.867,7.208,6.304
18359,1.109,37.626,24.428,30.95,23.254,4.865,7.206,6.384
18360,1.093,37.783,24.374,30.969,23.258,4.906,7.206,6.303
18361,1.083,37.919,24.397,30.978,23.251,4.947,7.287,6.425
18362,1.073,37.988,24.401,30.94,23.247,4.785,7.166,6.222
18363,1.043,37.346,24.362,30.94,23.251,4.864,7.124,6.302
18364,1.056,37.541,24.412,30.969,23.251,4.906,7.205,6.302
18365,1.05,37.639,24.389,30.95,23.251,4.825,7.125,6.262
18366,1.024,37.668,24.448,30.94,23.251,4.824,7.124,6.262
18367,1.017,37.487,24.436,30.988,23.251,4.824,7.205,6.384
18368,1.02,37.667,24.425,30.979,23.265,5.027,7.328,6.507
18369,1.023,37.774,24.448,30.95,23.251,4.867,7.207,6.386
18370,1.014,37.794,24.452,30.959,23.254,4.865,7.247,6.344
18371,1.014,37.574,24.429,30.95,23.247,4.865,7.206,6.343
18372,1.014,37.716,24.409,30.95,23.258,4.865,7.125,6.384
18373,1.017,37.832,24.405,30.959,23.258,4.946,7.124,6.344
18374,0.991,37.833,24.416,30.911,23.241,4.703,7.083,6.262
18375,0.991,37.69,24.409,30.93,23.247,4.782,7.205,6.384
18376,0.991,37.784,24.401,30.921,23.24,4.864,7.125,6.344
18377,0.994,37.91,24.401,30.93,23.251,4.824,7.083,6.303
18378,0.984,38.055,24.424,30.911,23.244,4.783,7.042,6.302
18379,0.961,37.701,24.479,30.901,23.251,4.946,7.245,6.506
18380,0.961,37.87,24.405,30.949,23.254,4.907,7.125,6.386
18381,0.942,37.949,24.409,30.93,23.251,4.865,7.083,6.385
18382,0.932,37.748,24.389,30.921,23.251,4.824,7.123,6.466
18383,0.925,37.804,24.412,30.93,23.254,4.905,7.124,6.467
18384,0.915,37.939,24.338,30.949,23.251,4.865,7.083,6.426
18385,0.905,38.007,24.381,30.892,23.237,4.784,6.961,6.344
18386,0.886,37.595,24.44,30.911,23.247,4.783,7.082,6.466
18387,0.895,37.725,24.35,30.911,23.244,4.824,7.002,6.467
18388,0.882,37.832,24.412,30.911,23.244,4.743,7.082,6.386
18389,0.872,37.91,24.42,30.882,23.244,4.864,7.042,6.425
18390,0.882,37.604,24.452,30.911,23.258,4.906,7.123,6.629
18391,0.895,37.774,24.397,30.92,23.258,4.906,7.043,6.468
18392,0.873,37.833,24.409,30.901,23.251,4.865,7.082,6.467
18393,0.876,37.929,24.409,30.892,23.247,4.865,7.042,6.507
18394,0.879,37.748,24.42,30.901,23.254,4.906,7.082,6.508
18395,0.879,37.89,24.428,30.901,23.254,4.906,7.083,6.467
18396,0.869,37.959,24.413,30.872,23.24,4.744,6.88,6.386
18397,0.866,38.007,24.405,30.872,23.251,4.823,7.0,6.466
18398,0.866,38.228,24.413,30.882,23.251,4.824,6.96,6.467
18399,0.856,38.374,24.456,30.863,23.244,4.824,6.919,6.386
18400,0.843,38.481,24.386,30.862,23.244,4.824,7.0,6.425
18401,0.839,38.511,24.397,30.882,23.254,4.905,7.041,6.588
18402,0.846,37.351,24.397,30.92,23.261,4.987,7.001,6.468
18403,0.827,37.454,24.405,30.873,23.254,4.907,6.96,6.507
18404,0.817,37.542,24.424,30.872,23.251,4.865,6.96,6.508
18405,0.816,37.572,24.393,30.882,23.251,4.906,7.041,6.508
18406,0.803,37.754,24.451,30.882,23.258,4.906,7.042,6.549
18407,0.813,37.89,24.409,30.882,23.244,4.825,6.96,6.386
18408,0.797,37.968,24.362,30.843,23.247,4.824,7.082,6.466
18409,0.803,37.691,24.393,30.862,23.251,4.865,7.002,6.507
18410,0.807,37.611,24.416,30.853,23.258,4.702,7.041,6.386
18411,0.8,37.745,24.42,30.834,23.247,4.782,7.042,6.385
18412,0.8,37.813,24.413,30.853,23.254,4.864,7.245,6.547
18413,0.826,37.632,24.456,30.891,23.265,4.987,7.288,6.468
18414,0.81,37.716,24.425,30.872,23.254,4.866,7.207,6.467
18415,0.813,37.842,24.448,30.853,23.251,4.824,7.287,6.589
18416,0.823,37.939,24.382,30.843,23.254,4.865,7.166,6.509
18417,0.82,37.537,24.404,30.853,23.258,4.906,7.246,6.467
18418,0.817,37.648,24.42,30.824,23.237,4.784,7.125,6.345
18419,0.8,37.736,24.409,30.805,23.244,4.824,7.246,6.425
18420,0.803,37.832,24.366,30.833,23.254,4.824,7.206,6.466
18421,0.8,37.565,24.369,30.843,23.247,4.824,7.165,6.386
18422,0.79,37.677,24.385,30.824,23.244,4.824,7.124,6.385
18423,0.78,37.793,24.42,30.824,23.247,4.865,7.327,6.507
18424,0.787,37.919,24.436,30.92,23.265,4.946,7.329,6.589
18425,0.78,37.479,24.374,30.834,23.254,4.866,7.207,6.468
18426,0.771,37.609,24.455,30.843,23.251,4.865,7.287,6.589
18427,0.774,37.716,24.421,30.872,23.254,4.824,7.288,6.509
18428,0.777,37.756,24.405,30.843,23.254,4.865,7.329,6.508
18429,0.774,37.593,24.381,30.805,23.251,4.865,7.126,6.427
18430,0.774,37.678,24.416,30.785,23.244,4.784,7.205,6.466
18431,0.787,37.832,24.37,30.814,23.254,4.742,7.247,6.426
18432,0.787,37.843,24.397,30.804,23.251,4.823,7.247,6.426
18433,0.793,37.584,24.416,30.795,23.254,4.743,7.247,6.426
18434,0.8,37.716,24.401,30.804,23.247,4.823,7.206,6.507
18435,0.807,37.842,24.444,30.833,23.265,4.987,7.409,6.63
18436,0.813,37.786,24.382,30.814,23.251,4.866,7.249,6.468
18437,0.803,37.545,24.404,30.804,23.247,4.824,7.247,6.548
18438,0.81,37.677,24.432,30.795,23.251,4.865,7.288,6.59
18439,0.807,37.755,24.448,30.814,23.251,4.865,7.207,6.549
18440,0.8,37.468,24.362,30.804,23.254,4.824,7.206,6.427
18441,0.787,37.513,24.361,30.776,23.244,4.743,7.165,6.548
18442,0.784,37.658,24.397,30.794,23.247,4.823,7.165,6.468
18443,0.787,37.736,24.389,30.775,23.247,4.824,7.165,6.467
18444,0.784,37.372,24.377,30.775,23.247,4.743,7.124,6.386
18445,0.777,37.503,24.385,30.785,23.247,4.823,7.165,6.425
18446,0.777,37.629,24.42,30.795,23.261,4.987,7.287,6.629
18447,0.793,37.726,24.448,30.785,23.258,4.866,7.166,6.468
18448,0.771,37.382,24.405,30.775,23.251,4.824,7.206,6.507
18449,0.783,37.532,24.455,30.785,23.254,4.946,7.165,6.549
18450,0.79,37.648,24.448,30.785,23.254,4.907,7.246,6.508
18451,0.793,37.726,24.421,30.775,23.244,4.825,7.125,6.467
18452,0.784,37.295,24.393,30.747,23.244,4.783,7.165,6.426
18453,0.793,37.464,24.401,30.785,23.251,4.783,7.084,6.385
18454,0.803,37.6,24.393,30.756,23.247,4.783,7.164,6.344
18455,0.8,37.62,24.428,30.737,23.247,4.783,7.124,6.343
18456,0.803,37.429,24.358,30.737,23.251,4.824,7.124,6.384
18457,0.813,37.58,24.404,30.784,23.261,4.987,7.287,6.507
18458,0.82,37.716,24.42,30.747,23.247,4.826,7.166,6.345
18459,0.813,37.708,24.46,30.727,23.251,4.865,7.165,6.425
18460,0.807,37.449,24.39,30.736,23.258,4.865,7.206,6.466
18461,0.807,37.561,24.405,30.737,23.258,4.946,7.206,6.467
18462,0.803,37.677,24.393,30.746,23.247,4.825,7.003,6.304
18463,0.794,37.976,24.393,30.698,23.24,4.783,7.082,6.384
18464,0.793,37.384,24.381,30.717,23.254,4.824,7.164,6.385
18465,0.797,37.512,24.381,30.727,23.251,4.783,7.084,6.344
18466,0.774,37.59,24.408,30.708,23.244,4.824,7.042,6.343
18467,0.777,37.352,24.416,30.727,23.251,4.783,7.123,6.303
18468,0.78,37.416,24.385,30.736,23.261,4.986,7.327,6.506
18469,0.8,37.561,24.432,30.727,23.251,4.826,7.126,6.386
18470,0.8,37.62,24.46,30.708,23.251,4.824,7.083,6.344
18471,0.8,37.256,24.413,30.708,23.251,4.865,7.164,6.425
18472,0.8,37.367,24.42,30.708,23.254,4.824,7.124,6.466
18473,0.807,37.493,24.405,30.698,23.247,4.865,7.165,6.386
18474,0.8,37.562,24.397,30.65,23.24,4.824,7.084,6.303
18475,0.81,37.303,24.409,30.688,23.251,4.865,7.123,6.384
18476,0.81,37.425,24.37,30.679,23.244,4.784,7.083,6.385
18477,0.813,37.542,24.377,30.659,23.244,4.742,7.083,6.263
18478,0.823,37.61,24.397,30.65,23.247,4.823,7.205,6.302
18479,0.826,37.342,24.455,30.678,23.258,4.946,7.287,6.506
18480,0.826,37.512,24.382,30.688,23.251,4.907,7.288,6.386
18481,0.804,37.6,24.385,30.659,23.258,4.825,7.288,6.425
18482,0.803,37.658,24.416,30.65,23.251,4.865,7.247,6.466
18483,0.8,37.285,24.401,30.669,23.258,4.906,7.288,6.386
18484,0.797,37.416,24.37,30.669,23.251,4.825,7.247,6.425
18485,0.794,37.503,24.369,30.621,23.24,4.702,7.166,6.263
18486,0.79,37.562,24.44,30.649,23.251,4.823,7.246,6.384
18487,0.793,37.38,24.35,30.649,23.251,4.865,7.288,6.344
18488,0.787,37.484,24.4,30.63,23.244,4.743,7.207,6.303
18489,0.79,37.581,24.405,30.621,23.244,4.823,7.247,6.384
18490,0.8,37.601,24.413,30.64,23.258,4.905,7.41,6.507
18491,0.807,37.285,24.37,30.649,23.258,4.906,7.371,6.305
18492,0.807,37.368,24.393,30.611,23.247,4.825,7.37,6.302
18493,0.813,37.484,24.37,30.63,23.251,4.824,7.411,6.384
18494,0.813,37.331,24.412,30.621,23.254,4.905,7.371,6.425
18495,0.826,37.272,24.417,30.63,23.247,4.906,7.411,6.344
18496,0.823,37.367,24.378,30.592,23.24,4.703,7.167,6.221
18497,0.826,37.455,24.385,30.591,23.251,4.782,7.328,6.383
18498,0.826,37.235,24.377,30.582,23.247,4.824,7.289,6.303
18499,0.82,37.329,24.459,30.572,23.251,4.743,7.288,6.262
18500,0.813,37.426,24.355,30.582,23.247,4.661,7.247,6.302
18501,0.81,37.542,24.393,30.582,23.251,4.904,7.45,6.465
18502,0.816,37.217,24.381,30.62,23.261,4.947,7.371,6.386
18503,0.807,37.309,24.401,30.572,23.251,4.825,7.33,6.385
18504,0.787,37.435,24.393,30.582,23.254,4.824,7.37,6.303
18505,0.797,37.532,24.416,30.582,23.258,4.824,7.33,6.343
18506,0.797,37.207,24.401,30.572,23.261,4.824,7.289,6.384
18507,0.794,37.348,24.397,30.562,23.251,4.661,7.207,6.222
18508,0.784,37.426,24.416,30.562,23.247,4.822,7.328,6.383
18509,0.79,37.503,24.44,30.543,23.247,4.783,7.329,6.344
18510,0.79,37.14,24.366,30.553,23.247,4.783,7.248,6.303
18511,0.8,37.299,24.377,30.524,23.247,4.702,7.247,6.302
18512,0.807,37.406,24.404,30.533,23.254,4.823,7.369,6.384
18513,0.826,37.503,24.432,30.562,23.265,4.905,7.411,6.385
18514,0.826,37.159,24.405,30.524,23.251,4.825,7.33,6.425
18515,0.826,37.299,24.401,30.543,23.251,4.783,7.329,6.385
18516,0.823,37.406,24.405,30.524,23.254,4.824,7.329,6.344
18517,0.83,37.436,24.409,30.533,23.254,4.824,7.329,6.384
18518,0.836,37.197,24.416,30.514,23.247,4.783,7.207,6.222
18519,0.813,37.29,24.432,30.495,23.24,4.783,7.287,6.302
18520,0.813,37.425,24.393,30.504,23.254,4.824,7.288,6.302
18521,0.813,37.455,24.381,30.504,23.244,4.783,7.288,6.343
18522,0.803,37.12,24.381,30.476,23.237,4.702,7.288,6.262
18523,0.797,37.241,24.389,30.466,23.247,4.823,7.329,6.343
18524,0.81,37.367,24.416,30.513,23.265,4.905,7.532,6.506
18525,0.813,37.177,24.436,30.504,23.248,4.784,7.412,6.305
18526,0.803,37.251,24.397,30.504,23.254,4.864,7.452,6.343
18527,0.8,37.367,24.424,30.495,23.251,4.824,7.452,6.343
18528,0.794,37.455,24.409,30.485,23.254,4.946,7.371,6.425
18529,0.803,37.11,24.467,30.485,23.254,4.825,7.492,6.304
18530,0.807,37.203,24.347,30.447,23.24,4.702,7.371,6.221
18531,0.813,37.338,24.377,30.465,23.254,4.823,7.452,6.302
18532,0.807,37.416,24.385,30.456,23.244,4.783,7.371,6.262
18533,0.816,36.985,24.385,30.465,23.251,4.783,7.37,6.18
18534,0.816,37.106,24.408,30.456,23.251,4.742,7.33,6.301
18535,0.82,37.241,24.389,30.456,23.258,4.945,7.532,6.465
18536,0.846,37.338,24.405,30.465,23.261,4.907,7.412,6.264
18537,0.83,37.042,24.37,30.437,23.247,4.825,7.452,6.262
18538,0.826,37.173,24.412,30.437,23.251,4.824,7.452,6.302
18539,0.826,37.29,24.475,30.437,23.251,4.824,7.452,6.302
18540,0.813,37.358,24.398,30.456,23.251,4.905,7.452,6.262
18541,0.813,37.004,24.405,30.418,23.244,4.744,7.29,6.139
18542,0.797,37.125,24.381,30.427,23.244,4.864,7.369,6.26
18543,0.8,37.241,24.412,30.417,23.251,4.784,7.289,6.221
18544,0.807,37.29,24.385,30.417,23.247,4.742,7.329,6.22
18545,0.797,37.061,24.397,30.417,23.247,4.742,7.207,6.18
18546,0.8,37.164,24.37,30.417,23.251,4.864,7.369,6.383
18547,0.803,37.328,24.389,30.436,23.265,4.906,7.37,6.344
18548,0.79,37.339,24.416,30.408,23.251,4.825,7.289,6.303
18549,0.793,37.071,24.42,30.398,23.247,4.824,7.247,6.262
18550,0.8,37.193,24.37,30.407,23.258,4.824,7.247,6.302
18551,0.807,37.319,24.408,30.407,23.261,4.865,7.328,6.343
18552,0.81,37.1,24.409,30.388,23.251,4.662,7.085,6.14
18553,0.807,37.097,24.424,30.388,23.258,4.782,7.245,6.341
18554,0.807,37.251,24.397,30.388,23.244,4.864,7.166,6.303
18555,0.829,37.319,24.393,30.379,23.244,4.743,7.124,6.221
18556,0.83,36.85,24.358,30.35,23.24,4.742,7.124,6.22
18557,0.82,36.97,24.381,30.369,23.254,4.823,7.246,6.342
18558,0.83,37.134,24.416,30.417,23.268,4.987,7.328,6.343
18559,0.82,37.184,24.42,30.379,23.251,4.907,7.248,6.262
18560,0.81,36.964,24.385,30.378,23.254,4.825,7.247,6.343
18561,0.813,37.096,24.416,30.388,23.254,4.865,7.328,6.343
18562,0.813,37.212,24.417,30.379,23.254,4.906,7.329,6.384
18563,0.8,37.3,24.417,30.34,23.24,4.784,7.167,6.141
18564,0.79,36.869,24.393,30.349,23.254,4.783,7.246,6.219
18565,0.79,37.037,24.389,30.34,23.258,4.783,7.328,6.342
18566,0.787,37.135,24.377,30.349,23.247,4.742,7.289,6.262
18567,0.787,37.203,24.377,30.321,23.244,4.823,7.288,6.221
18568,0.787,37.165,24.416,30.349,23.254,4.865,7.451,6.424
18569,0.803,37.309,24.413,30.388,23.258,4.906,7.33,6.344
18570,0.797,37.406,24.362,30.321,23.251,4.784,7.329,6.303
18571,0.803,37.455,24.389,30.34,23.254,4.783,7.289,6.343
18572,0.816,36.794,24.401,30.349,23.251,4.824,7.329,6.384
18573,0.816,36.912,24.405,30.34,23.251,4.865,7.37,6.303
18574,0.816,37.0,24.397,30.311,23.244,4.662,7.208,6.221
18575,0.81,37.039,24.401,30.32,23.247,4.863,7.328,6.22
18576,0.823,36.972,24.366,30.311,23.247,4.865,7.207,6.18
18577,0.826,37.125,24.381,30.311,23.244,4.743,7.165,6.22
18578,0.813,37.222,24.385,30.282,23.237,4.783,7.246,6.302
18579,0.823,37.099,24.393,30.31,23.254,4.864,7.328,6.302
18580,0.813,37.001,24.393,30.339,23.258,4.906,7.329,6.343
18581,0.81,37.087,24.412,30.311,23.254,4.825,7.248,6.303
18582,0.81,37.174,24.393,30.301,23.251,4.824,7.288,6.262
18583,0.803,36.839,24.416,30.301,23.258,4.865,7.329,6.262
18584,0.803,36.941,24.413,30.291,23.251,4.906,7.329,6.221
18585,0.8,37.057,24.393,30.291,23.251,4.784,7.167,6.18
18586,0.777,37.106,24.323,30.263,23.247,4.742,7.165,6.301
18587,0.784,36.867,24.4,30.291,23.247,4.783,7.206,6.221
18588,0.78,36.999,24.416,30.272,23.247,4.742,7.247,6.261
18589,0.787,37.096,24.417,30.272,23.247,4.742,7.166,6.18
18590,0.793,37.174,24.362,30.282,23.247,4.783,7.246,6.342
18591,0.806,36.81,24.369,30.32,23.261,4.946,7.369,6.343
18592,0.813,36.941,24.385,30.282,23.251,4.785,7.126,6.303
18593,0.807,37.048,24.366,30.272,23.254,4.783,7.165,6.302
18594,0.803,37.126,24.385,30.272,23.251,4.864,7.206,6.302
18595,0.813,37.04,24.416,30.272,23.251,4.784,7.206,6.302
18596,0.816,37.183,24.381,30.272,23.251,4.783,7.125,6.18
18597,0.803,37.28,24.354,30.205,23.24,4.742,7.043,6.22
18598,0.813,37.368,24.393,30.243,23.251,4.823,7.123,6.261
18599,0.807,36.707,24.432,30.243,23.251,4.783,7.124,6.221
18600,0.803,36.854,24.346,30.233,23.244,4.742,7.124,6.18
18601,0.794,36.951,24.373,30.214,23.247,4.742,7.083,6.301
18602,0.793,37.0,24.443,30.262,23.265,4.905,7.286,6.384
18603,0.8,37.02,24.397,30.243,23.251,4.784,7.166,6.263
18604,0.787,37.135,24.389,30.233,23.254,4.783,7.206,6.262
18605,0.78,37.232,24.412,30.252,23.254,4.824,7.247,6.302
18606,0.774,37.492,24.362,30.243,23.254,4.824,7.247,6.302
18607,0.787,36.89,24.416,30.252,23.254,4.824,7.206,6.221
18608,0.767,36.98,24.405,30.205,23.24,4.661,7.125,6.22
18609,0.78,37.096,24.44,30.233,23.254,4.782,7.246,6.22
18610,0.797,36.877,24.362,30.214,23.247,4.742,7.288,6.22
18611,0.79,36.913,24.373,30.223,23.251,4.742,7.247,6.18
18612,0.79,37.028,24.377,30.204,23.24,4.742,7.206,6.261
18613,0.797,37.154,24.373,30.233,23.258,4.905,7.409,6.424
18614,0.807,36.791,24.397,30.243,23.258,4.784,7.208,6.263
18615,0.807,36.883,24.385,30.205,23.247,4.824,7.287,6.262
18616,0.816,36.99,24.366,30.204,23.258,4.824,7.369,6.262
18617,0.813,37.096,24.404,30.214,23.254,4.824,7.33,6.302
18618,0.813,36.704,24.401,30.204,23.251,4.824,7.289,6.262
18619,0.807,36.844,24.42,30.166,23.244,4.661,7.125,6.139
18620,0.787,36.951,24.362,30.185,23.247,4.741,7.287,6.219
18621,0.79,37.038,24.381,30.185,23.247,4.742,7.288,6.261
18622,0.79,36.876,24.381,30.185,23.251,4.823,7.247,6.18
18623,0.78,37.018,24.354,30.175,23.24,4.743,7.206,6.22
18624,0.78,37.144,24.377,30.166,23.251,4.823,7.369,6.302
18625,0.793,37.232,24.42,30.213,23.265,4.824,7.289,6.302
18626,0.79,36.782,24.397,30.185,23.248,4.824,7.288,6.302
18627,0.774,36.902,24.401,30.185,23.258,4.783,7.369,6.221
18628,0.774,37.028,24.385,30.185,23.254,4.824,7.37,6.261
18629,0.777,37.058,24.42,30.204,23.258,4.783,7.37,6.343
18630,0.78,36.848,24.362,30.156,23.244,4.742,7.208,6.14
18631,0.784,36.961,24.404,30.146,23.244,4.742,7.287,6.26
18632,0.797,37.096,24.385,30.165,23.254,4.701,7.288,6.262
18633,0.8,37.116,24.373,30.165,23.251,4.782,7.288,6.262
18634,0.803,36.954,24.404,30.146,23.24,4.742,7.207,6.221
18635,0.8,37.105,24.385,30.146,23.244,4.661,7.287,6.261
18636,0.807,37.203,24.397,30.175,23.261,4.863,7.451,6.424
18637,0.82,36.964,24.405,30.185,23.254,4.824,7.29,6.222
18638,0.807,36.847,24.385,30.137,23.251,4.824,7.288,6.261
18639,0.803,36.961,24.428,30.156,23.254,4.743,7.41,6.343
18640,0.797,37.067,24.378,30.156,23.254,4.783,7.371,6.303
18641,0.8,36.848,24.42,30.146,23.254,4.783,7.37,6.221
18642,0.794,36.941,24.366,30.127,23.24,4.661,7.208,6.139
18643,0.78,37.038,24.416,30.136,23.251,4.822,7.328,6.26
18644,0.787,37.135,24.409,30.127,23.247,4.824,7.248,6.18
18645,0.78,36.752,24.436,30.108,23.247,4.661,7.247,6.139
18646,0.761,36.902,24.347,30.117,23.244,4.741,7.206,6.179
18647,0.764,37.009,24.373,30.117,23.254,4.742,7.328,6.342
18648,0.78,37.116,24.401,30.146,23.261,4.864,7.329,6.343
18649,0.787,36.829,24.389,30.117,23.247,4.824,7.248,6.262
18650,0.78,36.979,24.366,30.136,23.251,4.824,7.206,6.262
18651,0.787,37.096,24.385,30.117,23.254,4.865,7.247,6.221
18652,0.79,37.164,24.416,30.136,23.258,4.824,7.288,6.342
18653,0.8,36.791,24.42,30.108,23.251,4.661,7.125,6.14
18654,0.79,36.902,24.389,30.088,23.244,4.782,7.165,6.26
18655,0.793,37.009,24.397,30.126,23.247,4.742,7.206,6.221
18656,0.803,37.068,24.362,30.098,23.247,4.742,7.125,6.18
18657,0.803,36.867,24.373,30.098,23.244,4.742,7.083,6.179
18658,0.8,36.999,24.385,30.088,23.251,4.701,7.164,6.22
18659,0.807,37.125,24.428,30.146,23.261,4.904,7.287,6.342
18660,0.794,37.136,24.35,30.108,23.254,4.825,7.166,6.262
18661,0.793,36.772,24.377,30.107,23.251,4.783,7.246,6.343
18662,0.787,36.912,24.393,30.098,23.251,4.864,7.206,6.262
18663,0.787,37.038,24.405,30.107,23.254,4.824,7.165,6.262
18664,0.774,37.087,24.428,30.098,23.254,4.743,7.124,6.18
18665,0.761,36.886,24.385,30.059,23.24,4.701,7.083,6.139
18666,0.757,37.057,24.346,30.107,23.251,4.782,7.205,6.179
18667,0.764,37.164,24.381,30.098,23.247,4.742,7.165,6.261
18668,0.757,36.791,24.377,30.088,23.244,4.742,7.124,6.18
18669,0.761,36.845,24.408,30.078,23.244,4.742,7.124,6.179
18670,0.777,36.98,24.338,30.088,23.254,4.823,7.246,6.423
18671,0.787,37.115,24.373,30.117,23.265,4.865,7.206,6.263
18672,0.78,36.752,24.365,30.088,23.251,4.784,7.125,6.262
18673,0.79,36.873,24.354,30.088,23.247,4.864,7.165,6.262
18674,0.797,36.999,24.393,30.098,23.251,4.824,7.206,6.343
18675,0.8,37.087,24.393,30.107,23.251,4.783,7.287,6.303
18676,0.803,36.79,24.358,30.069,23.251,4.702,7.207,6.14
18677,0.8,36.893,24.365,30.069,23.237,4.742,7.206,6.26
18678,0.81,37.028,24.408,30.078,23.251,4.742,7.247,6.18
18679,0.794,37.097,24.416,30.05,23.244,4.783,7.288,6.22
18680,0.787,36.675,24.339,30.049,23.247,4.702,7.288,6.18
18681,0.787,36.834,24.373,30.068,23.247,4.782,7.369,6.301
18682,0.784,36.98,24.377,30.097,23.265,4.946,7.452,6.384
18683,0.793,37.039,24.373,30.079,23.248,4.825,7.452,6.222
18684,0.774,36.828,24.397,30.069,23.251,4.824,7.452,6.261
18685,0.777,36.96,24.401,30.069,23.247,4.783,7.493,6.262
18686,0.771,37.086,24.366,30.069,23.254,4.905,7.534,6.384
18687,0.767,37.155,24.381,30.088,23.251,4.825,7.534,6.303
18688,0.754,36.705,24.385,30.031,23.244,4.661,7.494,6.221
18689,0.761,36.844,24.428,30.049,23.251,4.822,7.697,6.302
18690,0.78,36.951,24.346,30.049,23.247,4.824,7.658,6.18
18691,0.767,37.23,24.361,30.049,23.251,4.824,7.658,6.261
18692,0.777,36.753,24.381,30.021,23.24,4.743,7.658,6.302
18693,0.78,36.892,24.369,30.068,23.254,4.864,7.942,6.302
18694,0.793,37.038,24.397,30.078,23.254,4.865,7.823,6.343
18695,0.787,36.78,24.401,30.05,23.251,4.824,7.903,6.343
18696,0.793,36.768,24.307,30.049,23.251,4.824,7.823,6.262
18697,0.803,36.921,24.357,30.049,23.254,4.865,7.903,6.302
18698,0.8,37.0,24.412,30.078,23.254,4.824,7.863,6.302
18699,0.803,36.742,24.42,30.03,23.251,4.743,7.7,6.221
18700,0.781,36.854,24.358,30.04,23.251,4.783,7.861,6.261
18701,0.784,36.999,24.385,30.049,23.247,4.824,7.782,6.262
18702,0.78,37.058,24.401,30.021,23.254,4.743,7.822,6.262
18703,0.767,36.617,24.393,30.011,23.244,4.742,7.741,6.18
18704,0.764,36.747,24.389,30.039,23.247,4.783,7.781,6.301
18705,0.777,36.902,24.428,30.068,23.261,4.986,7.944,6.384
18706,0.777,36.952,24.378,30.05,23.254,4.826,7.701,6.425
18707,0.764,36.664,24.369,30.049,23.251,4.824,7.74,6.385
18708,0.754,36.805,24.416,30.059,23.244,4.865,7.74,6.425
18709,0.764,36.941,24.417,30.049,23.254,4.824,7.781,6.385
18710,0.796,36.971,24.346,30.04,23.247,4.824,7.618,6.303
18711,0.774,36.559,24.365,30.011,23.24,4.743,7.617,6.302
18712,0.784,36.708,24.385,30.039,23.251,4.823,7.576,6.343
18713,0.78,36.844,24.397,30.03,23.251,4.783,7.535,6.262
18714,0.78,36.855,24.362,30.011,23.244,4.783,7.453,6.262
18715,0.79,36.558,24.4,30.011,23.247,4.742,7.452,6.221
18716,0.8,36.718,24.346,30.059,23.265,4.986,7.656,6.424
18717,0.816,36.844,24.361,30.04,23.251,4.826,7.495,6.263
18718,0.807,36.826,24.408,30.04,23.247,4.783,7.412,6.384
18719,0.794,36.682,24.413,30.03,23.251,4.824,7.493,6.344
18720,0.774,36.844,24.389,30.04,23.254,4.865,7.453,6.343
18721,0.793,36.951,24.405,30.04,23.254,4.824,7.412,6.384
18722,0.771,36.779,24.393,29.992,23.244,4.702,7.289,6.181
18723,0.767,36.634,24.397,30.01,23.251,4.782,7.369,6.261
18724,0.77,36.776,24.373,30.02,23.244,4.742,7.289,6.302
18725,0.78,36.883,24.397,30.011,23.247,4.823,7.288,6.262
18726,0.745,36.568,24.401,30.011,23.244,4.743,7.288,6.343
18727,0.76,36.66,24.366,30.011,23.254,4.823,7.369,6.384
18728,0.783,36.824,24.439,30.049,23.268,4.946,7.37,6.385
18729,0.777,36.884,24.413,30.021,23.258,4.744,7.248,6.344
18730,0.777,36.558,24.401,30.068,23.254,4.823,7.288,6.303
18731,0.787,36.689,24.393,30.021,23.251,4.824,7.288,6.262
18732,0.784,36.825,24.381,30.03,23.254,4.865,7.329,6.302
18733,0.79,36.884,24.412,30.02,23.244,4.743,7.126,6.221
18734,0.787,36.481,24.37,29.982,23.254,4.742,7.246,6.302
18735,0.797,36.631,24.389,30.02,23.247,4.742,7.125,6.262
18736,0.8,36.767,24.35,29.992,23.247,4.742,7.083,6.18
18737,0.797,36.825,24.353,29.991,23.244,4.701,7.164,6.179
18738,0.797,36.519,24.381,29.982,23.247,4.782,7.206,6.342
18739,0.8,36.689,24.393,30.039,23.261,4.986,7.287,6.303
18740,0.797,36.786,24.346,30.02,23.247,4.826,7.166,6.302
18741,0.794,36.854,24.369,30.001,23.251,4.824,7.165,6.343
18742,0.79,36.769,24.381,30.001,23.251,4.824,7.165,6.384
18743,0.787,36.921,24.408,30.011,23.258,4.905,7.165,6.303
18744,0.784,37.038,24.389,30.001,23.251,4.825,7.124,6.18
18745,0.767,37.02,24.405,29.953,23.24,4.743,7.083,6.301
18746,0.757,36.349,24.338,30.01,23.251,4.783,7.083,6.262
18747,0.764,36.466,24.369,30.001,23.251,4.702,7.083,6.221
18748,0.757,36.573,24.408,29.982,23.247,4.782,7.042,6.22
18749,0.754,36.785,24.381,29.991,23.247,4.742,7.082,6.302
18750,0.77,36.586,24.287,30.03,23.258,4.905,7.286,6.465
18751,0.787,36.728,24.368,30.001,23.254,4.784,7.207,6.345
18752,0.784,36.796,24.377,30.011,23.251,4.824,7.125,6.343
18753,0.79,36.433,24.401,30.001,23.251,4.824,7.165,6.303
18754,0.81,36.487,24.385,30.001,23.258,4.783,7.124,6.343
18755,0.8,36.583,24.393,30.001,23.251,4.783,7.083,6.262
18756,0.803,36.651,24.354,29.953,23.24,4.661,7.042,6.262
18757,0.8,36.335,24.365,29.972,23.247,4.741,7.082,6.302
18758,0.797,36.457,24.412,29.972,23.247,4.701,7.083,6.262
18759,0.787,36.573,24.424,29.972,23.251,4.742,7.042,6.262
18760,0.784,36.661,24.323,29.981,23.251,4.742,7.042,6.262
18761,0.793,36.412,24.377,30.001,23.265,4.905,7.245,6.384
18762,0.784,36.553,24.365,29.982,23.248,4.825,7.084,6.385
18763,0.777,36.66,24.393,29.982,23.251,4.783,7.123,6.344
18764,0.774,36.738,24.354,29.991,23.254,4.742,7.124,6.303
18765,0.78,43.24,24.435,29.982,23.254,4.905,7.205,6.302
18766,0.774,43.392,24.378,30.01,23.251,4.825,7.165,6.343
18767,0.764,43.393,24.365,29.963,23.24,4.702,7.124,6.221
18768,0.767,43.374,24.436,29.991,23.251,4.823,7.165,6.302
18769,0.767,33.238,24.409,29.962,23.244,4.702,7.165,6.262
18770,0.777,33.337,24.393,29.972,23.244,4.742,7.165,6.221
18771,0.777,33.541,24.323,29.953,23.237,4.742,7.124,6.261
18772,0.787,33.629,24.408,29.972,23.265,4.905,7.205,6.343
18773,0.81,37.504,24.389,30.01,23.254,4.825,7.206,6.262
18774,0.807,37.639,24.389,29.972,23.251,4.865,7.287,6.262
18775,0.8,37.716,24.44,29.981,23.254,4.824,7.125,6.302
18776,0.813,37.746,24.386,30.01,23.254,4.824,7.205,6.262
18777,0.813,35.876,24.366,29.991,23.258,4.865,7.206,6.221
18778,0.807,35.982,24.416,29.953,23.244,4.743,7.003,6.098
18779,0.797,36.089,24.393,29.953,23.247,4.783,7.123,6.178
18780,0.794,36.32,24.401,29.972,23.251,4.742,7.165,6.301
18781,0.787,36.447,24.366,29.972,23.247,4.742,7.084,6.18
18782,0.787,36.535,24.408,29.943,23.244,4.742,7.002,6.139
18783,0.767,36.651,24.389,29.962,23.251,4.783,7.123,6.26
18784,0.78,36.23,24.377,29.981,23.261,4.946,7.246,6.465
18785,0.784,36.341,24.397,29.962,23.247,4.825,7.125,6.223
18786,0.774,36.447,24.354,29.972,23.247,4.824,7.165,6.261
18787,0.767,36.554,24.365,29.962,23.251,4.743,7.246,6.302
18788,0.77,36.248,24.397,29.962,23.258,4.864,7.206,6.262
18789,0.78,36.379,24.416,29.962,23.251,4.824,7.043,6.18
18790,0.78,36.496,24.354,29.933,23.244,4.621,7.082,6.139
18791,0.784,36.564,24.381,29.952,23.251,4.781,7.123,6.179
18792,0.784,36.2,24.377,29.933,23.251,4.783,7.124,6.22
18793,0.787,36.34,24.393,29.952,23.251,4.742,7.083,6.18
18794,0.793,36.476,24.393,29.943,23.244,4.742,7.123,6.139
18795,0.797,36.544,24.44,29.972,23.258,4.945,7.287,6.382
18796,0.82,36.2,24.421,30.02,23.258,4.866,7.247,6.222
18797,0.81,36.302,24.37,29.953,23.254,4.824,7.247,6.18
18798,0.8,36.418,24.377,29.933,23.251,4.824,7.206,6.261
18799,0.81,36.477,24.381,29.962,23.251,4.865,7.247,6.221
18800,0.803,36.295,24.381,29.953,23.254,4.824,7.206,6.18
18801,0.79,36.437,24.377,29.924,23.247,4.783,7.084,6.057
18802,0.78,36.496,24.42,29.943,23.251,4.783,7.164,6.178
18803,0.787,36.554,24.401,29.943,23.254,4.824,7.165,6.22
18804,0.78,36.181,24.397,29.943,23.251,4.743,7.165,6.098
18805,0.774,36.321,24.393,29.933,23.247,4.742,7.124,6.097
18806,0.767,36.428,24.37,29.943,23.251,4.742,7.165,6.26
18807,0.777,36.439,24.385,29.981,23.261,4.945,7.328,6.343
18808,0.784,36.228,24.405,29.943,23.251,4.785,7.207,6.221
18809,0.78,36.36,24.389,29.943,23.251,4.783,7.165,6.22
18810,0.797,36.467,24.397,30.0,23.251,4.824,7.287,6.261
18811,0.8,36.142,24.385,29.943,23.258,4.824,7.247,6.343
18812,0.803,36.244,24.369,29.952,23.258,4.783,7.206,6.262
18813,0.8,36.322,24.369,29.914,23.237,4.661,7.125,6.139
18814,0.8,36.437,24.393,29.943,23.247,4.782,7.205,6.179
18815,0.807,36.132,24.389,29.933,23.251,4.783,7.165,6.261
18816,0.81,36.263,24.346,29.924,23.247,4.783,7.124,6.139
18817,0.823,36.399,24.346,29.914,23.244,4.783,7.205,6.179
18818,0.82,36.496,24.408,29.933,23.261,4.824,7.287,6.301
18819,0.843,36.084,24.401,29.952,23.254,4.824,7.166,6.18
18820,0.82,36.224,24.358,29.953,23.247,4.783,7.165,6.22
18821,0.83,36.36,24.385,29.933,23.258,4.783,7.165,6.18
18822,0.83,36.399,24.401,29.933,23.251,4.864,7.165,6.179
18823,0.836,36.131,24.397,29.933,23.254,4.824,7.165,6.261
18824,0.83,36.282,24.362,29.924,23.244,4.621,7.002,6.058
18825,0.82,36.36,24.381,29.914,23.244,4.741,7.123,6.219
18826,0.826,36.447,24.389,29.962,23.247,4.742,7.002,6.22
18827,0.836,36.065,24.354,29.933,23.247,4.783,7.001,6.139
18828,0.839,36.176,24.439,29.924,23.247,4.702,7.082,6.219
18829,0.843,36.302,24.378,29.933,23.251,4.823,7.205,6.261
18830,0.879,36.389,24.381,29.952,23.258,4.824,7.125,6.221
18831,0.869,36.179,24.365,29.924,23.251,4.783,7.083,6.18
18832,0.882,36.311,24.369,29.923,23.258,4.824,7.083,6.22
18833,0.892,36.418,24.389,29.923,23.251,4.865,7.123,6.22
18834,0.889,36.774,24.35,29.933,23.254,4.784,7.083,6.22
18835,0.879,36.078,24.4,29.904,23.237,4.661,6.92,6.058
18836,0.885,36.205,24.354,29.904,23.247,4.741,7.041,6.219
18837,0.898,36.331,24.357,29.923,23.251,4.742,7.042,6.139
18838,0.892,36.092,24.416,29.895,23.247,4.742,7.042,6.138
18839,0.889,36.109,24.393,29.894,23.244,4.742,7.001,6.138
18840,0.876,36.272,24.377,29.981,23.254,4.742,7.082,6.26
18841,0.885,36.379,24.338,29.934,23.265,4.905,7.123,6.262
18842,0.882,35.968,24.373,29.914,23.251,4.784,6.961,6.18
18843,0.885,36.117,24.385,29.914,23.251,4.783,7.041,6.139
18844,0.882,36.224,24.362,29.923,23.247,4.783,7.001,6.301
18845,0.882,36.321,24.412,29.914,23.254,4.864,7.123,6.221
18846,0.879,36.111,24.381,29.914,23.251,4.743,7.002,6.139
18847,0.866,36.224,24.354,29.895,23.24,4.661,7.001,6.26
18848,0.879,36.36,24.424,29.894,23.254,4.782,7.041,6.262
18849,0.876,36.419,24.366,29.894,23.251,4.742,7.082,6.18
18850,0.882,36.055,24.381,29.904,23.251,4.701,7.042,6.139
18851,0.885,36.195,24.33,29.904,23.251,4.782,7.123,6.301
18852,0.908,36.35,24.369,29.952,23.268,4.905,7.287,6.343
18853,0.902,36.409,24.385,29.924,23.248,4.784,7.207,6.262
18854,0.899,35.921,24.373,29.914,23.251,4.783,7.206,6.262
18855,0.905,36.069,24.397,29.904,23.254,4.824,7.206,6.302
18856,0.925,36.186,24.354,29.923,23.254,4.824,7.287,6.262
18857,0.931,36.254,24.408,29.914,23.251,4.783,7.207,6.221
18858,0.931,36.005,24.389,29.885,23.244,4.661,7.125,6.18
18859,0.935,36.156,24.432,29.885,23.251,4.741,7.124,6.22
18860,0.925,36.282,24.331,29.894,23.247,4.742,7.165,6.302
18861,0.912,36.293,24.334,29.894,23.247,4.701,7.084,6.262
18862,0.902,36.054,24.361,29.875,23.244,4.742,7.245,6.343
18863,0.912,36.233,24.357,29.933,23.261,4.864,7.328,6.384
18864,0.905,36.35,24.385,29.904,23.244,4.784,7.248,6.263
18865,0.882,36.169,24.389,29.895,23.251,4.702,7.288,6.302
18866,0.872,36.072,24.342,29.923,23.258,4.742,7.329,6.343
18867,0.869,36.224,24.388,29.923,23.254,4.783,7.289,6.425
18868,0.872,36.302,24.401,29.895,23.254,4.783,7.166,6.344
18869,0.863,36.073,24.385,29.866,23.244,4.62,7.165,6.303
18870,0.872,36.186,24.26,29.923,23.254,4.741,7.287,6.302
18871,0.885,36.321,24.384,29.895,23.254,4.823,7.247,6.302
18872,0.885,36.399,24.389,29.875,23.247,4.702,7.247,6.302
18873,0.885,35.757,24.381,29.885,23.24,4.742,7.288,6.343
18874,0.892,35.943,24.397,29.914,23.265,4.864,7.451,6.506
18875,0.895,36.079,24.401,29.895,23.251,4.743,7.33,6.427
18876,0.876,36.109,24.409,29.894,23.251,4.742,7.289,6.385
18877,0.876,35.975,24.362,29.894,23.251,4.783,7.41,6.385
18878,0.872,36.108,24.389,29.885,23.254,4.783,7.411,6.385
18879,0.863,36.224,24.385,29.894,23.254,4.742,7.371,6.344
18880,0.84,36.293,24.35,29.875,23.24,4.661,7.289,6.262
18881,0.826,35.967,24.361,29.885,23.251,4.782,7.329,6.343
18882,0.83,36.089,24.377,29.894,23.247,4.702,7.289,6.303
18883,0.81,36.215,24.401,29.866,23.251,4.701,7.288,6.302
18884,0.8,36.283,24.397,29.875,23.247,4.701,7.329,6.302
18885,0.794,35.891,24.405,29.904,23.251,4.782,7.329,6.465
18886,0.806,36.069,24.393,29.914,23.254,4.824,7.37,6.345
18887,0.784,36.147,24.354,29.895,23.247,4.702,7.289,6.384
18888,0.787,36.177,24.4,29.885,23.251,4.701,7.288,6.385
18889,0.784,35.947,24.366,29.885,23.254,4.742,7.288,6.425
18890,0.79,36.088,24.369,29.904,23.254,4.823,7.288,6.344
18891,0.784,36.176,24.354,29.885,23.251,4.702,7.125,6.262
18892,0.774,36.283,24.381,29.875,23.251,4.742,7.246,6.302
18893,0.784,36.015,24.401,29.885,23.244,4.742,7.247,6.384
18894,0.784,36.137,24.413,29.875,23.251,4.742,7.206,6.303
18895,0.777,36.234,24.401,29.856,23.247,4.661,7.165,6.343
18896,0.78,35.919,24.288,29.894,23.254,4.741,7.328,6.425
18897,0.793,36.011,24.361,29.914,23.258,4.864,7.37,6.385
18898,0.784,36.099,24.381,29.876,23.254,4.743,7.289,6.344
18899,0.774,36.205,24.365,29.885,23.247,4.823,7.288,6.384
18900,0.774,35.871,24.35,29.885,23.254,4.743,7.207,6.466
18901,0.758,36.021,24.377,29.885,23.258,4.783,7.287,6.426
18902,0.751,36.137,24.416,29.856,23.247,4.661,7.125,6.222
18903,0.731,36.206,24.378,29.846,23.24,4.66,7.205,6.383
18904,0.738,35.928,24.377,29.846,23.254,4.741,7.247,6.303
18905,0.728,36.069,24.381,29.865,23.251,4.742,7.247,6.302
18906,0.715,36.195,24.389,29.856,23.244,4.661,7.166,6.384
18907,0.721,36.264,24.35,29.865,23.251,4.741,7.246,6.466
18908,0.728,35.881,24.42,29.904,23.265,4.905,7.369,6.507
18909,0.734,35.982,24.378,29.875,23.251,4.784,7.208,6.427
18910,0.738,36.108,24.354,29.865,23.254,4.742,7.206,6.466
18911,0.741,36.186,24.357,29.875,23.251,4.742,7.206,6.467
18912,0.747,35.88,24.365,29.885,23.258,4.783,7.287,6.426
18913,0.754,36.021,24.397,29.894,23.258,4.742,7.207,6.304
18914,0.741,36.108,24.381,29.847,23.241,4.701,7.084,6.384
18915,0.751,36.167,24.385,29.894,23.251,4.742,7.164,6.344
18916,0.757,35.841,24.342,29.856,23.244,4.701,7.124,6.343
18917,0.754,35.992,24.342,29.875,23.247,4.742,7.165,6.303
18918,0.754,36.099,24.381,29.856,23.244,4.661,7.165,6.343
18919,0.757,36.138,24.385,29.884,23.254,4.863,7.287,6.547
18920,0.764,35.985,24.299,29.904,23.254,4.824,7.207,6.386
18921,0.757,36.089,24.372,29.856,23.251,4.702,7.206,6.425
18922,0.741,36.167,24.389,29.875,23.258,4.742,7.247,6.426
18923,0.731,35.88,24.389,29.875,23.261,4.783,7.288,6.507
18924,0.728,35.858,24.373,29.885,23.247,4.864,7.207,6.467
18925,0.718,35.953,24.397,29.837,23.247,4.662,7.043,6.304
18926,0.711,36.05,24.288,29.903,23.24,4.782,7.204,6.465
18927,0.718,35.869,24.353,29.866,23.251,4.783,7.165,6.467
18928,0.711,35.973,24.389,29.856,23.251,4.702,7.165,6.386
18929,0.718,36.108,24.389,29.856,23.251,4.66,7.124,6.344
18930,0.728,36.186,24.373,29.932,23.258,4.822,7.205,6.506
18931,0.741,35.746,24.389,29.885,23.265,4.865,7.247,6.427
18932,0.738,35.875,24.377,29.856,23.251,4.743,7.206,6.304
18933,0.747,35.992,24.338,29.865,23.254,4.783,7.287,6.384
18934,0.751,36.07,24.373,29.875,23.251,4.824,7.247,6.385
18935,0.757,35.85,24.377,29.856,23.254,4.824,7.206,6.385
18936,0.754,35.982,24.358,29.846,23.244,4.743,7.043,6.263
18937,0.748,36.06,24.35,29.856,23.251,4.661,7.123,6.343
18938,0.764,36.147,24.42,29.865,23.247,4.7,7.124,6.343
18939,0.757,35.697,24.362,29.846,23.251,4.742,7.043,6.343
18940,0.738,35.865,24.342,29.837,23.24,4.701,7.123,6.262
18941,0.734,35.982,24.342,29.836,23.251,4.701,7.165,6.343
18942,0.747,36.051,24.408,29.903,23.261,4.863,7.287,6.466
18943,0.747,35.773,24.405,29.847,23.251,4.824,7.166,6.304
18944,0.731,35.895,24.385,29.865,23.254,4.783,7.124,6.302
18945,0.728,35.992,24.42,29.856,23.251,4.824,7.205,6.343
18946,0.728,36.051,24.389,29.875,23.258,4.824,7.287,6.343
18947,0.734,35.917,24.358,29.875,23.251,4.783,7.125,6.262
18948,0.728,36.011,24.408,29.818,23.24,4.702,7.002,6.221
18949,0.728,36.137,24.374,29.855,23.247,4.742,7.123,6.342
18950,0.744,35.966,24.369,29.846,23.254,4.701,7.124,6.262
18951,0.731,35.696,24.4,29.846,23.244,4.742,7.043,6.262
18952,0.738,35.827,24.381,29.846,23.244,4.701,7.082,6.302
18953,0.747,35.972,24.424,29.875,23.258,4.904,7.245,6.425
18954,0.764,35.763,24.378,29.865,23.251,4.744,7.084,6.263
18955,0.751,35.818,24.397,29.856,23.251,4.783,7.123,6.302
18956,0.764,35.953,24.264,29.865,23.251,4.824,7.124,6.302
18957,0.774,36.05,24.368,29.856,23.258,4.824,7.124,6.302
18958,0.774,35.687,24.416,29.856,23.258,4.743,7.083,6.302
18959,0.767,35.798,24.323,29.837,23.241,4.661,6.92,6.14
18960,0.754,35.943,24.381,29.856,23.251,4.7,6.959,6.341
18961,0.761,36.021,24.365,29.856,23.244,4.701,7.0,6.221
18962,0.751,35.782,24.393,29.827,23.247,4.66,7.001,6.18
18963,0.744,35.895,24.393,29.827,23.247,4.7,6.96,6.261
18964,0.747,36.05,24.377,29.875,23.261,4.823,7.204,6.343
18965,0.751,36.138,24.42,29.875,23.258,4.743,7.003,6.262
18966,0.735,35.668,24.366,29.846,23.254,4.783,7.082,6.302
18967,0.728,35.788,24.358,29.856,23.254,4.783,7.123,6.302
18968,0.728,35.914,24.389,29.856,23.251,4.864,7.083,6.343
18969,0.738,35.973,24.35,29.856,23.254,4.743,7.042,6.221
18970,0.757,35.792,24.342,29.827,23.244,4.579,6.92,6.18
18971,0.761,35.914,24.373,29.836,23.247,4.74,7.081,6.261
18972,0.79,36.031,24.44,29.836,23.254,4.742,7.083,6.262
18973,0.816,36.07,24.421,29.836,23.244,4.701,7.083,6.18
18974,0.839,35.697,24.381,29.836,23.244,4.66,7.083,6.261
18975,0.872,35.798,24.416,29.846,23.247,4.782,7.286,6.302
18976,0.918,35.962,24.385,29.875,23.261,4.905,7.369,6.302
18977,0.944,36.271,24.373,29.837,23.251,4.662,7.289,6.262
18978,0.954,35.727,24.393,29.836,23.254,4.741,7.329,6.262
18979,0.984,35.856,24.28,29.846,23.254,4.783,7.37,6.302
18980,0.978,35.973,24.361,29.856,23.254,4.783,7.37,6.302
18981,0.984,35.696,24.361,29.837,23.251,4.661,7.289,6.18
18982,0.994,35.683,24.357,29.817,23.247,4.7,7.369,6.301
18983,1.017,35.846,24.361,29.836,23.254,4.742,7.37,6.302
18984,1.04,35.944,24.377,29.827,23.247,4.701,7.452,6.18
18985,1.059,35.523,24.377,29.836,23.24,4.66,7.371,6.179
18986,1.102,35.624,24.334,29.817,23.247,4.741,7.533,6.261
18987,1.145,35.788,24.373,29.855,23.265,4.823,7.575,6.465
18988,1.21,35.905,24.385,29.846,23.251,4.661,7.413,6.304
18989,1.246,35.753,24.397,29.846,23.251,4.822,7.493,6.343
18990,1.299,35.895,24.299,29.846,23.254,4.783,7.453,6.384
18991,1.335,36.011,24.322,29.856,23.258,4.783,7.574,6.303
18992,1.352,36.089,24.345,29.856,23.251,4.783,7.535,6.343
18993,1.342,35.611,24.353,29.817,23.244,4.661,7.331,6.303
18994,1.352,35.721,24.369,29.846,23.254,4.7,7.41,6.384
18995,1.359,35.856,24.404,29.837,23.247,4.742,7.33,6.425
18996,1.401,35.915,24.381,29.817,23.247,4.661,7.37,6.304
18997,1.395,35.628,24.362,29.807,23.247,4.66,7.289,6.302
18998,1.362,35.778,24.4,29.817,23.254,4.822,7.41,6.465
18999,1.352,35.933,24.358,29.865,23.265,4.865,7.371,6.467
19000,1.319,35.954,24.334,29.827,23.251,4.743,7.37,6.548
19001,1.319,35.734,24.322,29.836,23.251,4.701,7.37,6.508
19002,1.293,35.866,24.381,29.836,23.254,4.823,7.452,6.467
19003,1.234,35.992,24.369,29.836,23.258,4.824,7.493,6.589
19004,1.182,36.003,24.369,29.817,23.247,4.661,7.412,6.549
19005,1.106,35.6,24.385,29.798,23.247,4.741,7.452,6.793
19006,1.063,35.769,24.381,29.836,23.247,4.701,7.493,6.958
19007,1.011,35.866,24.358,29.827,23.254,4.701,7.534,7.041
19008,0.958,35.714,24.404,29.827,23.244,4.579,7.453,7.326
19009,0.909,35.674,24.346,29.817,23.247,4.822,7.534,7.614
19010,0.879,35.846,24.369,29.855,23.265,4.905,7.616,7.942
19011,0.817,35.915,24.346,29.846,23.254,4.744,7.617,8.148
19012,0.781,35.618,24.389,29.837,23.251,4.742,7.576,8.395
19013,0.748,35.73,24.385,29.836,23.251,4.742,7.454,8.641
19014,0.734,35.856,24.401,29.836,23.254,4.783,7.493,8.887
19015,0.695,35.944,24.393,29.827,23.244,4.702,7.453,9.012
19016,0.672,35.475,24.37,29.779,23.247,4.579,7.452,9.257
19017,0.656,35.662,24.369,29.826,23.258,4.74,7.493,9.422
19018,0.629,35.769,24.397,29.808,23.244,4.701,7.412,9.505
19019,0.613,35.837,24.291,29.817,23.24,4.701,7.371,9.587
19020,0.619,35.474,24.341,29.807,23.244,4.742,7.452,9.791
19021,0.649,35.633,24.396,29.846,23.261,4.905,7.615,9.996
19022,0.691,35.779,24.393,29.817,23.244,4.744,7.495,9.999
19023,0.718,35.828,24.373,29.817,23.254,4.742,7.534,10.039
19024,0.744,35.55,24.377,29.817,23.247,4.701,7.616,10.162
19025,0.77,35.691,24.416,29.836,23.254,4.823,7.617,10.244
19026,0.787,35.827,24.401,29.836,23.254,4.783,7.495,10.286
19027,0.787,35.838,24.327,29.798,23.251,4.58,7.453,10.571
19028,0.806,35.57,24.423,29.817,23.251,4.74,7.615,10.736
19029,0.81,35.711,24.354,29.817,23.251,4.701,7.413,10.941
19030,0.826,35.818,24.346,29.817,23.24,4.66,7.452,11.065
19031,0.826,35.857,24.342,29.798,23.244,4.741,7.452,11.392
19032,0.833,35.551,24.4,29.836,23.251,4.823,7.656,11.72
19033,0.849,35.711,24.409,29.856,23.254,4.783,7.536,11.886
19034,0.84,35.779,24.385,29.827,23.247,4.824,7.534,12.05
19035,0.846,35.838,24.377,29.827,23.261,4.783,7.534,12.052
19036,0.846,35.694,24.373,29.836,23.258,4.783,7.575,12.174
19037,0.856,35.808,24.358,29.827,23.258,4.742,7.494,12.216
19038,0.856,35.905,24.377,29.798,23.244,4.62,7.371,12.013
19039,0.833,35.589,24.373,29.855,23.254,4.741,7.492,12.133
19040,0.833,35.673,24.369,29.808,23.254,4.701,7.453,12.134
19041,0.826,35.789,24.377,29.798,23.247,4.66,7.412,12.053
19042,0.83,35.876,24.381,29.817,23.24,4.7,7.371,11.889
19043,0.813,35.436,24.389,29.817,23.254,4.742,7.452,12.01
19044,0.829,35.613,24.366,29.855,23.261,4.823,7.574,11.889
19045,0.82,35.721,24.424,29.808,23.254,4.824,7.454,11.766
19046,0.817,35.789,24.385,29.807,23.251,4.824,7.452,11.602
19047,0.807,35.531,24.35,29.817,23.251,4.783,7.493,11.56
19048,0.816,35.682,24.404,29.817,23.261,4.783,7.534,11.519
19049,0.81,35.808,24.334,29.817,23.244,4.742,7.412,11.193
19050,0.81,35.847,24.361,29.788,23.24,4.701,7.33,11.149
19051,0.829,35.445,24.342,29.807,23.251,4.66,7.41,11.067
19052,0.826,35.566,24.4,29.807,23.247,4.7,7.33,10.944
19053,0.83,35.701,24.397,29.807,23.244,4.66,7.289,10.862
19054,0.826,35.741,24.366,29.826,23.254,4.66,7.41,10.78
19055,0.833,35.511,24.416,29.855,23.265,4.863,7.493,10.82
19056,0.849,35.653,24.378,29.837,23.248,4.743,7.331,10.576
19057,0.849,35.76,24.369,29.808,23.258,4.823,7.289,10.492
19058,0.843,35.789,24.389,29.817,23.251,4.865,7.41,10.369
19059,0.853,35.521,24.307,29.827,23.254,4.743,7.411,10.328
19060,0.853,35.672,24.353,29.836,23.251,4.823,7.33,10.083
19061,0.833,35.731,24.326,29.769,23.24,4.661,7.329,10.081
19062,0.833,35.875,24.462,29.826,23.247,4.741,7.37,9.959
19063,0.826,35.503,24.39,29.798,23.251,4.783,7.289,9.754
19064,0.82,35.624,24.377,29.788,23.247,4.702,7.288,9.671
19065,0.817,35.721,24.401,29.807,23.247,4.701,7.369,9.548
19066,0.826,35.626,24.366,29.836,23.265,4.863,7.573,9.71
19067,0.836,35.654,24.377,29.817,23.248,4.702,7.413,9.548
19068,0.817,35.731,24.393,29.817,23.251,4.782,7.493,9.384
19069,0.813,35.847,24.346,29.817,23.254,4.783,7.534,9.342
19070,0.833,35.445,24.326,29.827,23.254,4.783,7.494,9.26
19071,0.826,35.566,24.306,29.827,23.254,4.783,7.494,9.097
19072,0.823,35.663,24.369,29.798,23.244,4.62,7.371,8.973
19073,0.836,35.76,24.373,29.807,23.247,4.7,7.452,8.972
19074,0.839,35.406,24.365,29.817,23.251,4.701,7.452,8.85
19075,0.836,35.537,24.4,29.807,23.251,4.701,7.412,8.767
19076,0.849,35.682,24.381,29.788,23.251,4.701,7.411,8.645
19077,0.856,35.76,24.373,29.807,23.258,4.782,7.574,8.765
19078,0.869,35.463,24.416,29.826,23.258,4.783,7.535,8.645
19079,0.856,35.556,24.37,29.808,23.251,4.742,7.494,8.562
19080,0.843,35.72,24.361,29.826,23.258,4.701,7.494,8.48
19081,0.846,35.779,24.334,29.817,23.251,4.701,7.494,8.398
19082,0.846,35.444,24.365,29.817,23.254,4.742,7.534,8.397
19083,0.84,35.575,24.346,29.798,23.244,4.661,7.372,8.153
19084,0.823,35.663,24.33,29.778,23.244,4.7,7.452,8.232
19085,0.83,35.75,24.408,29.807,23.251,4.66,7.412,8.192
19086,0.839,35.396,24.377,29.846,23.244,4.7,7.371,8.029
19087,0.826,35.527,24.358,29.798,23.247,4.66,7.37,8.027
19088,0.826,35.643,24.389,29.807,23.251,4.741,7.533,8.068
19089,0.83,35.702,24.389,29.846,23.261,4.864,7.534,8.109
19090,0.839,35.492,24.327,29.808,23.254,4.743,7.412,7.947
19091,0.833,35.643,24.322,29.817,23.247,4.783,7.452,7.905
19092,0.836,35.74,24.349,29.817,23.254,4.783,7.452,7.863
19093,0.849,35.578,24.338,29.836,23.265,4.742,7.534,7.822
19094,0.849,35.423,24.357,29.817,23.251,4.742,7.372,7.7
19095,0.843,35.517,24.357,29.769,23.244,4.701,7.289,7.699
19096,0.862,35.624,24.373,29.807,23.258,4.66,7.288,7.618
19097,0.866,35.337,24.369,29.798,23.244,4.7,7.329,7.617
19098,0.866,35.421,24.389,29.788,23.251,4.66,7.329,7.495
19099,0.859,35.565,24.358,29.778,23.251,4.7,7.248,7.616
19100,0.856,35.701,24.369,29.826,23.265,4.863,7.45,7.698
19101,0.866,35.472,24.365,29.808,23.251,4.743,7.33,7.536
19102,0.859,35.595,24.381,29.798,23.251,4.742,7.289,7.494
19103,0.84,35.74,24.369,29.817,23.247,4.783,7.329,7.534
19104,0.846,35.818,24.361,29.807,23.254,4.742,7.37,7.453
19105,0.853,35.349,24.397,29.807,23.254,4.783,7.289,7.412
19106,0.853,35.488,24.373,29.788,23.247,4.58,7.207,7.289
19107,0.836,35.595,24.361,29.798,23.251,4.74,7.369,7.329
19108,0.846,35.673,24.424,29.807,23.247,4.661,7.33,7.329
19109,0.836,35.386,24.354,29.779,23.244,4.619,7.248,7.289
19110,0.836,35.527,24.334,29.778,23.244,4.7,7.206,7.247
19111,0.843,35.653,24.345,29.807,23.251,4.66,7.369,7.41
19112,0.869,35.74,24.396,29.826,23.261,4.782,7.33,7.208
19113,0.866,35.367,24.373,29.788,23.251,4.661,7.289,7.247
19114,0.866,35.526,24.389,29.798,23.251,4.741,7.329,7.288
19115,0.876,35.624,24.405,29.798,23.254,4.783,7.37,7.288
19116,0.882,35.683,24.393,29.798,23.258,4.824,7.33,7.166
19117,0.889,35.319,24.354,29.798,23.244,4.661,7.126,6.962
19118,0.872,35.44,24.393,29.769,23.251,4.741,7.205,7.122
19119,0.882,35.575,24.284,29.788,23.251,4.701,7.287,7.043
19120,0.866,35.855,24.341,29.798,23.251,4.742,7.288,6.96
19121,0.872,35.474,24.353,29.778,23.244,4.62,7.207,6.96
19122,0.869,35.595,24.385,29.778,23.251,4.741,7.328,7.122
19123,0.872,35.74,24.416,29.826,23.261,4.864,7.451,7.002
19124,0.866,35.396,24.374,29.769,23.251,4.784,7.33,6.96
19125,0.859,35.45,24.381,29.778,23.258,4.702,7.329,6.96
19126,0.862,35.604,24.369,29.807,23.254,4.782,7.37,7.0
19127,0.866,35.702,24.358,29.807,23.254,4.824,7.33,7.041
19128,0.859,35.319,24.404,29.788,23.247,4.702,7.248,6.839
19129,0.846,35.411,24.299,29.778,23.244,4.701,7.288,6.958
19130,0.872,35.565,24.353,29.778,23.247,4.701,7.288,6.838
19131,0.869,35.663,24.353,29.778,23.244,4.701,7.288,6.796
19132,0.879,35.309,24.381,29.769,23.247,4.66,7.288,6.714
19133,0.879,35.459,24.389,29.778,23.251,4.66,7.329,6.835
19134,0.885,35.623,24.362,29.817,23.254,4.904,7.451,6.918
19135,0.895,35.711,24.389,29.798,23.247,4.825,7.29,6.796
19136,0.889,35.175,24.366,29.798,23.244,4.783,7.288,6.795
19137,0.895,35.333,24.365,29.778,23.251,4.783,7.329,6.755
19138,0.892,35.44,24.393,29.788,23.254,4.783,7.248,6.714
19139,0.892,35.518,24.366,29.855,23.251,4.742,7.288,6.672
19140,0.886,35.202,24.326,29.76,23.24,4.661,7.125,6.631
19141,0.882,35.352,24.369,29.778,23.251,4.782,7.287,6.712
19142,0.879,35.469,24.393,29.788,23.244,4.742,7.125,6.632
19143,0.879,35.508,24.397,29.769,23.244,4.701,7.165,6.631
19144,0.863,35.259,24.362,29.769,23.247,4.62,7.206,6.672
19145,0.869,35.391,24.389,29.807,23.258,4.863,7.247,6.794
19146,0.885,35.556,24.366,29.788,23.254,4.743,7.166,6.673
19147,0.869,35.548,24.369,29.778,23.251,4.783,7.165,6.672
19148,0.869,35.279,24.393,29.797,23.254,4.783,7.165,6.713
19149,0.869,35.411,24.37,29.817,23.258,4.864,7.124,6.672
19150,0.885,35.537,24.346,29.798,23.247,4.784,7.165,6.631
19151,0.885,35.356,24.353,29.759,23.244,4.702,7.002,6.468
19152,0.889,35.315,24.365,29.788,23.251,4.823,7.123,6.589
19153,0.895,35.469,24.381,29.778,23.251,4.783,7.124,6.549
19154,0.902,35.547,24.369,29.769,23.244,4.702,7.124,6.549
19155,0.899,35.183,24.424,29.759,23.244,4.701,7.083,6.468
19156,0.905,35.314,24.37,29.797,23.258,4.863,7.286,6.629
19157,0.918,35.469,24.365,29.778,23.251,4.824,7.166,6.509
19158,0.899,35.528,24.4,29.769,23.251,4.783,7.246,6.467
19159,0.908,35.202,24.346,29.778,23.251,4.742,7.206,6.507
19160,0.912,35.352,24.357,29.778,23.258,4.864,7.206,6.549
19161,0.899,35.478,24.35,29.788,23.254,4.824,7.247,6.508
19162,0.892,35.528,24.408,29.759,23.237,4.743,7.125,6.427
19163,0.892,35.24,24.385,29.788,23.251,4.742,7.205,6.466
19164,0.886,35.401,24.389,29.769,23.247,4.701,7.206,6.467
19165,0.882,35.517,24.397,29.759,23.251,4.701,7.165,6.467
19166,0.882,35.566,24.346,29.759,23.244,4.66,7.246,6.386
19167,0.885,35.212,24.346,29.797,23.258,4.944,7.41,6.629
19168,0.895,35.391,24.408,29.798,23.258,4.825,7.208,6.509
19169,0.879,35.469,24.346,29.788,23.247,4.783,7.247,6.549
19170,0.898,35.528,24.353,29.788,23.254,4.783,7.247,6.549
19171,0.915,35.873,24.338,29.798,23.254,4.824,7.247,6.59
19172,0.912,35.992,24.365,29.807,23.251,4.783,7.206,6.468
19173,0.912,36.099,24.361,29.759,23.24,4.661,7.043,6.386
19174,0.905,36.109,24.365,29.778,23.251,4.66,7.164,6.466
19175,0.925,34.882,24.369,29.769,23.251,4.782,7.206,6.386
19176,0.909,35.004,24.35,29.769,23.247,4.742,7.125,6.425
19177,0.918,35.12,24.334,29.769,23.251,4.742,7.124,6.344
19178,0.931,35.323,24.392,29.759,23.254,4.823,7.287,6.547
19179,0.938,35.43,24.33,29.807,23.258,4.905,7.288,6.468
19180,0.925,35.518,24.365,29.779,23.254,4.825,7.288,6.386
19181,0.918,35.634,24.354,29.797,23.254,4.824,7.369,6.466
19182,0.925,35.107,24.385,29.778,23.251,4.865,7.452,6.426
19183,0.918,35.16,24.377,29.807,23.258,4.743,7.452,6.466
19184,0.918,35.294,24.334,29.769,23.251,4.661,7.371,6.264
19185,0.909,35.353,24.377,29.759,23.237,4.782,7.492,6.262
19186,0.912,35.191,24.377,29.769,23.254,4.783,7.453,6.343
19187,0.905,35.323,24.35,29.778,23.251,4.702,7.493,6.384
19188,0.905,35.43,24.396,29.769,23.247,4.701,7.534,6.344
19189,0.899,35.546,24.327,29.769,23.247,4.742,7.575,6.303
19190,0.921,35.106,24.365,29.797,23.261,4.905,7.779,6.547
19191,0.935,35.275,24.4,29.798,23.258,4.825,7.659,6.386
19192,0.928,35.353,24.385,29.778,23.251,4.783,7.617,6.344
19193,0.938,35.431,24.377,29.797,23.251,4.824,7.617,6.343
19194,0.954,35.22,24.354,29.788,23.254,4.824,7.698,6.425
19195,0.948,35.343,24.353,29.778,23.258,4.783,7.577,6.304
19196,0.951,35.459,24.346,29.769,23.247,4.661,7.535,6.18
19197,0.958,35.489,24.365,29.769,23.254,4.741,7.616,6.261
19198,0.964,35.211,24.369,29.759,23.251,4.701,7.495,6.262
19199,0.964,35.362,24.358,29.759,23.247,4.66,7.575,6.18
19200,0.958,35.479,24.354,29.759,23.24,4.7,7.454,6.261
19201,0.964,35.499,24.365,29.778,23.251,4.782,7.574,6.302
19202,0.971,35.259,24.369,29.807,23.258,4.946,7.657,6.302
19203,0.948,35.382,24.377,29.779,23.251,4.785,7.495,6.302
19204,0.948,35.498,24.346,29.797,23.251,4.824,7.534,6.302
19205,0.951,35.796,24.365,29.788,23.251,4.783,7.534,6.302
19206,0.948,35.243,24.354,29.788,23.254,4.783,7.494,6.302
19207,0.948,35.381,24.369,29.769,23.244,4.742,7.371,6.221
19208,0.941,35.44,24.354,29.769,23.244,4.701,7.492,6.22
19209,0.961,35.297,24.353,29.807,23.247,4.742,7.453,6.261
19210,0.968,35.324,24.353,29.769,23.251,4.701,7.412,6.18
19211,0.971,35.44,24.369,29.778,23.244,4.701,7.33,6.098
19212,0.958,35.518,24.373,29.769,23.244,4.62,7.41,6.178
19213,0.987,35.317,24.369,29.797,23.254,4.822,7.533,6.423
19214,0.997,35.469,24.381,29.817,23.258,4.743,7.372,6.222
19215,0.994,35.576,24.401,29.779,23.251,4.701,7.37,6.22
19216,1.004,35.663,24.381,29.769,23.254,4.742,7.492,6.22
19217,1.014,35.136,24.373,29.788,23.251,4.783,7.494,6.261
19218,1.01,35.265,24.385,29.788,23.251,4.742,7.412,6.221
19219,1.01,35.401,24.307,29.759,23.244,4.579,7.289,6.098
19220,1.001,35.469,24.302,29.769,23.244,4.7,7.329,6.138
19221,1.01,35.518,24.326,29.778,23.247,4.782,7.329,6.179
19222,1.004,35.653,24.392,29.759,23.244,4.702,7.329,6.22
19223,1.0,35.769,24.366,29.759,23.247,4.701,7.289,6.098
19224,1.0,35.837,24.365,29.778,23.247,4.782,7.41,6.26
19225,1.013,35.435,24.416,29.797,23.261,4.946,7.452,6.262
19226,1.01,35.546,24.374,29.788,23.247,4.703,7.29,6.139
19227,1.004,35.663,24.369,29.778,23.254,4.701,7.288,6.26
19228,1.01,35.693,24.365,29.788,23.251,4.701,7.288,6.262
19229,1.014,35.693,24.361,29.807,23.247,4.782,7.288,6.139
19230,1.03,35.817,24.342,29.779,23.251,4.661,7.166,6.098
19231,1.024,35.905,24.31,29.74,23.24,4.7,7.206,6.138
19232,1.046,35.935,24.376,29.778,23.251,4.701,7.247,6.179
19233,1.046,35.705,24.354,29.759,23.251,4.66,7.206,6.017
19234,1.046,35.818,24.377,29.778,23.244,4.66,7.125,6.056
19235,1.053,35.924,24.401,29.759,23.247,4.741,7.205,6.178
19236,1.073,35.964,24.381,29.797,23.261,4.823,7.328,6.22
19237,1.073,35.964,24.373,29.778,23.251,4.743,7.167,6.098
19238,1.069,36.06,24.369,29.778,23.251,4.742,7.165,6.178
19239,1.082,36.186,24.369,29.788,23.258,4.823,7.124,6.179
19240,1.076,35.88,24.319,29.788,23.251,4.824,7.165,6.179
19241,1.079,35.973,24.345,29.788,23.254,4.783,7.124,6.139
19242,1.07,36.06,24.365,29.75,23.237,4.661,7.002,5.976
19243,1.06,36.176,24.342,29.759,23.247,4.741,7.041,6.137
19244,1.073,36.033,24.369,29.778,23.254,4.742,7.082,6.057
19245,1.069,36.166,24.35,29.778,23.254,4.742,7.002,6.015
19246,1.069,36.283,24.342,29.759,23.24,4.661,6.919,6.096
19247,1.073,36.38,24.353,29.788,23.254,4.741,7.122,6.26
19248,1.096,36.227,24.381,29.798,23.258,4.783,7.002,6.18
19249,1.066,36.35,24.365,29.778,23.251,4.742,6.96,6.139
19250,1.086,36.476,24.322,29.769,23.251,4.742,7.0,6.138
19251,1.099,36.525,24.357,29.778,23.258,4.823,7.041,6.219
19252,1.109,36.267,24.326,29.797,23.261,4.783,6.96,6.18
19253,1.119,36.379,24.338,29.778,23.251,4.58,6.797,5.976
19254,1.106,36.496,24.349,29.759,23.251,4.781,6.877,6.096
19255,1.122,36.554,24.381,29.769,23.247,4.702,6.918,6.097
19256,1.122,36.507,24.362,29.769,23.247,4.701,6.756,6.138
19257,1.138,36.631,24.338,29.749,23.237,4.62,6.876,6.016
19258,1.122,36.719,24.385,29.768,23.251,4.7,6.918,6.137
19259,1.151,36.815,24.369,29.855,23.261,4.863,7.041,6.098
19260,1.142,36.768,24.354,29.77,23.254,4.784,6.879,6.138
19261,1.132,36.864,24.361,29.778,23.251,4.742,6.837,6.138
19262,1.132,36.98,24.4,29.778,23.258,4.783,6.877,6.138
19263,1.135,37.202,24.381,29.797,23.254,4.824,6.918,6.138
19264,1.138,36.974,24.342,29.778,23.244,4.743,6.796,6.016
19265,1.122,37.048,24.373,29.73,23.233,4.661,6.836,6.096
19266,1.129,37.174,24.369,29.778,23.251,4.7,6.877,6.016
19267,1.122,36.858,24.326,29.769,23.251,4.701,6.877,6.096
19268,1.125,36.884,24.381,29.759,23.244,4.66,6.918,6.016
19269,1.125,37.018,24.362,29.816,23.244,4.66,6.878,6.015
19270,1.135,37.116,24.334,29.76,23.254,4.782,7.0,6.096
19271,1.161,37.03,24.381,29.807,23.268,4.864,7.041,6.097
19272,1.161,37.135,24.369,29.779,23.258,4.743,6.96,6.016
19273,1.152,37.251,24.373,29.778,23.251,4.823,7.0,6.096
19274,1.165,37.348,24.369,29.788,23.251,4.865,7.082,6.138
19275,1.168,37.253,24.346,29.769,23.254,4.824,7.083,6.138
19276,1.184,37.396,24.346,29.778,23.244,4.743,6.88,5.976
19277,1.171,37.455,24.326,29.74,23.237,4.783,6.959,6.015
19278,1.171,37.542,24.357,29.768,23.251,4.783,6.878,6.015
19279,1.178,37.198,24.334,29.759,23.251,4.702,6.959,6.056
19280,1.165,37.338,24.342,29.749,23.244,4.742,6.878,6.015
19281,1.158,37.426,24.361,29.74,23.251,4.742,6.959,5.974
19282,1.168,37.494,24.408,29.787,23.261,4.864,7.082,6.177
19283,1.171,37.456,24.381,29.778,23.254,4.824,6.92,6.098
19284,1.165,37.561,24.354,29.769,23.247,4.865,6.959,6.097
19285,1.158,37.687,24.365,29.769,23.251,4.824,6.919,6.138
19286,1.161,37.736,24.342,29.778,23.258,4.865,6.959,6.098
19287,1.161,37.602,24.361,29.788,23.258,4.824,6.96,6.138
19288,1.158,37.697,24.35,29.75,23.247,4.661,6.838,5.976
19289,1.152,37.765,24.357,29.768,23.254,4.822,6.958,6.096
19290,1.161,37.814,24.322,29.769,23.251,4.783,7.0,6.138
19291,1.161,37.546,24.377,29.759,23.251,4.742,6.919,6.098
19292,1.152,37.629,24.397,29.749,23.244,4.783,6.959,6.056
19293,1.161,37.774,24.362,29.759,23.251,4.824,7.041,6.137
19294,1.168,37.747,24.377,29.816,23.265,4.987,7.164,6.179
19295,1.171,37.756,24.307,29.769,23.254,4.866,7.002,6.179
19296,1.162,37.842,24.337,29.788,23.251,4.824,7.041,6.139
19297,1.165,37.958,24.353,29.769,23.258,4.865,7.123,6.138
19298,1.174,37.652,24.318,29.778,23.254,4.906,7.165,6.138
19299,1.171,37.764,24.322,29.778,23.254,4.865,7.002,6.016
19300,1.145,37.871,24.299,29.74,23.24,4.743,6.96,6.137
19301,1.142,37.949,24.392,29.749,23.247,4.864,7.041,6.057
19302,1.145,37.796,24.327,29.759,23.251,4.824,7.001,6.097
19303,1.125,37.948,24.361,29.769,23.247,4.783,6.96,6.016
19304,1.112,38.065,24.361,29.749,23.24,4.824,7.0,6.137
19305,1.109,38.162,24.346,29.768,23.258,4.987,7.123,6.219
19306,1.109,37.798,24.357,29.797,23.254,4.866,7.043,6.139
19307,1.089,37.891,24.354,29.798,23.251,4.824,7.042,6.219
19308,1.089,37.997,24.338,29.759,23.254,4.865,7.082,6.18
19309,1.066,38.075,24.349,29.778,23.254,4.824,7.083,6.179
19310,1.082,37.874,24.311,29.788,23.258,4.865,7.002,6.179
19311,1.083,37.997,24.353,29.75,23.241,4.784,6.838,5.976
19312,1.06,38.094,24.334,29.749,23.251,4.824,6.918,6.137
19313,1.069,38.143,24.369,29.768,23.247,4.824,6.959,6.138
19314,1.056,37.798,24.338,29.759,23.251,4.783,6.96,6.098
19315,1.043,37.929,24.353,29.749,23.244,4.702,6.919,5.975
19316,1.046,38.036,24.361,29.768,23.251,4.782,6.959,6.177
19317,1.053,38.104,24.365,29.797,23.265,5.027,7.082,6.22
19318,1.05,38.009,24.412,29.778,23.248,4.867,7.002,6.139
19319,1.033,38.113,24.381,29.769,23.254,4.865,7.041,6.098
19320,1.02,38.21,24.334,29.759,23.251,4.865,7.001,6.138
19321,1.007,38.087,24.353,29.769,23.254,4.865,7.082,6.138
19322,1.001,37.874,24.353,29.769,23.251,4.824,7.042,6.138
19323,0.981,37.987,24.342,29.74,23.244,4.743,7.042,6.057
19324,0.971,38.094,24.349,29.759,23.247,4.823,7.245,6.097
19325,0.964,38.603,24.346,29.759,23.247,4.865,7.125,6.016
19326,0.948,38.781,24.357,29.74,23.247,4.743,7.205,6.096
19327,0.925,38.888,24.346,29.749,23.244,4.701,7.247,6.138
19328,0.928,38.975,24.365,29.759,23.254,4.904,7.369,6.179
19329,0.931,37.595,24.381,29.816,23.268,4.906,7.492,6.22
19330,0.935,37.658,24.323,29.76,23.251,4.825,7.331,6.18
19331,0.935,37.774,24.349,29.778,23.247,4.824,7.451,6.179
19332,0.925,37.862,24.346,29.759,23.247,4.824,7.371,6.22
19333,0.922,38.045,24.342,29.769,23.254,4.905,7.452,6.139
19334,0.918,38.19,24.338,29.769,23.251,4.825,7.412,6.138
19335,0.912,38.269,24.338,29.74,23.244,4.743,7.411,6.098
19336,0.912,38.365,24.369,29.768,23.251,4.823,7.411,6.138
19337,0.922,37.877,24.354,29.759,23.258,4.783,7.411,6.138
19338,0.902,37.997,24.365,29.74,23.244,4.824,7.452,6.098
19339,0.889,38.113,24.346,29.73,23.251,4.783,7.452,6.138
19340,0.885,38.191,24.334,29.759,23.254,4.905,7.574,6.301
19341,0.892,37.962,24.365,29.807,23.261,4.906,7.616,6.221
19342,0.873,38.065,24.369,29.779,23.247,4.865,7.535,6.22
19343,0.872,38.181,24.358,29.759,23.251,4.906,7.534,6.22
19344,0.866,38.22,24.365,29.778,23.254,4.865,7.616,6.261
19345,0.862,37.876,24.354,29.778,23.254,4.906,7.617,6.18
19346,0.856,38.016,24.338,29.759,23.247,4.703,7.495,6.139
19347,0.833,38.085,24.353,29.73,23.244,4.782,7.656,6.179
19348,0.846,38.45,24.369,29.759,23.247,4.864,7.536,6.22
19349,0.833,38.031,24.342,29.759,23.244,4.743,7.575,6.18
19350,0.836,38.123,24.326,29.749,23.247,4.783,7.494,6.179
19351,0.833,38.239,24.357,29.749,23.251,4.905,7.575,6.261
19352,0.852,37.972,24.385,29.816,23.261,4.987,7.698,6.343
19353,0.849,37.979,24.35,29.75,23.247,4.826,7.577,6.303
19354,0.853,38.103,24.35,29.768,23.251,4.865,7.657,6.221
19355,0.849,38.201,24.373,29.769,23.254,4.824,7.658,6.302
19356,0.846,37.741,24.354,29.778,23.258,4.824,7.658,6.302
19357,0.843,37.88,24.361,29.75,23.251,4.824,7.617,6.14
19358,0.839,37.939,24.361,29.72,23.244,4.783,7.576,6.219
19359,0.843,38.055,24.354,29.826,23.251,4.864,7.738,6.139
19360,0.826,37.884,24.342,29.769,23.251,4.824,7.659,6.179
19361,0.823,38.006,24.326,29.749,23.244,4.743,7.658,6.179
19362,0.817,38.104,24.4,29.74,23.247,4.823,7.78,6.22
19363,0.816,38.239,24.362,29.778,23.265,4.946,7.944,6.342
19364,0.823,37.799,24.361,29.778,23.248,4.785,7.864,6.14
19365,0.813,37.881,24.346,29.759,23.254,4.824,7.863,6.179
19366,0.816,38.006,24.342,29.759,23.251,4.824,7.944,6.22
19367,0.807,38.065,24.385,29.769,23.258,4.824,8.026,6.342
19368,0.807,37.836,24.323,29.778,23.251,4.824,7.946,6.221
19369,0.787,37.939,24.334,29.73,23.24,4.661,7.823,6.139
19370,0.803,38.065,24.338,29.749,23.254,4.863,7.985,6.219
19371,0.8,38.104,24.377,29.768,23.244,4.865,7.864,6.139
19372,0.803,37.721,24.365,29.749,23.247,4.784,7.822,6.179
19373,0.807,37.842,24.334,29.74,23.244,4.742,7.903,6.139
19374,0.81,37.987,24.365,29.759,23.254,4.905,7.985,6.26
19375,0.836,38.017,24.326,29.788,23.261,4.906,8.027,6.302
19376,0.826,37.941,24.342,29.769,23.247,4.906,7.946,6.14
19377,0.83,38.045,24.369,29.749,23.244,4.865,7.905,6.219
19378,0.826,38.152,24.315,29.778,23.254,4.824,7.863,6.261
19379,0.82,37.894,24.345,29.769,23.254,4.824,7.904,6.221
19380,0.817,37.748,24.353,29.74,23.244,4.824,7.742,6.098
19381,0.807,37.833,24.373,29.74,23.247,4.783,7.74,6.178
19382,0.807,37.968,24.361,29.759,23.251,4.864,7.781,6.139
19383,0.8,37.796,24.357,29.759,23.251,4.743,7.659,6.138
19384,0.79,37.91,24.357,29.74,23.247,4.701,7.617,6.138
19385,0.793,38.016,24.354,29.759,23.24,4.782,7.617,6.179
19386,0.8,38.142,24.346,29.797,23.261,4.946,7.739,6.261
19387,0.794,37.645,24.338,29.769,23.251,4.785,7.618,6.262
19388,0.793,37.745,24.314,29.769,23.254,4.742,7.617,6.221
19389,0.787,37.9,24.33,29.778,23.254,4.823,7.657,6.261
19390,0.797,37.978,24.295,29.759,23.251,4.824,7.617,6.262
19391,0.8,37.729,24.333,29.769,23.251,4.783,7.495,6.139
19392,0.797,37.842,24.345,29.749,23.24,4.661,7.412,6.098
19393,0.803,37.949,24.353,29.759,23.251,4.822,7.452,6.219
19394,0.81,38.017,24.381,29.759,23.244,4.824,7.452,6.18
19395,0.807,37.663,24.291,29.759,23.254,4.783,7.412,6.22
19396,0.826,37.793,24.337,29.749,23.244,4.742,7.411,6.18
19397,0.83,37.91,24.365,29.749,23.258,4.823,7.493,6.383
19398,0.826,38.007,24.303,29.788,23.258,4.905,7.575,6.222
19399,0.826,37.758,24.345,29.759,23.251,4.825,7.413,6.22
19400,0.817,37.89,24.334,29.759,23.251,4.824,7.533,6.261
19401,0.813,38.007,24.377,29.769,23.254,4.865,7.534,6.302
19402,0.813,38.027,24.33,29.788,23.258,4.946,7.534,6.302
19403,0.81,37.778,24.334,29.75,23.237,4.785,7.412,6.099
19404,0.784,37.89,24.342,29.74,23.247,4.864,7.493,6.219
19405,0.797,38.016,24.365,29.759,23.251,4.824,7.575,6.22
19406,0.794,38.027,24.346,29.749,23.251,4.824,7.494,6.139
19407,0.78,37.672,24.334,29.749,23.247,4.743,7.453,6.138
19408,0.774,37.803,24.369,29.759,23.251,4.823,7.574,6.341
19409,0.79,37.948,24.385,29.807,23.268,4.905,7.738,6.384
19410,0.803,37.719,24.326,29.75,23.248,4.865,7.618,6.263
19411,0.8,37.784,24.338,29.768,23.251,4.824,7.535,6.262
19412,0.807,37.919,24.346,29.769,23.254,4.865,7.616,6.262
19413,0.816,38.007,24.326,29.778,23.258,4.906,7.576,6.262
19414,0.813,37.586,24.338,29.778,23.254,4.825,7.454,6.262
19415,0.813,37.687,24.314,29.788,23.237,4.702,7.412,6.18
19416,0.807,37.832,24.318,29.75,23.247,4.742,7.533,6.22
19417,0.829,37.91,24.369,29.759,23.251,4.823,7.494,6.139
19418,0.823,37.719,24.369,29.807,23.247,4.783,7.453,6.138
19419,0.83,37.832,24.334,29.74,23.244,4.702,7.371,6.179
19420,0.817,37.958,24.345,29.768,23.251,4.782,7.573,6.342
19421,0.823,38.065,24.396,29.778,23.258,4.905,7.535,6.262
19422,0.823,37.644,24.331,29.759,23.258,4.784,7.453,6.262
19423,0.807,37.793,24.314,29.74,23.247,4.824,7.493,6.221
19424,0.807,37.91,24.318,29.768,23.254,4.824,7.412,6.261
19425,0.81,37.978,24.314,29.759,23.254,4.865,7.452,6.221
19426,0.81,37.71,24.345,29.769,23.254,4.743,7.371,6.139
19427,0.79,37.775,24.369,29.73,23.247,4.742,7.33,6.179
19428,0.8,37.91,24.35,29.759,23.247,4.783,7.289,6.179
19429,0.797,37.93,24.365,29.759,23.247,4.783,7.369,6.139
19430,0.797,38.611,24.33,29.73,23.244,4.742,7.289,6.138
19431,0.807,38.733,24.345,29.749,23.247,4.783,7.247,6.179
19432,0.813,38.801,24.33,29.778,23.261,4.946,7.45,6.301
19433,0.82,38.965,24.357,29.797,23.254,4.825,7.33,6.221
19434,0.817,37.289,24.338,29.769,23.254,4.824,7.329,6.22
19435,0.826,37.406,24.31,29.778,23.254,4.824,7.329,6.261
19436,0.833,37.522,24.341,29.778,23.251,4.824,7.329,6.221
19437,0.849,37.696,24.353,29.75,23.254,4.865,7.289,6.139
19438,0.833,37.794,24.326,29.74,23.244,4.743,7.125,6.057
19439,0.826,37.929,24.342,29.74,23.251,4.864,7.246,6.219
19440,0.83,38.036,24.357,29.759,23.244,4.824,7.166,6.18
19441,0.823,37.548,24.365,29.759,23.251,4.743,7.165,6.22
19442,0.81,37.658,24.346,29.749,23.247,4.783,7.084,6.18
19443,0.816,37.765,24.338,29.74,23.254,4.905,7.286,6.342
19444,0.829,37.9,24.353,29.787,23.265,4.987,7.207,6.221
19445,0.804,37.633,24.338,29.74,23.254,4.866,7.084,6.261
19446,0.807,37.793,24.334,29.759,23.247,4.824,7.123,6.262
19447,0.794,37.91,24.365,29.759,23.254,4.783,7.165,6.302
19448,0.81,37.959,24.342,29.759,23.261,4.824,7.206,6.302
19449,0.807,37.662,24.33,29.749,23.251,4.743,7.084,6.14
19450,0.803,37.765,24.31,29.749,23.247,4.823,7.164,6.219
19451,0.82,37.9,24.361,29.759,23.251,4.824,7.124,6.261
19452,0.813,37.949,24.346,29.74,23.247,4.783,7.124,6.221
19453,0.81,37.643,24.318,29.74,23.24,4.742,7.043,6.22
19454,0.82,37.784,24.353,29.768,23.251,4.823,7.204,6.342
19455,0.839,37.938,24.373,29.864,23.258,4.946,7.206,6.221
19456,0.833,37.93,24.315,29.77,23.251,4.785,7.206,6.22
19457,0.833,37.681,24.377,29.749,23.251,4.783,7.165,6.22
19458,0.836,37.841,24.322,29.797,23.258,4.824,7.165,6.261
19459,0.839,37.939,24.33,29.759,23.254,4.905,7.206,6.221
19460,0.839,37.921,24.33,29.74,23.244,4.784,7.125,6.139
19461,0.826,37.642,24.357,29.749,23.247,4.742,7.246,6.26
19462,0.82,37.803,24.346,29.749,23.247,4.783,7.206,6.221
19463,0.82,37.9,24.33,29.74,23.251,4.742,7.287,6.18
19464,0.803,37.815,24.322,29.73,23.247,4.742,7.329,6.139
19465,0.81,37.737,24.33,29.749,23.247,4.823,7.37,6.26
19466,0.816,37.871,24.361,29.768,23.261,4.905,7.492,6.343
19467,0.813,37.987,24.369,29.74,23.247,4.784,7.412,6.262
19468,0.803,38.036,24.322,29.759,23.251,4.824,7.452,6.262
19469,0.8,38.181,24.326,29.749,23.247,4.865,7.412,6.262
19470,0.81,38.307,24.318,29.768,23.247,4.824,7.533,6.343
19471,0.816,38.385,24.38,29.769,23.251,4.824,7.494,6.262
19472,0.82,37.34,24.365,29.749,23.244,4.621,7.29,6.139
19473,0.813,37.464,24.326,29.768,23.247,4.781,7.451,6.26
19474,0.826,37.59,24.349,29.749,23.247,4.783,7.452,6.221
19475,0.813,37.678,24.314,29.74,23.247,4.742,7.371,6.22
19476,0.82,37.544,24.322,29.74,23.247,4.661,7.411,6.22
19477,0.83,37.667,24.361,29.74,23.247,4.822,7.493,6.261
19478,0.843,37.841,24.291,29.797,23.268,4.865,7.453,6.262
19479,0.839,37.891,24.326,29.74,23.254,4.743,7.493,6.221
19480,0.826,37.613,24.302,29.749,23.254,4.823,7.494,6.302
19481,0.823,37.745,24.345,29.759,23.254,4.783,7.534,6.262
19482,0.83,37.871,24.268,29.759,23.251,4.824,7.494,6.302
19483,0.82,37.911,24.302,29.759,23.251,4.743,7.331,6.14
19484,0.807,37.556,24.345,29.73,23.251,4.742,7.451,6.219
19485,0.803,37.706,24.291,29.768,23.247,4.783,7.452,6.18
19486,0.803,37.823,24.318,29.749,23.244,4.783,7.371,6.179
19487,0.794,37.824,24.392,29.749,23.247,4.702,7.33,6.179
19488,0.803,37.459,24.272,29.749,23.251,4.742,7.37,6.22
19489,0.797,37.638,24.329,29.768,23.265,4.986,7.492,6.424
19490,0.813,37.764,24.334,29.769,23.265,4.826,7.331,6.304
19491,0.81,37.977,24.373,29.759,23.248,4.783,7.37,6.221
19492,0.82,37.624,24.361,29.769,23.251,4.783,7.33,6.22
19493,0.823,37.755,24.35,29.778,23.254,4.864,7.329,6.261
19494,0.833,37.861,24.353,29.769,23.254,4.824,7.329,6.221
19495,0.826,37.431,24.326,29.73,23.24,4.702,7.126,6.139
19496,0.826,37.475,24.33,29.759,23.247,4.782,7.287,6.219
19497,0.836,37.609,24.361,29.74,23.244,4.742,7.207,6.098
19498,0.83,37.697,24.287,29.73,23.251,4.742,7.165,6.138
19499,0.826,37.353,24.326,29.73,23.247,4.661,7.124,6.138
19500,0.83,37.483,24.345,29.759,23.251,4.863,7.327,6.26
19501,0.833,37.638,24.361,29.797,23.258,4.865,7.207,6.343
19502,0.826,37.697,24.334,29.75,23.247,4.743,7.206,6.221
19503,0.81,37.401,24.306,29.73,23.261,4.742,7.165,6.22
19504,0.803,37.532,24.345,29.749,23.254,4.823,7.124,6.22
19505,0.8,37.667,24.307,29.759,23.254,4.824,7.083,6.22
19506,0.803,37.717,24.337,29.74,23.244,4.743,7.002,6.098
19507,0.781,37.343,24.338,29.73,23.247,4.823,7.123,6.26
19508,0.81,37.512,24.267,29.759,23.247,4.783,7.083,6.221
19509,0.8,37.638,24.329,29.749,23.247,4.783,7.083,6.18
19510,0.8,37.678,24.338,29.74,23.244,4.702,7.083,6.179
19511,0.816,37.362,24.353,29.74,23.247,4.782,7.083,6.261
19512,0.816,37.522,24.361,29.768,23.258,4.946,7.245,6.343
19513,0.826,37.677,24.346,29.759,23.254,4.744,7.166,6.181
19514,0.813,37.659,24.334,29.74,23.251,4.783,7.165,6.179
19515,0.807,37.458,24.275,29.759,23.254,4.783,7.165,6.261
19516,0.816,37.59,24.318,29.759,23.254,4.783,7.165,6.302
19517,0.823,37.716,24.357,29.749,23.258,4.864,7.124,6.221
19518,0.83,37.698,24.256,29.73,23.237,4.662,7.043,6.139
19519,0.82,37.362,24.325,29.739,23.254,4.822,7.082,6.26
19520,0.813,37.493,24.357,29.73,23.244,4.743,7.083,6.139
19521,0.803,37.6,24.4,29.739,23.244,4.742,7.042,6.219
19522,0.797,37.428,24.303,29.72,23.244,4.701,7.123,6.139
19523,0.794,37.427,24.314,29.759,23.251,4.823,7.205,6.341
19524,0.81,37.58,24.33,29.788,23.258,4.946,7.165,6.221
19525,0.8,37.639,24.283,29.75,23.244,4.825,7.165,6.261
19526,0.794,37.218,24.306,29.73,23.254,4.824,7.165,6.343
19527,0.797,37.3,24.365,29.749,23.254,4.865,7.206,6.303
19528,0.79,37.435,24.299,29.768,23.251,4.865,7.247,6.302
19529,0.78,37.542,24.314,29.749,23.244,4.743,7.003,6.14
19530,0.78,37.15,24.353,29.72,23.244,4.742,7.123,6.301
19531,0.79,37.29,24.396,29.739,23.251,4.701,7.165,6.221
19532,0.787,37.406,24.319,29.74,23.247,4.742,7.165,6.302
19533,0.8,37.484,24.326,29.73,23.244,4.742,7.043,6.221
19534,0.8,37.178,24.338,29.73,23.251,4.783,7.123,6.342
19535,0.82,37.376,24.318,29.816,23.265,4.905,7.246,6.425
19536,0.826,37.464,24.295,29.76,23.248,4.744,7.247,6.304
19537,0.817,37.523,24.376,29.749,23.251,4.742,7.206,6.302
19538,0.816,37.169,24.311,29.768,23.247,4.823,7.206,6.384
19539,0.826,37.28,24.314,29.759,23.247,4.905,7.165,6.344
19540,0.817,37.406,24.357,29.749,23.251,4.784,7.084,6.262
19541,0.797,37.398,24.342,29.711,23.244,4.742,7.042,6.262
19542,0.803,37.302,24.353,29.768,23.251,4.742,7.123,6.262
19543,0.797,37.425,24.314,29.73,23.247,4.823,7.083,6.221
19544,0.787,37.532,24.334,29.739,23.244,4.702,7.042,6.18
19545,0.787,37.571,24.283,29.74,23.244,4.701,7.042,6.22
19546,0.784,37.255,24.302,29.768,23.261,4.863,7.164,6.383
19547,0.79,37.406,24.372,29.769,23.254,4.824,7.002,6.303
19548,0.78,37.503,24.311,29.74,23.247,4.824,7.082,6.302
19549,0.78,37.466,24.318,29.749,23.251,4.824,7.083,6.302
19550,0.787,37.283,24.338,29.759,23.254,4.824,7.042,6.343
19551,0.806,37.406,24.353,29.759,23.254,4.783,7.001,6.221
19552,0.794,37.455,24.342,29.721,23.24,4.702,6.919,6.22
19553,0.797,37.206,24.349,29.749,23.254,4.823,6.959,6.18
19554,0.807,37.29,24.314,29.74,23.251,4.783,7.0,6.139
19555,0.8,37.396,24.334,29.74,23.244,4.742,6.879,6.179
19556,0.81,37.484,24.306,29.73,23.244,4.701,6.877,6.179
19557,0.813,37.015,24.345,29.749,23.258,4.904,7.121,6.342
19558,0.829,37.173,24.353,29.759,23.258,4.825,6.961,6.221
19559,0.82,37.28,24.365,29.749,23.258,4.865,6.96,6.302
19560,0.807,37.358,24.354,29.74,23.254,4.824,7.041,6.262
19561,0.803,37.253,24.353,29.74,23.258,4.905,7.001,6.18
19562,0.807,37.406,24.357,29.759,23.254,4.784,6.96,6.22
19563,0.79,37.503,24.303,29.721,23.24,4.702,6.919,6.139
19564,0.787,37.59,24.326,29.739,23.258,4.782,6.959,6.219
19565,0.777,37.026,24.267,29.759,23.251,4.783,6.96,6.139
19566,0.78,37.135,24.306,29.721,23.244,4.742,6.96,6.179
19567,0.774,37.251,24.357,29.73,23.247,4.661,6.96,6.179
19568,0.774,37.329,24.256,29.749,23.251,4.822,7.122,6.261
19569,0.784,37.138,24.353,29.768,23.258,4.824,7.083,6.18
19570,0.777,37.242,24.346,29.749,23.247,4.824,7.042,6.139
19571,0.79,37.329,24.389,29.759,23.251,4.783,7.082,6.179
19572,0.8,37.378,24.358,29.759,23.251,4.824,7.083,6.179
19573,0.8,37.158,24.338,29.749,23.258,4.824,7.123,6.22
19574,0.803,37.299,24.334,29.73,23.244,4.661,7.043,6.098
19575,0.79,37.377,24.291,29.73,23.251,4.741,7.123,6.219
19576,0.803,37.752,24.333,29.749,23.247,4.823,7.124,6.22
19577,0.81,37.161,24.33,29.72,23.254,4.743,7.124,6.139
19578,0.807,37.28,24.306,29.72,23.244,4.742,7.043,6.098
19579,0.807,37.416,24.345,29.73,23.244,4.864,7.123,6.219
19580,0.794,37.168,24.33,29.759,23.261,4.946,7.246,6.302
19581,0.787,37.175,24.357,29.73,23.251,4.744,7.125,6.262
19582,0.777,37.271,24.322,29.739,23.254,4.783,7.124,6.221
19583,0.78,37.377,24.322,29.749,23.251,4.742,7.124,6.22
19584,0.787,37.1,24.357,29.759,23.251,4.823,7.083,6.302
19585,0.78,37.193,24.252,29.759,23.244,4.743,7.042,6.18
19586,0.758,37.29,24.321,29.701,23.244,4.742,7.042,6.179
19587,0.767,37.406,24.365,29.758,23.251,4.783,7.042,6.22
19588,0.754,36.976,24.299,29.749,23.247,4.702,7.042,6.139
19589,0.77,37.125,24.29,29.74,23.247,4.742,6.96,6.219
19590,0.774,37.213,24.326,29.72,23.247,4.742,7.041,6.342
19591,0.78,37.3,24.392,29.759,23.261,4.905,7.204,6.384
19592,0.793,37.061,24.334,29.759,23.251,4.784,7.003,6.222
19593,0.787,37.174,24.291,29.749,23.251,4.783,7.001,6.261
19594,0.793,37.299,24.333,29.73,23.251,4.824,7.001,6.302
19595,0.8,37.358,24.267,29.749,23.254,4.865,7.082,6.262
19596,0.803,37.129,24.329,29.749,23.251,4.784,6.961,6.262
19597,0.8,37.203,24.357,29.73,23.24,4.62,6.838,6.139
19598,0.79,37.328,24.26,29.739,23.251,4.781,6.837,6.219
19599,0.797,37.378,24.321,29.74,23.251,4.783,6.877,6.261
19600,0.781,37.138,24.338,29.73,23.251,4.742,6.877,6.18
19601,0.774,37.261,24.369,29.72,23.247,4.742,6.877,6.261
19602,0.78,37.387,24.295,29.739,23.254,4.823,7.0,6.343
19603,0.784,37.426,24.306,29.797,23.261,4.905,7.082,6.343
19604,0.78,37.072,24.326,29.731,23.247,4.703,6.961,6.262
19605,0.774,37.202,24.295,29.739,23.261,4.823,6.96,6.302
19606,0.774,37.319,24.314,29.749,23.261,4.824,7.0,6.302
19607,0.767,37.224,24.349,29.759,23.258,4.824,6.96,6.343
19608,0.774,37.166,24.299,29.74,23.244,4.743,6.919,6.181
19609,0.758,37.251,24.283,29.711,23.24,4.701,6.959,6.301
19610,0.774,37.386,24.345,29.73,23.247,4.742,7.0,6.302
19611,0.784,37.091,24.377,29.739,23.247,4.783,7.041,6.18
19612,0.784,37.183,24.377,29.72,23.244,4.742,6.96,6.261
19613,0.78,37.328,24.334,29.739,23.247,4.783,7.082,6.221
19614,0.79,37.435,24.357,29.768,23.265,4.946,7.205,6.464
19615,0.797,37.014,24.291,29.74,23.251,4.785,7.125,6.264
19616,0.79,37.135,24.333,29.73,23.254,4.783,7.043,6.262
19617,0.803,37.232,24.357,29.739,23.251,4.783,7.123,6.262
19618,0.803,37.329,24.236,29.759,23.258,4.864,7.205,6.302
19619,0.816,36.946,24.286,29.749,23.254,4.743,7.084,6.221
19620,0.787,37.057,24.267,29.711,23.24,4.661,7.002,6.22
19621,0.79,37.183,24.372,29.73,23.251,4.741,7.123,6.302
19622,0.787,37.242,24.307,29.73,23.254,4.701,7.124,6.262
19623,0.774,37.07,24.369,29.72,23.251,4.823,7.043,6.18
19624,0.771,37.193,24.326,29.72,23.244,4.743,7.042,6.22
19625,0.77,37.338,24.349,29.749,23.258,4.864,7.204,6.383
19626,0.783,37.407,24.322,29.749,23.258,4.824,7.165,6.263
19627,0.767,37.033,24.365,29.749,23.247,4.824,7.084,6.343
19628,0.761,37.202,24.326,29.797,23.251,4.783,7.042,6.303
19629,0.761,37.3,24.31,29.759,23.254,4.824,7.082,6.302
19630,0.764,37.329,24.337,29.759,23.254,4.824,7.083,6.262
19631,0.777,37.004,24.349,29.74,23.244,4.621,7.002,6.18
19632,0.767,37.125,24.334,29.73,23.247,4.741,7.082,6.301
19633,0.774,37.251,24.334,29.749,23.251,4.783,7.002,6.262
19634,0.78,37.348,24.33,29.749,23.254,4.742,7.001,6.262
19635,0.78,37.023,24.271,29.73,23.244,4.742,7.041,6.18
19636,0.787,37.144,24.31,29.749,23.251,4.823,7.123,6.301
19637,0.806,37.299,24.349,29.778,23.265,4.865,7.165,6.343
19638,0.803,37.003,24.268,29.759,23.248,4.824,7.124,6.343
19639,0.8,37.077,24.341,29.759,23.254,4.743,7.083,6.303
19640,0.794,37.193,24.307,29.74,23.254,4.864,7.123,6.343
19641,0.784,37.29,24.361,29.74,23.258,4.784,7.246,6.425
19642,0.79,36.898,24.291,29.74,23.254,4.783,7.125,6.344
19643,0.774,36.999,24.267,29.711,23.244,4.702,7.124,6.303
19644,0.767,37.135,24.333,29.739,23.24,4.823,7.165,6.262
19645,0.767,37.251,24.322,29.759,23.251,4.824,7.206,6.302
19646,0.767,37.013,24.306,29.74,23.247,4.702,7.206,6.302
19647,0.754,37.144,24.353,29.74,23.24,4.742,7.287,6.262
19648,0.744,37.261,24.373,29.759,23.251,4.823,7.369,6.465
19649,0.773,37.367,24.354,29.788,23.265,4.865,7.37,6.386
19650,0.767,36.918,24.342,29.74,23.254,4.865,7.33,6.303
19651,0.77,37.057,24.346,29.74,23.251,4.865,7.289,6.425
19652,0.777,37.193,24.299,29.759,23.261,4.824,7.329,6.426
19653,0.784,37.233,24.341,29.759,23.251,4.824,7.37,6.344
19654,0.771,36.859,24.318,29.73,23.244,4.702,7.167,6.262
19655,0.777,36.98,24.252,29.739,23.251,4.742,7.287,6.343
19656,0.784,37.115,24.317,29.73,23.247,4.783,7.247,6.303
19657,0.787,37.126,24.338,29.73,23.244,4.742,7.247,6.302
19658,0.784,36.896,24.303,29.749,23.244,4.701,7.288,6.302
19659,0.793,37.009,24.326,29.74,23.251,4.863,7.288,6.425
19660,0.79,37.164,24.345,29.778,23.258,4.906,7.329,6.344
19661,0.78,37.175,24.357,29.74,23.251,4.825,7.167,6.384
19662,0.78,36.945,24.275,29.759,23.251,4.865,7.206,6.303
19663,0.784,37.096,24.372,29.769,23.254,4.906,7.247,6.384
19664,0.78,37.203,24.322,29.759,23.258,4.865,7.206,6.344
19665,0.774,36.964,24.318,29.759,23.244,4.662,7.084,6.221
19666,0.774,36.914,24.31,29.74,23.251,4.782,7.123,6.342
19667,0.767,37.067,24.357,29.749,23.251,4.742,7.083,6.303
19668,0.757,37.154,24.311,29.768,23.244,4.742,7.002,6.262
19669,0.748,36.753,24.294,29.74,23.244,4.701,7.001,6.221
19670,0.754,36.844,24.341,29.74,23.247,4.863,7.204,6.383
19671,0.78,36.999,24.392,29.768,23.258,4.906,7.125,6.303
19672,0.767,37.068,24.311,29.759,23.251,4.825,7.165,6.302
19673,0.783,36.848,24.31,29.769,23.254,4.783,7.124,6.343
19674,0.787,36.97,24.306,29.749,23.254,4.824,7.246,6.384
19675,0.787,37.096,24.252,29.749,23.254,4.783,7.206,6.344
19676,0.787,37.184,24.306,29.74,23.244,4.702,7.003,6.262
19677,0.777,36.686,24.337,29.711,23.247,4.782,7.123,6.262
19678,0.797,36.844,24.303,29.739,23.247,4.742,7.083,6.221
19679,0.79,36.961,24.302,29.72,23.251,4.701,7.123,6.22
19680,0.78,37.0,24.326,29.72,23.247,4.742,7.043,6.22
19681,0.777,36.77,24.373,29.749,23.247,4.783,7.164,6.302
19682,0.777,36.941,24.311,29.797,23.265,4.864,7.287,6.425
19683,0.787,37.048,24.31,29.759,23.251,4.824,7.166,6.304
19684,0.777,37.087,24.287,29.749,23.254,4.865,7.206,6.302
19685,0.767,36.829,24.322,29.759,23.254,4.784,7.247,6.302
19686,0.774,36.951,24.306,29.759,23.258,4.824,7.206,6.302
19687,0.761,37.048,24.345,29.759,23.247,4.743,7.206,6.221
19688,0.748,37.058,24.318,29.788,23.244,4.701,7.125,6.261
19689,0.751,37.03,24.283,29.759,23.247,4.742,7.205,6.302
19690,0.754,37.154,24.333,29.759,23.251,4.742,7.287,6.262
19691,0.764,37.242,24.353,29.721,23.247,4.701,7.247,6.18
19692,0.767,36.984,24.326,29.739,23.244,4.782,7.288,6.261
19693,0.787,36.703,24.361,29.768,23.254,4.905,7.451,6.384
19694,0.784,36.863,24.322,29.759,23.254,4.784,7.33,6.303
19695,0.78,36.922,24.341,29.759,23.251,4.783,7.329,6.302
19696,0.787,36.664,24.318,29.759,23.254,4.783,7.41,6.302
19697,0.78,36.729,24.357,29.749,23.244,4.783,7.33,6.302
19698,0.79,36.873,24.334,29.759,23.254,4.783,7.329,6.221
19699,0.79,36.951,24.279,29.711,23.237,4.661,7.248,6.18
19700,0.777,36.731,24.349,29.739,23.251,4.782,7.369,6.22
19701,0.777,36.873,24.357,29.749,23.251,4.783,7.289,6.18
19702,0.774,36.99,24.338,29.749,23.258,4.702,7.288,6.22
19703,0.764,37.058,24.303,29.74,23.241,4.701,7.288,6.22
19704,0.761,36.627,24.306,29.759,23.254,4.904,7.41,6.383
19705,0.767,36.814,24.353,29.778,23.261,4.865,7.371,6.344
19706,0.748,36.903,24.303,29.759,23.247,4.824,7.492,6.221
19707,0.757,36.971,24.322,29.749,23.254,4.865,7.412,6.22
19708,0.757,36.636,24.314,29.749,23.258,4.784,7.452,6.302
19709,0.764,36.786,24.267,29.759,23.251,4.864,7.493,6.302
19710,0.764,36.854,24.345,29.73,23.251,4.702,7.453,6.14
19711,0.757,36.903,24.353,29.739,23.254,4.782,7.493,6.26
19712,0.78,36.635,24.307,29.759,23.254,4.783,7.453,6.221
19713,0.777,36.776,24.333,29.749,23.244,4.742,7.452,6.18
19714,0.767,36.874,24.338,29.74,23.247,4.783,7.493,6.22
19715,0.77,36.903,24.353,29.74,23.251,4.824,7.575,6.302
19716,0.787,37.086,24.311,29.787,23.254,4.987,7.657,6.343
19717,0.79,37.193,24.365,29.759,23.251,4.826,7.536,6.181
19718,0.787,37.3,24.326,29.74,23.254,4.824,7.657,6.179
19719,0.793,37.521,24.279,29.759,23.258,4.865,7.617,6.179
19720,0.777,36.373,24.333,29.769,23.254,4.865,7.657,6.22
19721,0.784,36.505,24.314,29.759,23.251,4.865,7.576,6.139
19722,0.758,36.583,24.302,29.73,23.24,4.743,7.494,6.138
19723,0.777,36.584,24.33,29.739,23.247,4.823,7.575,6.138
19724,0.767,36.689,24.322,29.749,23.251,4.824,7.535,6.179
19725,0.754,36.796,24.209,29.749,23.244,4.824,7.494,6.139
19726,0.754,36.893,24.313,29.73,23.247,4.824,7.534,6.098
19727,0.751,36.482,24.353,29.768,23.258,4.905,7.697,6.3
19728,0.77,36.621,24.318,29.826,23.254,4.906,7.577,6.18
19729,0.751,36.719,24.295,29.75,23.251,4.865,7.616,6.301
19730,0.754,36.825,24.306,29.749,23.254,4.906,7.576,6.221
19731,0.757,36.49,24.31,29.759,23.258,4.906,7.535,6.22
19732,0.764,36.631,24.322,29.769,23.258,4.906,7.534,6.139
19733,0.77,36.747,24.322,29.73,23.241,4.784,7.412,6.138
19734,0.764,36.777,24.31,29.749,23.244,4.864,7.533,6.219
19735,0.777,36.461,24.334,29.749,23.251,4.906,7.575,6.18
19736,0.78,36.611,24.303,29.749,23.247,4.825,7.575,6.179
19737,0.78,36.709,24.353,29.73,23.244,4.783,7.616,6.057
19738,0.784,36.777,24.346,29.759,23.251,4.905,7.698,6.219
19739,0.787,36.672,24.334,29.788,23.258,4.987,7.943,6.22
19740,0.784,36.777,24.365,29.731,23.251,4.907,7.823,6.139
19741,0.771,36.902,24.338,29.749,23.254,4.906,7.822,6.179
19742,0.77,36.952,24.299,29.74,23.251,4.906,7.944,6.139
19743,0.774,36.501,24.322,29.768,23.251,5.069,7.945,6.26
19744,0.761,36.65,24.283,29.749,23.251,4.908,7.823,6.058
19745,0.761,36.719,24.283,29.73,23.247,4.825,7.863,6.097
19746,0.754,36.777,24.318,29.739,23.251,4.905,7.904,6.138
19747,0.751,36.509,24.349,29.749,23.244,4.947,7.782,6.098
19748,0.751,36.631,24.303,29.749,23.247,4.947,7.822,6.138
19749,0.748,36.747,24.298,29.74,23.247,4.907,7.903,6.138
19750,0.76,36.557,24.357,29.759,23.258,5.028,7.985,6.26
19751,0.787,36.526,24.373,29.759,23.254,4.907,7.864,6.18
19752,0.774,36.631,24.283,29.74,23.251,4.906,7.822,6.22
19753,0.777,36.728,24.306,29.74,23.258,4.987,7.781,6.18
19754,0.79,36.384,24.294,29.759,23.258,4.988,7.781,6.139
19755,0.79,36.496,24.283,29.759,23.251,4.907,7.74,6.138
19756,0.784,36.583,24.279,29.721,23.247,4.825,7.618,6.057
19757,0.784,36.709,24.31,29.749,23.251,4.987,7.657,6.097
19758,0.79,36.365,24.318,29.74,23.247,4.866,7.658,6.097
19759,0.793,36.486,24.31,29.74,23.247,4.906,7.617,6.056
19760,0.793,36.602,24.357,29.74,23.244,4.947,7.617,6.137
19761,0.797,36.718,24.322,29.778,23.258,5.11,7.779,6.26
19762,0.787,36.384,24.322,29.769,23.247,4.989,7.618,6.139
19763,0.774,36.515,24.314,29.74,23.251,4.988,7.617,6.098
19764,0.767,36.641,24.337,29.749,23.261,4.907,7.495,6.097
19765,0.777,36.7,24.279,29.759,23.258,4.987,7.534,6.178
19766,0.761,36.403,24.306,29.749,23.247,5.029,7.494,6.017
19767,0.744,36.496,24.349,29.73,23.237,4.785,7.453,6.056
19768,0.751,36.65,24.244,29.759,23.247,4.946,7.493,6.097
19769,0.751,36.719,24.29,29.74,23.247,4.907,7.494,6.097
19770,0.751,36.384,24.341,29.74,23.244,4.906,7.453,6.016
19771,0.761,36.496,24.381,29.711,23.251,4.906,7.493,6.096
19772,0.761,36.612,24.334,29.739,23.251,4.947,7.656,6.26
19773,0.78,36.671,24.334,29.778,23.265,5.069,7.617,6.139
19774,0.787,36.499,24.326,29.75,23.254,4.908,7.617,6.179
19775,0.777,36.621,24.279,29.759,23.251,4.906,7.657,6.098
19776,0.774,36.747,24.306,29.759,23.254,4.987,7.617,6.178
19777,0.797,36.662,24.306,29.769,23.258,4.948,7.657,6.139
19778,0.787,36.278,24.298,29.749,23.247,4.907,7.698,6.057
19779,0.78,36.379,24.31,29.72,23.251,4.865,7.699,6.056
19780,0.787,36.515,24.345,29.749,23.251,4.865,7.78,6.137
19781,0.777,36.161,24.322,29.74,23.251,4.906,7.781,6.057
19782,0.771,36.206,24.341,29.73,23.254,4.865,7.781,6.097
19783,0.767,36.321,24.326,29.73,23.247,4.824,7.781,6.138
19784,0.761,36.447,24.326,29.759,23.258,5.027,7.903,6.301
19785,0.774,36.352,24.291,29.769,23.258,5.03,7.945,6.14
19786,0.771,36.457,24.298,29.759,23.251,4.948,7.864,6.179
19787,0.767,36.583,24.345,29.769,23.254,4.947,7.904,6.139
19788,0.757,36.68,24.291,29.759,23.258,4.947,7.904,6.179
19789,0.761,36.278,24.318,29.759,23.251,4.947,7.945,6.139
19790,0.764,36.389,24.314,29.74,23.244,4.785,7.701,6.016
19791,0.757,36.486,24.365,29.74,23.24,4.946,7.821,6.137
19792,0.777,36.573,24.264,29.759,23.251,4.866,7.781,6.098
19793,0.774,36.21,24.298,29.74,23.247,4.906,7.781,6.097
19794,0.784,36.321,24.29,29.749,23.247,4.825,7.659,6.097
19795,0.78,36.466,24.287,29.759,23.254,4.865,7.78,6.219
19796,0.8,36.564,24.314,29.788,23.265,5.028,7.903,6.261
19797,0.8,36.219,24.31,29.75,23.254,4.948,7.782,6.139
19798,0.787,36.379,24.306,29.759,23.251,4.988,7.74,6.138
19799,0.793,36.486,24.318,29.769,23.254,4.948,7.781,6.138
19800,0.787,36.516,24.345,29.749,23.251,4.947,7.781,6.179
19801,0.787,36.19,24.31,29.759,23.247,4.866,7.74,6.017
19802,0.771,36.292,24.291,29.721,23.244,4.824,7.74,6.096
19803,0.77,36.428,24.298,29.759,23.247,4.905,7.781,6.138
19804,0.767,36.448,24.287,29.749,23.251,4.865,7.74,6.057
19805,0.77,36.247,24.306,29.74,23.247,4.865,7.699,6.015
19806,0.764,36.37,24.279,29.74,23.251,4.906,7.78,6.137
19807,0.761,36.496,24.329,29.787,23.258,4.987,7.944,6.26
19808,0.774,36.334,24.33,29.75,23.254,4.988,7.823,6.139
19809,0.754,36.313,24.291,29.749,23.254,4.907,7.781,6.138
19810,0.767,36.418,24.333,29.759,23.251,4.947,7.862,6.179
19811,0.77,36.515,24.349,29.759,23.251,4.907,7.863,6.22
19812,0.777,36.209,24.311,29.759,23.251,4.906,7.863,6.098
19813,0.777,36.292,24.279,29.74,23.244,4.825,7.741,6.056
19814,0.777,36.437,24.286,29.74,23.247,4.905,7.781,6.097
19815,0.784,36.535,24.29,29.749,23.251,4.865,7.74,6.056
19816,0.787,36.123,24.294,29.749,23.244,4.906,7.74,6.097
19817,0.787,36.253,24.322,29.73,23.244,4.865,7.781,6.097
19818,0.793,36.398,24.338,29.768,23.254,4.987,7.862,6.219
19819,0.803,36.525,24.322,29.788,23.258,5.029,7.741,6.139
19820,0.79,36.181,24.341,29.75,23.244,4.948,7.781,6.098
19821,0.8,36.331,24.33,29.74,23.254,4.947,7.822,6.097
19822,0.794,36.476,24.303,29.759,23.251,4.907,7.7,6.138
19823,0.8,36.535,24.306,29.759,23.258,4.947,7.78,6.138
19824,0.79,36.027,24.314,29.74,23.241,4.947,7.618,5.935
19825,0.774,36.166,24.302,29.72,23.247,4.907,7.739,6.055
19826,0.78,36.292,24.318,29.739,23.254,4.947,7.781,6.056
19827,0.767,36.341,24.341,29.74,23.251,4.866,7.781,6.056
19828,0.777,36.188,24.303,29.74,23.244,4.865,7.74,6.056
19829,0.774,36.321,24.298,29.74,23.251,4.865,7.781,6.178
19830,0.787,36.447,24.365,29.778,23.261,5.028,8.025,6.22
19831,0.793,36.458,24.354,29.759,23.251,4.907,7.824,6.098
19832,0.803,36.084,24.295,29.769,23.254,4.947,7.944,6.097
19833,0.803,36.205,24.322,29.759,23.251,4.866,7.905,6.219
19834,0.813,36.321,24.31,29.74,23.254,5.028,7.945,6.22
19835,0.826,36.322,24.326,29.759,23.251,4.948,7.905,6.058
19836,0.826,36.217,24.306,29.73,23.237,4.866,7.863,6.097
19837,0.836,36.34,24.337,29.759,23.244,4.906,7.985,6.056
19838,0.846,36.466,24.314,29.749,23.244,4.865,7.986,6.097
19839,0.846,36.046,24.306,29.73,23.251,4.906,7.986,6.016
19840,0.856,36.089,24.353,29.739,23.244,4.825,7.905,6.015
19841,0.856,36.243,24.361,29.749,23.251,4.987,8.026,6.259
19842,0.862,36.389,24.354,29.797,23.258,4.948,8.027,6.139
19843,0.856,35.987,24.279,29.74,23.251,4.866,7.946,6.016
19844,0.843,36.137,24.306,29.749,23.251,4.865,7.986,6.137
19845,0.856,36.253,24.291,29.749,23.254,4.946,7.946,6.179
19846,0.856,36.36,24.322,29.759,23.261,4.988,7.945,6.179
19847,0.853,36.073,24.295,29.721,23.247,4.785,7.823,6.057
19848,0.833,36.195,24.306,29.749,23.251,4.905,7.863,6.178
19849,0.833,36.331,24.291,29.759,23.254,4.825,7.904,6.139
19850,0.839,36.399,24.341,29.749,23.247,4.824,7.823,6.138
19851,0.849,35.872,24.353,29.73,23.251,4.865,7.863,6.098
19852,0.843,36.03,24.326,29.759,23.251,4.906,7.944,6.26
19853,0.859,36.185,24.353,29.778,23.258,5.028,7.945,6.302
19854,0.859,36.235,24.322,29.74,23.254,4.948,7.864,6.18
19855,0.862,36.091,24.326,29.759,23.251,4.947,7.863,6.22
19856,0.872,36.205,24.291,29.759,23.254,4.907,7.863,6.261
19857,0.879,36.321,24.287,29.749,23.251,4.947,7.904,6.18
19858,0.885,36.37,24.29,29.749,23.254,4.866,7.742,6.098
19859,0.889,36.074,24.259,29.73,23.244,4.784,7.74,6.138
19860,0.899,36.214,24.325,29.73,23.254,4.864,7.74,6.179
19861,0.899,36.34,24.287,29.749,23.247,4.906,7.74,6.098
19862,0.879,36.629,24.326,29.74,23.247,4.865,7.699,6.138
19863,0.866,36.086,24.345,29.74,23.247,4.865,7.699,6.179
19864,0.869,36.243,24.326,29.778,23.265,5.028,7.861,6.301
19865,0.879,36.341,24.26,29.769,23.251,4.826,7.782,6.18
19866,0.869,36.054,24.302,29.749,23.251,4.905,7.822,6.22
19867,0.863,36.061,24.337,29.749,23.251,4.987,7.822,6.18
19868,0.862,36.224,24.326,29.788,23.254,4.866,7.944,6.22
19869,0.869,36.312,24.263,29.759,23.254,4.906,7.783,6.22
19870,0.856,35.929,24.275,29.721,23.234,4.825,7.781,6.139
19871,0.879,36.06,24.329,29.749,23.247,4.865,7.822,6.301
19872,0.882,36.195,24.26,29.73,23.251,4.865,7.822,6.099
19873,0.882,36.264,24.29,29.739,23.244,4.824,7.903,6.178
19874,0.876,35.948,24.287,29.74,23.244,4.824,7.782,6.22
19875,0.879,36.117,24.302,29.759,23.261,4.987,7.984,6.342
19876,0.895,36.263,24.294,29.788,23.251,4.948,7.864,6.14
19877,0.895,36.312,24.326,29.769,23.251,4.866,7.863,6.26
19878,0.889,35.852,24.314,29.759,23.251,4.865,7.944,6.221
19879,0.902,35.992,24.314,29.759,23.251,4.865,7.864,6.261
19880,0.892,36.108,24.341,29.759,23.251,4.824,7.822,6.221
19881,0.879,36.186,24.295,29.74,23.24,4.743,7.781,6.098
19882,0.866,36.043,24.31,29.74,23.251,4.742,7.862,6.219
19883,0.866,36.195,24.318,29.749,23.254,4.905,7.822,6.22
19884,0.846,36.312,24.291,29.74,23.247,4.784,7.781,6.22
19885,0.833,36.361,24.294,29.74,23.244,4.824,7.74,6.139
19886,0.836,35.968,24.283,29.74,23.251,4.824,7.862,6.341
19887,0.826,36.137,24.329,29.768,23.261,5.068,7.985,6.343
19888,0.813,36.244,24.318,29.759,23.251,4.786,7.783,6.262
19889,0.807,36.255,24.302,29.759,23.254,4.864,7.781,6.262
19890,0.794,35.909,24.369,29.759,23.251,4.865,7.822,6.221
19891,0.806,36.04,24.33,29.74,23.254,4.906,7.781,6.302
19892,0.803,36.166,24.306,29.768,23.254,4.906,7.659,6.18
19893,0.794,36.014,24.267,29.721,23.24,4.744,7.617,6.139
19894,0.79,35.984,24.29,29.768,23.247,4.864,7.657,6.26
19895,0.797,36.127,24.302,29.749,23.247,4.824,7.658,6.18
19896,0.797,36.215,24.294,29.749,23.24,4.743,7.576,6.22
19897,0.797,35.851,24.31,29.72,23.247,4.823,7.616,6.18
19898,0.794,35.982,24.31,29.749,23.251,4.905,7.739,6.301
19899,0.81,36.127,24.337,29.778,23.258,4.906,7.699,6.302
19900,0.781,36.205,24.357,29.75,23.258,4.825,7.618,6.221
19901,0.777,35.909,24.268,29.74,23.254,4.865,7.698,6.261
19902,0.774,36.05,24.29,29.759,23.254,4.865,7.699,6.302
19903,0.774,36.166,24.279,29.759,23.254,4.906,7.658,6.221
19904,0.754,36.244,24.298,29.749,23.244,4.744,7.455,6.058
19905,0.738,35.852,24.283,29.74,23.251,4.905,7.615,6.219
19906,0.728,36.011,24.298,29.749,23.247,4.825,7.576,6.22
19907,0.721,36.118,24.31,29.74,23.244,4.824,7.494,6.139
19908,0.718,36.196,24.298,29.749,23.247,4.783,7.494,6.179
19909,0.721,35.918,24.287,29.749,23.251,4.824,7.534,6.22
19910,0.734,36.088,24.349,29.788,23.265,4.905,7.657,6.302
19911,0.734,36.186,24.346,29.75,23.251,4.825,7.495,6.262
19912,0.734,36.235,24.338,29.74,23.251,4.865,7.494,6.18
19913,0.738,35.919,24.252,29.759,23.251,4.784,7.453,6.261
19914,0.744,36.069,24.298,29.778,23.258,4.824,7.534,6.18
19915,0.741,36.186,24.294,29.769,23.251,4.865,7.412,6.139
19916,0.738,36.168,24.306,29.721,23.244,4.743,7.33,6.138
19917,0.738,35.861,24.279,29.749,23.254,4.823,7.41,6.138
19918,0.738,35.973,24.294,29.74,23.247,4.783,7.33,6.179
19919,0.734,36.07,24.322,29.749,23.244,4.783,7.37,6.179
19920,0.721,36.109,24.334,29.72,23.244,4.742,7.33,6.098
19921,0.715,35.918,24.264,29.749,23.258,4.905,7.37,6.26
19922,0.728,36.088,24.294,29.788,23.258,4.865,7.37,6.221
19923,0.715,36.167,24.275,29.75,23.251,4.865,7.33,6.22
19924,0.711,35.841,24.29,29.74,23.247,4.824,7.329,6.22
19925,0.718,35.896,24.298,29.749,23.254,4.865,7.289,6.22
19926,0.715,36.021,24.298,29.768,23.258,4.865,7.329,6.18
19927,0.698,36.099,24.341,29.73,23.251,4.702,7.126,6.139
19928,0.688,35.726,24.303,29.72,23.251,4.823,7.246,6.179
19929,0.701,35.894,24.279,29.749,23.254,4.743,7.166,6.098
19930,0.705,36.011,24.345,29.73,23.251,4.701,7.165,6.178
19931,0.711,36.07,24.338,29.73,23.244,4.701,7.124,6.179
19932,0.718,35.84,24.326,29.739,23.254,4.782,7.205,6.22
19933,0.731,36.03,24.322,29.787,23.265,4.905,7.409,6.342
19934,0.728,36.166,24.33,29.759,23.258,4.825,7.249,6.221
19935,0.721,36.225,24.287,29.759,23.247,4.783,7.206,6.261
19936,0.718,35.746,24.302,29.759,23.251,4.824,7.247,6.302
19937,0.734,35.885,24.287,29.74,23.254,4.824,7.369,6.302
19938,0.734,36.021,24.314,29.768,23.251,4.824,7.289,6.14
19939,0.734,36.051,24.291,29.73,23.24,4.661,7.125,6.138
19940,0.721,35.754,24.329,29.759,23.251,4.822,7.246,6.179
19941,0.721,35.904,24.303,29.749,23.244,4.824,7.206,6.179
19942,0.711,36.04,24.314,29.73,23.244,4.743,7.165,6.179
19943,0.708,36.061,24.322,29.72,23.247,4.783,7.084,6.179
19944,0.702,35.773,24.326,29.749,23.251,4.824,7.123,6.261
19945,0.718,35.933,24.334,29.788,23.254,4.905,7.246,6.221
19946,0.711,36.04,24.291,29.75,23.251,4.825,7.125,6.18
19947,0.705,36.243,24.318,29.749,23.24,4.824,7.165,6.342
19948,0.708,35.813,24.279,29.768,23.251,4.865,7.206,6.303
19949,0.708,35.934,24.282,29.759,23.254,4.906,7.206,6.302
19950,0.708,36.04,24.325,29.769,23.251,4.744,7.125,6.18
19951,0.715,35.802,24.314,29.721,23.244,4.701,7.165,6.301
19952,0.724,35.857,24.318,29.739,23.254,4.823,7.165,6.302
19953,0.721,35.973,24.302,29.759,23.247,4.783,7.165,6.221
19954,0.731,36.06,24.326,29.73,23.247,4.742,7.124,6.18
19955,0.728,35.649,24.326,29.749,23.251,4.823,7.246,6.301
19956,0.734,35.817,24.353,29.778,23.261,4.905,7.288,6.384
19957,0.747,35.934,24.275,29.759,23.254,4.784,7.166,6.263
19958,0.741,36.002,24.306,29.749,23.254,4.864,7.287,6.302
19959,0.744,35.715,24.345,29.759,23.258,4.865,7.369,6.302
19960,0.741,35.856,24.295,29.769,23.254,4.865,7.33,6.384
19961,0.712,35.992,24.248,29.74,23.244,4.702,7.207,6.222
19962,0.715,36.031,24.243,29.749,23.251,4.782,7.287,6.261
19963,0.728,35.773,24.302,29.74,23.247,4.783,7.288,6.302
19964,0.715,35.895,24.31,29.74,23.247,4.661,7.247,6.221
19965,0.711,36.011,24.294,29.73,23.247,4.822,7.247,6.261
19966,0.715,36.08,24.283,29.739,23.251,4.783,7.328,6.384
19967,0.721,35.764,24.283,29.787,23.265,4.905,7.37,6.385
19968,0.715,35.885,24.298,29.759,23.251,4.825,7.289,6.385
19969,0.711,35.992,24.298,29.759,23.251,4.783,7.247,6.344
19970,0.728,36.041,24.322,29.778,23.251,4.864,7.288,6.343
19971,0.734,35.6,24.291,29.75,23.254,4.906,7.288,6.303
19972,0.738,35.74,24.294,29.74,23.247,4.744,7.085,6.18
19973,0.738,35.828,24.29,29.72,23.247,4.742,7.164,6.301
19974,0.731,35.886,24.326,29.739,23.244,4.783,7.206,6.302
19975,0.728,35.81,24.295,29.74,23.251,4.742,7.125,6.262
19976,0.728,35.924,24.306,29.72,23.244,4.701,7.124,6.302
19977,0.734,36.031,24.267,29.739,23.247,4.823,7.165,6.302
19978,0.747,35.878,24.31,29.778,23.265,4.946,7.246,6.425
19979,0.773,35.695,24.322,29.75,23.254,4.825,7.084,6.263
19980,0.774,35.837,24.318,29.749,23.251,4.865,7.164,6.262
19981,0.78,35.905,24.279,29.768,23.258,4.906,7.084,6.343
19982,0.819,35.609,24.267,29.759,23.254,4.825,7.083,6.343
19983,0.846,35.711,24.278,29.759,23.251,4.824,6.961,6.221
19984,0.859,35.798,24.271,29.73,23.24,4.702,6.96,6.18
19985,0.885,35.914,24.278,29.73,23.247,4.782,7.0,6.261
19986,0.905,35.647,24.294,29.739,23.251,4.742,6.96,6.18
19987,0.918,35.779,24.29,29.759,23.244,4.742,6.919,6.22
19988,0.912,35.895,24.29,29.74,23.244,4.783,6.878,6.22
19989,0.928,35.992,24.283,29.749,23.254,4.824,7.081,6.383
19990,0.97,38.247,24.341,29.778,23.261,4.946,7.042,6.344
19991,0.981,38.346,24.33,29.769,23.254,4.744,7.042,6.303
19992,1.013,38.433,24.31,29.74,23.251,4.905,6.96,6.262
19993,1.046,38.501,24.291,29.759,23.258,4.784,7.0,6.343
19994,1.102,34.494,24.263,29.749,23.254,4.864,7.001,6.303
19995,1.141,34.645,24.29,29.749,23.244,4.743,6.879,6.221
19996,1.184,34.743,24.318,29.72,23.24,4.783,6.918,6.302
19997,1.253,34.849,24.185,29.778,23.251,4.783,7.0,6.221
19998,1.292,36.02,24.274,29.75,23.251,4.783,7.001,6.302
19999,1.325,36.185,24.325,29.72,23.244,4.742,6.96,6.221
20000,1.326,36.273,24.314,29.749,23.244,4.783,6.919,6.383
20001,1.313,36.351,24.33,29.778,23.261,4.946,7.122,6.547
20002,1.329,35.517,24.275,29.75,23.254,4.744,6.961,6.427
20003,1.316,35.633,24.306,29.759,23.254,4.864,6.96,6.385
20004,1.348,35.759,24.271,29.769,23.254,4.824,6.96,6.466
20005,1.349,36.106,24.29,29.73,23.251,4.905,7.0,6.426
20006,1.329,35.764,24.318,29.759,23.254,4.825,6.96,6.385
20007,1.29,35.857,24.287,29.73,23.237,4.661,6.878,6.344
20008,1.267,35.973,24.306,29.749,23.247,4.863,6.959,6.466
20009,1.267,35.552,24.31,29.74,23.254,4.784,6.96,6.386
20010,1.254,35.548,24.326,29.74,23.244,4.783,6.919,6.507
20011,1.201,35.663,24.314,29.74,23.247,4.742,6.959,6.589
20012,1.152,35.798,24.302,29.768,23.258,4.823,7.082,6.671
20013,1.122,35.521,24.314,29.797,23.261,4.865,7.042,6.713
20014,1.067,35.624,24.31,29.75,23.254,4.784,6.96,6.794
20015,1.021,35.74,24.294,29.768,23.254,4.742,7.041,6.917
20016,0.971,35.828,24.341,29.769,23.254,4.783,7.001,7.122
20017,0.925,35.531,24.299,29.74,23.254,4.783,7.082,7.368
20018,0.863,35.662,24.29,29.73,23.247,4.742,6.92,7.411
20019,0.788,35.769,24.306,29.73,23.244,4.742,6.959,7.737
20020,0.764,35.876,24.298,29.739,23.254,4.783,7.041,7.943
20021,0.715,35.57,24.314,29.73,23.247,4.783,6.96,8.067
20022,0.682,35.701,24.291,29.739,23.251,4.742,7.0,8.434
20023,0.643,35.808,24.279,29.73,23.24,4.742,7.041,8.601
20024,0.61,35.924,24.29,29.768,23.268,4.905,7.204,8.927
20025,0.6,35.551,24.302,29.759,23.251,4.784,7.125,8.972
20026,0.557,35.682,24.314,29.749,23.251,4.783,7.124,9.135
20027,0.55,35.789,24.283,29.759,23.251,4.742,7.124,9.339
20028,0.563,35.857,24.31,29.759,23.258,4.905,7.124,9.342
20029,0.599,35.589,24.294,29.778,23.254,4.825,7.205,9.382
20030,0.622,35.711,24.326,29.74,23.237,4.702,7.043,9.423
20031,0.675,35.818,24.271,29.749,23.251,4.823,7.164,9.546
20032,0.714,35.867,24.275,29.768,23.247,4.783,7.084,9.588
20033,0.75,35.455,24.29,29.749,23.251,4.742,7.042,9.751
20034,0.78,35.575,24.29,29.74,23.247,4.701,7.082,10.037
20035,0.787,35.701,24.302,29.759,23.254,4.863,7.205,10.324
20036,0.819,35.655,24.345,29.778,23.265,4.865,7.125,10.612
20037,0.813,35.606,24.252,29.759,23.251,4.784,7.083,10.737
20038,0.826,35.73,24.286,29.74,23.251,4.824,7.083,10.941
20039,0.826,35.818,24.294,29.749,23.251,4.865,7.083,11.268
20040,0.833,35.483,24.294,29.759,23.254,4.784,7.205,11.475
20041,0.81,35.624,24.24,29.74,23.251,4.702,6.962,11.558
20042,0.803,35.711,24.251,29.72,23.251,4.701,7.082,11.844
20043,0.81,35.827,24.298,29.759,23.247,4.742,7.123,11.887
20044,0.8,35.359,24.29,29.749,23.251,4.742,7.043,11.969
20045,0.787,35.498,24.322,29.72,23.244,4.742,7.164,11.97
20046,0.787,35.614,24.291,29.749,23.251,4.783,7.124,12.133
20047,0.797,35.73,24.314,29.788,23.258,4.946,7.368,12.215
20048,0.79,35.406,24.314,29.74,23.247,4.825,7.208,12.094
20049,0.79,35.546,24.291,29.749,23.251,4.783,7.206,12.052
20050,0.8,35.672,24.329,29.74,23.254,4.824,7.247,11.971
20051,0.8,35.741,24.318,29.759,23.254,4.824,7.288,11.889
20052,0.807,35.521,24.267,29.749,23.244,4.702,7.207,11.685
20053,0.797,35.634,24.259,29.73,23.244,4.823,7.206,11.642
20054,0.807,35.769,24.282,29.749,23.247,4.783,7.206,11.519
20055,0.813,35.837,24.286,29.749,23.251,4.783,7.165,11.518
20056,0.816,35.426,24.349,29.73,23.24,4.661,7.206,11.315
20057,0.82,35.575,24.311,29.739,23.251,4.822,7.206,11.272
20058,0.833,35.72,24.298,29.768,23.265,4.905,7.287,11.312
20059,0.83,35.741,24.337,29.74,23.251,4.825,7.247,11.11
20060,0.813,35.502,24.299,29.749,23.254,4.824,7.206,11.026
20061,0.807,35.662,24.31,29.768,23.254,4.783,7.247,10.944
20062,0.813,35.75,24.228,29.749,23.251,4.864,7.288,10.862
20063,0.81,35.732,24.282,29.749,23.251,4.702,7.207,10.658
20064,0.794,35.425,24.267,29.73,23.244,4.701,7.206,10.574
20065,0.797,35.575,24.298,29.739,23.251,4.823,7.206,10.492
20066,0.794,35.663,24.283,29.74,23.24,4.743,7.206,10.329
20067,0.78,35.568,24.29,29.73,23.251,4.742,7.165,10.246
20068,0.78,35.682,24.29,29.749,23.251,4.783,7.246,10.164
20069,0.8,35.856,24.302,29.778,23.261,4.946,7.41,10.204
20070,0.8,35.905,24.353,29.759,23.251,4.866,7.289,10.041
20071,0.794,35.196,24.275,29.749,23.258,4.743,7.288,9.918
20072,0.797,35.333,24.275,29.749,23.254,4.783,7.288,9.794
20073,0.807,35.469,24.286,29.768,23.251,4.864,7.288,9.753
20074,0.803,35.566,24.275,29.749,23.251,4.784,7.288,9.59
20075,0.797,35.375,24.279,29.72,23.24,4.742,7.207,9.547
20076,0.813,35.527,24.333,29.749,23.244,4.783,7.247,9.384
20077,0.823,35.662,24.267,29.768,23.251,4.783,7.247,9.301
20078,0.83,35.74,24.275,29.74,23.247,4.742,7.206,9.138
20079,0.826,35.31,24.298,29.72,23.244,4.742,7.247,9.095
20080,0.823,35.459,24.322,29.768,23.258,4.905,7.45,9.258
20081,0.83,35.623,24.299,29.826,23.247,4.784,7.33,9.015
20082,0.817,35.663,24.31,29.75,23.254,4.864,7.248,8.932
20083,0.813,35.443,24.294,29.768,23.251,4.824,7.328,8.768
20084,0.807,35.594,24.306,29.769,23.247,4.865,7.37,8.767
20085,0.816,35.701,24.314,29.778,23.258,4.865,7.289,8.685
20086,0.8,35.722,24.275,29.74,23.241,4.662,7.207,8.481
20087,0.79,35.367,24.275,29.73,23.244,4.782,7.287,8.601
20088,0.79,35.526,24.286,29.739,23.247,4.783,7.329,8.44
20089,0.797,35.643,24.263,29.74,23.244,4.742,7.248,8.438
20090,0.79,35.846,24.325,29.74,23.244,4.742,7.166,8.357
20091,0.803,35.378,24.267,29.74,23.254,4.864,7.409,8.437
20092,0.816,35.565,24.325,29.768,23.254,4.906,7.33,8.316
20093,0.82,35.615,24.306,29.759,23.251,4.784,7.289,8.234
20094,0.833,35.414,24.298,29.749,23.251,4.824,7.329,8.192
20095,0.83,35.469,24.314,29.759,23.254,4.824,7.329,8.11
20096,0.836,35.585,24.279,29.778,23.254,4.824,7.289,8.15
20097,0.846,35.682,24.247,29.75,23.247,4.743,7.125,7.907
20098,0.833,35.261,24.235,29.72,23.244,4.742,7.205,7.945
20099,0.843,35.382,24.266,29.749,23.251,4.823,7.247,7.823
20100,0.839,35.508,24.298,29.74,23.247,4.783,7.206,7.781
20101,0.826,35.605,24.255,29.74,23.244,4.742,7.165,7.74
20102,0.82,35.318,24.29,29.74,23.251,4.783,7.287,7.781
20103,0.826,35.497,24.326,29.768,23.261,4.946,7.369,7.822
20104,0.83,35.624,24.314,29.74,23.251,4.866,7.33,7.7
20105,0.82,35.692,24.31,29.74,23.247,4.865,7.289,7.658
20106,0.82,35.271,24.314,29.759,23.254,4.824,7.207,7.698
20107,0.817,35.41,24.22,29.778,23.258,4.824,7.328,7.658
20108,0.813,35.546,24.239,29.769,23.251,4.865,7.248,7.536
20109,0.794,35.567,24.274,29.721,23.244,4.784,7.166,7.494
20110,0.806,35.327,24.294,29.739,23.247,4.905,7.287,7.453
20111,0.829,35.488,24.255,29.749,23.247,4.825,7.247,7.371
20112,0.826,35.595,24.29,29.74,23.251,4.783,7.166,7.37
20113,0.826,35.634,24.279,29.74,23.247,4.824,7.165,7.33
20114,0.843,35.337,24.271,29.759,23.261,4.987,7.368,7.41
20115,0.846,35.497,24.294,29.778,23.258,4.907,7.248,7.371
20116,0.843,35.566,24.337,29.74,23.247,4.825,7.206,7.33
20117,0.846,35.605,24.318,29.797,23.251,4.905,7.206,7.248
20118,0.856,35.376,24.259,29.759,23.254,4.906,7.206,7.288
20119,0.856,35.498,24.353,29.769,23.251,4.825,7.165,7.207
20120,0.846,35.595,24.283,29.721,23.244,4.743,7.002,7.043
20121,0.84,35.443,24.29,29.73,23.244,4.864,7.123,7.164
20122,0.839,35.326,24.283,29.739,23.251,4.824,7.083,7.043
20123,0.83,35.44,24.286,29.74,23.251,4.824,7.042,6.92
20124,0.836,35.537,24.271,29.72,23.244,4.783,6.96,6.959
20125,0.82,35.26,24.306,29.749,23.251,4.824,7.041,7.122
20126,0.839,35.41,24.283,29.778,23.261,4.905,7.123,7.043
20127,0.83,35.508,24.306,29.74,23.244,4.865,7.002,7.001
20128,0.826,35.605,24.291,29.749,23.251,4.865,7.001,7.001
20129,0.817,35.165,24.279,29.74,23.254,4.906,7.001,7.041
20130,0.823,35.304,24.31,29.74,23.251,4.906,7.082,7.001
20131,0.843,35.401,24.236,29.72,23.244,4.825,6.88,6.838
20132,0.83,35.489,24.278,29.72,23.237,4.905,7.0,6.877
20133,0.849,35.211,24.259,29.749,23.251,4.825,6.96,6.918
20134,0.849,35.352,24.29,29.749,23.247,4.824,6.878,6.837
20135,0.853,35.469,24.29,29.72,23.244,4.783,6.918,6.755
20136,0.856,35.547,24.31,29.739,23.251,4.864,6.959,6.876
20137,0.869,35.183,24.259,29.787,23.265,4.946,7.082,6.959
20138,0.879,35.314,24.263,29.75,23.251,4.866,6.88,6.797
20139,0.866,35.411,24.337,29.73,23.254,4.906,6.877,6.795
20140,0.869,35.46,24.287,29.749,23.251,4.906,6.918,6.795
20141,0.859,35.316,24.286,29.807,23.251,4.947,6.919,6.836
20142,0.859,35.44,24.283,29.74,23.251,4.947,6.878,6.714
20143,0.859,35.527,24.255,29.72,23.24,4.663,6.755,6.672
20144,0.836,35.576,24.282,29.739,23.254,4.863,6.917,6.794
20145,0.843,35.222,24.275,29.72,23.247,4.824,6.878,6.714
20146,0.836,35.352,24.29,29.72,23.247,4.824,6.755,6.672
20147,0.83,35.459,24.302,29.739,23.244,4.743,6.876,6.672
20148,0.836,35.7,24.298,29.749,23.254,4.905,6.918,6.794
20149,0.846,35.396,24.333,29.778,23.254,4.947,6.837,6.673
20150,0.843,35.479,24.326,29.75,23.254,4.866,6.837,6.753
20151,0.853,35.595,24.275,29.749,23.251,4.906,6.918,6.673
20152,0.862,35.203,24.263,29.749,23.265,4.947,6.837,6.672
20153,0.856,35.218,24.251,29.749,23.251,4.907,6.837,6.631
20154,0.866,35.333,24.278,29.72,23.237,4.744,6.674,6.509
20155,0.866,35.449,24.31,29.749,23.251,4.905,6.794,6.63
20156,0.872,35.24,24.337,29.749,23.254,4.865,6.795,6.631
20157,0.885,35.343,24.303,29.797,23.247,4.784,6.755,6.672
20158,0.879,35.459,24.291,29.721,23.244,4.864,6.795,6.591
20159,0.876,35.527,24.333,29.72,23.254,4.906,6.917,6.712
20160,0.898,35.125,24.342,29.778,23.258,4.987,7.0,6.632
20161,0.873,35.256,24.31,29.75,23.251,4.866,6.879,6.712
20162,0.876,35.362,24.283,29.73,23.251,4.906,6.959,6.672
20163,0.872,35.469,24.275,29.739,23.258,4.906,6.96,6.672
20164,0.863,35.163,24.271,29.759,23.251,4.987,6.96,6.713
20165,0.856,35.294,24.278,29.73,23.244,4.826,6.756,6.51
20166,0.856,35.411,24.275,29.73,23.254,4.905,6.917,6.63
20167,0.862,35.469,24.279,29.739,23.251,4.825,6.959,6.631
20168,0.856,35.202,24.286,29.73,23.251,4.905,6.919,6.59
20169,0.856,35.333,24.306,29.711,23.251,4.865,6.919,6.509
20170,0.856,35.449,24.345,29.749,23.247,4.946,7.0,6.67
20171,0.879,35.547,24.287,29.778,23.261,4.988,7.041,6.672
20172,0.885,35.135,24.286,29.73,23.247,4.907,7.001,6.509
20173,0.885,35.256,24.247,29.739,23.254,4.947,7.041,6.63
20174,0.895,35.401,24.29,29.759,23.251,4.947,7.082,6.59
20175,0.889,35.412,24.318,29.749,23.251,4.907,7.042,6.631
20176,0.905,35.172,24.314,29.74,23.244,4.865,6.92,6.59
20177,0.899,35.285,24.287,29.74,23.251,4.906,6.959,6.59
20178,0.912,35.401,24.24,29.749,23.247,4.865,7.0,6.631
20179,0.895,35.191,24.298,29.73,23.251,4.906,7.001,6.509
20180,0.882,35.141,24.279,29.72,23.24,4.825,6.96,6.508
20181,0.879,35.304,24.263,29.73,23.247,4.865,6.96,6.63
20182,0.902,35.411,24.314,29.768,23.258,5.028,7.082,6.753
20183,0.902,35.115,24.306,29.74,23.251,4.907,6.961,6.551
20184,0.879,35.179,24.322,29.74,23.251,4.825,7.0,6.59
20185,0.885,35.333,24.318,29.759,23.258,4.946,7.123,6.59
20186,0.892,35.421,24.279,29.759,23.258,4.947,7.124,6.631
20187,0.886,35.048,24.298,29.749,23.258,4.866,6.961,6.631
20188,0.879,35.178,24.267,29.73,23.241,4.743,6.96,6.59
20189,0.879,35.314,24.263,29.739,23.244,4.864,7.0,6.631
20190,0.885,35.382,24.31,29.73,23.251,4.865,7.041,6.59
20191,0.895,35.124,24.252,29.72,23.244,4.824,6.96,6.509
20192,0.902,35.236,24.278,29.73,23.237,4.783,6.878,6.549
20193,0.899,35.391,24.263,29.759,23.258,4.946,7.081,6.671
20194,0.921,35.479,24.314,29.778,23.258,4.947,7.042,6.631
20195,0.912,35.019,24.31,29.75,23.247,4.907,7.042,6.59
20196,0.922,35.168,24.33,29.759,23.254,4.865,7.042,6.671
20197,0.935,35.285,24.31,29.797,23.254,4.946,7.164,6.631
20198,0.935,35.334,24.259,29.759,23.254,4.907,7.043,6.55
20199,0.935,35.219,24.314,29.74,23.24,4.784,7.001,6.386
20200,0.925,35.343,24.275,29.74,23.251,4.864,7.001,6.588
20201,0.931,35.469,24.259,29.74,23.254,4.865,7.041,6.549
20202,0.918,35.508,24.274,29.73,23.251,4.865,7.001,6.468
20203,0.918,35.125,24.29,29.72,23.247,4.784,7.001,6.507
20204,0.915,35.284,24.326,29.72,23.251,4.905,7.082,6.63
20205,0.922,35.42,24.318,29.787,23.265,5.028,7.205,6.59
20206,0.925,35.412,24.291,29.75,23.254,4.826,7.125,6.509
20207,0.909,35.22,24.275,29.759,23.254,4.865,7.083,6.589
20208,0.912,35.391,24.275,29.749,23.251,4.865,7.123,6.631
20209,0.931,35.479,24.29,29.759,23.254,4.906,7.124,6.55
20210,0.922,35.087,24.29,29.759,23.251,4.825,6.921,6.468
20211,0.931,35.131,24.24,29.73,23.244,4.824,7.041,6.467
20212,0.944,35.284,24.243,29.759,23.254,4.824,7.042,6.507
20213,0.941,35.372,24.278,29.74,23.244,4.824,6.96,6.508
20214,0.945,35.114,24.279,29.73,23.244,4.743,6.96,6.427
20215,0.951,35.275,24.271,29.739,23.244,4.783,7.0,6.507
20216,0.967,35.401,24.333,29.778,23.254,4.946,7.082,6.63
20217,0.977,35.517,24.275,29.75,23.251,4.825,7.042,6.59
20218,0.981,35.154,24.263,29.73,23.258,4.824,6.96,6.509
20219,0.971,35.285,24.314,29.768,23.258,4.865,7.041,6.427
20220,0.984,35.401,24.259,29.759,23.254,4.865,7.042,6.548
20221,0.974,35.508,24.282,29.769,23.258,4.865,7.001,6.468
20222,0.968,35.259,24.255,29.721,23.241,4.702,6.838,6.345
20223,0.961,35.41,24.298,29.739,23.247,4.823,6.958,6.466
20224,0.958,35.556,24.29,29.749,23.247,4.865,6.96,6.467
20225,0.961,35.596,24.279,29.749,23.247,4.824,6.919,6.386
20226,0.958,35.28,24.314,29.72,23.244,4.783,6.837,6.385
20227,0.951,35.411,24.252,29.749,23.251,4.864,6.877,6.547
20228,0.971,35.585,24.294,29.788,23.268,4.946,6.959,6.549
20229,0.961,35.586,24.287,29.731,23.251,4.825,6.919,6.468
20230,0.968,35.395,24.322,29.749,23.247,4.905,6.878,6.507
20231,0.977,35.546,24.209,29.74,23.251,4.906,6.837,6.467
20232,0.99,35.663,24.274,29.759,23.251,4.865,6.877,6.467
20233,0.984,35.99,24.298,29.73,23.237,4.824,6.715,6.264
20234,0.987,35.389,24.287,29.72,23.247,4.783,6.835,6.465
20235,1.004,35.555,24.29,29.739,23.244,4.824,6.837,6.386
20236,1.004,35.663,24.29,29.73,23.247,4.824,6.796,6.385
20237,1.014,35.529,24.251,29.739,23.247,4.783,6.755,6.263
20238,1.02,35.595,24.255,29.74,23.251,4.824,6.876,6.424
20239,1.04,35.749,24.325,29.778,23.265,4.987,6.959,6.466
20240,1.037,35.818,24.322,29.75,23.244,4.866,6.838,6.304
20241,1.03,35.55,24.279,29.759,23.254,4.865,6.877,6.465
20242,1.03,35.682,24.271,29.74,23.251,4.865,6.918,6.386
20243,1.024,35.798,24.321,29.74,23.251,4.865,6.919,6.385
20244,1.027,35.914,24.283,29.749,23.251,4.702,6.837,6.303
20245,1.01,35.733,24.29,29.711,23.244,4.701,6.918,6.384
20246,1.023,35.904,24.329,29.72,23.251,4.782,6.919,6.303
20247,1.017,36.04,24.314,29.797,23.247,4.824,7.0,6.343
20248,1.02,36.099,24.259,29.731,23.247,4.743,6.919,6.303
20249,1.02,35.831,24.298,29.739,23.244,4.701,7.0,6.343
20250,1.023,35.991,24.294,29.759,23.258,4.904,7.123,6.506
20251,1.049,36.127,24.283,29.759,23.251,4.784,7.002,6.386
20252,1.04,36.167,24.29,29.749,23.247,4.864,7.123,6.385
20253,1.05,36.139,24.314,29.749,23.254,4.865,7.124,6.425
20254,1.056,36.263,24.31,29.759,23.254,4.865,7.287,6.304
20255,1.073,36.379,24.294,29.749,23.251,4.824,7.207,6.302
20256,1.063,36.381,24.298,29.711,23.244,4.783,7.247,6.302
20257,1.089,36.112,24.228,29.73,23.251,4.824,7.369,6.262
20258,1.092,36.244,24.259,29.739,23.247,4.743,7.411,6.262
20259,1.089,36.341,24.294,29.72,23.251,4.783,7.371,6.18
20260,1.096,36.361,24.314,29.739,23.247,4.783,7.452,6.301
20261,1.079,36.419,24.256,29.778,23.268,4.946,7.615,6.425
20262,1.102,36.534,24.302,29.74,23.254,4.825,7.576,6.304
20263,1.089,36.631,24.287,29.74,23.251,4.783,7.616,6.302
20264,1.076,36.594,24.329,29.73,23.254,4.864,7.657,6.384
20265,1.086,36.574,24.303,29.759,23.254,4.865,7.617,6.303
20266,1.083,36.699,24.302,29.749,23.251,4.865,7.657,6.221
20267,1.066,36.767,24.244,29.72,23.244,4.662,7.617,6.261
20268,1.073,36.567,24.255,29.739,23.251,4.822,7.698,6.262
20269,1.079,36.67,24.263,29.74,23.254,4.824,7.658,6.221
20270,1.079,36.767,24.267,29.72,23.244,4.783,7.658,6.261
20271,1.092,36.854,24.224,29.739,23.251,4.783,7.658,6.18
20272,1.105,36.759,24.294,29.759,23.251,4.864,7.902,6.464
20273,1.125,36.921,24.306,29.778,23.258,4.824,7.742,6.345
20274,1.125,37.009,24.31,29.75,23.247,4.824,7.74,6.343
20275,1.129,37.077,24.291,29.74,23.251,4.824,7.781,6.343
20276,1.129,36.992,24.333,29.74,23.251,4.865,7.781,6.343
20277,1.135,37.163,24.267,29.759,23.251,4.906,7.781,6.303
20278,1.142,37.261,24.255,29.74,23.244,4.784,7.618,6.18
20279,1.129,37.281,24.294,29.72,23.247,4.783,7.739,6.261
20280,1.142,36.907,24.248,29.749,23.254,4.824,7.659,6.302
20281,1.135,37.047,24.263,29.749,23.247,4.783,7.617,6.221
20282,1.129,37.164,24.259,29.72,23.247,4.742,7.617,6.261
20283,1.129,37.194,24.274,29.72,23.244,4.823,7.657,6.343
20284,1.135,37.175,24.31,29.768,23.258,4.905,7.739,6.384
20285,1.135,37.299,24.294,29.74,23.254,4.784,7.659,6.263
20286,1.129,37.397,24.306,29.74,23.251,4.783,7.658,6.262
20287,1.125,37.407,24.267,29.74,23.247,4.946,7.698,6.343
20288,1.129,37.254,24.267,29.759,23.251,4.866,7.699,6.303
20289,1.132,37.386,24.302,29.74,23.251,4.824,7.536,6.262
20290,1.119,37.445,24.279,29.72,23.24,4.661,7.575,6.18
20291,1.145,37.676,24.212,29.73,23.247,4.782,7.616,6.261
20292,1.139,37.439,24.247,29.739,23.251,4.742,7.657,6.221
20293,1.145,37.561,24.228,29.74,23.251,4.701,7.495,6.098
20294,1.148,37.648,24.27,29.74,23.247,4.742,7.534,6.178
20295,1.155,37.429,24.286,29.749,23.265,4.905,7.697,6.383
20296,1.174,37.503,24.333,29.768,23.258,4.825,7.618,6.222
20297,1.168,37.61,24.24,29.74,23.247,4.824,7.535,6.22
20298,1.168,37.697,24.282,29.749,23.251,4.824,7.534,6.139
20299,1.171,37.525,24.318,29.74,23.251,4.824,7.575,6.301
20300,1.165,37.658,24.291,29.749,23.258,4.865,7.535,6.18
20301,1.145,37.745,24.279,29.73,23.251,4.702,7.372,6.057
20302,1.139,37.823,24.243,29.739,23.254,4.823,7.533,6.219
20303,1.148,37.45,24.282,29.73,23.251,4.783,7.412,6.139
20304,1.129,37.571,24.29,29.739,23.244,4.783,7.452,6.098
20305,1.132,37.697,24.29,29.701,23.247,4.702,7.371,6.097
20306,1.112,37.765,24.314,29.73,23.258,4.823,7.411,6.219
20307,1.109,37.794,24.228,29.787,23.265,4.987,7.574,6.302
20308,1.115,37.891,24.266,29.74,23.251,4.785,7.413,6.262
20309,1.102,38.007,24.306,29.759,23.247,4.783,7.371,6.262
20310,1.102,38.056,24.287,29.749,23.251,4.783,7.411,6.221
20311,1.106,37.74,24.232,29.759,23.251,4.864,7.452,6.302
20312,1.106,37.88,24.247,29.749,23.254,4.784,7.371,6.18
20313,1.096,37.949,24.267,29.711,23.24,4.783,7.289,6.179
20314,1.102,37.988,24.259,29.739,23.254,4.824,7.41,6.179
20315,1.102,37.797,24.278,29.74,23.251,4.783,7.289,6.139
20316,1.093,37.9,24.302,29.74,23.251,4.783,7.329,6.219
20317,1.083,38.007,24.263,29.768,23.24,4.702,7.289,6.18
20318,1.089,38.065,24.259,29.769,23.258,4.904,7.41,6.342
20319,1.086,37.884,24.321,29.749,23.258,4.825,7.33,6.14
20320,1.076,37.968,24.287,29.74,23.251,4.865,7.289,6.219
20321,1.053,38.084,24.283,29.73,23.254,4.865,7.329,6.22
20322,1.04,37.913,24.243,29.739,23.251,4.824,7.289,6.18
20323,1.033,37.892,24.317,29.749,23.254,4.824,7.329,6.179
20324,1.017,38.026,24.298,29.73,23.247,4.661,7.167,6.017
20325,1.001,38.075,24.267,29.73,23.254,4.782,7.206,6.137
20326,1.004,37.817,24.294,29.73,23.251,4.783,7.206,6.098
20327,0.981,37.9,24.216,29.72,23.244,4.702,7.206,6.138
20328,0.977,38.016,24.262,29.73,23.247,4.742,7.165,6.016
20329,0.964,38.085,24.294,29.73,23.251,4.783,7.287,6.259
20330,0.971,37.855,24.314,29.768,23.268,4.864,7.369,6.262
20331,0.974,37.997,24.24,29.74,23.244,4.784,7.289,6.139
20332,0.955,38.104,24.259,29.749,23.251,4.824,7.247,6.138
20333,0.967,38.162,24.282,29.749,23.251,4.905,7.247,6.219
20334,0.964,37.894,24.322,29.759,23.254,4.784,7.328,6.139
20335,0.955,38.045,24.275,29.74,23.251,4.824,7.167,6.098
20336,0.938,38.123,24.306,29.701,23.244,4.702,7.124,6.056
20337,0.951,38.181,24.228,29.749,23.247,4.782,7.205,6.137
20338,0.945,37.856,24.27,29.711,23.244,4.742,7.206,6.138
20339,0.932,37.968,24.29,29.73,23.244,4.701,7.125,6.057
20340,0.922,38.065,24.29,29.73,23.251,4.742,7.165,6.137
20341,0.912,38.133,24.251,29.768,23.258,4.823,7.287,6.26
20342,0.912,37.961,24.263,29.778,23.254,4.865,7.207,6.139
20343,0.895,38.036,24.298,29.73,23.247,4.824,7.247,6.098
20344,0.879,38.142,24.318,29.739,23.251,4.824,7.166,6.097
20345,0.876,38.172,24.283,29.749,23.251,4.824,7.124,6.178
20346,0.876,37.866,24.298,29.73,23.254,4.865,7.205,6.22
20347,0.853,37.978,24.248,29.739,23.247,4.702,7.043,6.058
20348,0.843,38.075,24.282,29.72,23.244,4.823,7.164,6.137
20349,0.839,38.066,24.271,29.739,23.254,4.783,7.043,6.138
20350,0.839,37.941,24.325,29.73,23.251,4.783,7.001,6.098
20351,0.846,38.065,24.291,29.72,23.244,4.702,6.96,6.097
20352,0.846,38.152,24.294,29.73,23.254,4.823,7.082,6.3
20353,0.853,37.885,24.283,29.778,23.265,4.824,7.123,6.221
20354,0.856,37.92,24.255,29.74,23.254,4.824,7.043,6.18
20355,0.853,38.055,24.274,29.749,23.251,4.702,7.042,6.098
20356,0.843,38.133,24.314,29.73,23.254,4.782,7.123,6.138
20357,0.853,37.76,24.256,29.768,23.254,4.783,7.124,6.219
20358,0.853,37.861,24.267,29.73,23.251,4.742,6.961,6.058
20359,0.833,37.949,24.259,29.701,23.244,4.701,6.96,6.219
20360,0.849,38.045,24.255,29.768,23.251,4.742,7.0,6.18
20361,0.83,37.768,24.271,29.721,23.247,4.742,7.041,6.139
20362,0.823,37.919,24.251,29.739,23.244,4.701,6.92,6.098
20363,0.82,38.007,24.306,29.74,23.244,4.742,7.041,6.138
20364,0.81,38.132,24.31,29.768,23.265,4.823,7.164,6.26
20365,0.813,37.846,24.322,29.74,23.254,4.702,7.002,6.221
20366,0.8,37.958,24.31,29.74,23.251,4.823,7.082,6.18
20367,0.79,38.065,24.244,29.749,23.254,4.824,7.123,6.22
20368,0.78,38.133,24.278,29.749,23.251,4.865,7.165,6.22
20369,0.787,37.798,24.286,29.73,23.258,4.824,7.124,6.098
20370,0.777,37.9,24.271,29.701,23.237,4.661,7.083,6.056
20371,0.784,38.026,24.263,29.739,23.258,4.782,7.205,6.178
20372,0.793,38.075,24.232,29.73,23.247,4.742,7.206,6.139
20373,0.793,37.845,24.243,29.73,23.247,4.701,7.206,6.138
20374,0.797,37.958,24.263,29.73,23.251,4.742,7.206,6.138
20375,0.794,38.074,24.271,29.759,23.258,4.823,7.409,6.382
20376,0.816,38.411,24.314,29.778,23.258,4.824,7.411,6.181
20377,0.813,37.734,24.205,29.74,23.251,4.743,7.33,6.139
20378,0.816,37.852,24.278,29.74,23.247,4.823,7.329,6.098
20379,0.813,37.958,24.306,29.74,23.254,4.743,7.329,6.219
20380,0.807,37.844,24.314,29.749,23.251,4.742,7.451,6.18
20381,0.803,37.881,24.232,29.711,23.251,4.661,7.208,6.057
20382,0.79,37.997,24.247,29.72,23.247,4.822,7.247,6.137
20383,0.797,38.084,24.255,29.72,23.247,4.743,7.288,6.179
20384,0.781,37.711,24.263,29.72,23.244,4.701,7.288,6.139
20385,0.777,37.823,24.263,29.72,23.24,4.701,7.288,6.057
20386,0.777,37.948,24.282,29.739,23.251,4.823,7.329,6.259
20387,0.787,38.065,24.286,29.778,23.261,4.824,7.329,6.221
20388,0.777,37.596,24.286,29.75,23.254,4.743,7.289,6.18
20389,0.78,37.706,24.29,29.72,23.254,4.783,7.288,6.139
20390,0.767,37.832,24.345,29.759,23.254,4.783,7.247,6.219
20391,0.78,37.91,24.24,29.74,23.254,4.783,7.328,6.22
20392,0.784,37.642,24.263,29.74,23.247,4.702,7.167,6.058
20393,0.774,37.755,24.228,29.73,23.247,4.823,7.206,6.178
20394,0.787,37.9,24.262,29.73,23.254,4.702,7.206,6.22
20395,0.79,37.94,24.259,29.739,23.258,4.701,7.125,6.098
20396,0.787,37.633,24.263,29.73,23.244,4.742,7.043,6.097
20397,0.79,37.755,24.251,29.73,23.244,4.783,7.123,6.219
20398,0.803,37.909,24.267,29.778,23.265,4.905,7.327,6.22
20399,0.803,37.93,24.314,29.73,23.248,4.784,7.167,6.139
20400,0.794,37.652,24.334,29.739,23.251,4.824,7.124,6.179
20401,0.79,37.812,24.248,29.759,23.254,4.824,7.165,6.179
20402,0.793,37.91,24.286,29.759,23.251,4.783,7.206,6.179
20403,0.787,37.92,24.259,29.749,23.251,4.742,7.084,6.139
20404,0.761,37.642,24.259,29.711,23.24,4.742,7.002,6.057
20405,0.767,37.784,24.255,29.739,23.254,4.742,7.041,6.178
20406,0.767,37.881,24.263,29.74,23.247,4.742,7.082,6.057
20407,0.761,37.863,24.282,29.759,23.251,4.701,6.961,6.178
20408,0.754,37.834,24.263,29.73,23.251,4.742,7.041,6.179
20409,0.764,37.987,24.282,29.759,23.258,4.905,7.164,6.301
20410,0.78,38.132,24.329,29.769,23.254,4.825,7.084,6.221
20411,0.777,37.52,24.24,29.73,23.254,4.743,7.042,6.22
20412,0.784,37.629,24.282,29.739,23.251,4.783,7.001,6.261
20413,0.793,37.735,24.224,29.749,23.251,4.783,7.041,6.262
20414,0.793,37.823,24.298,29.759,23.247,4.824,7.042,6.262
20415,0.797,37.603,24.275,29.73,23.244,4.743,6.92,6.139
20416,0.787,37.716,24.29,29.73,23.254,4.783,7.081,6.219
20417,0.81,37.851,24.302,29.807,23.247,4.702,7.042,6.058
20418,0.8,37.91,24.248,29.75,23.244,4.701,7.042,6.137
20419,0.794,38.064,24.278,29.72,23.247,4.701,6.96,6.138
20420,0.793,38.2,24.243,29.73,23.251,4.823,7.204,6.219
20421,0.797,38.384,24.29,29.768,23.265,4.946,7.165,6.261
20422,0.8,38.414,24.263,29.74,23.254,4.785,7.084,6.221
20423,0.79,37.389,24.31,29.759,23.254,4.783,7.123,6.18
20424,0.787,37.522,24.322,29.749,23.258,4.783,7.124,6.22
20425,0.787,37.658,24.299,29.749,23.258,4.864,7.043,6.302
20426,0.787,37.717,24.294,29.73,23.251,4.743,7.042,6.099
20427,0.764,37.621,24.224,29.72,23.24,4.783,7.042,6.219
20428,0.774,37.783,24.259,29.759,23.251,4.742,7.042,6.22
20429,0.771,37.871,24.294,29.74,23.247,4.742,7.001,6.18
20430,0.767,37.92,24.271,29.749,23.251,4.701,6.919,6.139
20431,0.78,37.527,24.224,29.72,23.244,4.701,7.0,6.26
20432,0.787,37.658,24.251,29.739,23.261,4.863,7.163,6.302
20433,0.8,37.774,24.282,29.759,23.254,4.743,7.002,6.221
20434,0.803,37.852,24.286,29.749,23.251,4.701,7.082,6.22
20435,0.81,37.699,24.263,29.749,23.258,4.823,7.083,6.261
20436,0.807,37.803,24.286,29.759,23.251,4.865,7.042,6.302
20437,0.816,37.9,24.24,29.749,23.254,4.865,7.082,6.262
20438,0.816,37.556,24.235,29.72,23.244,4.702,6.961,6.139
20439,0.803,37.562,24.27,29.72,23.244,4.823,7.0,6.219
20440,0.813,37.725,24.263,29.739,23.251,4.702,7.123,6.22
20441,0.794,37.823,24.263,29.73,23.244,4.742,6.961,6.18
20442,0.793,37.574,24.247,29.72,23.244,4.783,7.0,6.22
20443,0.793,37.716,24.27,29.72,23.254,4.864,7.041,6.302
20444,0.8,37.851,24.29,29.759,23.268,4.865,7.204,6.343
20445,0.79,37.92,24.283,29.74,23.254,4.784,7.084,6.262
20446,0.79,37.575,24.306,29.749,23.251,4.824,7.123,6.302
20447,0.78,37.716,24.232,29.759,23.254,4.824,7.165,6.302
20448,0.771,37.842,24.262,29.759,23.254,4.824,7.124,6.302
20449,0.777,37.91,24.29,29.74,23.251,4.824,7.043,6.262
20450,0.767,37.499,24.29,29.72,23.244,4.743,7.001,6.302
20451,0.783,37.677,24.189,29.739,23.254,4.823,7.041,6.262
20452,0.793,37.774,24.258,29.72,23.251,4.743,7.082,6.302
20453,0.793,37.814,24.255,29.73,23.247,4.701,7.083,6.221
20454,0.8,37.603,24.263,29.739,23.247,4.782,7.083,6.342
20455,0.81,37.774,24.29,29.768,23.261,4.905,7.164,6.384
20456,0.816,37.871,24.294,29.73,23.258,4.865,7.124,6.344
20457,0.816,37.92,24.267,29.749,23.247,4.784,7.124,6.343
20458,0.823,37.623,24.247,29.72,23.251,4.824,7.002,6.303
20459,0.813,37.726,24.294,29.749,23.251,4.946,7.082,6.384
20460,0.813,37.842,24.294,29.74,23.254,4.785,7.002,6.222
20461,0.8,37.929,24.271,29.701,23.24,4.702,6.96,6.261
20462,0.794,37.595,24.271,29.72,23.247,4.823,6.96,6.262
20463,0.797,37.716,24.267,29.739,23.254,4.783,6.96,6.262
20464,0.797,37.803,24.271,29.711,23.247,4.742,6.919,6.221
20465,0.787,37.584,24.259,29.73,23.247,4.701,6.959,6.261
20466,0.797,37.591,24.294,29.749,23.261,4.904,7.122,6.384
20467,0.8,37.754,24.24,29.749,23.261,4.825,7.043,6.344
20468,0.79,37.823,24.235,29.73,23.251,4.783,7.042,6.343
20469,0.803,37.45,24.294,29.749,23.251,4.783,6.96,6.343
20470,0.79,37.571,24.314,29.749,23.254,4.824,7.122,6.303
20471,0.793,37.716,24.213,29.749,23.251,4.865,6.961,6.343
20472,0.793,37.794,24.251,29.73,23.237,4.702,6.838,6.262
20473,0.787,37.488,24.212,29.72,23.244,4.782,6.958,6.221
20474,0.803,37.638,24.274,29.749,23.251,4.742,6.878,6.302
20475,0.81,37.774,24.271,29.74,23.247,4.701,6.877,6.262
20476,0.813,37.833,24.31,29.74,23.244,4.782,6.837,6.221
20477,0.813,37.488,24.15,29.73,23.254,4.742,6.918,6.261
20478,0.826,37.667,24.25,29.759,23.265,4.905,7.041,6.424
20479,0.826,37.793,24.298,29.74,23.251,4.784,6.92,6.304
20480,0.813,37.823,24.283,29.73,23.254,4.783,6.878,6.343
20481,0.816,37.498,24.298,29.739,23.254,4.824,6.918,6.303
20482,0.803,37.638,24.283,29.749,23.265,4.824,7.0,6.425
20483,0.803,37.764,24.263,29.759,23.254,4.783,6.919,6.304
20484,0.79,37.756,24.259,29.721,23.237,4.661,6.837,6.221
20485,0.787,37.497,24.232,29.73,23.251,4.741,6.918,6.261
20486,0.793,37.619,24.27,29.73,23.247,4.783,7.0,6.262
20487,0.787,37.707,24.232,29.739,23.244,4.742,7.041,6.221
20488,0.78,37.746,24.235,29.73,23.251,4.823,7.082,6.261
20489,0.777,37.487,24.302,29.72,23.251,4.865,7.164,6.465
20490,0.793,37.648,24.322,29.768,23.258,4.906,7.287,6.345
20491,0.797,37.726,24.259,29.74,23.251,4.784,7.207,6.303
20492,0.803,37.583,24.274,29.72,23.251,4.824,7.287,6.302
20493,0.803,37.419,24.236,29.73,23.251,4.865,7.329,6.343
20494,0.807,37.532,24.259,29.759,23.251,4.824,7.41,6.303
20495,0.81,37.648,24.235,29.749,23.244,4.743,7.289,6.221
20496,0.803,37.352,24.278,29.72,23.244,4.783,7.288,6.302
20497,0.82,37.483,24.275,29.73,23.251,4.783,7.288,6.302
20498,0.813,37.59,24.228,29.72,23.244,4.824,7.288,6.221
20499,0.816,37.658,24.294,29.72,23.251,4.702,7.288,6.18
20500,0.807,37.266,24.248,29.701,23.244,4.863,7.288,6.301
20501,0.813,37.454,24.298,29.778,23.258,5.028,7.491,6.465
20502,0.803,37.561,24.271,29.721,23.247,4.826,7.371,6.304
20503,0.803,37.639,24.286,29.739,23.247,4.865,7.289,6.302
20504,0.79,37.285,24.283,29.73,23.247,4.906,7.329,6.384
20505,0.8,37.435,24.267,29.739,23.254,4.865,7.37,6.385
20506,0.794,37.561,24.31,29.74,23.251,4.743,7.33,6.263
20507,0.787,37.572,24.174,29.72,23.244,4.742,7.207,6.262
20508,0.78,37.351,24.25,29.739,23.251,4.823,7.287,6.384
20509,0.78,37.483,24.274,29.74,23.251,4.824,7.247,6.344
20510,0.78,37.6,24.247,29.74,23.244,4.743,7.206,6.343
20511,0.79,37.639,24.27,29.73,23.251,4.742,7.125,6.343
20512,0.797,37.381,24.243,29.759,23.261,4.864,7.287,6.466
20513,0.813,37.541,24.282,29.759,23.258,4.865,7.207,6.304
20514,0.81,37.629,24.29,29.749,23.251,4.906,7.125,6.384
20515,0.8,37.659,24.267,29.74,23.254,4.825,7.205,6.385
20516,0.807,37.391,24.329,29.74,23.258,4.824,7.206,6.425
20517,0.816,37.522,24.306,29.73,23.251,4.824,7.125,6.304
20518,0.81,37.6,24.24,29.72,23.24,4.702,7.002,6.221
20519,0.8,37.802,24.298,29.72,23.244,4.823,7.123,6.383
20520,0.813,37.382,24.181,29.73,23.244,4.865,7.083,6.222
20521,0.8,37.484,24.242,29.73,23.247,4.824,7.042,6.261
20522,0.794,37.581,24.227,29.711,23.251,4.783,7.042,6.262
20523,0.8,37.179,24.309,29.72,23.247,4.864,7.204,6.465
20524,0.803,37.261,24.287,29.778,23.265,4.865,7.206,6.304
20525,0.797,37.348,24.29,29.73,23.251,4.865,7.125,6.343
20526,0.787,37.426,24.306,29.73,23.251,4.824,7.205,6.262
20527,0.787,37.187,24.255,29.778,23.258,4.865,7.165,6.343
20528,0.787,37.29,24.263,29.75,23.258,4.865,7.206,6.425
20529,0.787,37.425,24.271,29.74,23.247,4.784,7.043,6.182
20530,0.78,37.465,24.263,29.711,23.247,4.783,7.123,6.22
20531,0.78,37.178,24.247,29.73,23.247,4.783,7.043,6.22
20532,0.78,37.309,24.204,29.739,23.247,4.742,7.042,6.22
20533,0.78,37.406,24.262,29.72,23.244,4.783,7.001,6.18
20534,0.787,37.494,24.243,29.73,23.254,4.783,7.123,6.261
20535,0.8,37.14,24.282,29.759,23.258,4.986,7.205,6.384
20536,0.803,37.28,24.306,29.74,23.254,4.826,7.043,6.303
20537,0.81,37.377,24.283,29.74,23.254,4.865,7.001,6.221
20538,0.813,37.445,24.243,29.74,23.254,4.865,7.123,6.261
20539,0.813,37.235,24.274,29.73,23.251,4.906,7.043,6.302
20540,0.803,37.386,24.267,29.73,23.251,4.865,6.96,6.18
20541,0.781,37.484,24.243,29.711,23.24,4.702,6.838,6.179
20542,0.787,37.523,24.235,29.739,23.251,4.782,6.958,6.261
20543,0.79,37.149,24.294,29.73,23.244,4.824,6.878,6.18
20544,0.784,37.27,24.263,29.72,23.251,4.783,7.0,6.139
20545,0.777,37.387,24.251,29.711,23.244,4.702,6.919,6.179
20546,0.777,37.407,24.313,29.73,23.261,4.904,7.081,6.383
20547,0.78,37.177,24.283,29.759,23.251,4.906,7.002,6.222
20548,0.774,37.29,24.263,29.74,23.247,4.865,7.041,6.261
20549,0.774,37.377,24.314,29.73,23.254,4.906,7.042,6.262
20550,0.78,37.417,24.271,29.739,23.258,4.906,7.123,6.262
20551,0.79,37.494,24.239,29.74,23.254,4.865,7.165,6.221
20552,0.777,37.581,24.235,29.711,23.244,4.743,7.002,6.098
20553,0.787,37.658,24.286,29.73,23.251,4.864,7.123,6.097
20554,0.784,36.997,24.275,29.73,23.247,4.743,7.124,6.138
20555,0.784,37.087,24.267,29.711,23.244,4.783,7.124,6.057
20556,0.784,37.193,24.271,29.711,23.24,4.702,7.124,6.056
20557,0.79,37.309,24.271,29.739,23.254,4.863,7.287,6.259
20558,0.819,37.071,24.267,29.749,23.265,4.824,7.288,6.099
20559,0.803,37.145,24.282,29.72,23.251,4.824,7.247,6.138
20560,0.803,37.299,24.22,29.759,23.254,4.824,7.328,6.098
20561,0.787,37.358,24.243,29.74,23.247,4.824,7.289,6.178
20562,0.793,37.119,24.263,29.768,23.251,4.865,7.329,6.098
20563,0.78,37.213,24.282,29.721,23.244,4.743,7.167,6.016
20564,0.761,37.319,24.236,29.73,23.247,4.783,7.246,6.096
20565,0.77,37.406,24.259,29.72,23.251,4.783,7.288,6.056
20566,0.751,37.072,24.278,29.72,23.251,4.742,7.166,6.056
20567,0.761,37.202,24.251,29.73,23.247,4.783,7.206,6.097
20568,0.741,37.319,24.22,29.72,23.251,4.824,7.247,6.178
20569,0.757,37.397,24.317,29.759,23.258,4.905,7.369,6.22
20570,0.757,36.985,24.22,29.74,23.251,4.825,7.248,6.139
20571,0.767,37.115,24.255,29.74,23.258,4.824,7.328,6.138
20572,0.77,37.232,24.251,29.749,23.251,4.824,7.289,6.179
20573,0.774,37.262,24.298,29.74,23.251,4.783,7.288,6.139
20574,0.787,37.185,24.283,29.74,23.254,4.783,7.166,6.057
20575,0.774,37.252,24.263,29.711,23.247,4.742,7.165,6.056
20576,0.777,37.406,24.282,29.73,23.251,4.823,7.124,6.097
20577,0.777,37.321,24.251,29.739,23.251,4.783,7.124,6.056
20578,0.79,37.071,24.224,29.72,23.251,4.742,7.083,6.015
20579,0.787,37.164,24.255,29.73,23.244,4.701,7.083,6.096
20580,0.78,37.299,24.173,29.768,23.254,4.945,7.286,6.219
20581,0.793,37.061,24.266,29.778,23.254,4.825,7.207,6.098
20582,0.767,37.106,24.29,29.74,23.251,4.824,7.206,6.178
20583,0.777,37.212,24.306,29.749,23.251,4.824,7.165,6.179
20584,0.774,37.329,24.302,29.749,23.254,4.824,7.206,6.139
20585,0.761,37.004,24.263,29.749,23.247,4.743,7.206,6.179
20586,0.757,37.115,24.29,29.711,23.244,4.701,7.084,6.057
20587,0.744,37.222,24.259,29.73,23.247,4.742,7.205,6.137
20588,0.754,37.338,24.235,29.739,23.247,4.783,7.125,6.179
20589,0.761,37.061,24.302,29.711,23.247,4.742,7.083,6.098
20590,0.754,37.193,24.212,29.73,23.244,4.742,7.123,6.056
20591,0.757,37.3,24.258,29.739,23.251,4.823,7.287,6.178
20592,0.767,37.416,24.251,29.778,23.261,4.905,7.451,6.179
20593,0.777,36.947,24.313,29.74,23.251,4.784,7.29,6.179
20594,0.78,37.067,24.291,29.74,23.251,4.824,7.329,6.139
20595,0.771,37.202,24.259,29.74,23.254,4.865,7.41,6.219
20596,0.777,37.242,24.294,29.749,23.251,4.865,7.371,6.18
20597,0.784,37.022,24.248,29.759,23.247,4.784,7.37,6.057
20598,0.777,37.106,24.22,29.711,23.24,4.702,7.208,6.097
20599,0.78,37.251,24.29,29.72,23.247,4.782,7.287,6.097
20600,0.787,37.271,24.162,29.749,23.251,4.783,7.329,6.097
20601,0.78,37.013,24.231,29.73,23.244,4.742,7.289,6.016
20602,0.767,37.125,24.243,29.73,23.251,4.701,7.247,6.015
20603,0.77,37.251,24.306,29.749,23.261,4.863,7.41,6.259
20604,0.78,37.655,24.302,29.778,23.254,4.824,7.33,6.058
20605,0.758,37.122,24.248,29.73,23.244,4.824,7.289,6.137
20606,0.757,37.232,24.302,29.749,23.251,4.824,7.288,6.138
20607,0.761,37.358,24.275,29.749,23.251,4.824,7.369,6.179
20608,0.751,37.023,24.259,29.759,23.254,4.783,7.33,6.179
20609,0.751,36.991,24.298,29.73,23.244,4.702,7.167,5.976
20610,0.731,37.115,24.209,29.739,23.244,4.701,7.246,6.137
20611,0.751,37.203,24.251,29.73,23.254,4.823,7.247,6.138
20612,0.754,36.868,24.235,29.73,23.247,4.702,7.166,6.016
20613,0.761,36.98,24.278,29.73,23.24,4.66,7.124,6.056
20614,0.761,37.115,24.275,29.739,23.247,4.822,7.287,6.259
20615,0.774,37.241,24.263,29.787,23.272,4.905,7.329,6.18
20616,0.774,36.926,24.275,29.75,23.248,4.784,7.207,6.179
20617,0.771,37.096,24.259,29.749,23.251,4.864,7.165,6.098
20618,0.78,37.193,24.267,29.74,23.251,4.784,7.246,6.178
20619,0.784,37.29,24.298,29.74,23.251,4.783,7.206,6.179
20620,0.787,36.955,24.275,29.749,23.247,4.783,7.125,6.139
20621,0.764,37.029,24.224,29.711,23.24,4.661,7.124,6.057
20622,0.764,37.183,24.251,29.758,23.251,4.782,7.246,6.219
20623,0.767,37.204,24.247,29.721,23.244,4.742,7.206,6.139
20624,0.757,36.868,24.251,29.72,23.247,4.783,7.247,6.098
20625,0.751,36.999,24.239,29.739,23.244,4.702,7.125,6.178
20626,0.754,37.115,24.286,29.74,23.258,4.863,7.408,6.301
20627,0.767,37.232,24.286,29.778,23.254,4.784,7.208,6.18
20628,0.744,37.079,24.267,29.759,23.251,4.783,7.287,6.179
20629,0.741,37.193,24.31,29.759,23.254,4.783,7.329,6.179
20630,0.747,37.319,24.263,29.807,23.258,4.864,7.329,6.261
20631,0.76,37.339,24.235,29.759,23.254,4.824,7.329,6.18
20632,0.767,36.898,24.231,29.749,23.251,4.661,7.207,6.098
20633,0.754,36.999,24.231,29.72,23.247,4.741,7.328,6.178
20634,0.757,37.125,24.259,29.759,23.251,4.742,7.289,6.179
20635,0.764,37.03,24.239,29.749,23.24,4.701,7.247,6.179
20636,0.764,36.962,24.321,29.74,23.244,4.701,7.288,6.098
20637,0.764,37.096,24.244,29.749,23.251,4.742,7.329,6.056
20638,0.787,37.232,24.255,29.768,23.258,4.905,7.451,6.259
20639,0.797,36.849,24.306,29.759,23.251,4.703,7.371,6.221
20640,0.777,36.903,24.224,29.749,23.254,4.823,7.33,6.18
20641,0.774,37.057,24.251,29.759,23.251,4.743,7.329,6.179
20642,0.771,37.135,24.231,29.759,23.254,4.823,7.41,6.179
20643,0.764,36.8,24.321,29.749,23.254,4.743,7.289,6.22
20644,0.748,36.912,24.287,29.73,23.237,4.701,7.288,6.058
20645,0.747,37.028,24.247,29.759,23.251,4.782,7.329,6.178
20646,0.751,37.135,24.29,29.74,23.254,4.742,7.248,6.139
20647,0.748,36.963,24.259,29.72,23.244,4.701,7.288,6.057
20648,0.734,37.077,24.274,29.749,23.244,4.701,7.329,6.178
20649,0.731,37.212,24.294,29.768,23.258,4.863,7.41,6.261
20650,0.744,37.309,24.232,29.807,23.258,4.784,7.411,6.139
20651,0.747,36.869,24.251,29.769,23.254,4.824,7.371,6.26
20652,0.76,36.989,24.224,29.759,23.251,4.824,7.411,6.221
20653,0.77,37.125,24.274,29.778,23.251,4.824,7.411,6.22
20654,0.757,37.165,24.279,29.769,23.251,4.743,7.411,6.18
20655,0.757,36.791,24.24,29.73,23.237,4.661,7.371,6.098
20656,0.761,36.931,24.266,29.759,23.254,4.7,7.452,6.178
20657,0.767,37.057,24.255,29.778,23.247,4.742,7.452,6.139
20658,0.774,37.087,24.259,29.75,23.247,4.701,7.493,6.098
20659,0.767,36.857,24.263,29.74,23.251,4.701,7.494,6.178
20660,0.777,37.009,24.255,29.778,23.261,4.904,7.697,6.22
20661,0.787,37.135,24.251,29.797,23.251,4.825,7.577,6.22
20662,0.754,37.184,24.235,29.75,23.244,4.783,7.616,6.139
20663,0.754,36.839,24.29,29.778,23.254,4.824,7.657,6.219
20664,0.748,36.98,24.283,29.778,23.261,4.783,7.739,6.22
20665,0.747,37.067,24.267,29.778,23.254,4.783,7.618,6.139
20666,0.744,36.867,24.271,29.74,23.244,4.661,7.535,6.098
20667,0.734,36.951,24.259,29.768,23.247,4.782,7.616,6.178
20668,0.734,37.057,24.259,29.759,23.247,4.742,7.535,6.098
20669,0.738,37.145,24.259,29.749,23.244,4.783,7.575,6.097
20670,0.725,36.8,24.247,29.797,23.24,4.702,7.535,6.056
20671,0.75,36.931,24.251,29.788,23.251,4.904,7.616,6.3
20672,0.761,37.096,24.251,29.788,23.261,4.744,7.495,6.18
20673,0.754,37.136,24.294,29.759,23.254,4.823,7.494,6.179
20674,0.757,36.666,24.283,29.778,23.247,4.824,7.534,6.179
20675,0.77,36.824,24.271,29.788,23.247,4.824,7.534,6.22
20676,0.777,36.932,24.247,29.788,23.251,4.824,7.575,6.18
20677,0.771,37.009,24.251,29.759,23.24,4.661,7.372,5.976
20678,0.757,36.751,24.27,29.769,23.251,4.782,7.492,6.137
20679,0.774,36.902,24.259,29.778,23.251,4.742,7.371,6.057
20680,0.771,37.028,24.255,29.769,23.247,4.783,7.37,6.097
20681,0.757,37.068,24.204,29.759,23.254,4.742,7.289,6.097
20682,0.761,36.723,24.278,29.759,23.247,4.783,7.369,6.097
20683,0.767,36.892,24.318,29.807,23.258,4.946,7.533,6.26
20684,0.761,36.999,24.291,29.779,23.251,4.785,7.331,6.139
20685,0.754,37.029,24.29,29.778,23.258,4.824,7.37,6.179
20686,0.757,36.771,24.244,29.788,23.251,4.824,7.33,6.179
20687,0.751,36.912,24.263,29.788,23.251,4.824,7.37,6.179
20688,0.748,37.009,24.263,29.798,23.251,4.824,7.248,6.179
20689,0.738,37.02,24.243,29.75,23.24,4.661,7.206,6.057
20690,0.744,36.761,24.251,29.788,23.251,4.782,7.206,6.137
20691,0.764,36.883,24.22,29.778,23.247,4.742,7.206,6.138
20692,0.757,36.98,24.243,29.759,23.247,4.742,7.165,6.057
20693,0.748,36.799,24.231,29.778,23.258,4.701,7.124,6.137
20694,0.757,36.816,24.262,29.797,23.254,4.904,7.287,6.219
20695,0.777,36.989,24.259,29.817,23.261,4.947,7.125,6.139
20696,0.761,37.039,24.271,29.798,23.247,4.825,7.246,6.098
20697,0.761,36.646,24.263,29.788,23.251,4.824,7.206,6.178
20698,0.78,36.738,24.247,29.807,23.254,4.783,7.165,6.139
20699,0.774,36.844,24.294,29.798,23.254,4.783,7.246,6.138
20700,0.771,36.941,24.244,29.769,23.244,4.702,7.125,5.976
20701,0.754,36.578,24.231,29.769,23.244,4.823,7.165,6.137
20702,0.754,36.737,24.247,29.778,23.247,4.783,7.165,6.098
20703,0.754,36.864,24.294,29.778,23.247,4.661,7.124,6.016
20704,0.738,36.932,24.263,29.769,23.244,4.741,7.124,6.015
20705,0.734,36.664,24.239,29.788,23.247,4.783,7.287,6.137
20706,0.754,36.824,24.286,29.836,23.261,4.946,7.369,6.301
20707,0.748,36.96,24.251,29.808,23.247,4.785,7.248,6.14
20708,0.741,36.99,24.274,29.798,23.251,4.783,7.288,6.138
20709,0.738,36.636,24.286,29.807,23.251,4.783,7.288,6.138
20710,0.728,36.795,24.259,29.817,23.251,4.783,7.329,6.179
20711,0.744,36.883,24.267,29.817,23.251,4.742,7.207,6.098
20712,0.738,36.894,24.228,29.779,23.24,4.661,7.247,6.097
20713,0.738,36.577,24.231,29.797,23.251,4.741,7.328,6.138
20714,0.751,36.737,24.227,29.798,23.251,4.742,7.289,6.179
20715,0.748,36.835,24.227,29.807,23.244,4.701,7.247,6.139
20716,0.747,36.826,24.255,29.779,23.247,4.742,7.288,6.179
20717,0.76,36.644,24.243,29.807,23.258,4.823,7.41,6.301
20718,0.787,36.795,24.29,29.826,23.258,4.824,7.33,6.18
20719,0.767,36.864,24.283,29.808,23.254,4.743,7.329,6.179
20720,0.77,36.75,24.283,29.798,23.251,4.823,7.41,6.179
20721,0.754,36.547,24.243,29.807,23.251,4.865,7.33,6.139
20722,0.754,36.67,24.255,29.826,23.254,4.784,7.37,6.179
20723,0.754,36.777,24.278,29.798,23.247,4.702,7.167,6.057
20724,0.738,36.624,24.243,29.788,23.251,4.742,7.246,6.137
20725,0.741,36.747,24.212,29.817,23.251,4.783,7.288,6.179
20726,0.738,36.883,24.235,29.798,23.251,4.702,7.207,6.139
20727,0.738,36.97,24.247,29.798,23.247,4.701,7.206,6.179
20728,0.731,36.444,24.259,29.807,23.247,4.782,7.247,6.261
20729,0.741,36.592,24.251,29.846,23.258,4.824,7.41,6.384
20730,0.754,36.747,24.255,29.808,23.254,4.743,7.249,6.181
20731,0.728,36.787,24.232,29.817,23.251,4.742,7.247,6.22
20732,0.747,36.519,24.282,29.817,23.254,4.823,7.247,6.22
20733,0.754,36.689,24.275,29.836,23.247,4.824,7.288,6.22
20734,0.761,36.806,24.255,29.827,23.251,4.824,7.125,6.18
20735,0.757,36.835,24.228,29.788,23.244,4.661,7.043,6.098
20736,0.751,36.308,24.227,29.817,23.247,4.7,7.164,6.178
20737,0.757,36.495,24.243,29.807,23.258,4.742,7.124,6.098
20738,0.754,36.593,24.267,29.807,23.244,4.701,7.043,6.138
20739,0.741,36.632,24.228,29.798,23.244,4.701,7.082,6.098
20740,0.76,36.508,24.235,29.807,23.254,4.823,7.205,6.3
20741,0.767,36.689,24.274,29.865,23.265,4.905,7.247,6.262
20742,0.751,36.777,24.29,29.818,23.251,4.784,7.125,6.221
20743,0.748,36.816,24.275,29.827,23.254,4.783,7.083,6.22
20744,0.741,36.567,24.247,29.836,23.254,4.742,7.123,6.22
20745,0.738,36.689,24.263,29.836,23.254,4.823,7.124,6.302
20746,0.747,36.767,24.282,29.836,23.251,4.702,6.921,6.14
20747,0.728,37.008,24.263,29.798,23.244,4.742,7.041,6.179
20748,0.725,36.387,24.247,29.836,23.247,4.783,7.042,6.179
20749,0.728,36.505,24.243,29.817,23.251,4.702,6.96,6.139
20750,0.728,36.602,24.227,29.855,23.247,4.66,6.919,6.057
20751,0.731,36.402,24.173,29.827,23.247,4.7,7.041,6.219
20752,0.754,36.496,24.266,29.865,23.265,4.904,7.042,6.22
20753,0.754,36.583,24.302,29.846,23.251,4.744,6.96,6.18
20754,0.754,36.67,24.267,29.837,23.247,4.823,7.0,6.22
20755,0.751,36.403,24.271,29.846,23.258,4.783,7.041,6.18
20756,0.761,36.515,24.212,29.846,23.254,4.824,7.001,6.22
20757,0.761,36.622,24.251,29.817,23.244,4.661,6.96,6.098
20758,0.757,36.671,24.274,29.807,23.244,4.7,7.041,6.178
20759,0.767,36.355,24.243,29.836,23.251,4.742,7.042,6.139
20760,0.77,36.495,24.235,29.827,23.251,4.742,7.042,6.138
20761,0.757,36.602,24.224,29.827,23.247,4.742,7.042,6.098
20762,0.748,36.69,24.294,29.846,23.251,4.783,7.204,6.26
20763,0.764,36.451,24.255,29.884,23.261,4.864,7.247,6.262
20764,0.744,36.583,24.274,29.837,23.247,4.743,7.206,6.18
20765,0.744,36.689,24.275,29.856,23.251,4.742,7.206,6.22
20766,0.738,36.748,24.263,29.837,23.258,4.742,7.206,6.261
20767,0.741,36.288,24.263,29.856,23.258,4.783,7.287,6.262
20768,0.731,36.418,24.235,29.865,23.247,4.742,7.207,6.099
20769,0.725,36.477,24.27,29.827,23.237,4.701,7.165,6.178
20770,0.731,36.564,24.263,29.913,23.247,4.782,7.246,6.179
20771,0.744,36.392,24.204,29.847,23.247,4.661,7.206,6.179
20772,0.731,36.505,24.239,29.827,23.244,4.66,7.165,6.098
20773,0.744,36.593,24.231,29.846,23.251,4.7,7.165,6.178
20774,0.741,36.651,24.282,29.865,23.254,4.823,7.368,6.301
20775,0.764,36.402,24.29,29.875,23.251,4.865,7.208,6.221
20776,0.761,36.486,24.205,29.846,23.251,4.784,7.247,6.22
20777,0.764,36.602,24.243,29.865,23.251,4.783,7.166,6.261
20778,0.77,36.402,24.274,29.856,23.251,4.824,7.206,6.18
20779,0.757,36.304,24.2,29.884,23.258,4.783,7.287,6.139
20780,0.764,36.428,24.215,29.837,23.241,4.661,7.085,6.057
20781,0.754,36.525,24.231,29.875,23.251,4.782,7.205,6.178
20782,0.764,36.2,24.29,29.856,23.254,4.742,7.206,6.139
20783,0.754,36.302,24.267,29.856,23.251,4.701,7.206,6.179
20784,0.738,36.437,24.282,29.837,23.244,4.701,7.247,6.098
20785,0.731,36.535,24.251,29.846,23.254,4.823,7.328,6.26
20786,0.757,36.334,24.29,29.884,23.268,4.905,7.41,6.221
20787,0.751,36.466,24.275,29.866,23.251,4.784,7.289,6.22
20788,0.748,36.564,24.255,29.885,23.247,4.824,7.41,6.18
20789,0.741,36.632,24.282,29.875,23.251,4.783,7.371,6.261
20790,0.738,36.172,24.243,29.952,23.251,4.783,7.452,6.221
20791,0.744,36.302,24.243,29.866,23.247,4.742,7.29,6.098
20792,0.754,36.38,24.204,29.846,23.24,4.701,7.288,6.178
20793,0.77,36.457,24.266,29.875,23.247,4.742,7.329,6.179
20794,0.764,36.257,24.208,29.865,23.247,4.701,7.37,6.139
20795,0.751,36.408,24.231,29.865,23.244,4.701,7.289,6.138
20796,0.748,36.515,24.173,29.856,23.247,4.701,7.369,6.179
20797,0.754,36.583,24.215,29.875,23.258,4.863,7.533,6.342
20798,0.777,36.21,24.305,29.885,23.261,4.784,7.372,6.181
20799,0.758,36.302,24.173,29.894,23.247,4.702,7.452,6.179
20800,0.78,36.447,24.246,29.875,23.251,4.782,7.371,6.179
20801,0.774,36.477,24.235,29.865,23.254,4.783,7.411,6.261
20802,0.764,36.218,24.298,29.904,23.254,4.824,7.33,6.18
20803,0.757,36.34,24.244,29.847,23.244,4.702,7.289,6.057
20804,0.735,36.419,24.22,29.865,23.244,4.701,7.369,6.178
20805,0.738,36.477,24.251,29.875,23.244,4.742,7.33,6.098
20806,0.741,36.257,24.259,29.865,23.244,4.661,7.289,6.097
20807,0.734,36.408,24.255,29.865,23.24,4.741,7.166,6.097
20808,0.725,36.505,24.239,29.875,23.24,4.742,7.287,6.138
20809,0.728,36.142,24.251,29.913,23.261,4.864,7.451,6.341
20810,0.747,36.215,24.259,29.895,23.251,4.743,7.29,6.221
20811,0.744,36.321,24.247,29.875,23.251,4.823,7.288,6.22
20812,0.734,36.399,24.286,29.894,23.258,4.743,7.288,6.22
20813,0.747,36.151,24.283,29.885,23.254,4.783,7.207,6.18
20814,0.76,36.263,24.243,29.914,23.254,4.783,7.206,6.139
20815,0.751,36.399,24.235,29.866,23.244,4.661,7.084,6.016
20816,0.748,36.457,24.212,29.885,23.251,4.782,7.123,6.178
20817,0.754,36.074,24.243,29.894,23.247,4.742,7.124,6.139
20818,0.761,36.234,24.267,29.875,23.247,4.701,7.124,6.098
20819,0.754,36.322,24.228,29.875,23.247,4.66,7.043,6.056
20820,0.754,36.409,24.247,29.885,23.251,4.822,7.204,6.259
20821,0.774,36.237,24.239,29.942,23.261,4.905,7.328,6.262
20822,0.758,36.341,24.305,29.905,23.244,4.784,7.126,6.262
20823,0.751,36.466,24.283,29.904,23.251,4.702,7.124,6.18
20824,0.744,36.516,24.283,29.914,23.251,4.823,7.124,6.261
20825,0.747,36.075,24.263,29.914,23.258,4.783,7.165,6.221
20826,0.751,36.224,24.22,29.914,23.244,4.742,7.165,6.139
20827,0.735,36.321,24.204,29.885,23.24,4.661,7.124,6.138
20828,0.731,36.361,24.258,29.914,23.254,4.7,7.165,6.219
20829,0.734,36.045,24.2,29.885,23.258,4.701,7.124,6.261
20830,0.731,36.185,24.219,29.894,23.247,4.66,7.205,6.139
20831,0.741,36.292,24.243,29.885,23.247,4.66,7.125,6.179
20832,0.757,36.562,24.286,29.923,23.261,4.822,7.287,6.383
20833,0.754,36.162,24.283,29.923,23.254,4.743,7.247,6.222
20834,0.754,36.244,24.275,29.904,23.254,4.742,7.206,6.22
20835,0.761,36.36,24.251,29.914,23.251,4.823,7.206,6.261
20836,0.774,36.265,24.235,29.952,23.258,4.783,7.247,6.262
20837,0.774,36.341,24.227,29.924,23.254,4.783,7.247,6.18
20838,0.777,36.428,24.266,29.895,23.24,4.62,7.084,6.057
20839,0.751,36.515,24.232,29.904,23.244,4.781,7.205,6.219
20840,0.777,35.96,24.223,29.904,23.258,4.783,7.165,6.058
20841,0.764,36.06,24.227,29.923,23.241,4.702,7.165,6.137
20842,0.751,36.166,24.294,29.914,23.247,4.66,7.124,6.138
20843,0.751,36.263,24.267,29.923,23.247,4.782,7.287,6.341
20844,0.754,36.015,24.271,29.952,23.265,4.864,7.288,6.303
20845,0.751,36.128,24.247,29.924,23.251,4.743,7.207,6.343
20846,0.744,36.244,24.216,29.914,23.251,4.742,7.287,6.343
20847,0.741,36.331,24.235,29.933,23.251,4.783,7.247,6.343
20848,0.747,36.14,24.278,29.952,23.258,4.783,7.328,6.384
20849,0.747,36.282,24.24,29.933,23.244,4.742,7.207,6.222
20850,0.728,36.38,24.224,29.904,23.244,4.701,7.287,6.342
20851,0.738,36.448,24.219,29.942,23.247,4.66,7.207,6.384
20852,0.751,35.883,24.266,29.933,23.254,4.741,7.165,6.344
20853,0.741,35.992,24.239,29.914,23.244,4.62,7.165,6.303
20854,0.751,36.147,24.259,29.933,23.251,4.741,7.206,6.465
20855,0.761,36.225,24.259,29.981,23.258,4.864,7.287,6.467
20856,0.761,36.034,24.255,29.934,23.247,4.784,7.247,6.467
20857,0.767,36.176,24.243,29.933,23.251,4.824,7.206,6.467
20858,0.777,36.283,24.255,29.962,23.254,4.783,7.247,6.426
20859,0.78,36.322,24.239,29.953,23.254,4.824,7.288,6.426
20860,0.777,36.044,24.239,29.933,23.244,4.702,7.044,6.304
20861,0.764,36.137,24.22,29.924,23.247,4.823,7.204,6.384
20862,0.767,36.282,24.258,29.952,23.251,4.824,7.206,6.344
20863,0.774,36.092,24.239,29.924,23.251,4.783,7.247,6.343
20864,0.758,35.975,24.204,29.923,23.244,4.742,7.166,6.343
20865,0.751,36.098,24.231,29.952,23.251,4.823,7.368,6.466
20866,0.774,36.243,24.239,29.981,23.272,4.946,7.37,6.426
20867,0.767,35.909,24.227,29.953,23.255,4.825,7.37,6.426
20868,0.751,36.002,24.278,29.972,23.258,4.865,7.452,6.466
20869,0.748,36.127,24.201,29.972,23.254,4.824,7.452,6.507
20870,0.76,36.253,24.243,29.972,23.254,4.905,7.574,6.467
20871,0.774,35.986,24.216,29.953,23.244,4.784,7.454,6.304
20872,0.78,36.07,24.258,29.933,23.244,4.824,7.574,6.384
20873,0.787,36.243,24.232,29.962,23.254,4.865,7.657,6.303
20874,0.803,36.322,24.212,29.953,23.251,4.824,7.698,6.384
20875,0.807,35.881,24.227,29.924,23.244,4.783,7.821,6.263
20876,0.807,35.982,24.227,29.962,23.254,4.824,7.822,6.384
20877,0.823,36.166,24.255,29.981,23.265,5.068,8.025,6.547
20878,0.852,36.244,24.247,29.962,23.251,4.867,7.987,6.346
20879,0.843,35.823,24.228,29.981,23.251,4.906,7.946,6.384
20880,0.846,35.963,24.262,29.982,23.254,4.947,8.067,6.425
20881,0.833,36.098,24.228,29.972,23.251,5.029,7.987,6.385
20882,0.833,36.176,24.251,29.991,23.258,4.948,7.986,6.303
20883,0.83,35.928,24.239,29.953,23.241,4.785,7.946,6.262
20884,0.82,36.079,24.231,29.953,23.244,4.864,8.026,6.262
20885,0.813,36.176,24.231,29.962,23.251,4.987,7.905,6.302
20886,0.8,36.225,24.181,29.962,23.251,4.866,7.945,6.221
20887,0.787,35.919,24.231,29.962,23.244,4.906,7.864,6.302
20888,0.787,36.05,24.286,29.991,23.258,4.947,8.107,6.465
20889,0.816,36.205,24.224,29.991,23.258,4.947,7.947,6.304
20890,0.807,36.36,24.243,29.982,23.247,4.947,7.945,6.343
20891,0.807,35.93,24.227,29.982,23.244,4.907,7.905,6.303
20892,0.833,36.06,24.278,29.991,23.254,4.906,7.904,6.343
20893,0.833,36.186,24.228,30.01,23.251,5.028,7.945,6.343
20894,0.839,35.909,24.235,29.963,23.244,4.745,7.661,6.14
20895,0.836,35.954,24.259,29.972,23.247,4.864,7.739,6.26
20896,0.856,36.098,24.22,29.972,23.254,4.824,7.74,6.221
20897,0.866,36.205,24.227,29.981,23.251,4.824,7.699,6.261
20898,0.882,35.794,24.235,29.962,23.247,4.824,7.699,6.18
20899,0.872,35.943,24.196,29.991,23.244,4.946,7.861,6.342
20900,0.879,36.108,24.258,30.02,23.265,4.988,7.944,6.343
20901,0.866,36.186,24.243,29.982,23.248,4.866,7.783,6.303
20902,0.853,35.842,24.302,29.991,23.254,4.906,7.822,6.302
20903,0.849,35.992,24.271,30.01,23.254,4.906,7.781,6.302
20904,0.836,36.108,24.267,29.991,23.251,4.947,7.903,6.384
20905,0.839,36.186,24.259,30.001,23.251,4.825,7.782,6.1
20906,0.83,35.679,24.212,29.963,23.244,4.824,7.781,6.219
20907,0.836,35.865,24.227,30.001,23.247,4.865,7.781,6.261
20908,0.833,35.973,24.231,30.001,23.251,4.906,7.781,6.262
20909,0.83,36.012,24.204,29.982,23.24,4.825,7.7,6.18
20910,0.826,35.821,24.215,29.991,23.247,4.824,7.821,6.342
20911,0.843,35.972,24.196,30.03,23.258,5.027,7.944,6.384
20912,0.853,36.108,24.289,30.02,23.254,4.907,7.823,6.222
20913,0.853,36.119,24.232,29.992,23.251,4.947,7.822,6.302
20914,0.866,35.783,24.259,30.039,23.251,4.907,7.944,6.262
20915,0.853,35.905,24.267,30.02,23.254,4.987,7.864,6.302
20916,0.843,36.04,24.243,30.02,23.258,4.948,7.822,6.221
20917,0.833,36.022,24.196,29.982,23.237,4.744,7.741,6.18
20918,0.823,35.936,24.239,30.001,23.251,4.986,7.862,6.261
20919,0.826,36.069,24.22,30.011,23.251,4.866,7.782,6.18
20920,0.83,36.166,24.212,29.991,23.24,4.865,7.7,6.139
20921,0.817,35.832,24.239,30.001,23.237,4.824,7.699,6.219
20922,0.807,35.752,24.278,30.03,23.251,4.987,7.943,6.464
20923,0.823,35.943,24.286,30.059,23.261,4.988,7.783,6.304
20924,0.807,36.002,24.244,30.011,23.251,4.948,7.822,6.221
20925,0.79,35.753,24.282,30.03,23.254,4.947,7.781,6.302
20926,0.767,35.866,24.236,30.02,23.254,4.866,7.822,6.302
20927,0.774,35.982,24.235,30.039,23.251,4.987,7.741,6.302
20928,0.761,36.06,24.255,30.011,23.24,4.826,7.659,6.18
20929,0.748,35.61,24.232,30.02,23.247,4.865,7.739,6.301
20930,0.751,35.769,24.247,30.02,23.247,4.865,7.699,6.262
20931,0.761,35.914,24.196,30.03,23.247,4.824,7.658,6.221
20932,0.767,35.954,24.25,30.001,23.247,4.824,7.698,6.22
20933,0.754,35.6,24.228,30.049,23.254,5.027,7.78,6.342
20934,0.777,35.788,24.251,30.049,23.265,4.948,7.822,6.303
20935,0.771,35.895,24.251,30.03,23.248,4.947,7.7,6.302
20936,0.764,35.973,24.247,30.04,23.258,4.907,7.78,6.343
20937,0.767,35.696,24.224,30.049,23.254,4.947,7.74,6.262
20938,0.761,35.856,24.247,30.04,23.254,4.907,7.74,6.262
20939,0.751,35.963,24.239,30.059,23.244,4.825,7.577,6.139
20940,0.751,35.993,24.216,30.03,23.24,4.905,7.575,6.179
20941,0.738,35.744,24.219,30.03,23.247,4.865,7.616,6.179
20942,0.734,35.885,24.262,30.02,23.247,4.784,7.617,6.179
20943,0.741,35.992,24.22,30.03,23.251,4.864,7.454,6.179
20944,0.712,36.022,24.235,30.03,23.251,4.865,7.534,6.22
20945,0.715,35.725,24.247,30.068,23.254,4.987,7.657,6.302
20946,0.711,35.875,24.243,30.059,23.251,4.948,7.455,6.302
20947,0.711,35.973,24.235,30.059,23.251,4.866,7.574,6.18
20948,0.702,35.916,24.259,30.069,23.254,4.946,7.494,6.22
20949,0.698,35.714,24.263,30.05,23.244,4.947,7.534,6.261
20950,0.698,35.856,24.263,30.049,23.254,4.907,7.494,6.221
20951,0.705,35.925,24.216,30.021,23.244,4.825,7.331,6.22
20952,0.705,35.686,24.251,30.049,23.251,4.905,7.451,6.22
20953,0.705,35.769,24.235,30.059,23.254,4.825,7.371,6.22
20954,0.702,35.885,24.22,30.03,23.244,4.824,7.33,6.261
20955,0.705,35.982,24.216,30.03,23.251,4.824,7.37,6.18
20956,0.715,35.629,24.204,30.107,23.261,4.946,7.573,6.301
20957,0.711,35.74,24.219,30.05,23.247,4.907,7.372,6.262
20958,0.721,35.828,24.251,30.049,23.251,4.906,7.37,6.221
20959,0.721,35.915,24.169,30.078,23.254,4.865,7.37,6.261
20960,0.721,35.657,24.227,30.069,23.254,4.987,7.411,6.343
20961,0.715,35.807,24.259,30.059,23.251,4.907,7.371,6.221
20962,0.692,35.895,24.282,30.049,23.247,4.744,7.33,6.261
20963,0.698,35.992,24.243,30.059,23.251,4.864,7.329,6.221
20964,0.695,35.61,24.204,30.059,23.254,4.824,7.329,6.261
20965,0.682,35.749,24.208,30.049,23.247,4.743,7.37,6.139
20966,0.679,35.866,24.196,30.049,23.244,4.823,7.37,6.219
20967,0.691,35.944,24.239,30.107,23.265,4.987,7.533,6.383
20968,0.688,35.628,24.27,30.088,23.251,4.866,7.412,6.303
20969,0.682,35.721,24.243,30.078,23.251,4.865,7.493,6.343
20970,0.679,35.875,24.243,30.107,23.251,4.865,7.453,6.303
20971,0.695,35.925,24.243,30.088,23.254,4.824,7.493,6.302
20972,0.692,35.743,24.274,30.098,23.251,4.824,7.453,6.221
20973,0.685,35.856,24.212,30.05,23.237,4.702,7.29,6.139
20974,0.692,35.963,24.223,30.068,23.247,4.823,7.451,6.26
20975,0.705,36.328,24.208,30.069,23.247,4.824,7.371,6.302
20976,0.708,35.651,24.165,30.078,23.244,4.783,7.33,6.18
20977,0.698,35.779,24.219,30.069,23.244,4.824,7.289,6.22
20978,0.714,35.905,24.262,30.088,23.258,4.865,7.532,6.383
20979,0.737,35.685,24.216,30.107,23.254,4.906,7.291,6.303
20980,0.715,35.702,24.215,30.088,23.254,4.865,7.369,6.221
20981,0.705,35.818,24.243,30.088,23.251,4.865,7.37,6.261
20982,0.702,35.934,24.267,30.098,23.251,4.906,7.37,6.221
20983,0.701,35.551,24.216,30.098,23.254,4.865,7.33,6.22
20984,0.685,35.672,24.204,30.079,23.244,4.662,7.167,6.098
20985,0.688,35.779,24.204,30.078,23.251,4.863,7.287,6.26
20986,0.692,35.866,24.157,30.078,23.254,4.824,7.207,6.221
20987,0.695,35.464,24.195,30.078,23.244,4.783,7.247,6.139
20988,0.675,35.585,24.274,30.088,23.244,4.783,7.166,6.219
20989,0.682,35.73,24.212,30.107,23.251,4.864,7.287,6.342
20990,0.695,35.856,24.235,30.127,23.258,4.946,7.329,6.262
20991,0.692,35.656,24.216,30.108,23.244,4.825,7.207,6.262
20992,0.692,35.807,24.266,30.088,23.254,4.865,7.247,6.302
20993,0.701,35.943,24.275,30.107,23.251,4.865,7.288,6.262
20994,0.708,35.993,24.228,30.107,23.251,4.865,7.247,6.221
20995,0.715,35.494,24.235,30.107,23.251,4.784,7.166,6.139
20996,0.705,35.605,24.173,30.098,23.251,4.824,7.246,6.219
20997,0.715,35.778,24.196,30.107,23.251,4.824,7.247,6.22
20998,0.724,35.799,24.262,30.098,23.251,4.824,7.288,6.18
20999,0.718,35.464,24.169,30.088,23.251,4.702,7.247,6.179
21000,0.711,35.614,24.215,30.098,23.247,4.782,7.328,6.139
21001,0.718,35.759,24.239,30.136,23.265,4.986,7.451,6.341
21002,0.721,35.78,24.255,30.127,23.254,4.866,7.371,6.262
21003,0.715,35.588,24.228,30.127,23.247,4.865,7.33,6.262
21004,0.705,35.73,24.223,30.117,23.251,4.784,7.41,6.262
21005,0.708,35.856,24.251,30.117,23.254,4.864,7.411,6.343
21006,0.695,35.742,24.177,30.127,23.247,4.824,7.371,6.181
21007,0.692,35.645,24.211,30.079,23.237,4.702,7.37,6.179
21008,0.682,35.779,24.258,30.126,23.254,4.742,7.411,6.261
21009,0.688,35.876,24.177,30.117,23.244,4.823,7.289,6.221
21010,0.685,35.445,24.215,30.107,23.24,4.783,7.247,6.139
21011,0.679,35.527,24.215,30.098,23.237,4.783,7.369,6.179
21012,0.698,35.653,24.278,30.136,23.254,4.864,7.492,6.342
21013,0.727,35.788,24.243,30.156,23.254,4.906,7.371,6.221
21014,0.715,35.512,24.247,30.118,23.247,4.825,7.37,6.18
21015,0.747,35.662,24.267,30.136,23.258,4.783,7.289,6.179
21016,0.767,35.798,24.204,30.146,23.251,4.824,7.369,6.179
21017,0.806,35.886,24.247,30.156,23.258,4.824,7.33,6.261
21018,0.833,35.445,24.259,30.108,23.244,4.743,7.167,6.017
21019,0.856,35.556,24.165,30.127,23.247,4.823,7.287,6.178
21020,0.875,35.711,24.184,30.136,23.251,4.743,7.329,6.179
21021,0.898,35.77,24.2,30.136,23.247,4.783,7.167,6.179
21022,0.908,35.368,24.223,30.127,23.244,4.742,7.206,6.098
21023,0.925,35.498,24.153,30.117,23.258,4.823,7.247,6.3
21024,0.922,35.662,24.191,30.175,23.268,4.946,7.369,6.302
21025,0.928,35.693,24.231,30.146,23.251,4.785,7.208,6.221
21026,0.954,35.415,24.235,30.156,23.251,4.824,7.247,6.302
21027,0.993,35.575,24.227,30.146,23.258,4.865,7.288,6.221
21028,1.023,35.673,24.247,30.156,23.254,4.824,7.288,6.302
21029,1.069,35.721,24.165,30.156,23.247,4.743,7.125,6.221
21030,1.112,35.53,24.199,30.127,23.244,4.742,7.165,6.261
21031,1.18,35.672,24.239,30.136,23.251,4.864,7.124,6.302
21032,1.243,35.789,24.278,30.136,23.247,4.784,7.165,6.262
21033,1.276,35.847,24.212,30.146,23.251,4.742,7.124,6.262
21034,1.309,35.397,24.204,30.127,23.247,4.783,7.165,6.384
21035,1.342,35.565,24.227,30.184,23.258,4.905,7.246,6.385
21036,1.368,35.682,24.173,30.166,23.247,4.825,7.166,6.344
21037,1.375,35.482,24.219,30.156,23.251,4.865,7.165,6.343
21038,1.378,35.547,24.274,30.165,23.254,4.906,7.124,6.425
21039,1.414,35.701,24.224,30.165,23.254,4.865,7.165,6.426
21040,1.44,35.798,24.227,30.156,23.258,4.784,7.124,6.385
21041,1.411,35.262,24.239,30.137,23.241,4.702,7.002,6.344
21042,1.401,35.401,24.235,30.156,23.251,4.782,7.001,6.466
21043,1.379,35.517,24.196,30.146,23.247,4.783,7.001,6.467
21044,1.352,35.605,24.18,30.146,23.251,4.702,7.041,6.426
21045,1.319,35.452,24.196,30.156,23.247,4.782,7.001,6.507
21046,1.274,35.633,24.122,30.213,23.258,4.946,7.163,6.711
21047,1.228,35.788,24.226,30.185,23.258,4.825,7.084,6.672
21048,1.169,35.809,24.266,30.166,23.251,4.783,7.042,6.794
21049,1.106,35.416,24.169,30.194,23.258,4.742,7.042,6.917
21050,1.044,35.546,24.211,30.185,23.254,4.823,7.001,7.122
21051,0.998,35.672,24.278,30.185,23.251,4.824,7.001,7.246
21052,0.932,35.702,24.286,30.146,23.24,4.702,6.879,7.369
21053,0.863,35.338,24.263,30.184,23.251,4.782,6.918,7.695
21054,0.794,35.469,24.189,30.175,23.247,4.783,6.959,7.902
21055,0.728,35.585,24.2,30.166,23.24,4.742,6.838,8.067
21056,0.689,35.615,24.176,30.165,23.237,4.701,6.877,8.394
21057,0.649,35.443,24.215,30.194,23.254,4.985,7.0,8.804
21058,0.626,35.594,24.29,30.195,23.258,4.785,6.96,8.808
21059,0.584,35.673,24.212,30.175,23.251,4.783,6.96,9.133
21060,0.567,35.721,24.204,30.175,23.254,4.864,6.96,9.258
21061,0.537,35.425,24.247,30.194,23.254,4.824,6.96,9.422
21062,0.54,35.527,24.298,30.175,23.251,4.824,6.878,9.546
21063,0.55,35.634,24.228,30.156,23.244,4.702,6.796,9.506
21064,0.567,35.452,24.227,30.175,23.251,4.823,6.795,9.668
21065,0.599,35.441,24.216,30.185,23.247,4.824,6.836,9.67
21066,0.622,35.566,24.188,30.175,23.244,4.783,6.755,9.751
21067,0.668,35.672,24.204,30.175,23.251,4.783,6.795,10.037
21068,0.688,35.395,24.254,30.204,23.261,4.946,7.08,10.202
21069,0.727,35.536,24.181,30.223,23.247,4.825,6.839,10.245
21070,0.731,35.643,24.18,30.195,23.251,4.865,6.877,10.53
21071,0.754,35.731,24.227,30.195,23.247,4.865,6.877,10.736
21072,0.78,35.319,24.294,30.214,23.258,4.946,6.877,10.9
21073,0.78,35.469,24.232,30.204,23.254,4.907,6.796,11.146
21074,0.793,35.556,24.223,30.185,23.237,4.784,6.673,11.311
21075,0.784,35.653,24.227,30.194,23.251,4.864,6.794,11.638
21076,0.793,35.28,24.22,30.214,23.254,4.865,6.755,11.885
21077,0.793,35.391,24.188,30.185,23.247,4.824,6.673,11.969
21078,0.797,35.517,24.258,30.185,23.24,4.865,6.713,12.092
21079,0.797,35.605,24.235,30.214,23.258,4.987,6.876,12.378
21080,0.816,35.27,24.212,30.223,23.258,4.907,6.796,12.381
21081,0.8,35.382,24.239,30.204,23.247,4.865,6.714,12.421
21082,0.781,35.508,24.259,30.204,23.254,4.906,6.754,12.462
21083,0.787,35.566,24.239,30.204,23.254,4.947,6.836,12.422
21084,0.78,35.413,24.216,30.204,23.258,4.907,6.714,12.381
21085,0.78,35.527,24.227,30.195,23.244,4.825,6.632,12.218
21086,0.774,35.614,24.216,30.195,23.247,4.905,6.712,12.216
21087,0.771,35.682,24.196,30.214,23.247,4.947,6.713,12.216
21088,0.767,35.338,24.25,30.195,23.251,4.866,6.672,12.054
21089,0.754,35.469,24.189,30.195,23.251,4.824,6.591,11.971
21090,0.761,35.595,24.204,30.204,23.254,4.905,6.793,12.051
21091,0.78,35.5,24.219,30.243,23.265,5.028,6.795,11.889
21092,0.777,35.24,24.262,30.214,23.251,4.867,6.714,11.725
21093,0.774,35.381,24.263,30.214,23.254,4.946,6.713,11.683
21094,0.78,35.488,24.235,30.214,23.258,4.907,6.713,11.601
21095,0.793,35.298,24.243,30.233,23.254,4.906,6.713,11.478
21096,0.787,35.401,24.224,30.204,23.251,4.784,6.51,11.274
21097,0.784,35.498,24.208,30.214,23.24,4.905,6.67,11.231
21098,0.797,35.605,24.266,30.204,23.251,4.906,6.591,11.149
21099,0.8,35.222,24.22,30.214,23.244,4.865,6.671,10.904
21100,0.803,35.362,24.216,30.204,23.24,4.865,6.631,10.861
21101,0.787,35.479,24.251,30.204,23.251,4.987,6.631,10.861
21102,0.793,35.614,24.243,30.252,23.265,5.11,6.794,10.739
21103,0.784,35.222,24.216,30.214,23.251,4.908,6.592,10.616
21104,0.774,35.362,24.184,30.233,23.247,4.906,6.631,10.533
21105,0.774,35.479,24.211,30.224,23.258,4.947,6.672,10.37
21106,0.777,35.566,24.165,30.243,23.254,4.988,6.631,10.287
21107,0.777,35.346,24.211,30.224,23.251,4.948,6.631,10.042
21108,0.764,35.45,24.251,30.195,23.24,4.866,6.509,9.958
21109,0.777,35.594,24.196,30.233,23.251,4.906,6.63,9.917
21110,0.78,35.663,24.2,30.243,23.254,4.906,6.55,9.876
21111,0.767,35.319,24.215,30.214,23.247,4.825,6.508,9.631
21112,0.764,35.449,24.239,30.223,23.244,4.905,6.508,9.629
21113,0.774,35.585,24.235,30.252,23.258,5.069,6.752,9.629
21114,0.787,35.663,24.231,30.262,23.254,4.948,6.551,9.426
21115,0.79,35.251,24.227,30.253,23.254,4.947,6.63,9.342
21116,0.793,35.372,24.227,30.272,23.254,4.907,6.59,9.342
21117,0.793,35.498,24.227,30.253,23.261,4.947,6.59,9.179
21118,0.803,35.835,24.29,30.243,23.251,4.907,6.549,9.055
21119,0.787,35.282,24.22,30.252,23.244,4.784,6.549,8.973
21120,0.803,35.439,24.208,30.224,23.247,4.946,6.59,8.891
21121,0.797,35.546,24.212,30.233,23.244,4.866,6.631,8.809
21122,0.79,35.279,24.254,30.233,23.244,4.906,6.631,8.645
21123,0.793,35.296,24.208,30.243,23.24,4.947,6.631,8.644
21124,0.797,35.459,24.188,30.252,23.251,5.069,6.794,8.847
21125,0.8,35.585,24.207,30.272,23.254,4.948,6.795,8.564
21126,0.777,35.222,24.169,30.262,23.254,4.988,6.714,8.521
21127,0.78,35.343,24.215,30.262,23.251,4.948,6.754,8.479
21128,0.777,35.478,24.282,30.262,23.258,5.029,6.836,8.438
21129,0.78,35.585,24.185,30.281,23.251,4.948,6.796,8.357
21130,0.771,35.184,24.211,30.253,23.247,4.907,6.673,8.275
21131,0.774,35.285,24.2,30.243,23.247,4.865,6.713,8.233
21132,0.793,35.42,24.286,30.252,23.251,4.946,6.794,8.192
21133,0.8,35.527,24.204,30.262,23.247,4.866,6.714,8.151
21134,0.8,35.183,24.215,30.234,23.244,4.906,6.754,8.028
21135,0.813,35.323,24.243,30.252,23.251,4.987,6.876,8.109
21136,0.829,35.478,24.227,30.301,23.265,5.07,6.877,8.069
21137,0.813,35.528,24.212,30.272,23.244,4.908,6.837,7.987
21138,0.826,35.24,24.227,30.262,23.251,4.947,6.837,7.946
21139,0.813,35.41,24.227,30.281,23.254,4.907,6.918,7.945
21140,0.829,35.508,24.216,30.272,23.261,5.069,6.959,7.945
21141,0.826,35.557,24.27,30.272,23.247,4.948,6.797,7.701
21142,0.797,35.145,24.275,30.234,23.24,4.947,6.877,7.821
21143,0.8,35.313,24.243,30.262,23.251,4.907,6.877,7.7
21144,0.8,35.43,24.259,30.262,23.247,4.865,6.837,7.658
21145,0.794,35.431,24.224,30.262,23.244,4.865,6.877,7.617
21146,0.793,35.278,24.141,30.253,23.247,4.987,6.959,7.657
21147,0.81,35.459,24.219,30.31,23.265,5.07,7.122,7.658
21148,0.807,35.547,24.223,30.282,23.254,5.03,6.961,7.617
21149,0.784,35.73,24.173,30.291,23.251,4.989,6.919,7.576
21150,0.78,35.904,24.172,30.31,23.251,4.907,6.959,7.575
21151,0.787,36.031,24.199,30.282,23.254,5.028,6.96,7.535
21152,0.79,36.109,24.274,30.291,23.251,4.907,6.838,7.291
21153,0.787,34.853,24.173,30.272,23.244,4.906,6.918,7.41
21154,0.81,34.927,24.235,30.291,23.254,4.987,6.919,7.411
21155,0.807,35.062,24.239,30.272,23.251,4.866,6.878,7.33
21156,0.813,35.14,24.227,30.272,23.247,4.865,6.837,7.329
21157,0.816,35.198,24.204,30.272,23.247,4.987,6.999,7.37
21158,0.836,35.391,24.231,30.301,23.261,5.029,7.041,7.289
21159,0.833,35.498,24.212,30.291,23.251,5.03,6.879,7.329
21160,0.83,35.585,24.161,30.301,23.254,5.07,6.959,7.329
21161,0.823,35.989,24.238,30.301,23.261,5.07,7.0,7.289
21162,0.817,36.147,24.255,30.301,23.254,4.989,6.879,7.288
21163,0.813,36.254,24.228,30.263,23.244,4.866,6.755,7.085
21164,0.803,36.312,24.212,30.281,23.247,4.987,6.836,7.123
21165,0.807,34.74,24.219,30.291,23.251,4.988,6.877,7.165
21166,0.803,34.868,24.184,30.291,23.247,4.948,6.877,7.084
21167,0.807,34.975,24.203,30.272,23.247,4.947,6.796,7.002
21168,0.803,35.034,24.231,30.31,23.254,5.069,6.999,7.204
21169,0.81,35.312,24.22,30.339,23.261,5.07,6.96,7.125
21170,0.8,35.43,24.204,30.321,23.247,4.989,6.919,7.043
21171,0.807,35.527,24.223,30.32,23.251,4.988,6.878,7.082
21172,0.82,35.557,24.29,30.32,23.251,5.029,6.918,7.002
21173,0.83,35.059,24.228,30.311,23.254,5.03,6.919,7.082
21174,0.823,35.197,24.235,30.301,23.24,4.948,6.796,6.92
21175,0.813,35.276,24.212,30.301,23.244,5.029,6.877,6.959
21176,0.829,35.391,24.114,30.32,23.247,4.989,6.877,6.919
21177,0.836,35.23,24.211,30.311,23.251,4.948,6.918,6.837
21178,0.83,35.324,24.215,30.291,23.244,4.907,6.878,6.796
21179,0.83,35.421,24.173,30.33,23.247,5.069,7.04,6.999
21180,0.846,35.086,24.223,30.359,23.261,5.152,7.082,6.96
21181,0.84,35.111,24.251,30.321,23.251,5.031,7.002,6.878
21182,0.826,35.236,24.278,30.32,23.254,5.07,7.123,6.877
21183,0.843,35.353,24.119,30.34,23.251,5.111,7.124,6.877
21184,0.836,34.951,24.25,30.33,23.258,5.071,7.083,6.796
21185,0.82,35.062,24.224,30.32,23.244,4.948,6.961,6.673
21186,0.81,35.178,24.231,30.311,23.247,4.988,7.082,6.753
21187,0.829,35.295,24.208,30.32,23.244,5.029,7.042,6.673
21188,0.813,35.056,24.215,30.32,23.244,4.989,7.042,6.753
21189,0.803,35.217,24.231,30.387,23.244,4.948,7.042,6.673
21190,0.816,35.352,24.196,30.331,23.254,5.11,7.164,6.835
21191,0.836,35.459,24.258,30.359,23.261,5.152,7.246,6.755
21192,0.833,35.048,24.243,30.34,23.254,5.031,7.125,6.632
21193,0.833,35.159,24.224,30.34,23.251,5.07,7.124,6.712
21194,0.843,35.294,24.18,30.34,23.251,5.07,7.205,6.713
21195,0.846,35.353,24.203,30.349,23.254,5.111,7.247,6.754
21196,0.853,35.066,24.161,30.34,23.244,4.989,7.044,6.551
21197,0.833,35.197,24.18,30.33,23.247,4.988,7.164,6.63
21198,0.852,35.324,24.239,30.33,23.254,5.029,7.084,6.631
21199,0.853,35.373,24.134,30.34,23.251,4.989,7.123,6.55
21200,0.859,35.018,24.199,30.311,23.247,4.948,7.002,6.549
21201,0.84,35.168,24.254,30.33,23.251,5.069,7.123,6.712
21202,0.849,35.314,24.282,30.378,23.265,5.152,7.246,6.672
21203,0.849,35.353,24.165,30.35,23.251,5.031,7.166,6.631
21204,0.84,35.095,24.184,30.359,23.251,4.948,7.124,6.631
21205,0.833,35.217,24.203,30.349,23.258,5.069,7.165,6.672
21206,0.836,35.343,24.227,30.378,23.261,5.03,7.165,6.631
21207,0.83,35.095,24.18,30.359,23.244,4.989,7.043,6.55
21208,0.817,35.025,24.254,30.33,23.244,4.988,7.123,6.63
21209,0.823,35.207,24.251,30.349,23.247,4.988,7.124,6.59
21210,0.826,35.295,24.22,30.359,23.247,4.988,7.124,6.549
21211,0.833,34.96,24.243,30.34,23.247,4.907,7.124,6.508
21212,0.836,35.062,24.235,30.349,23.251,5.028,7.165,6.67
21213,0.852,35.236,24.212,30.407,23.265,5.192,7.287,6.672
21214,0.862,35.324,24.208,30.36,23.251,4.99,7.207,6.591
21215,0.862,34.999,24.227,30.359,23.251,5.07,7.084,6.549
21216,0.849,35.139,24.212,30.378,23.254,5.03,7.123,6.63
21217,0.875,35.265,24.18,30.369,23.254,5.111,7.205,6.631
21218,0.889,35.343,24.254,30.359,23.244,4.989,7.084,6.468
21219,0.882,34.941,24.228,30.34,23.244,4.907,7.002,6.507
21220,0.866,35.1,24.212,30.349,23.247,5.069,7.123,6.549
21221,0.872,35.217,24.278,30.349,23.251,4.989,7.124,6.508
21222,0.869,35.266,24.236,30.369,23.247,4.948,7.083,6.508
21223,0.856,35.017,24.22,30.34,23.244,4.988,7.042,6.467
21224,0.856,35.197,24.212,30.397,23.251,5.11,7.286,6.67
21225,0.872,35.314,24.247,30.417,23.251,5.071,7.085,6.509
21226,0.856,35.334,24.196,30.379,23.254,5.03,7.083,6.508
21227,0.849,34.884,24.204,30.378,23.258,5.07,7.123,6.549
21228,0.859,35.004,24.254,30.378,23.251,5.03,7.124,6.63
21229,0.856,35.13,24.216,30.369,23.254,5.03,7.124,6.631
21230,0.846,35.16,24.188,30.35,23.247,4.907,6.961,6.468
21231,0.856,35.074,24.219,30.378,23.251,4.947,7.041,6.589
21232,0.866,35.207,24.251,30.378,23.247,4.988,7.001,6.509
21233,0.879,35.314,24.224,30.369,23.247,4.988,7.001,6.549
21234,0.882,35.133,24.219,30.369,23.247,4.907,6.96,6.468
21235,0.882,34.939,24.235,30.397,23.254,5.028,7.041,6.711
21236,0.895,35.11,24.227,30.417,23.261,5.111,7.001,6.551
21237,0.895,35.188,24.188,30.388,23.251,5.03,7.001,6.59
21238,0.902,35.141,24.204,30.398,23.254,4.989,7.001,6.549
21239,0.905,35.275,24.2,30.407,23.254,5.029,7.001,6.549
21240,0.912,35.401,24.215,30.398,23.258,5.03,6.96,6.508
21241,0.902,35.489,24.215,30.388,23.244,4.907,6.797,6.386
21242,0.892,34.77,24.215,30.388,23.247,4.987,6.999,6.547
21243,0.899,34.936,24.227,30.388,23.251,4.988,6.96,6.468
21244,0.889,35.043,24.255,30.379,23.247,4.948,6.878,6.467
21245,0.882,35.14,24.247,30.388,23.24,4.907,6.837,6.507
21246,0.882,34.949,24.146,30.426,23.254,5.069,6.999,6.63
21247,0.911,35.12,24.23,30.427,23.261,5.03,6.96,6.59
21248,0.889,35.236,24.247,30.398,23.254,5.03,6.96,6.509
21249,0.885,35.295,24.153,30.407,23.254,5.03,6.919,6.589
21250,0.892,35.027,24.191,30.398,23.251,5.111,6.959,6.509
21251,0.908,35.159,24.196,30.417,23.254,5.03,7.0,6.508
21252,0.902,35.294,24.262,30.388,23.244,4.907,6.838,6.386
21253,0.895,35.334,24.173,30.407,23.251,4.987,6.877,6.547
21254,0.918,34.98,24.192,30.417,23.244,5.07,6.959,6.468
21255,0.925,35.12,24.215,30.417,23.251,4.989,6.838,6.386
21256,0.922,35.236,24.204,30.388,23.247,4.948,6.837,6.425
21257,0.935,35.295,24.208,30.436,23.258,5.11,7.04,6.629
21258,0.954,34.96,24.227,30.446,23.258,5.071,6.96,6.387
21259,0.951,35.081,24.235,30.427,23.254,4.989,6.96,6.425
21260,0.958,35.207,24.204,30.417,23.254,5.11,6.919,6.426
21261,0.958,35.535,24.227,30.427,23.258,5.112,6.959,6.466
21262,0.961,35.193,24.212,30.427,23.254,5.03,6.96,6.386
21263,0.945,35.285,24.18,30.388,23.24,4.948,6.797,6.385
21264,0.938,35.411,24.184,30.426,23.254,5.029,6.877,6.466
21265,0.932,35.134,24.207,30.427,23.247,4.989,6.877,6.345
21266,0.935,35.16,24.212,30.398,23.244,4.948,6.837,6.343
21267,0.931,35.304,24.188,30.417,23.244,4.988,6.958,6.384
21268,0.935,35.43,24.227,30.446,23.261,5.151,7.122,6.588
21269,0.954,35.172,24.223,30.437,23.254,5.031,6.921,6.468
21270,0.945,35.285,24.177,30.427,23.251,5.111,6.959,6.507
21271,0.948,35.42,24.211,30.436,23.251,5.071,6.96,6.508
21272,0.954,35.498,24.251,30.446,23.254,5.07,7.0,6.467
21273,0.967,35.211,24.231,30.417,23.247,5.03,6.879,6.426
21274,0.968,35.324,24.212,30.388,23.24,4.907,6.959,6.385
21275,0.977,35.469,24.227,30.417,23.247,5.069,6.96,6.466
21276,0.987,35.547,24.208,30.427,23.251,4.989,6.919,6.467
21277,0.994,35.231,24.188,30.417,23.251,4.988,6.919,6.426
21278,1.004,35.362,24.235,30.417,23.251,4.988,6.959,6.385
21279,1.01,35.507,24.251,30.455,23.251,5.192,7.082,6.507
21280,1.017,35.605,24.224,30.446,23.254,5.031,7.042,6.427
21281,1.007,35.548,24.262,30.417,23.251,5.07,7.001,6.507
21282,0.997,35.691,24.259,30.436,23.251,5.07,6.96,6.467
21283,0.997,35.789,24.181,30.456,23.254,5.07,6.96,6.426
21284,1.004,35.857,24.196,30.446,23.258,5.111,6.96,6.385
21285,0.991,35.599,24.188,30.389,23.244,4.908,6.838,6.303
21286,1.0,35.73,24.18,30.426,23.254,5.028,6.918,6.343
21287,1.0,35.856,24.184,30.436,23.251,4.989,6.878,6.343
21288,0.994,35.867,24.188,30.437,23.247,4.988,6.877,6.384
21289,0.997,35.8,24.2,30.417,23.244,4.948,6.796,6.385
21290,1.004,35.924,24.192,30.436,23.247,5.069,6.958,6.507
21291,1.02,36.069,24.274,30.465,23.268,5.193,6.96,6.467
21292,1.036,35.927,24.255,30.456,23.254,5.112,6.878,6.386
21293,1.04,35.935,24.224,30.456,23.258,5.071,6.877,6.466
21294,1.043,36.05,24.231,30.456,23.258,5.07,6.918,6.386
21295,1.043,36.166,24.212,30.456,23.258,5.03,6.878,6.344
21296,1.043,35.947,24.196,30.408,23.241,4.907,6.715,6.303
21297,1.053,36.098,24.2,30.436,23.247,4.906,6.835,6.302
21298,1.069,36.224,24.235,30.427,23.251,4.987,6.837,6.302
21299,1.066,36.321,24.22,30.427,23.247,4.948,6.755,6.262
21300,1.073,36.044,24.169,30.427,23.247,4.907,6.754,6.302
21301,1.076,36.195,24.246,30.456,23.254,5.15,6.957,6.465
21302,1.083,36.35,24.259,30.475,23.258,5.031,6.878,6.345
21303,1.066,36.39,24.212,30.437,23.254,5.03,6.755,6.343
21304,1.063,36.304,24.215,30.456,23.251,5.03,6.795,6.343
21305,1.06,36.418,24.184,30.446,23.258,5.03,6.836,6.384
21306,1.06,36.553,24.2,30.475,23.251,5.07,6.796,6.385
21307,1.069,36.622,24.188,30.427,23.244,4.908,6.673,6.181
21308,1.037,36.488,24.211,30.427,23.251,4.906,6.753,6.342
21309,1.056,36.65,24.215,30.465,23.247,5.028,6.754,6.384
21310,1.053,36.748,24.188,30.437,23.244,4.948,6.714,6.263
21311,1.056,36.777,24.243,30.446,23.244,4.947,6.794,6.302
21312,1.069,36.49,24.212,30.437,23.251,5.029,6.877,6.343
21313,1.079,36.679,24.247,30.484,23.265,5.151,6.918,6.425
21314,1.096,36.757,24.212,30.456,23.251,4.99,6.796,6.344
21315,1.092,36.797,24.227,30.446,23.251,4.988,6.795,6.384
21316,1.096,36.797,24.212,30.465,23.251,5.029,6.877,6.385
21317,1.106,36.922,24.176,30.466,23.251,5.03,6.796,6.344
21318,1.109,37.028,24.262,30.437,23.251,4.948,6.714,6.303
21319,1.106,37.029,24.189,30.427,23.237,4.907,6.632,6.262
21320,1.106,36.895,24.204,30.446,23.247,4.947,6.712,6.302
21321,1.106,37.019,24.243,30.475,23.254,4.988,6.794,6.262
21322,1.102,37.106,24.259,30.437,23.24,4.948,6.714,6.343
21323,1.099,37.001,24.196,30.465,23.244,4.947,6.713,6.384
21324,1.102,37.077,24.188,30.456,23.258,5.069,6.916,6.507
21325,1.109,37.231,24.207,30.456,23.261,4.989,6.796,6.386
21326,1.096,37.3,24.208,30.446,23.254,4.988,6.795,6.466
21327,1.092,37.09,24.18,30.446,23.251,5.029,6.877,6.386
21328,1.096,37.193,24.242,30.475,23.247,4.989,6.959,6.425
21329,1.092,37.328,24.208,30.475,23.254,5.029,6.96,6.426
21330,1.099,37.397,24.188,30.437,23.244,4.785,6.878,6.263
21331,1.083,37.119,24.207,30.456,23.251,4.946,6.959,6.384
21332,1.109,37.27,24.258,30.456,23.247,4.988,7.0,6.303
21333,1.109,37.387,24.228,30.446,23.244,4.907,7.001,6.302
21334,1.115,37.426,24.204,30.437,23.244,4.865,7.041,6.302
21335,1.115,37.331,24.219,30.465,23.254,4.906,7.123,6.506
21336,1.119,37.522,24.212,30.494,23.261,5.069,7.205,6.427
21337,1.129,37.639,24.2,30.456,23.251,4.908,7.125,6.385
21338,1.125,37.659,24.231,30.456,23.258,4.906,7.165,6.385
21339,1.119,37.304,24.223,30.475,23.258,4.947,7.165,6.385
21340,1.129,37.454,24.204,30.466,23.254,4.988,7.206,6.385
21341,1.116,37.561,24.247,30.456,23.247,4.866,7.084,6.263
21342,1.083,37.553,24.204,30.446,23.24,4.906,7.083,6.262
21343,1.096,37.553,24.211,30.465,23.247,4.865,7.123,6.343
21344,1.089,37.658,24.173,30.456,23.251,4.865,7.165,6.303
21345,1.079,37.755,24.188,30.437,23.247,4.865,7.165,6.221
21346,1.066,38.063,24.18,30.446,23.251,4.865,7.165,6.302
21347,1.076,37.625,24.219,30.485,23.265,5.068,7.287,6.506
21348,1.063,37.745,24.223,30.466,23.258,4.908,7.166,6.345
21349,1.043,37.842,24.208,30.466,23.251,4.906,7.165,6.262
21350,1.037,37.623,24.212,30.475,23.251,4.947,7.124,6.384
21351,1.037,37.649,24.231,30.475,23.258,4.988,7.246,6.425
21352,1.043,37.764,24.216,30.466,23.254,4.907,7.125,6.304
21353,1.03,37.823,24.169,30.446,23.247,4.825,7.124,6.343
21354,1.033,37.632,24.168,30.465,23.251,4.905,7.165,6.303
21355,1.033,37.745,24.184,30.456,23.251,4.865,7.124,6.384
21356,1.02,37.88,24.188,30.456,23.244,4.824,7.083,6.263
21357,1.01,37.959,24.188,30.456,23.251,4.865,7.205,6.343
21358,1.017,37.652,24.258,30.485,23.265,5.028,7.206,6.466
21359,1.014,37.812,24.239,30.466,23.254,4.907,7.165,6.304
21360,1.004,37.92,24.224,30.466,23.254,4.906,7.124,6.343
21361,0.991,37.988,24.235,30.466,23.251,4.947,7.287,6.425
21362,0.971,37.682,24.235,30.475,23.261,4.866,7.247,6.344
21363,0.971,37.822,24.181,30.542,23.247,4.906,7.044,6.181
21364,0.945,37.9,24.153,30.428,23.24,4.784,7.001,6.301
21365,0.941,37.978,24.203,30.475,23.251,4.864,7.123,6.302
21366,0.935,37.691,24.215,30.466,23.251,4.865,7.083,6.262
21367,0.918,37.813,24.196,30.456,23.244,4.824,7.042,6.221
21368,0.918,37.9,24.211,30.465,23.247,4.865,7.082,6.302
21369,0.912,37.988,24.208,30.504,23.258,4.987,7.164,6.506
21370,0.895,37.883,24.192,30.485,23.258,4.907,7.043,6.305
21371,0.892,37.997,24.254,30.475,23.251,4.865,7.164,6.384
21372,0.902,38.084,24.239,30.475,23.251,4.865,7.084,6.344
21373,0.895,38.114,24.227,30.494,23.258,4.865,7.123,6.343
21374,0.895,37.769,24.204,30.485,23.247,4.946,7.124,6.343
21375,0.889,37.89,24.204,30.466,23.244,4.785,7.002,6.262
21376,0.876,37.978,24.083,30.494,23.247,4.864,7.041,6.302
21377,0.889,37.912,24.206,30.466,23.247,4.824,7.082,6.302
21378,0.885,37.805,24.219,30.456,23.244,4.824,7.002,6.302
21379,0.85,37.91,24.212,30.494,23.244,4.824,7.001,6.221
21380,0.869,38.026,24.18,30.456,23.247,4.905,7.163,6.383
21381,0.869,37.768,24.231,30.513,23.261,4.947,7.287,6.385
21382,0.859,37.833,24.259,30.485,23.247,4.866,7.166,6.344
21383,0.843,37.929,24.189,30.504,23.254,4.906,7.246,6.343
21384,0.839,38.055,24.215,30.466,23.254,4.906,7.247,6.425
21385,0.83,37.749,24.2,30.485,23.254,4.906,7.247,6.426
21386,0.82,37.88,24.208,30.485,23.251,4.784,7.206,6.304
21387,0.813,37.978,24.145,30.456,23.247,4.742,7.206,6.343
21388,0.81,38.055,24.203,30.456,23.251,4.823,7.287,6.425
21389,0.8,37.769,24.196,30.465,23.251,4.783,7.288,6.344
21390,0.79,37.909,24.165,30.446,23.251,4.783,7.288,6.303
21391,0.79,37.997,24.207,30.456,23.247,4.824,7.329,6.425
21392,0.803,38.075,24.227,30.494,23.261,4.946,7.573,6.507
21393,0.82,37.692,24.231,30.485,23.254,4.866,7.372,6.427
21394,0.807,37.794,24.227,30.456,23.254,4.865,7.411,6.344
21395,0.813,37.91,24.22,30.485,23.251,4.824,7.411,6.466
21396,0.797,37.978,24.208,30.494,23.251,4.865,7.493,6.386
21397,0.8,37.835,24.18,30.475,23.258,4.865,7.453,6.425
21398,0.807,37.939,24.203,30.427,23.244,4.662,7.371,6.222
21399,0.794,38.026,24.208,30.465,23.247,4.822,7.492,6.342
21400,0.8,38.065,24.176,30.466,23.251,4.865,7.412,6.343
21401,0.79,37.673,24.258,30.456,23.251,4.784,7.371,6.262
21402,0.787,37.784,24.196,30.456,23.244,4.702,7.33,6.221
21403,0.78,37.91,24.204,30.485,23.251,4.863,7.532,6.464
21404,0.787,38.131,24.239,30.494,23.261,4.946,7.494,6.345
21405,0.764,37.827,24.227,30.456,23.251,4.825,7.494,6.303
21406,0.764,37.958,24.212,30.475,23.251,4.905,7.494,6.302
21407,0.764,38.046,24.2,30.485,23.254,4.906,7.494,6.384
21408,0.761,37.701,24.204,30.475,23.254,4.906,7.494,6.425
21409,0.761,37.727,24.18,30.475,23.247,4.784,7.412,6.222
21410,0.741,37.823,24.164,30.456,23.251,4.824,7.452,6.302
21411,0.754,37.939,24.234,30.456,23.251,4.865,7.534,6.262
21412,0.777,37.604,24.192,30.456,23.251,4.824,7.494,6.221
21413,0.758,37.745,24.204,30.456,23.251,4.783,7.453,6.22
21414,0.748,37.852,24.2,30.456,23.254,4.783,7.574,6.342
21415,0.76,37.987,24.184,30.494,23.261,4.986,7.657,6.425
21416,0.774,37.528,24.211,30.466,23.251,4.785,7.536,6.304
21417,0.777,37.648,24.176,30.466,23.254,4.824,7.534,6.262
21418,0.774,37.764,24.207,30.456,23.254,4.905,7.494,6.221
21419,0.78,37.833,24.208,30.465,23.251,4.865,7.534,6.302
21420,0.793,37.699,24.192,30.494,23.251,4.865,7.494,6.262
21421,0.774,37.765,24.235,30.447,23.244,4.743,7.371,6.18
21422,0.758,37.89,24.216,30.456,23.244,4.823,7.533,6.261
21423,0.767,37.959,24.219,30.465,23.254,4.824,7.453,6.221
21424,0.757,37.576,24.188,30.456,23.244,4.824,7.412,6.139
21425,0.748,37.677,24.168,30.446,23.244,4.743,7.452,6.179
21426,0.744,37.822,24.211,30.475,23.247,4.905,7.493,6.342
21427,0.76,37.881,24.196,30.494,23.261,4.906,7.453,6.262
21428,0.744,37.565,24.2,30.475,23.251,4.825,7.452,6.221
21429,0.741,37.725,24.219,30.485,23.254,4.905,7.493,6.261
21430,0.741,37.823,24.196,30.456,23.251,4.865,7.575,6.262
21431,0.747,37.833,24.247,30.475,23.254,4.865,7.494,6.262
21432,0.76,37.594,24.196,30.456,23.251,4.784,7.29,6.058
21433,0.748,37.697,24.184,30.437,23.247,4.783,7.451,6.137
21434,0.76,37.822,24.196,30.465,23.247,4.824,7.452,6.179
21435,0.767,37.603,24.165,30.466,23.251,4.743,7.412,6.139
21436,0.761,37.563,24.195,30.446,23.251,4.742,7.411,6.138
21437,0.761,37.687,24.165,30.446,23.247,4.742,7.452,6.26
21438,0.783,37.813,24.246,30.494,23.261,4.905,7.615,6.302
21439,0.784,37.507,24.228,30.466,23.251,4.825,7.495,6.099
21440,0.774,37.61,24.18,30.446,23.251,4.743,7.494,6.138
21441,0.774,37.716,24.242,30.456,23.247,4.783,7.575,6.219
21442,0.774,37.803,24.227,30.465,23.254,4.864,7.616,6.22
21443,0.777,37.43,24.188,30.494,23.247,4.865,7.617,6.18
21444,0.758,37.532,24.168,30.447,23.237,4.662,7.535,6.098
21445,0.754,37.658,24.168,30.456,23.251,4.822,7.738,6.219
21446,0.761,37.726,24.203,30.446,23.251,4.743,7.699,6.139
21447,0.754,37.487,24.176,30.456,23.247,4.783,7.658,6.179
21448,0.757,37.6,24.215,30.456,23.244,4.783,7.658,6.139
21449,0.735,37.726,24.212,30.456,23.261,4.864,7.78,6.301
21450,0.751,37.823,24.2,30.494,23.258,4.906,7.862,6.262
21451,0.751,37.431,24.254,30.466,23.247,4.825,7.741,6.302
21452,0.761,37.561,24.192,30.475,23.251,4.865,7.781,6.221
21453,0.767,37.677,24.192,30.466,23.254,4.824,7.862,6.261
21454,0.774,37.736,24.172,30.475,23.258,4.865,7.863,6.18
21455,0.767,37.478,24.172,30.427,23.237,4.743,7.7,6.139
21456,0.764,37.609,24.172,30.456,23.254,4.783,7.821,6.138
21457,0.774,37.716,24.184,30.465,23.251,4.742,7.863,6.179
21458,0.787,37.727,24.211,30.437,23.247,4.701,7.782,6.179
21459,0.79,37.391,24.188,30.417,23.24,4.701,7.74,6.139
21460,0.787,37.532,24.2,30.465,23.254,4.904,7.943,6.382
21461,0.79,37.667,24.258,30.475,23.258,4.825,7.864,6.344
21462,0.774,37.688,24.232,30.466,23.247,4.824,7.822,6.303
21463,0.774,37.64,24.235,30.456,23.254,4.824,7.863,6.302
21464,0.767,37.784,24.138,30.456,23.265,4.824,7.822,6.302
21465,0.767,37.871,24.187,30.475,23.251,4.865,7.822,6.262
21466,0.761,37.306,24.172,30.427,23.247,4.662,7.619,6.18
21467,0.744,37.368,24.196,30.446,23.254,4.822,7.657,6.261
21468,0.751,37.493,24.188,30.456,23.254,4.743,7.739,6.221
21469,0.751,37.59,24.172,30.446,23.244,4.742,7.618,6.18
21470,0.751,37.361,24.18,30.417,23.251,4.701,7.617,6.179
21471,0.751,37.503,24.235,30.436,23.258,4.823,7.617,6.342
21472,0.77,37.648,24.208,30.475,23.258,4.905,7.779,6.303
21473,0.774,37.736,24.212,30.446,23.251,4.825,7.618,6.221
21474,0.771,37.478,24.212,30.437,23.254,4.865,7.657,6.302
21475,0.777,37.619,24.227,30.446,23.261,4.865,7.617,6.302
21476,0.787,37.745,24.216,30.456,23.254,4.906,7.739,6.302
21477,0.79,37.804,24.192,30.446,23.244,4.784,7.537,6.14
21478,0.784,37.306,24.204,30.417,23.247,4.783,7.575,6.179
21479,0.787,37.464,24.215,30.446,23.247,4.742,7.575,6.179
21480,0.784,37.571,24.196,30.417,23.244,4.783,7.535,6.098
21481,0.774,37.639,24.219,30.417,23.247,4.702,7.494,6.178
21482,0.777,37.4,24.212,30.436,23.247,4.782,7.453,6.22
21483,0.78,37.57,24.204,30.475,23.258,4.946,7.696,6.383
21484,0.787,37.677,24.196,30.437,23.254,4.866,7.496,6.263
21485,0.777,37.698,24.215,30.427,23.254,4.784,7.494,6.262
21486,0.767,37.439,24.215,30.427,23.254,4.783,7.534,6.302
21487,0.77,37.551,24.204,30.446,23.251,4.824,7.534,6.343
21488,0.77,37.658,24.18,30.437,23.251,4.824,7.372,6.262
21489,0.757,37.976,24.176,30.408,23.24,4.743,7.289,6.221
21490,0.757,37.432,24.18,30.427,23.247,4.864,7.491,6.302
21491,0.761,37.542,24.192,30.427,23.251,4.784,7.412,6.221
21492,0.774,37.629,24.184,30.408,23.247,4.742,7.452,6.22
21493,0.761,37.333,24.176,30.398,23.244,4.783,7.371,6.261
21494,0.767,37.349,24.239,30.446,23.265,4.824,7.452,6.384
21495,0.783,37.512,24.239,30.456,23.251,4.865,7.412,6.263
21496,0.78,37.581,24.212,30.427,23.254,4.824,7.452,6.302
21497,0.793,37.399,24.2,30.417,23.251,4.824,7.452,6.302
21498,0.79,37.503,24.196,30.417,23.254,4.824,7.452,6.262
21499,0.803,37.658,24.211,30.436,23.254,4.824,7.452,6.262
21500,0.803,37.726,24.18,30.398,23.247,4.702,7.33,6.18
21501,0.784,37.228,24.207,30.398,23.244,4.782,7.451,6.179
21502,0.787,37.386,24.219,30.417,23.251,4.742,7.452,6.22
21503,0.774,37.532,24.165,30.417,23.251,4.783,7.452,6.18
21504,0.78,37.571,24.176,30.408,23.24,4.742,7.493,6.179
21505,0.771,37.323,24.199,30.417,23.247,4.742,7.534,6.261
21506,0.77,37.493,24.219,30.436,23.261,4.945,7.697,6.384
21507,0.78,37.6,24.192,30.408,23.251,4.785,7.577,6.222
21508,0.761,37.639,24.165,30.417,23.254,4.824,7.616,6.302
21509,0.764,37.294,24.172,30.417,23.254,4.824,7.576,6.221
21510,0.764,37.425,24.18,30.436,23.254,4.783,7.616,6.342
21511,0.761,37.532,24.242,30.427,23.254,4.824,7.576,6.262
21512,0.77,37.552,24.204,30.388,23.244,4.661,7.454,6.18
21513,0.757,37.294,24.18,30.398,23.247,4.782,7.534,6.179
21514,0.774,37.406,24.172,30.417,23.244,4.742,7.453,6.179
21515,0.78,37.513,24.215,30.398,23.244,4.701,7.534,6.139
21516,0.78,37.552,24.184,30.398,23.24,4.782,7.453,6.26
21517,0.78,37.303,24.2,30.398,23.254,4.742,7.615,6.302
21518,0.8,37.454,24.149,30.446,23.258,4.905,7.657,6.302
21519,0.8,37.542,24.172,30.408,23.254,4.784,7.455,6.221
21520,0.807,37.389,24.211,30.407,23.251,4.783,7.493,6.302
21521,0.79,37.321,24.227,30.407,23.254,4.864,7.534,6.302
21522,0.777,37.464,24.173,30.417,23.254,4.824,7.575,6.302
21523,0.784,37.552,24.168,30.408,23.247,4.783,7.494,6.14
21524,0.754,37.111,24.196,30.388,23.247,4.702,7.494,6.219
21525,0.767,37.232,24.196,30.398,23.251,4.701,7.534,6.22
21526,0.77,37.367,24.172,30.388,23.247,4.742,7.575,6.18
21527,0.774,37.455,24.207,30.388,23.24,4.742,7.454,6.139
21528,0.761,37.187,24.188,30.379,23.247,4.783,7.574,6.26
21529,0.757,37.347,24.219,30.417,23.258,4.864,7.738,6.424
21530,0.774,37.474,24.219,30.417,23.251,4.784,7.577,6.222
21531,0.758,37.552,24.239,30.379,23.251,4.783,7.535,6.261
21532,0.774,37.179,24.181,30.388,23.254,4.824,7.616,6.262
21533,0.777,37.328,24.157,30.398,23.251,4.783,7.617,6.262
21534,0.777,37.426,24.211,30.398,23.258,4.824,7.617,6.302
21535,0.787,37.494,24.169,30.379,23.237,4.702,7.454,6.14
21536,0.78,37.092,24.192,30.398,23.254,4.782,7.656,6.219
21537,0.793,37.231,24.184,30.379,23.251,4.742,7.658,6.302
21538,0.787,37.338,24.164,30.378,23.244,4.701,7.617,6.18
21539,0.784,37.397,24.184,30.378,23.244,4.66,7.617,6.098
21540,0.787,37.196,24.203,30.388,23.258,4.863,7.739,6.3
21541,0.803,37.376,24.258,30.426,23.265,4.865,7.821,6.262
21542,0.781,37.464,24.134,30.408,23.248,4.824,7.741,6.262
21543,0.784,37.475,24.199,30.388,23.251,4.783,7.781,6.262
21544,0.784,37.216,24.172,30.379,23.254,4.783,7.862,6.302
21545,0.784,37.357,24.215,30.398,23.251,4.824,7.863,6.221
21546,0.767,37.474,24.196,30.379,23.247,4.783,7.7,6.058
21547,0.754,37.427,24.157,30.359,23.247,4.742,7.861,6.259
21548,0.761,37.139,24.215,30.388,23.247,4.783,7.863,6.221
21549,0.761,37.261,24.215,30.388,23.247,4.742,7.822,6.18
21550,0.751,37.348,24.176,30.359,23.244,4.742,7.781,6.139
21551,0.764,37.167,24.266,30.369,23.244,4.783,7.862,6.179
21552,0.78,37.271,24.255,30.397,23.261,4.946,8.026,6.301
21553,0.774,37.396,24.216,30.388,23.251,4.825,7.865,6.221
21554,0.774,37.465,24.18,30.369,23.247,4.824,7.904,6.22
21555,0.784,37.063,24.203,30.369,23.251,4.824,7.863,6.22
21556,0.784,37.202,24.211,30.388,23.254,4.824,7.863,6.261
21557,0.784,37.309,24.212,30.359,23.24,4.661,7.741,6.221
21558,0.777,37.349,24.137,30.34,23.247,4.782,7.781,6.261
21559,0.787,36.946,24.164,30.368,23.247,4.742,7.781,6.18
21560,0.787,37.077,24.207,30.35,23.247,4.661,7.7,6.22
21561,0.777,37.193,24.219,30.33,23.251,4.66,7.618,6.18
21562,0.774,37.28,24.145,30.359,23.251,4.741,7.779,6.261
21563,0.784,37.214,24.219,30.388,23.261,4.945,7.903,6.343
21564,0.774,37.319,24.208,30.359,23.251,4.744,7.742,6.221
21565,0.758,37.435,24.204,30.359,23.247,4.864,7.699,6.342
21566,0.761,37.503,24.184,30.349,23.254,4.824,7.74,6.221
21567,0.774,37.063,24.172,30.359,23.251,4.824,7.74,6.261
21568,0.764,37.183,24.207,30.349,23.247,4.743,7.577,6.139
21569,0.744,37.28,24.204,30.33,23.24,4.661,7.575,6.26
21570,0.751,37.348,24.176,30.34,23.251,4.782,7.575,6.221
21571,0.744,37.109,24.199,30.359,23.254,4.742,7.575,6.22
21572,0.751,37.222,24.211,30.33,23.251,4.661,7.535,6.18
21573,0.754,37.338,24.188,30.397,23.244,4.741,7.494,6.22
21574,0.774,37.454,24.207,30.369,23.254,4.823,7.616,6.424
21575,0.78,37.043,24.227,30.359,23.254,4.743,7.535,6.263
21576,0.771,37.154,24.192,30.349,23.247,4.783,7.453,6.343
21577,0.774,37.251,24.227,30.34,23.247,4.824,7.412,6.303
21578,0.774,37.08,24.118,30.359,23.254,4.783,7.533,6.302
21579,0.79,37.107,24.164,30.359,23.251,4.783,7.412,6.262
21580,0.777,37.193,24.184,30.302,23.237,4.702,7.289,6.099
21581,0.774,37.28,24.176,30.32,23.251,4.742,7.41,6.3
21582,0.771,36.946,24.121,30.349,23.251,4.701,7.33,6.221
21583,0.77,37.067,24.148,30.33,23.251,4.701,7.289,6.261
21584,0.761,37.174,24.152,30.311,23.254,4.701,7.288,6.139
21585,0.757,37.28,24.188,30.33,23.254,4.863,7.369,6.341
21586,0.764,37.013,24.211,30.359,23.258,4.824,7.33,6.343
21587,0.757,37.106,24.173,30.321,23.254,4.702,7.329,6.303
21588,0.744,37.241,24.196,30.33,23.251,4.742,7.329,6.262
21589,0.734,37.3,24.2,30.349,23.254,4.783,7.37,6.343
21590,0.751,37.042,24.176,30.34,23.254,4.824,7.37,6.343
21591,0.754,37.173,24.227,30.311,23.247,4.702,7.248,6.1
21592,0.741,37.251,24.169,30.291,23.244,4.742,7.247,6.219
21593,0.757,37.339,24.153,30.31,23.247,4.661,7.288,6.261
21594,0.751,36.918,24.164,30.311,23.251,4.741,7.207,6.302
21595,0.757,37.067,24.164,30.32,23.247,4.661,7.165,6.221
21596,0.757,37.174,24.18,30.301,23.251,4.741,7.246,6.302
21597,0.77,37.251,24.207,30.349,23.261,4.823,7.41,6.465
21598,0.783,37.041,24.184,30.34,23.251,4.783,7.33,6.304
21599,0.777,37.135,24.211,30.311,23.254,4.783,7.248,6.221
21600,0.771,37.251,24.227,30.311,23.254,4.783,7.288,6.261
21601,0.764,37.281,24.227,30.32,23.254,4.783,7.207,6.302
21602,0.757,37.022,24.106,30.32,23.251,4.783,7.287,6.262
21603,0.754,37.135,24.156,30.282,23.24,4.58,7.085,6.139
21604,0.735,37.251,24.176,30.301,23.251,4.781,7.286,6.26
21605,0.738,37.147,24.18,30.311,23.247,4.783,7.288,6.139
21606,0.738,37.031,24.192,30.282,23.244,4.742,7.207,6.179
21607,0.744,37.154,24.18,30.291,23.247,4.661,7.247,6.139
21608,0.734,37.242,24.16,30.301,23.251,4.782,7.369,6.301
21609,0.754,36.984,24.199,30.339,23.261,4.824,7.411,6.262
21610,0.744,37.039,24.2,30.301,23.251,4.743,7.33,6.221
21611,0.734,37.135,24.243,30.311,23.251,4.742,7.41,6.22
21612,0.757,37.242,24.146,30.301,23.254,4.783,7.452,6.302
21613,0.754,37.003,24.199,30.301,23.254,4.783,7.412,6.302
21614,0.761,37.125,24.165,30.32,23.244,4.661,7.249,6.099
21615,0.761,37.241,24.184,30.272,23.24,4.7,7.369,6.219
21616,0.767,37.338,24.211,30.31,23.251,4.782,7.452,6.18
21617,0.761,36.937,24.227,30.282,23.244,4.702,7.29,6.179
21618,0.767,37.076,24.145,30.291,23.24,4.701,7.369,6.139
21619,0.783,37.212,24.156,30.282,23.247,4.701,7.411,6.26
21620,0.78,37.29,24.238,30.32,23.254,4.863,7.574,6.343
21621,0.784,36.879,24.216,30.32,23.251,4.743,7.494,6.14
21622,0.771,36.999,24.173,30.33,23.258,4.742,7.494,6.219
21623,0.767,37.096,24.149,30.301,23.254,4.701,7.575,6.18
21624,0.754,37.145,24.195,30.282,23.254,4.782,7.535,6.261
21625,0.748,36.964,24.204,30.282,23.251,4.783,7.494,6.262
21626,0.738,37.096,24.2,30.262,23.244,4.661,7.453,6.099
21627,0.738,37.193,24.165,30.262,23.244,4.7,7.452,6.178
21628,0.744,37.242,24.199,30.272,23.251,4.701,7.534,6.22
21629,0.734,36.849,24.149,30.282,23.251,4.701,7.534,6.18
21630,0.728,36.98,24.16,30.272,23.247,4.66,7.453,6.22
21631,0.734,37.077,24.203,30.262,23.254,4.741,7.574,6.342
21632,0.757,37.385,24.243,30.32,23.261,4.823,7.657,6.303
21633,0.767,37.014,24.227,30.282,23.251,4.783,7.576,6.302
21634,0.764,37.135,24.173,30.282,23.244,4.742,7.575,6.262
21635,0.764,37.27,24.211,30.272,23.251,4.783,7.575,6.262
21636,0.761,36.965,24.192,30.291,23.258,4.783,7.616,6.262
21637,0.77,36.99,24.196,30.282,23.251,4.702,7.495,6.139
21638,0.761,37.096,24.09,30.243,23.244,4.66,7.453,6.179
21639,0.767,37.222,24.156,30.272,23.247,4.782,7.493,6.139
21640,0.767,36.878,24.207,30.253,23.244,4.661,7.534,6.138
21641,0.761,36.999,24.192,30.253,23.251,4.7,7.453,6.138
21642,0.738,37.115,24.086,30.262,23.244,4.66,7.452,6.138
21643,0.751,37.241,24.206,30.291,23.265,4.863,7.696,6.341
21644,0.761,36.83,24.169,30.272,23.258,4.824,7.414,6.181
21645,0.748,36.941,24.192,30.262,23.251,4.783,7.452,6.139
21646,0.734,37.067,24.188,30.281,23.254,4.824,7.452,6.26
21647,0.741,37.145,24.153,30.272,23.254,4.783,7.534,6.262
21648,0.734,36.925,24.176,30.282,23.251,4.783,7.534,6.18
21649,0.731,37.057,24.157,30.234,23.24,4.62,7.372,6.098
21650,0.728,37.164,24.176,30.243,23.24,4.822,7.411,6.178
21651,0.731,37.223,24.223,30.262,23.254,4.783,7.371,6.179
21652,0.741,36.897,24.188,30.243,23.247,4.702,7.411,6.179
21653,0.734,37.028,24.204,30.233,23.247,4.701,7.33,6.139
21654,0.741,37.164,24.196,30.243,23.258,4.863,7.492,6.301
21655,0.767,37.223,24.215,30.291,23.261,4.824,7.453,6.18
21656,0.754,36.945,24.208,30.263,23.251,4.743,7.412,6.139
21657,0.764,37.048,24.212,30.253,23.254,4.783,7.33,6.179
21658,0.767,37.154,24.161,30.272,23.254,4.702,7.37,6.22
21659,0.78,37.184,24.172,30.253,23.258,4.782,7.33,6.18
21660,0.771,36.916,24.18,30.224,23.241,4.58,7.207,6.057
21661,0.754,37.047,24.188,30.243,23.251,4.74,7.206,6.137
21662,0.761,37.164,24.149,30.243,23.254,4.783,7.165,6.057
21663,0.757,36.973,24.172,30.233,23.247,4.742,7.165,6.056
21664,0.741,36.923,24.172,30.224,23.244,4.661,7.124,6.097
21665,0.744,37.057,24.199,30.243,23.251,4.822,7.327,6.219
21666,0.747,37.193,24.184,30.262,23.265,4.783,7.248,6.139
21667,0.741,36.811,24.203,30.234,23.251,4.742,7.166,6.219
21668,0.734,36.922,24.141,30.233,23.258,4.783,7.206,6.18
21669,0.734,37.057,24.191,30.243,23.251,4.824,7.206,6.179
21670,0.725,37.154,24.211,30.243,23.254,4.783,7.165,6.179
21671,0.734,36.839,24.204,30.224,23.244,4.702,7.043,6.057
21672,0.734,36.941,24.114,30.195,23.244,4.701,7.042,6.137
21673,0.741,37.096,24.144,30.214,23.247,4.701,7.042,6.138
21674,0.751,37.155,24.164,30.204,23.247,4.66,7.001,6.138
21675,0.748,36.743,24.188,30.214,23.244,4.7,7.001,6.098
21676,0.744,36.892,24.176,30.223,23.251,4.742,7.082,6.138
21677,0.764,37.038,24.239,30.252,23.258,4.905,7.205,6.301
21678,0.767,37.097,24.181,30.224,23.251,4.744,7.165,6.18
21679,0.761,36.771,24.172,30.224,23.254,4.701,7.043,6.179
21680,0.77,36.902,24.227,30.224,23.258,4.701,7.001,6.179
21681,0.761,37.019,24.216,30.224,23.251,4.823,7.123,6.179
21682,0.764,37.087,24.13,30.252,23.254,4.702,7.043,6.22
21683,0.751,36.742,24.137,30.195,23.244,4.62,6.92,6.098
21684,0.741,36.864,24.156,30.204,23.251,4.781,7.0,6.178
21685,0.741,36.999,24.164,30.204,23.251,4.702,7.001,6.098
21686,0.738,37.039,24.164,30.195,23.254,4.66,6.96,6.138
21687,0.734,36.838,24.203,30.204,23.244,4.7,6.96,6.098
21688,0.734,36.98,24.169,30.204,23.254,4.782,7.082,6.3
21689,0.751,37.134,24.219,30.243,23.265,4.864,7.042,6.262
21690,0.738,37.078,24.204,30.205,23.251,4.784,7.042,6.262
21691,0.741,36.857,24.227,30.204,23.247,4.742,7.082,6.221
21692,0.744,37.009,24.165,30.214,23.254,4.742,7.002,6.261
21693,0.741,37.106,24.168,30.214,23.254,4.742,7.041,6.18
21694,0.744,36.762,24.176,30.185,23.251,4.661,6.879,6.098
21695,0.747,36.797,24.149,30.166,23.237,4.7,6.918,6.219
21696,0.757,36.95,24.172,30.185,23.254,4.66,6.959,6.18
21697,0.754,37.057,24.196,30.194,23.251,4.7,6.919,6.179
21698,0.757,36.656,24.165,30.175,23.24,4.701,6.919,6.057
21699,0.764,36.786,24.184,30.175,23.251,4.742,6.878,6.219
21700,0.764,36.95,24.184,30.204,23.258,4.905,7.081,6.302
21701,0.767,37.019,24.25,30.195,23.247,4.744,6.961,6.221
21702,0.761,36.675,24.165,30.185,23.251,4.742,7.0,6.18
21703,0.754,36.825,24.18,30.194,23.254,4.823,6.96,6.22
21704,0.744,36.922,24.2,30.195,23.258,4.824,7.0,6.22
21705,0.734,37.0,24.172,30.185,23.258,4.783,6.879,6.18
21706,0.731,36.694,24.168,30.156,23.237,4.661,6.796,6.098
21707,0.734,36.853,24.238,30.185,23.254,4.741,6.958,6.178
21708,0.734,36.961,24.165,30.175,23.247,4.783,6.878,6.139
21709,0.728,37.01,24.184,30.185,23.244,4.661,6.837,6.138
21710,0.725,36.713,24.172,30.166,23.24,4.7,6.837,6.098
21711,0.728,36.873,24.196,30.185,23.258,4.823,6.999,6.341
21712,0.744,37.018,24.075,30.214,23.254,4.824,6.96,6.262
21713,0.744,37.029,24.144,30.176,23.247,4.743,6.96,6.18
21714,0.744,36.79,24.172,30.175,23.254,4.742,6.919,6.22
21715,0.757,36.931,24.18,30.185,23.258,4.783,6.959,6.22
21716,0.757,37.029,24.219,30.185,23.251,4.783,7.041,6.18
21717,0.757,37.355,24.176,30.156,23.244,4.661,6.757,6.179
21718,0.744,36.659,24.137,30.146,23.247,4.7,6.917,6.098
21719,0.764,36.815,24.187,30.156,23.247,4.742,6.959,6.138
21720,0.767,36.912,24.153,30.156,23.244,4.701,6.878,6.138
21721,0.748,36.693,24.234,30.156,23.247,4.66,6.877,6.138
21722,0.747,36.719,24.149,30.146,23.251,4.7,6.918,6.219
21723,0.754,36.902,24.188,30.194,23.268,4.904,7.122,6.261
21724,0.741,36.971,24.168,30.166,23.251,4.744,7.002,6.139
21725,0.738,36.578,24.207,30.146,23.254,4.742,7.041,6.179
21726,0.738,36.718,24.215,30.165,23.258,4.701,7.042,6.139
21727,0.734,36.844,24.188,30.185,23.254,4.823,7.123,6.219
21728,0.734,36.922,24.118,30.137,23.251,4.783,7.043,6.098
21729,0.715,36.578,24.148,30.117,23.24,4.661,7.001,6.097
21730,0.718,36.708,24.188,30.136,23.251,4.7,7.082,6.178
21731,0.721,36.834,24.2,30.146,23.251,4.701,7.083,6.139
21732,0.734,36.912,24.141,30.137,23.247,4.742,7.002,6.138
21733,0.734,36.539,24.144,30.117,23.251,4.742,7.123,6.138
21734,0.741,36.718,24.172,30.165,23.268,4.864,7.205,6.26
21735,0.757,36.863,24.219,30.146,23.258,4.743,7.125,6.139
21736,0.754,36.894,24.212,30.137,23.244,4.783,7.165,6.179
21737,0.751,36.51,24.188,30.156,23.251,4.824,7.084,6.22
21738,0.764,36.65,24.118,30.118,23.258,4.824,7.164,6.22
21739,0.77,36.776,24.156,30.127,23.254,4.783,7.084,6.18
21740,0.761,36.778,24.191,30.108,23.234,4.62,7.002,6.098
21741,0.751,36.567,24.207,30.117,23.251,4.7,7.123,6.178
21742,0.751,36.718,24.172,30.184,23.247,4.782,7.124,6.139
21743,0.748,36.835,24.157,30.108,23.24,4.702,7.043,6.179
21744,0.734,36.836,24.238,30.098,23.244,4.701,7.042,6.179
21745,0.734,36.558,24.188,30.126,23.251,4.742,7.204,6.383
21746,0.741,36.737,24.215,30.156,23.258,4.783,7.165,6.263
21747,0.734,36.825,24.212,30.089,23.251,4.742,7.124,6.221
21748,0.721,36.692,24.153,30.136,23.258,4.742,7.165,6.302
21749,0.731,36.623,24.156,30.127,23.261,4.823,7.165,6.262
21750,0.721,36.747,24.227,30.136,23.254,4.783,7.165,6.262
21751,0.731,36.835,24.196,30.089,23.247,4.661,7.043,6.18
21752,0.731,36.452,24.071,30.126,23.251,4.782,7.123,6.261
21753,0.738,36.554,24.159,30.098,23.251,4.702,7.043,6.262
21754,0.741,36.689,24.164,30.107,23.244,4.66,7.082,6.221
21755,0.751,36.786,24.211,30.088,23.24,4.66,7.002,6.18
21756,0.751,36.375,24.165,30.126,23.251,4.822,7.123,6.342
21757,0.767,36.543,24.215,30.136,23.258,4.865,7.124,6.262
21758,0.764,36.641,24.145,30.108,23.251,4.702,7.124,6.262
21759,0.767,36.738,24.156,30.107,23.254,4.782,7.124,6.262
21760,0.777,36.49,24.207,30.098,23.258,4.783,7.205,6.221
21761,0.767,36.612,24.188,30.117,23.258,4.783,7.125,6.261
21762,0.748,36.738,24.11,30.079,23.237,4.661,7.043,6.139
21763,0.741,36.796,24.129,30.088,23.254,4.782,7.204,6.26
21764,0.751,36.538,24.176,30.078,23.244,4.783,7.125,6.221
21765,0.735,36.679,24.184,30.088,23.247,4.742,7.205,6.18
21766,0.734,36.815,24.172,30.05,23.24,4.701,7.206,6.22
21767,0.741,36.884,24.227,30.088,23.251,4.863,7.328,6.342
21768,0.738,36.376,24.138,30.117,23.258,4.865,7.41,6.262
21769,0.738,36.476,24.156,30.088,23.251,4.743,7.411,6.221
21770,0.728,36.573,24.219,30.078,23.254,4.823,7.371,6.302
21771,0.734,36.613,24.212,30.078,23.251,4.824,7.492,6.343
21772,0.754,36.46,24.212,30.098,23.254,4.824,7.412,6.221
21773,0.748,36.583,24.141,30.05,23.24,4.661,7.33,6.058
21774,0.747,36.661,24.156,30.068,23.244,4.782,7.451,6.259
21775,0.76,36.776,24.156,30.069,23.254,4.702,7.412,6.18
21776,0.77,36.471,24.172,30.069,23.244,4.742,7.371,6.139
21777,0.77,36.592,24.196,30.05,23.247,4.701,7.33,6.138
21778,0.767,36.689,24.141,30.049,23.247,4.782,7.451,6.219
21779,0.79,36.326,24.184,30.107,23.261,4.864,7.534,6.302
21780,0.784,36.351,24.188,30.079,23.254,4.865,7.412,6.262
21781,0.771,36.447,24.227,30.059,23.251,4.743,7.493,6.221
21782,0.761,36.573,24.173,30.088,23.258,4.823,7.453,6.18
21783,0.761,36.373,24.211,30.078,23.254,4.824,7.574,6.261
21784,0.754,36.515,24.184,30.059,23.251,4.743,7.454,6.139
21785,0.735,36.593,24.141,30.04,23.247,4.661,7.412,6.098
21786,0.744,36.718,24.148,30.059,23.251,4.741,7.411,6.138
21787,0.734,36.403,24.188,30.059,23.251,4.742,7.452,6.057
21788,0.728,36.534,24.118,30.049,23.244,4.661,7.493,6.097
21789,0.728,36.66,24.172,30.04,23.247,4.7,7.534,6.219
21790,0.734,36.738,24.199,30.068,23.254,4.823,7.657,6.302
21791,0.751,36.307,24.196,30.069,23.261,4.783,7.536,6.221
21792,0.744,36.476,24.18,30.078,23.251,4.783,7.534,6.139
21793,0.751,36.554,24.164,30.069,23.251,4.824,7.494,6.138
21794,0.751,36.603,24.172,30.069,23.261,4.783,7.656,6.219
21795,0.757,36.249,24.188,30.078,23.254,4.783,7.576,6.139
21796,0.751,36.379,24.18,30.03,23.237,4.661,7.494,6.057
21797,0.744,36.496,24.188,30.059,23.247,4.782,7.616,6.178
21798,0.767,36.535,24.145,30.049,23.247,4.824,7.535,6.057
21799,0.77,36.305,24.133,30.03,23.247,4.702,7.575,6.097
21800,0.764,36.437,24.156,30.02,23.251,4.701,7.575,6.097
21801,0.767,36.535,24.203,30.039,23.251,4.782,7.738,6.178
21802,0.764,36.612,24.137,30.097,23.265,4.864,7.821,6.139
21803,0.757,36.661,24.199,30.04,23.254,4.824,7.7,6.179
21804,0.757,36.786,24.2,30.03,23.244,4.783,7.658,6.139
21805,0.748,36.883,24.2,30.049,23.254,4.824,7.658,6.138
21806,0.747,36.29,24.176,30.049,23.254,4.783,7.698,6.098
21807,0.747,36.14,24.192,30.021,23.244,4.661,7.618,6.056
21808,0.728,36.244,24.102,30.03,23.237,4.7,7.617,6.015
21809,0.741,36.379,24.148,30.04,23.244,4.823,7.657,6.096
21810,0.738,36.313,24.219,30.04,23.251,4.783,7.617,6.178
21811,0.738,36.428,24.173,30.03,23.247,4.742,7.617,6.017
21812,0.751,36.554,24.059,30.03,23.244,4.701,7.535,6.056
21813,0.761,36.66,24.151,30.049,23.258,4.782,7.738,6.219
21814,0.774,36.153,24.176,30.068,23.258,4.864,7.659,6.139
21815,0.761,36.263,24.18,30.04,23.251,4.824,7.617,6.138
21816,0.767,36.37,24.172,30.04,23.254,4.824,7.657,6.179
21817,0.767,36.457,24.203,30.03,23.247,4.824,7.617,6.22
21818,0.783,36.324,24.145,30.03,23.254,4.824,7.617,6.058
21819,0.777,36.476,24.141,30.011,23.24,4.621,7.454,5.975
21820,0.784,36.564,24.191,30.02,23.247,4.741,7.493,6.096
21821,0.777,36.651,24.172,30.02,23.251,4.783,7.453,6.097
21822,0.767,36.172,24.164,30.03,23.251,4.783,7.412,6.016
21823,0.757,36.273,24.145,30.001,23.244,4.702,7.371,6.096
21824,0.757,36.408,24.168,30.011,23.251,4.782,7.492,6.178
21825,0.764,36.496,24.227,30.059,23.265,4.864,7.494,6.179
21826,0.757,36.286,24.188,30.021,23.251,4.824,7.412,6.098
21827,0.754,36.408,24.207,30.03,23.251,4.865,7.493,6.056
21828,0.741,36.534,24.192,30.011,23.251,4.743,7.453,6.178
21829,0.741,36.564,24.161,30.011,23.261,4.905,7.412,6.139
21830,0.751,36.21,24.211,30.02,23.247,4.784,7.33,6.016
21831,0.735,36.292,24.153,30.001,23.24,4.702,7.289,6.056
21832,0.754,36.447,24.168,29.991,23.247,4.782,7.329,6.056
21833,0.754,36.343,24.145,30.001,23.251,4.742,7.248,6.056
21834,0.757,36.179,24.164,30.001,23.244,4.701,7.206,6.097
21835,0.751,36.283,24.195,29.991,23.251,4.823,7.287,6.097
21836,0.767,36.428,24.192,30.049,23.261,4.905,7.41,6.219
21837,0.78,36.17,24.258,30.021,23.251,4.784,7.289,6.18
21838,0.774,36.254,24.173,30.03,23.251,4.742,7.288,6.098
21839,0.787,36.379,24.164,30.001,23.254,4.864,7.288,6.097
21840,0.784,36.467,24.215,29.991,23.251,4.865,7.247,6.178
21841,0.777,36.094,24.173,30.001,23.251,4.743,7.206,6.139
21842,0.761,36.195,24.164,30.03,23.24,4.701,7.125,5.976
21843,0.757,36.321,24.141,29.992,23.247,4.742,7.205,6.137
21844,0.767,36.409,24.184,29.991,23.247,4.783,7.165,6.138
21845,0.754,36.16,24.192,29.991,23.247,4.742,7.165,6.057
21846,0.748,36.302,24.184,29.982,23.251,4.783,7.165,6.015
21847,0.747,36.428,24.2,30.01,23.251,4.824,7.287,6.218
21848,0.754,36.544,24.157,30.078,23.265,4.865,7.288,6.18
21849,0.744,36.085,24.133,29.992,23.251,4.784,7.207,6.139
21850,0.747,36.224,24.211,30.01,23.254,4.864,7.206,6.179
21851,0.754,36.321,24.18,30.001,23.258,4.865,7.206,6.22
21852,0.767,36.399,24.196,30.011,23.258,4.906,7.287,6.139
21853,0.761,36.103,24.133,29.972,23.234,4.662,7.085,6.016
21854,0.764,36.243,24.152,29.972,23.247,4.741,7.164,6.178
21855,0.78,36.37,24.176,29.991,23.251,4.742,7.206,6.139
21856,0.78,36.4,24.164,29.972,23.244,4.742,7.287,6.098
21857,0.78,36.093,24.203,29.981,23.24,4.742,7.207,6.097
21858,0.787,36.224,24.114,29.982,23.247,4.823,7.369,6.26
21859,0.803,36.389,24.187,30.001,23.261,4.946,7.452,6.221
21860,0.794,36.659,24.192,29.972,23.251,4.744,7.33,6.098
21861,0.793,36.115,24.165,29.991,23.251,4.823,7.37,6.138
21862,0.79,36.253,24.192,30.01,23.251,4.865,7.411,6.26
21863,0.787,36.36,24.125,30.011,23.254,4.865,7.411,6.18
21864,0.784,36.121,24.16,29.982,23.251,4.743,7.371,6.139
21865,0.771,36.129,24.168,29.953,23.24,4.661,7.37,6.098
21866,0.78,36.282,24.153,29.981,23.254,4.741,7.37,6.219
21867,0.784,36.38,24.211,29.953,23.244,4.742,7.37,6.139
21868,0.784,35.901,24.192,30.01,23.251,4.701,7.289,6.098
21869,0.793,36.011,24.125,29.963,23.244,4.782,7.369,6.26
21870,0.803,36.166,24.215,30.02,23.261,4.864,7.533,6.343
21871,0.82,36.225,24.184,29.992,23.251,4.784,7.372,6.221
21872,0.826,36.091,24.196,29.972,23.251,4.824,7.37,6.18
21873,0.833,36.234,24.168,29.981,23.251,4.783,7.33,6.179
21874,0.849,36.379,24.184,29.982,23.254,4.824,7.37,6.301
21875,0.853,36.448,24.184,29.972,23.251,4.824,7.248,6.221
21876,0.853,35.873,24.133,29.953,23.244,4.661,7.166,6.139
21877,0.856,36.021,24.187,29.972,23.254,4.782,7.206,6.179
21878,0.869,36.166,24.094,29.962,23.247,4.783,7.165,6.098
21879,0.866,36.215,24.152,29.953,23.247,4.702,7.206,6.138
21880,0.856,36.043,24.18,29.943,23.244,4.701,7.125,6.138
21881,0.853,36.176,24.192,29.991,23.265,4.823,7.287,6.301
21882,0.853,36.321,24.188,29.982,23.261,4.865,7.166,6.262
21883,0.84,36.342,24.164,29.972,23.251,4.824,7.165,6.221
21884,0.836,35.977,24.203,29.972,23.251,4.783,7.124,6.22
21885,0.833,36.118,24.196,29.953,23.254,4.783,7.165,6.261
21886,0.839,36.234,24.168,29.962,23.254,4.824,7.165,6.262
21887,0.833,36.235,24.188,29.953,23.247,4.661,6.962,6.099
21888,0.826,36.072,24.149,30.01,23.251,4.782,7.082,6.219
21889,0.836,36.214,24.148,29.944,23.244,4.783,7.002,6.18
21890,0.843,36.302,24.164,29.952,23.244,4.742,7.001,6.179
21891,0.846,36.082,24.141,29.933,23.247,4.661,7.041,6.179
21892,0.859,36.013,24.152,29.943,23.251,4.741,7.123,6.301
21893,0.879,36.147,24.172,29.981,23.261,4.905,7.246,6.343
21894,0.876,36.254,24.199,29.953,23.254,4.784,7.125,6.262
21895,0.869,35.948,24.169,29.953,23.251,4.783,7.124,6.221
21896,0.866,36.069,24.184,29.962,23.251,4.742,7.165,6.342
21897,0.872,36.186,24.164,29.953,23.247,4.823,7.165,6.262
21898,0.882,36.273,24.121,29.953,23.251,4.824,7.124,6.139
21899,0.876,35.766,24.16,29.905,23.24,4.702,7.043,6.179
21900,0.882,35.952,24.184,29.962,23.254,4.742,7.082,6.261
21901,0.882,36.041,24.203,29.943,23.247,4.742,7.042,6.221
21902,0.876,36.137,24.055,29.933,23.244,4.661,7.001,6.18
21903,0.872,35.87,24.159,29.943,23.244,4.66,7.001,6.179
21904,0.872,36.001,24.156,29.952,23.261,4.863,7.123,6.342
21905,0.869,36.166,24.203,29.972,23.258,4.784,7.124,6.303
21906,0.859,36.196,24.18,29.943,23.254,4.783,7.043,6.302
21907,0.853,35.899,24.18,29.933,23.251,4.742,7.123,6.302
21908,0.849,36.03,24.09,29.971,23.251,4.823,7.083,6.302
21909,0.846,36.166,24.144,29.962,23.254,4.743,7.083,6.302
21910,0.846,36.196,24.18,29.953,23.237,4.661,6.92,6.18
21911,0.83,35.89,24.164,29.933,23.251,4.741,7.0,6.22
21912,0.849,36.04,24.141,29.981,23.247,4.701,6.879,6.22
21913,0.846,36.128,24.133,29.934,23.244,4.66,6.959,6.18
21914,0.836,36.157,24.144,29.914,23.244,4.7,6.919,6.139
21915,0.83,35.88,24.164,29.923,23.254,4.904,6.959,6.301
21916,0.843,36.059,24.192,29.981,23.268,4.865,7.041,6.302
21917,0.846,36.128,24.196,29.934,23.258,4.784,6.96,6.302
21918,0.84,36.167,24.188,29.943,23.251,4.824,6.96,6.221
21919,0.843,35.937,24.168,29.933,23.251,4.743,7.0,6.302
21920,0.83,36.05,24.238,29.943,23.251,4.783,7.001,6.262
21921,0.813,36.176,24.126,29.924,23.244,4.702,6.838,6.139
21922,0.784,35.841,24.144,29.904,23.247,4.742,6.877,6.26
21923,0.8,35.905,24.168,29.933,23.251,4.701,6.877,6.18
21924,0.797,36.031,24.168,29.924,23.247,4.701,6.918,6.139
21925,0.777,36.128,24.172,29.895,23.24,4.701,6.919,6.219
21926,0.764,35.793,24.145,29.914,23.247,4.701,6.959,6.22
21927,0.78,35.953,24.219,29.962,23.261,4.904,7.041,6.342
21928,0.767,36.06,24.157,29.953,23.251,4.703,6.92,6.14
21929,0.754,36.166,24.172,29.924,23.254,4.782,6.878,6.26
21930,0.754,35.784,24.211,29.933,23.251,4.783,7.0,6.221
21931,0.754,35.924,24.18,29.952,23.258,4.783,6.919,6.302
21932,0.757,36.04,24.153,29.914,23.251,4.742,6.919,6.14
21933,0.748,36.099,24.125,29.895,23.24,4.701,6.878,6.219
21934,0.751,35.879,24.172,29.914,23.247,4.742,6.959,6.18
21935,0.751,36.021,24.16,29.923,23.247,4.783,6.919,6.139
21936,0.744,36.137,24.172,29.914,23.24,4.742,6.878,6.138
21937,0.738,36.177,24.211,29.904,23.247,4.742,6.877,6.219
21938,0.754,35.717,24.169,29.952,23.261,4.864,6.959,6.464
21939,0.761,35.856,24.164,29.933,23.251,4.784,6.878,6.223
21940,0.757,35.953,24.227,29.914,23.251,4.742,6.877,6.18
21941,0.744,35.983,24.138,29.923,23.254,4.864,6.877,6.301
21942,0.734,35.907,24.176,29.943,23.251,4.784,6.918,6.302
21943,0.738,36.031,24.18,29.933,23.258,4.824,6.878,6.221
21944,0.721,36.109,24.2,29.895,23.241,4.702,6.796,6.18
21945,0.711,36.301,24.227,29.904,23.251,4.782,6.917,6.261
21946,0.715,35.814,24.165,29.904,23.247,4.742,6.837,6.139
21947,0.708,35.924,24.211,29.904,23.247,4.661,6.796,6.179
21948,0.705,36.031,24.18,29.895,23.244,4.741,6.877,6.179
21949,0.698,35.83,24.188,29.933,23.251,4.823,6.959,6.342
21950,0.705,35.867,24.227,29.943,23.258,4.865,6.96,6.262
21951,0.698,35.963,24.122,29.924,23.251,4.743,6.919,6.18
21952,0.714,36.079,24.14,29.923,23.258,4.783,6.919,6.22
21953,0.721,35.773,24.152,29.914,23.254,4.824,7.0,6.22
21954,0.715,35.905,24.176,29.933,23.261,4.824,6.96,6.261
21955,0.721,36.021,24.176,29.885,23.241,4.661,6.797,6.058
21956,0.708,36.08,24.145,29.914,23.247,4.782,6.958,6.137
21957,0.724,35.745,24.203,29.904,23.244,4.742,6.96,6.179
21958,0.734,35.914,24.137,29.904,23.24,4.783,6.878,6.179
21959,0.728,36.011,24.141,29.885,23.244,4.661,6.918,6.139
21960,0.725,36.099,24.211,29.894,23.254,4.822,7.081,6.301
21961,0.741,35.754,24.153,29.933,23.261,4.824,7.083,6.18
21962,0.721,35.876,24.156,29.914,23.254,4.743,7.083,6.261
21963,0.718,35.973,24.152,29.914,23.251,4.783,7.164,6.221
21964,0.715,36.05,24.203,29.914,23.254,4.742,7.124,6.302
21965,0.711,35.629,24.196,29.914,23.258,4.783,7.124,6.18
21966,0.708,35.759,24.188,29.895,23.244,4.661,7.002,6.057
21967,0.695,35.866,24.204,29.885,23.24,4.741,7.123,6.178
21968,0.698,35.925,24.172,29.894,23.244,4.742,7.124,6.139
21969,0.698,35.829,24.172,29.894,23.251,4.661,7.165,6.098
21970,0.695,35.924,24.192,29.885,23.247,4.66,7.043,6.178
21971,0.698,36.06,24.125,29.894,23.251,4.782,7.164,6.261
21972,0.714,36.099,24.16,29.933,23.265,4.864,7.287,6.302
21973,0.721,35.706,24.129,29.885,23.254,4.702,7.166,6.18
21974,0.728,35.818,24.195,29.894,23.251,4.742,7.165,6.179
21975,0.725,35.934,24.18,29.904,23.251,4.783,7.206,6.261
21976,0.721,35.829,24.196,29.895,23.251,4.783,7.247,6.221
21977,0.731,35.694,24.227,29.904,23.251,4.864,7.206,6.18
21978,0.738,35.798,24.138,29.895,23.24,4.662,7.125,6.098
21979,0.731,35.924,24.141,29.875,23.244,4.782,7.205,6.097
21980,0.744,35.532,24.16,29.894,23.251,4.742,7.206,6.178
21981,0.734,35.634,24.145,29.875,23.244,4.742,7.206,6.179
21982,0.721,35.779,24.148,29.875,23.247,4.701,7.206,6.22
21983,0.715,35.857,24.156,29.885,23.251,4.823,7.369,6.302
21984,0.728,35.637,24.231,29.933,23.258,4.865,7.37,6.302
21985,0.715,35.731,24.196,29.876,23.247,4.743,7.33,6.262
21986,0.715,35.856,24.211,29.894,23.251,4.701,7.289,6.262
21987,0.715,35.944,24.188,29.894,23.254,4.742,7.329,6.221
21988,0.711,35.59,24.176,29.894,23.254,4.783,7.37,6.22
21989,0.708,35.73,24.121,29.894,23.244,4.702,7.289,6.098
21990,0.698,35.818,24.199,29.856,23.244,4.742,7.329,6.219
21991,0.705,35.895,24.145,29.894,23.254,4.701,7.289,6.22
21992,0.715,35.676,24.125,29.866,23.251,4.701,7.369,6.18
21993,0.721,35.769,24.109,29.856,23.247,4.701,7.248,6.179
21994,0.721,35.895,24.113,29.865,23.247,4.701,7.369,6.22
21995,0.744,35.992,24.179,29.923,23.261,4.863,7.452,6.302
21996,0.747,35.629,24.153,29.876,23.247,4.702,7.371,6.262
21997,0.738,35.75,24.184,29.885,23.251,4.863,7.411,6.221
21998,0.747,35.876,24.168,29.933,23.251,4.784,7.411,6.18
21999,0.747,35.925,24.125,29.895,23.254,4.824,7.452,6.22
22000,0.751,35.666,24.203,29.866,23.258,4.743,7.371,6.139
22001,0.738,35.75,24.141,29.846,23.241,4.661,7.289,6.138
22002,0.728,35.904,24.164,29.884,23.244,4.741,7.369,6.179
22003,0.734,36.088,24.149,29.856,23.247,4.661,7.37,6.179
22004,0.728,35.582,24.152,29.856,23.244,4.66,7.33,6.139
22005,0.715,35.72,24.195,29.856,23.244,4.7,7.37,6.138
22006,0.721,35.856,24.18,29.894,23.261,4.863,7.533,6.341
22007,0.731,35.608,24.227,29.894,23.258,4.824,7.372,6.221
22008,0.721,35.625,24.173,29.875,23.254,4.702,7.492,6.18
22009,0.721,35.778,24.149,29.885,23.251,4.823,7.453,6.261
22010,0.728,35.866,24.219,29.894,23.254,4.824,7.493,6.302
22011,0.747,35.56,24.149,29.894,23.254,4.865,7.494,6.302
22012,0.787,35.701,24.176,29.856,23.244,4.621,7.29,6.058
22013,0.797,35.798,24.102,29.875,23.247,4.781,7.41,6.178
22014,0.829,35.895,24.136,29.865,23.247,4.742,7.411,6.22
22015,0.859,35.522,24.137,29.865,23.244,4.783,7.371,6.098
22016,0.892,35.634,24.144,29.846,23.247,4.702,7.37,6.138
22017,0.908,35.769,24.191,29.865,23.251,4.742,7.37,6.26
22018,0.954,35.876,24.157,29.885,23.258,4.905,7.492,6.343
22019,0.967,35.445,24.152,29.866,23.251,4.744,7.412,6.262
22020,0.964,35.556,24.223,29.856,23.251,4.783,7.411,6.221
22021,0.987,35.701,24.177,29.865,23.251,4.864,7.452,6.302
22022,0.994,35.779,24.176,29.875,23.258,4.784,7.412,6.221
22023,1.026,35.665,24.129,29.875,23.247,4.661,7.33,6.18
22024,1.043,35.769,24.195,29.837,23.24,4.7,7.289,6.22
22025,1.089,35.905,24.165,29.856,23.247,4.742,7.41,6.261
22026,1.125,35.954,24.141,29.865,23.247,4.701,7.33,6.18
22027,1.164,35.494,24.191,29.837,23.24,4.701,7.37,6.22
22028,1.214,35.643,24.165,29.875,23.247,4.701,7.37,6.22
22029,1.263,35.788,24.172,29.894,23.261,4.904,7.533,6.464
22030,1.302,35.799,24.199,29.875,23.251,4.784,7.412,6.467
22031,1.312,35.54,24.118,29.865,23.254,4.742,7.411,6.386
22032,1.306,35.682,24.164,29.856,23.254,4.823,7.371,6.385
22033,1.322,35.789,24.149,29.884,23.258,4.824,7.37,6.385
22034,1.319,35.627,24.152,29.866,23.251,4.661,7.289,6.303
22035,1.339,35.587,24.172,29.827,23.244,4.7,7.288,6.384
22036,1.365,35.721,24.145,29.855,23.244,4.823,7.288,6.385
22037,1.346,35.827,24.191,29.856,23.247,4.743,7.369,6.344
22038,1.326,35.493,24.141,29.846,23.247,4.742,7.167,6.384
22039,1.306,35.585,24.152,29.837,23.251,4.701,7.368,6.385
22040,1.313,35.74,24.207,29.875,23.261,4.823,7.492,6.588
22041,1.303,35.847,24.153,29.856,23.254,4.743,7.29,6.549
22042,1.231,35.474,24.156,29.856,23.251,4.823,7.329,6.549
22043,1.178,35.633,24.125,29.865,23.247,4.783,7.289,6.712
22044,1.123,35.74,24.211,29.856,23.251,4.824,7.329,6.876
22045,1.073,35.847,24.208,29.875,23.254,4.743,7.289,6.918
22046,1.011,35.378,24.157,29.818,23.24,4.701,7.125,7.0
22047,0.962,35.507,24.223,29.855,23.251,4.742,7.287,7.326
22048,0.912,35.672,24.173,29.856,23.247,4.701,7.247,7.532
22049,0.85,35.721,24.157,29.846,23.24,4.701,7.206,7.779
22050,0.781,35.425,24.184,29.846,23.247,4.701,7.165,7.944
22051,0.738,35.594,24.125,29.856,23.254,4.863,7.287,8.433
22052,0.725,35.769,24.176,29.884,23.261,4.824,7.288,8.601
22053,0.685,35.77,24.164,29.837,23.251,4.743,7.166,8.806
22054,0.662,35.454,24.164,29.865,23.251,4.783,7.206,8.97
22055,0.626,35.585,24.156,29.846,23.258,4.702,7.247,9.175
22056,0.606,35.701,24.172,29.875,23.251,4.904,7.084,9.259
22057,0.596,35.702,24.203,29.827,23.237,4.581,7.042,9.259
22058,0.574,35.511,24.165,29.846,23.254,4.7,7.123,9.422
22059,0.599,35.653,24.145,29.837,23.247,4.742,7.002,9.424
22060,0.619,35.769,24.191,29.836,23.251,4.661,7.041,9.505
22061,0.639,35.828,24.122,29.836,23.244,4.66,6.96,9.546
22062,0.672,35.752,24.16,29.865,23.254,4.822,7.122,9.831
22063,0.714,35.904,24.129,29.875,23.254,4.783,7.043,9.753
22064,0.724,35.973,24.215,29.837,23.244,4.783,7.001,9.915
22065,0.76,35.36,24.18,29.836,23.254,4.742,7.001,10.12
22066,0.774,35.392,24.2,29.846,23.251,4.783,7.001,10.284
22067,0.784,35.517,24.219,29.846,23.254,4.824,7.082,10.408
22068,0.784,35.614,24.165,29.846,23.247,4.661,6.839,10.491
22069,0.774,35.356,24.149,29.837,23.247,4.741,6.918,10.817
22070,0.787,35.517,24.16,29.836,23.244,4.742,6.919,10.983
22071,0.787,35.662,24.133,29.836,23.251,4.742,6.919,11.147
22072,0.79,35.712,24.133,29.836,23.244,4.742,6.796,11.23
22073,0.803,35.405,24.148,29.836,23.251,4.701,6.958,11.556
22074,0.813,35.584,24.172,29.884,23.258,4.863,7.041,11.64
22075,0.82,35.682,24.168,29.846,23.241,4.784,6.96,11.682
22076,0.81,35.741,24.164,29.846,23.247,4.742,7.0,11.642
22077,0.81,35.367,24.184,29.837,23.258,4.742,7.001,11.723
22078,0.816,35.517,24.172,29.836,23.254,4.783,7.001,11.723
22079,0.816,35.634,24.153,29.846,23.251,4.702,6.96,11.561
22080,0.807,35.663,24.172,29.808,23.244,4.66,6.919,11.478
22081,0.81,35.338,24.106,29.836,23.254,4.741,7.0,11.436
22082,0.803,35.497,24.129,29.827,23.251,4.701,6.96,11.395
22083,0.797,35.576,24.129,29.827,23.244,4.701,6.919,11.273
22084,0.807,35.615,24.195,29.827,23.247,4.701,6.878,11.312
22085,0.784,35.452,24.184,29.865,23.265,4.863,7.04,11.353
22086,0.797,35.614,24.172,29.837,23.251,4.743,7.042,11.151
22087,0.794,35.663,24.196,29.846,23.247,4.701,6.96,11.026
22088,0.79,36.009,24.184,29.837,23.258,4.782,6.96,10.985
22089,0.78,35.418,24.164,29.846,23.258,4.783,7.0,10.944
22090,0.777,35.537,24.184,29.846,23.254,4.742,6.919,10.781
22091,0.774,35.615,24.11,29.827,23.234,4.579,6.796,10.657
22092,0.78,35.433,24.105,29.827,23.251,4.74,6.917,10.615
22093,0.793,35.47,24.117,29.817,23.247,4.701,6.878,10.493
22094,0.803,35.595,24.129,29.836,23.244,4.62,6.837,10.369
22095,0.797,35.711,24.121,29.817,23.244,4.7,6.877,10.246
22096,0.794,35.242,24.136,29.827,23.247,4.701,6.918,10.326
22097,0.81,35.391,24.187,29.855,23.261,4.863,7.041,10.205
22098,0.81,35.517,24.18,29.837,23.247,4.743,6.879,10.041
22099,0.813,35.586,24.157,29.836,23.247,4.661,6.918,9.918
22100,0.816,35.279,24.211,29.827,23.254,4.741,6.959,9.916
22101,0.82,35.439,24.091,29.846,23.251,4.742,6.919,9.794
22102,0.813,35.566,24.14,29.837,23.247,4.701,6.878,9.631
22103,0.8,35.586,24.144,29.808,23.244,4.62,6.796,9.548
22104,0.8,35.337,24.164,29.817,23.24,4.7,6.836,9.425
22105,0.794,35.488,24.172,29.817,23.244,4.742,6.837,9.342
22106,0.784,35.585,24.129,29.827,23.24,4.701,6.796,9.26
22107,0.787,35.634,24.164,29.808,23.251,4.66,6.877,9.137
22108,0.793,35.318,24.149,29.846,23.254,4.863,7.04,9.339
22109,0.793,35.507,24.148,29.856,23.258,4.784,6.96,9.097
22110,0.79,35.557,24.195,29.817,23.251,4.783,6.919,9.054
22111,0.784,35.634,24.047,29.846,23.251,4.824,6.919,8.973
22112,0.806,35.328,24.202,29.846,23.247,4.824,6.878,8.891
22113,0.807,35.459,24.18,29.837,23.251,4.824,6.918,8.849
22114,0.803,35.556,24.172,29.798,23.244,4.58,6.796,8.646
22115,0.8,35.557,24.157,29.817,23.247,4.74,6.999,8.644
22116,0.813,35.346,24.145,29.817,23.244,4.783,6.879,8.603
22117,0.82,35.478,24.184,29.817,23.247,4.742,6.918,8.48
22118,0.82,35.585,24.133,29.798,23.24,4.701,6.878,8.398
22119,0.826,35.423,24.148,29.817,23.251,4.701,6.918,8.438
22120,0.852,35.355,24.191,29.846,23.265,4.904,7.041,8.397
22121,0.833,35.459,24.071,29.837,23.251,4.784,7.001,8.275
22122,0.813,35.566,24.148,29.817,23.251,4.783,7.001,8.233
22123,0.823,35.183,24.168,29.827,23.251,4.864,7.001,8.233
22124,0.823,35.295,24.18,29.827,23.251,4.824,6.96,8.151
22125,0.813,35.42,24.196,29.817,23.247,4.743,6.878,7.988
22126,0.787,35.489,24.18,29.798,23.24,4.661,6.959,7.946
22127,0.803,35.355,24.176,29.807,23.247,4.782,6.838,7.945
22128,0.8,35.517,24.133,29.817,23.247,4.702,6.877,7.905
22129,0.797,35.614,24.137,29.807,23.244,4.701,6.877,7.823
22130,0.8,35.692,24.168,29.798,23.247,4.701,6.918,7.822
22131,0.79,35.213,24.09,29.836,23.258,4.782,7.0,7.944
22132,0.813,35.391,24.148,29.827,23.247,4.742,6.879,7.701
22133,0.803,35.479,24.141,29.817,23.244,4.742,6.877,7.699
22134,0.823,35.556,24.164,29.827,23.247,4.742,6.837,7.658
22135,0.82,35.289,24.156,29.827,23.254,4.823,6.877,7.658
22136,0.833,35.449,24.18,29.817,23.258,4.743,6.837,7.658
22137,0.83,35.556,24.2,29.807,23.241,4.62,6.714,7.455
22138,0.826,35.576,24.141,29.807,23.247,4.822,6.713,7.452
22139,0.849,35.299,24.141,29.807,23.244,4.702,6.713,7.412
22140,0.843,35.43,24.187,29.798,23.244,4.742,6.794,7.371
22141,0.843,35.546,24.137,29.798,23.244,4.661,6.755,7.37
22142,0.826,35.576,24.148,29.807,23.244,4.782,6.795,7.37
22143,0.839,35.394,24.137,29.855,23.261,4.864,6.917,7.452
22144,0.833,35.488,24.187,29.827,23.251,4.743,6.715,7.371
22145,0.823,35.605,24.168,29.808,23.251,4.783,6.754,7.289
22146,0.823,35.711,24.184,29.817,23.251,4.783,6.795,7.288
22147,0.817,35.194,24.188,29.827,23.258,4.742,6.755,7.288
22148,0.82,35.314,24.18,29.808,23.254,4.661,6.673,7.125
22149,0.807,35.382,24.149,29.798,23.24,4.741,6.713,7.165
22150,0.81,35.258,24.164,29.807,23.247,4.742,6.754,7.165
22151,0.81,35.353,24.168,29.846,23.247,4.661,6.754,7.084
22152,0.823,35.478,24.129,29.798,23.244,4.66,6.754,7.123
22153,0.82,35.576,24.156,29.817,23.247,4.782,6.876,7.165
22154,0.836,35.126,24.172,29.836,23.261,4.905,6.918,7.165
22155,0.843,35.217,24.157,29.798,23.251,4.703,6.878,7.043
22156,0.833,35.352,24.18,29.798,23.254,4.782,6.918,7.123
22157,0.846,35.431,24.149,29.826,23.254,4.783,6.959,7.043
22158,0.853,35.192,24.172,29.817,23.254,4.742,6.919,7.042
22159,0.872,35.333,24.176,29.798,23.247,4.701,6.878,6.879
22160,0.84,35.411,24.157,29.788,23.244,4.701,6.959,6.918
22161,0.849,35.527,24.191,29.778,23.247,4.742,6.96,6.919
22162,0.843,35.068,24.129,29.788,23.247,4.701,6.919,6.878
22163,0.839,35.197,24.164,29.778,23.24,4.701,7.0,6.877
22164,0.836,35.314,24.129,29.788,23.244,4.823,7.123,7.0
22165,0.839,35.421,24.152,29.826,23.265,4.865,7.205,7.082
22166,0.843,35.23,24.168,29.808,23.254,4.743,7.043,6.88
22167,0.83,35.353,24.184,29.798,23.247,4.783,7.164,6.877
22168,0.833,35.478,24.18,29.798,23.251,4.783,7.124,6.918
22169,0.833,35.518,24.157,29.807,23.254,4.783,7.165,6.959
22170,0.833,35.202,24.18,29.798,23.258,4.742,7.165,6.838
22171,0.817,35.285,24.118,29.769,23.237,4.579,7.084,6.796
22172,0.833,35.439,24.125,29.797,23.244,4.781,7.164,6.795
22173,0.846,35.46,24.133,29.807,23.244,4.742,7.124,6.836
22174,0.833,35.125,24.156,29.779,23.244,4.742,7.205,6.755
22175,0.843,35.256,24.129,29.797,23.244,4.701,7.125,6.754
22176,0.853,35.372,24.156,29.798,23.254,4.782,7.287,6.957
22177,0.872,35.469,24.149,29.826,23.261,4.864,7.207,6.797
22178,0.863,35.518,24.164,29.798,23.251,4.743,7.206,6.755
22179,0.869,35.643,24.168,29.798,23.247,4.701,7.247,6.754
22180,0.869,35.721,24.153,29.798,23.254,4.782,7.247,6.876
22181,0.866,34.964,24.141,29.798,23.254,4.824,7.166,6.755
22182,0.866,35.043,24.129,29.778,23.24,4.58,7.124,6.592
22183,0.856,35.14,24.176,29.769,23.244,4.74,7.165,6.753
22184,0.853,35.265,24.149,29.797,23.244,4.742,7.246,6.714
22185,0.843,35.142,24.156,29.788,23.251,4.701,7.206,6.672
22186,0.843,35.285,24.125,29.778,23.247,4.701,7.247,6.672
22187,0.836,35.411,24.179,29.778,23.247,4.742,7.328,6.753
22188,0.852,35.508,24.2,29.836,23.265,4.905,7.41,6.795
22189,0.846,35.01,24.133,29.798,23.251,4.825,7.289,6.714
22190,0.843,35.13,24.183,29.778,23.254,4.743,7.329,6.713
22191,0.849,35.265,24.11,29.817,23.251,4.823,7.329,6.713
22192,0.856,35.324,24.152,29.807,23.254,4.743,7.289,6.754
22193,0.862,35.095,24.141,29.798,23.251,4.661,7.247,6.592
22194,0.853,35.188,24.184,29.769,23.24,4.741,7.206,6.549
22195,0.869,35.352,24.153,29.788,23.251,4.742,7.206,6.63
22196,0.872,35.402,24.149,29.798,23.247,4.742,7.206,6.631
22197,0.879,35.105,24.125,29.769,23.244,4.742,7.206,6.631
22198,0.872,35.246,24.125,29.778,23.251,4.742,7.247,6.631
22199,0.889,35.391,24.168,29.807,23.265,4.905,7.45,6.712
22200,0.908,35.441,24.117,29.798,23.251,4.744,7.29,6.591
22201,0.892,35.048,24.125,29.798,23.247,4.742,7.288,6.549
22202,0.886,35.207,24.14,29.807,23.251,4.823,7.288,6.671
22203,0.879,35.324,24.168,29.779,23.258,4.824,7.288,6.631
22204,0.879,35.296,24.203,29.788,23.247,4.743,7.247,6.59
22205,0.863,35.104,24.176,29.769,23.244,4.701,7.084,6.427
22206,0.872,35.236,24.137,29.778,23.251,4.742,7.205,6.507
22207,0.879,35.343,24.211,29.797,23.247,4.701,7.206,6.467
22208,0.869,34.97,24.169,29.769,23.247,4.701,7.125,6.467
22209,0.866,35.034,24.133,29.769,23.247,4.742,7.165,6.589
22210,0.866,35.168,24.168,29.797,23.247,4.783,7.328,6.671
22211,0.872,35.314,24.11,29.826,23.258,4.824,7.289,6.55
22212,0.876,35.018,24.117,29.788,23.251,4.783,7.207,6.59
22213,0.882,35.139,24.133,29.788,23.251,4.702,7.206,6.549
22214,0.885,35.285,24.156,29.778,23.258,4.823,7.247,6.59
22215,0.889,35.353,24.195,29.797,23.254,4.743,7.369,6.59
22216,0.892,34.98,24.168,29.778,23.244,4.62,7.208,6.468
22217,0.889,35.091,24.153,29.759,23.24,4.741,7.328,6.589
22218,0.899,35.265,24.164,29.797,23.251,4.661,7.37,6.549
22219,0.905,35.324,24.149,29.778,23.251,4.741,7.37,6.427
22220,0.905,34.951,24.137,29.759,23.244,4.661,7.248,6.344
22221,0.908,35.11,24.105,29.759,23.247,4.7,7.288,6.384
22222,0.899,35.246,24.132,29.797,23.258,4.823,7.369,6.547
22223,0.912,35.334,24.187,29.817,23.251,4.743,7.33,6.508
22224,0.892,35.047,24.168,29.788,23.251,4.742,7.289,6.508
22225,0.889,35.178,24.156,29.798,23.251,4.742,7.288,6.427
22226,0.892,35.323,24.149,29.798,23.247,4.742,7.41,6.507
22227,0.892,35.344,24.203,29.778,23.254,4.823,7.33,6.386
22228,0.889,35.124,24.133,29.769,23.24,4.661,7.167,6.303
22229,0.876,35.246,24.109,29.797,23.251,4.741,7.206,6.506
22230,0.882,35.391,24.195,29.788,23.247,4.742,7.206,6.386
22231,0.885,35.728,24.106,29.769,23.237,4.661,7.206,6.385
22232,0.885,35.175,24.117,29.778,23.24,4.66,7.165,6.303
22233,0.911,35.314,24.129,29.778,23.258,4.782,7.328,6.506
22234,0.915,35.449,24.199,29.807,23.261,4.864,7.329,6.467
22235,0.915,35.048,24.153,29.779,23.247,4.743,7.207,6.467
22236,0.922,35.053,24.133,29.807,23.251,4.742,7.247,6.345
22237,0.922,35.178,24.125,29.798,23.251,4.783,7.206,6.343
22238,0.928,35.295,24.148,29.817,23.258,4.783,7.247,6.384
22239,0.944,34.96,24.188,29.779,23.247,4.661,7.125,6.222
22240,0.932,35.062,24.133,29.759,23.247,4.741,7.205,6.302
22241,0.944,35.217,24.133,29.788,23.247,4.701,7.165,6.302
22242,0.925,35.314,24.125,29.778,23.251,4.701,7.165,6.302
22243,0.928,35.114,24.164,29.759,23.247,4.701,7.124,6.221
22244,0.922,35.256,24.117,29.788,23.254,4.701,7.205,6.383
22245,0.931,35.41,24.152,29.807,23.265,4.904,7.369,6.466
22246,0.938,35.479,24.16,29.779,23.248,4.744,7.289,6.264
22247,0.925,35.01,24.211,29.769,23.251,4.742,7.329,6.262
22248,0.925,35.159,24.137,29.797,23.251,4.701,7.289,6.302
22249,0.925,35.285,24.137,29.807,23.254,4.782,7.329,6.343
22250,0.922,35.353,24.195,29.798,23.254,4.742,7.207,6.303
22251,0.915,35.047,24.114,29.769,23.244,4.661,7.247,6.18
22252,0.944,35.197,24.152,29.788,23.244,4.741,7.288,6.22
22253,0.941,35.314,24.125,29.778,23.247,4.701,7.247,6.302
22254,0.951,35.344,24.168,29.778,23.244,4.701,7.166,6.221
22255,0.948,35.152,24.117,29.778,23.244,4.742,7.287,6.261
22256,0.958,35.313,24.144,29.817,23.261,4.864,7.329,6.343
22257,0.971,35.44,24.141,29.798,23.251,4.662,7.207,6.303
22258,0.961,35.451,24.141,29.778,23.247,4.782,7.247,6.221
22259,0.977,35.211,24.172,29.759,23.254,4.783,7.247,6.261
22260,0.981,35.343,24.164,29.788,23.258,4.742,7.288,6.262
22261,0.987,35.44,24.188,29.778,23.251,4.742,7.125,6.139
22262,0.968,35.345,24.133,29.74,23.24,4.661,7.165,6.179
22263,0.977,35.325,24.18,29.778,23.244,4.66,7.165,6.179
22264,0.981,35.43,24.168,29.769,23.251,4.741,7.124,6.139
22265,0.964,35.556,24.114,29.788,23.244,4.701,7.124,6.179
22266,0.964,35.25,24.132,29.778,23.244,4.701,7.043,6.098
22267,0.968,35.381,24.203,29.778,23.258,4.782,7.245,6.3
22268,0.99,35.555,24.176,29.797,23.254,4.661,7.166,6.221
22269,0.978,35.605,24.157,29.788,23.251,4.7,7.124,6.22
22270,0.984,35.414,24.195,29.788,23.254,4.823,7.083,6.261
22271,0.984,35.565,24.141,29.807,23.251,4.743,7.123,6.302
22272,1.0,35.701,24.144,29.788,23.254,4.701,7.124,6.18
22273,0.997,35.75,24.137,29.75,23.24,4.62,7.002,6.139
22274,1.004,35.521,24.176,29.768,23.247,4.781,7.041,6.179
22275,1.017,35.662,24.16,29.788,23.244,4.702,7.042,6.139
22276,1.027,35.779,24.164,29.769,23.247,4.742,7.082,6.138
22277,1.027,35.847,24.071,29.778,23.244,4.661,7.002,6.057
22278,1.043,35.551,24.144,29.797,23.254,4.822,7.245,6.3
22279,1.059,35.739,24.191,29.807,23.254,4.783,7.206,6.14
22280,1.043,35.828,24.09,29.788,23.254,4.742,7.206,6.179
22281,1.046,35.876,24.16,29.769,23.254,4.701,7.206,6.179
22282,1.04,35.8,24.149,29.797,23.254,4.701,7.287,6.22
22283,1.046,35.934,24.211,29.798,23.258,4.742,7.329,6.22
22284,1.046,36.04,24.133,29.778,23.244,4.661,7.207,6.058
22285,1.03,36.051,24.137,29.759,23.247,4.782,7.287,6.178
22286,1.046,35.859,24.137,29.769,23.24,4.702,7.329,6.139
22287,1.04,35.992,24.164,29.769,23.244,4.66,7.289,6.098
22288,1.04,36.108,24.156,29.759,23.244,4.66,7.288,6.016
22289,1.03,36.234,24.125,29.788,23.247,4.741,7.451,6.178
22290,1.05,36.12,24.179,29.798,23.265,4.905,7.574,6.301
22291,1.056,36.224,24.09,29.788,23.244,4.703,7.413,6.14
22292,1.06,36.341,24.121,29.798,23.254,4.782,7.452,6.179
22293,1.063,36.323,24.148,29.769,23.251,4.783,7.371,6.139
22294,1.073,36.418,24.184,29.778,23.251,4.824,7.411,6.138
22295,1.089,36.534,24.168,29.778,23.247,4.702,7.249,6.057
22296,1.07,36.603,24.141,29.74,23.244,4.742,7.288,6.097
22297,1.099,36.268,24.094,29.778,23.244,4.62,7.41,6.097
22298,1.096,36.389,24.167,29.759,23.251,4.7,7.371,6.138
22299,1.096,36.496,24.149,29.749,23.251,4.66,7.37,6.057
22300,1.096,36.573,24.113,29.759,23.244,4.7,7.411,6.097
22301,1.102,36.478,24.132,29.778,23.265,4.823,7.655,6.219
22302,1.115,36.64,24.148,29.797,23.254,4.783,7.536,6.058
22303,1.102,36.757,24.18,29.769,23.251,4.742,7.616,6.056
22304,1.102,36.825,24.172,29.778,23.254,4.783,7.698,6.056
22305,1.106,36.625,24.18,29.769,23.258,4.742,7.78,6.137
22306,1.106,36.747,24.164,29.778,23.254,4.742,7.74,6.098
22307,1.099,36.844,24.176,29.75,23.24,4.579,7.659,6.016
22308,1.096,36.893,24.16,29.768,23.251,4.74,7.82,6.096
22309,1.096,36.817,24.11,29.769,23.247,4.783,7.781,6.138
22310,1.102,36.931,24.148,29.769,23.247,4.742,7.822,6.098
22311,1.099,37.057,24.063,29.759,23.244,4.661,7.863,6.016
22312,1.102,37.059,24.116,29.788,23.251,4.741,7.904,6.218
22313,1.125,37.011,24.164,29.798,23.265,4.905,8.067,6.18
22314,1.125,37.096,24.16,29.778,23.251,4.784,7.865,6.139
22315,1.135,37.212,24.164,29.788,23.254,4.742,7.944,6.138
22316,1.135,37.242,24.168,29.769,23.251,4.823,8.026,6.219
22317,1.142,37.099,24.11,29.797,23.251,4.783,7.946,6.22
22318,1.148,37.222,24.16,29.778,23.244,4.661,7.945,6.017
22319,1.145,37.281,24.168,29.74,23.237,4.7,7.986,6.178
22320,1.152,37.205,24.117,29.768,23.251,4.782,7.946,6.139
22321,1.155,37.233,24.136,29.769,23.247,4.702,7.945,6.057
22322,1.145,37.367,24.102,29.769,23.247,4.701,7.945,6.056
22323,1.135,37.445,24.156,29.759,23.247,4.701,7.864,6.137
22324,1.148,37.331,24.145,29.807,23.258,4.904,8.026,6.26
22325,1.135,37.474,24.129,29.788,23.251,4.744,7.946,6.058
22326,1.132,37.542,24.121,29.788,23.251,4.742,7.945,6.137
22327,1.125,37.61,24.195,29.759,23.254,4.783,7.864,6.179
22328,1.135,37.4,24.176,29.788,23.258,4.824,7.904,6.179
22329,1.129,37.541,24.133,29.788,23.258,4.783,7.904,6.139
22330,1.122,37.62,24.164,29.74,23.237,4.661,7.742,6.138
22331,1.116,37.697,24.129,29.787,23.247,4.741,7.781,6.138
22332,1.132,37.41,24.094,29.759,23.251,4.742,7.822,6.016
22333,1.129,37.532,24.128,29.759,23.251,4.701,7.7,5.974
22334,1.125,37.619,24.148,29.749,23.251,4.66,7.74,6.055
22335,1.138,37.707,24.141,29.788,23.258,4.944,7.862,6.219
22336,1.142,37.612,24.156,29.788,23.258,4.785,7.782,6.139
22337,1.132,37.707,24.082,29.778,23.244,4.864,7.781,6.057
22338,1.135,37.832,24.144,29.778,23.251,4.865,7.781,6.178
22339,1.135,37.853,24.176,29.778,23.251,4.865,7.781,6.139
22340,1.145,37.613,24.125,29.797,23.247,4.906,7.781,6.016
22341,1.132,37.726,24.133,29.75,23.244,4.744,7.618,5.974
22342,1.103,37.823,24.156,29.768,23.251,4.823,7.739,6.055
22343,1.106,37.843,24.172,29.769,23.251,4.824,7.659,6.015
22344,1.102,37.699,24.133,29.778,23.247,4.743,7.698,5.974
22345,1.089,37.842,24.121,29.759,23.244,4.823,7.577,6.055
22346,1.076,37.949,24.101,29.788,23.254,4.905,7.738,6.137
22347,1.083,37.978,24.179,29.798,23.265,4.947,7.699,6.138
22348,1.057,37.873,24.141,29.759,23.251,4.785,7.658,6.057
22349,1.05,37.987,24.117,29.769,23.251,4.946,7.658,6.097
22350,1.043,38.084,24.187,29.778,23.254,4.907,7.576,6.178
22351,1.037,37.615,24.094,29.788,23.258,4.865,7.535,6.057
22352,1.037,37.668,24.14,29.74,23.237,4.702,7.412,5.975
22353,1.024,37.793,24.137,29.778,23.251,4.863,7.493,6.015
22354,1.02,37.862,24.199,29.759,23.247,4.865,7.453,6.015
22355,1.017,37.815,24.153,29.749,23.247,4.865,7.493,6.056
22356,1.01,37.958,24.133,29.749,23.247,4.784,7.412,6.015
22357,1.01,38.065,24.082,29.788,23.254,4.946,7.533,6.178
22358,1.017,38.181,24.109,29.798,23.265,4.988,7.616,6.139
22359,1.014,37.77,24.168,29.769,23.258,4.866,7.535,6.098
22360,1.004,37.9,24.102,29.778,23.251,4.906,7.453,6.138
22361,0.997,38.035,24.132,29.778,23.258,4.947,7.452,6.098
22362,0.984,38.094,24.156,29.788,23.258,4.947,7.412,6.097
22363,0.968,37.826,24.152,29.75,23.247,4.785,7.371,5.975
22364,0.955,37.929,24.152,29.759,23.251,4.905,7.37,6.137
22365,0.945,38.074,24.149,29.759,23.24,4.906,7.37,6.057
22366,0.932,38.104,24.145,29.759,23.251,4.865,7.248,6.097
22367,0.918,37.865,24.164,29.74,23.244,4.824,7.288,6.016
22368,0.918,37.997,24.145,29.778,23.251,5.027,7.329,6.218
22369,0.915,38.142,24.148,29.817,23.265,5.03,7.451,6.302
22370,0.905,38.163,24.156,29.769,23.251,4.907,7.33,6.18
22371,0.895,37.875,24.078,29.788,23.251,4.906,7.37,6.179
22372,0.895,38.035,24.117,29.769,23.251,4.947,7.37,6.139
22373,0.899,38.123,24.117,29.769,23.254,4.947,7.33,6.179
22374,0.902,38.392,24.187,29.759,23.251,4.907,7.207,6.017
22375,0.882,37.858,24.133,29.73,23.247,4.825,7.247,6.096
22376,0.889,37.997,24.144,29.778,23.251,4.946,7.206,6.097
22377,0.885,38.104,24.105,29.74,23.251,4.866,7.247,6.056
22378,0.889,37.817,24.101,29.749,23.24,4.865,7.125,6.056
22379,0.889,37.833,24.156,29.74,23.24,4.865,7.205,6.056
22380,0.882,37.987,24.125,29.768,23.258,5.028,7.369,6.259
22381,0.889,38.103,24.129,29.769,23.258,4.989,7.289,6.058
22382,0.859,37.75,24.121,29.769,23.254,4.948,7.288,6.137
22383,0.853,37.852,24.172,29.759,23.251,4.988,7.288,6.138
22384,0.849,37.987,24.117,29.769,23.254,4.988,7.369,6.098
22385,0.836,38.075,24.113,29.759,23.254,4.948,7.289,6.097
22386,0.823,37.759,24.125,29.73,23.251,4.785,7.166,5.894
22387,0.817,37.861,24.121,29.739,23.244,4.905,7.287,6.014
22388,0.823,38.025,24.094,29.768,23.247,4.947,7.288,6.056
22389,0.82,38.085,24.156,29.769,23.251,4.907,7.288,6.137
22390,0.807,37.759,24.129,29.749,23.244,4.865,7.247,6.098
22391,0.797,37.919,24.133,29.778,23.244,4.865,7.369,6.138
22392,0.816,38.064,24.125,29.807,23.258,5.028,7.452,6.179
22393,0.82,38.095,24.144,29.779,23.251,4.907,7.249,6.098
22394,0.803,37.759,24.137,29.769,23.251,4.825,7.369,6.097
22395,0.816,37.89,24.16,29.778,23.251,4.905,7.33,6.178
22396,0.816,38.026,24.141,29.759,23.247,4.906,7.41,6.139
22397,0.82,38.046,24.148,29.778,23.254,4.947,7.33,6.138
22398,0.82,37.816,24.117,29.75,23.237,4.825,7.248,6.057
22399,0.81,37.948,24.144,29.759,23.251,4.987,7.369,6.137
22400,0.813,38.045,24.168,29.759,23.251,4.948,7.289,6.098
22401,0.81,38.066,24.145,29.759,23.24,4.825,7.288,6.016
22402,0.803,37.807,24.121,29.749,23.24,4.824,7.288,6.056
22403,0.803,37.958,24.133,29.759,23.261,4.987,7.41,6.259
22404,0.81,38.074,24.199,29.797,23.258,5.029,7.371,6.18
22405,0.797,37.845,24.126,29.759,23.251,4.867,7.37,6.098
22406,0.797,37.786,24.133,29.769,23.254,4.906,7.289,6.097
22407,0.79,37.89,24.129,29.778,23.251,4.865,7.329,6.097
22408,0.787,37.997,24.144,29.769,23.247,4.987,7.37,6.219
22409,0.777,37.662,24.184,29.759,23.251,4.866,7.248,6.017
22410,0.767,37.726,24.118,29.74,23.244,4.784,7.288,6.137
22411,0.78,37.88,24.109,29.768,23.251,4.824,7.247,6.138
22412,0.777,37.959,24.113,29.778,23.247,4.824,7.247,6.098
22413,0.784,37.72,24.129,29.74,23.244,4.783,7.288,6.056
22414,0.777,37.842,24.121,29.759,23.244,4.824,7.288,6.137
22415,0.79,37.987,24.109,29.778,23.254,4.987,7.451,6.219
22416,0.803,38.094,24.156,29.778,23.251,4.907,7.29,6.139
22417,0.787,37.587,24.149,29.769,23.247,4.865,7.288,6.179
22418,0.787,37.735,24.137,29.769,23.251,4.824,7.288,6.179
22419,0.806,37.832,24.152,29.769,23.254,4.824,7.329,6.22
22420,0.8,37.9,24.109,29.778,23.254,4.865,7.329,6.18
22421,0.794,37.585,24.125,29.73,23.237,4.743,7.207,5.976
22422,0.774,37.735,24.086,29.759,23.251,4.864,7.247,6.177
22423,0.777,37.832,24.148,29.769,23.251,4.865,7.288,6.139
22424,0.774,37.9,24.16,29.749,23.251,4.865,7.247,6.098
22425,0.777,37.614,24.141,29.749,23.244,4.784,7.206,6.097
22426,0.774,37.745,24.133,29.768,23.251,4.946,7.369,6.26
22427,0.787,37.89,24.113,29.788,23.265,4.947,7.289,6.221
22428,0.767,37.92,24.152,29.759,23.251,4.866,7.247,6.18
22429,0.757,37.642,24.168,29.778,23.247,4.824,7.206,6.22
22430,0.761,37.764,24.094,29.759,23.251,4.824,7.247,6.18
22431,0.77,37.881,24.128,29.759,23.247,4.865,7.206,6.179
22432,0.77,37.92,24.125,29.759,23.244,4.784,7.043,6.017
22433,0.767,37.719,24.164,29.74,23.244,4.783,7.204,6.137
22434,0.783,37.871,24.153,29.759,23.247,4.742,7.206,6.057
22435,0.774,37.968,24.125,29.749,23.247,4.864,7.125,6.097
22436,0.777,37.566,24.137,29.768,23.247,4.784,7.043,6.056
22437,0.777,37.639,24.125,29.769,23.247,4.824,7.123,6.178
22438,0.797,37.774,24.133,29.807,23.268,4.946,7.327,6.261
22439,0.816,37.881,24.144,29.759,23.251,4.866,7.207,6.139
22440,0.8,37.546,24.133,29.749,23.251,4.824,7.247,6.138
22441,0.8,37.677,24.144,29.768,23.254,4.905,7.288,6.179
22442,0.794,37.803,24.117,29.769,23.258,4.825,7.369,6.261
22443,0.79,37.881,24.179,29.769,23.251,4.824,7.33,6.099
22444,0.777,37.565,24.18,29.74,23.237,4.702,7.329,6.097
22445,0.774,37.744,24.176,29.759,23.251,4.782,7.37,6.138
22446,0.777,37.861,24.133,29.778,23.247,4.864,7.33,6.179
22447,0.78,37.91,24.101,29.75,23.247,4.784,7.37,6.057
22448,0.771,37.508,24.14,29.749,23.244,4.783,7.452,6.097
22449,0.764,37.667,24.176,29.778,23.261,4.946,7.615,6.341
22450,0.78,37.784,24.121,29.778,23.254,4.866,7.454,6.181
22451,0.761,37.843,24.117,29.778,23.251,4.906,7.452,6.22
22452,0.774,37.536,24.09,29.769,23.261,4.825,7.493,6.18
22453,0.784,37.687,24.179,29.778,23.251,4.824,7.494,6.179
22454,0.784,37.755,24.153,29.759,23.251,4.865,7.371,6.098
22455,0.784,37.775,24.149,29.73,23.244,4.784,7.411,6.138
22456,0.79,37.699,24.145,29.778,23.251,4.783,7.493,6.098
22457,0.797,37.822,24.086,29.759,23.251,4.742,7.371,6.138
22458,0.803,37.91,24.128,29.74,23.244,4.823,7.411,6.057
22459,0.8,38.189,24.148,29.74,23.251,4.783,7.452,6.137
22460,0.813,37.511,24.082,29.797,23.265,4.946,7.534,6.301
22461,0.813,37.648,24.109,29.769,23.254,4.866,7.453,6.221
22462,0.807,37.716,24.121,29.759,23.251,4.906,7.493,6.18
22463,0.8,37.64,24.203,29.778,23.251,4.784,7.453,6.22
22464,0.8,37.736,24.169,29.788,23.254,4.946,7.534,6.22
22465,0.797,37.861,24.156,29.75,23.247,4.866,7.453,6.058
22466,0.777,37.91,24.149,29.749,23.244,4.784,7.452,6.137
22467,0.78,37.508,24.148,29.759,23.244,4.824,7.493,6.138
22468,0.774,37.629,24.137,29.769,23.251,4.783,7.453,6.057
22469,0.767,37.735,24.125,29.749,23.244,4.783,7.412,6.056
22470,0.767,37.804,24.148,29.759,23.247,4.905,7.493,6.219
22471,0.783,37.574,24.152,29.836,23.268,4.947,7.616,6.22
22472,0.787,37.677,24.086,29.741,23.248,4.825,7.495,6.098
22473,0.79,37.774,24.132,29.759,23.254,4.783,7.494,6.097
22474,0.784,37.862,24.183,29.759,23.251,4.864,7.494,6.178
22475,0.803,37.527,24.157,29.778,23.254,4.946,7.494,6.139
22476,0.813,37.677,24.133,29.759,23.244,4.785,7.331,6.016
22477,0.797,37.755,24.051,29.73,23.244,4.783,7.37,6.137
22478,0.807,37.823,24.097,29.759,23.247,4.824,7.452,6.098
22479,0.813,37.546,24.132,29.74,23.247,4.783,7.452,6.016
22480,0.81,37.658,24.059,29.74,23.247,4.702,7.412,6.056
22481,0.803,37.793,24.105,29.749,23.247,4.782,7.493,6.137
22482,0.81,37.862,24.109,29.797,23.268,4.986,7.575,6.219
22483,0.816,37.46,24.191,29.759,23.251,4.826,7.372,6.139
22484,0.807,37.571,24.125,29.749,23.251,4.865,7.492,6.179
22485,0.797,37.687,24.137,29.759,23.254,4.865,7.453,6.139
22486,0.79,37.717,24.144,29.769,23.254,4.906,7.534,6.179
22487,0.793,37.621,24.184,29.749,23.247,4.825,7.372,5.976
22488,0.78,37.726,24.149,29.73,23.237,4.783,7.289,6.055
22489,0.784,37.842,24.106,29.759,23.254,4.824,7.451,6.056
22490,0.793,37.623,24.187,29.759,23.247,4.743,7.371,6.015
22491,0.774,37.457,24.106,29.759,23.244,4.783,7.37,6.056
22492,0.78,37.599,24.113,29.73,23.251,4.824,7.33,6.178
22493,0.793,37.697,24.125,29.768,23.254,4.946,7.451,6.261
22494,0.81,37.64,24.156,29.778,23.258,4.825,7.29,6.139
22495,0.8,37.716,24.125,29.74,23.251,4.824,7.288,6.138
22496,0.81,37.842,24.133,29.759,23.251,4.865,7.288,6.179
22497,0.81,37.939,24.086,29.759,23.251,4.865,7.329,6.179
22498,0.82,37.24,24.132,29.778,23.258,4.824,7.329,6.098
22499,0.826,37.338,24.129,29.74,23.244,4.661,7.167,6.056
22500,0.82,37.445,24.152,29.74,23.251,4.822,7.206,6.178
22501,0.813,37.542,24.149,29.74,23.247,4.743,7.165,6.139
22502,0.807,37.591,24.094,29.749,23.251,4.783,7.206,6.098
22503,0.807,37.716,24.132,29.74,23.24,4.742,7.165,6.016
22504,0.8,37.832,24.133,29.74,23.247,4.864,7.246,6.178
22505,0.807,37.929,24.141,29.787,23.265,4.987,7.288,6.22
22506,0.794,37.403,24.125,29.75,23.251,4.826,7.207,6.18
22507,0.793,37.532,24.098,29.749,23.258,4.865,7.206,6.179
22508,0.793,37.667,24.132,29.749,23.254,4.865,7.206,6.22
22509,0.787,37.717,24.172,29.749,23.258,4.824,7.287,6.139
22510,0.79,37.506,24.129,29.749,23.251,4.743,7.044,6.098
22511,0.767,37.619,24.117,29.74,23.237,4.701,7.123,6.138
22512,0.796,37.745,24.113,29.73,23.251,4.782,7.124,6.098
22513,0.8,37.765,24.156,29.72,23.247,4.783,7.083,6.178
22514,0.797,37.334,24.149,29.759,23.244,4.742,7.002,6.139
22515,0.794,37.454,24.109,29.73,23.244,4.701,7.123,6.179
22516,0.803,37.599,24.171,29.778,23.265,4.863,7.205,6.261
22517,0.823,37.802,24.102,29.759,23.254,4.824,7.165,6.139
22518,0.81,37.565,24.121,29.759,23.251,4.824,7.165,6.179
22519,0.823,37.668,24.172,29.749,23.251,4.824,7.206,6.179
22520,0.817,37.765,24.117,29.759,23.254,4.783,7.206,6.22
22521,0.82,37.449,24.144,29.759,23.251,4.864,7.125,6.22
22522,0.797,37.465,24.098,29.73,23.237,4.662,7.043,6.017
22523,0.794,37.58,24.156,29.73,23.251,4.741,7.123,6.218
22524,0.8,37.677,24.137,29.749,23.251,4.783,7.124,6.139
22525,0.8,37.257,24.109,29.74,23.251,4.824,7.043,6.138
22526,0.79,37.367,24.14,29.73,23.244,4.661,7.001,6.138
22527,0.79,37.493,24.121,29.749,23.254,4.863,7.245,6.179
22528,0.8,37.638,24.133,29.778,23.261,4.906,7.166,6.139
22529,0.781,37.285,24.133,29.75,23.254,4.825,7.124,6.219
22530,0.78,37.406,24.101,29.749,23.251,4.783,7.083,6.22
22531,0.78,37.561,24.121,29.749,23.258,4.824,7.123,6.18
22532,0.787,37.629,24.109,29.759,23.254,4.824,7.124,6.179
22533,0.793,37.342,24.156,29.74,23.237,4.702,7.002,6.017
22534,0.784,37.454,24.168,29.74,23.24,4.742,7.123,6.137
22535,0.793,37.599,24.153,29.73,23.247,4.823,7.043,6.098
22536,0.803,37.649,24.141,29.739,23.247,4.783,7.042,6.097
22537,0.797,37.218,24.102,29.73,23.244,4.661,7.042,6.056
22538,0.8,37.386,24.101,29.749,23.254,4.863,7.123,6.178
22539,0.82,37.503,24.168,29.778,23.261,4.865,7.246,6.179
22540,0.81,37.542,24.11,29.74,23.251,4.743,7.044,6.139
22541,0.807,37.293,24.125,29.74,23.244,4.742,7.082,6.138
22542,0.803,37.416,24.113,29.749,23.251,4.783,7.123,6.138
22543,0.81,37.513,24.16,29.778,23.258,4.864,7.043,6.138
22544,0.797,37.523,24.141,29.75,23.251,4.743,6.96,6.016
22545,0.781,37.236,24.102,29.72,23.244,4.742,7.041,6.096
22546,0.78,37.425,24.148,29.739,23.251,4.864,7.042,6.097
22547,0.771,37.494,24.129,29.74,23.247,4.743,6.96,6.097
22548,0.78,37.312,24.125,29.73,23.244,4.661,6.878,6.097
22549,0.767,37.282,24.129,29.73,23.247,4.7,6.918,6.138
22550,0.783,37.425,24.125,29.778,23.261,4.904,7.122,6.301
22551,0.78,37.532,24.109,29.75,23.261,4.703,7.002,6.18
22552,0.78,37.14,24.078,29.74,23.247,4.823,7.001,6.179
22553,0.78,37.251,24.132,29.749,23.258,4.783,7.001,6.139
22554,0.787,37.358,24.168,29.768,23.254,4.905,7.001,6.179
22555,0.797,37.455,24.117,29.74,23.247,4.744,6.879,6.098
22556,0.784,37.206,24.133,29.711,23.244,4.661,6.877,6.178
22557,0.793,37.348,24.113,29.758,23.247,4.782,6.918,6.179
22558,0.797,37.483,24.125,29.759,23.244,4.742,6.919,6.098
22559,0.8,37.542,24.168,29.74,23.247,4.701,6.878,6.097
22560,0.794,37.131,24.106,29.749,23.247,4.701,6.959,6.056
22561,0.806,37.28,24.125,29.749,23.258,4.863,7.122,6.3
22562,0.803,37.406,24.109,29.759,23.254,4.743,7.083,6.14
22563,0.787,37.446,24.164,29.749,23.251,4.783,6.961,6.138
22564,0.79,37.254,24.11,29.74,23.258,4.742,7.082,6.301
22565,0.793,37.386,24.09,29.759,23.251,4.823,7.205,6.221
22566,0.784,37.512,24.132,29.759,23.254,4.743,6.962,6.098
22567,0.764,37.523,24.121,29.692,23.24,4.661,6.919,6.138
22568,0.77,37.102,24.14,29.768,23.244,4.782,7.0,6.219
22569,0.761,37.212,24.125,29.749,23.247,4.742,6.96,6.22
22570,0.767,37.319,24.117,29.72,23.247,4.742,6.96,6.139
22571,0.751,37.349,24.109,29.739,23.251,4.742,7.0,6.219
22572,0.774,37.282,24.105,29.768,23.261,4.864,7.123,6.383
22573,0.777,37.396,24.152,29.749,23.254,4.662,7.043,6.263
22574,0.78,37.474,24.149,29.74,23.251,4.822,7.001,6.302
22575,0.774,37.37,24.125,29.749,23.247,4.783,7.001,6.302
22576,0.784,37.167,24.133,29.778,23.254,4.742,6.96,6.262
22577,0.777,37.29,24.086,29.74,23.254,4.701,6.878,6.139
22578,0.78,37.349,24.132,29.72,23.234,4.62,6.959,6.138
22579,0.78,37.1,24.156,29.739,23.254,4.741,6.96,6.219
22580,0.784,37.174,24.098,29.759,23.247,4.661,6.919,6.139
22581,0.787,37.309,24.14,29.73,23.244,4.66,6.919,6.138
22582,0.774,37.387,24.113,29.73,23.24,4.741,6.959,6.26
22583,0.774,37.052,24.136,29.759,23.261,4.864,7.041,6.343
22584,0.79,37.183,24.121,29.759,23.254,4.702,6.92,6.181
22585,0.767,37.261,24.094,29.74,23.251,4.742,6.959,6.179
22586,0.761,37.387,24.113,29.74,23.254,4.742,6.96,6.22
22587,0.754,36.966,24.117,29.749,23.254,4.783,7.082,6.18
22588,0.761,37.115,24.133,29.73,23.251,4.824,7.002,6.22
22589,0.751,37.222,24.125,29.72,23.244,4.58,6.919,6.098
22590,0.741,37.262,24.144,29.73,23.247,4.7,7.041,6.178
22591,0.741,37.07,24.125,29.739,23.244,4.701,7.123,6.22
22592,0.747,37.202,24.117,29.74,23.244,4.701,7.083,6.139
22593,0.754,37.3,24.125,29.73,23.24,4.62,7.164,6.138
22594,0.761,37.377,24.199,29.759,23.251,4.741,7.246,6.341
22595,0.777,37.014,24.169,29.769,23.261,4.823,7.247,6.181
22596,0.767,37.116,24.129,29.749,23.247,4.783,7.206,6.22
22597,0.774,37.251,24.051,29.749,23.251,4.742,7.247,6.22
22598,0.777,37.271,24.085,29.759,23.251,4.783,7.328,6.18
22599,0.787,37.118,24.167,29.749,23.258,4.824,7.248,6.139
22600,0.787,37.27,24.078,29.72,23.244,4.661,7.206,5.976
22601,0.771,37.339,24.089,29.72,23.251,4.741,7.287,6.137
22602,0.777,37.685,24.124,29.73,23.251,4.742,7.247,6.098
22603,0.761,37.103,24.168,29.73,23.247,4.742,7.247,6.138
22604,0.761,37.232,24.117,29.711,23.244,4.701,7.206,6.057
22605,0.744,37.319,24.105,29.73,23.244,4.823,7.369,6.219
22606,0.757,37.1,24.136,29.778,23.261,4.865,7.411,6.261
22607,0.748,37.097,24.043,29.74,23.247,4.824,7.33,6.139
22608,0.747,37.232,24.085,29.74,23.254,4.783,7.329,6.098
22609,0.747,37.319,24.156,29.759,23.254,4.824,7.248,6.219
22610,0.734,36.946,24.09,29.778,23.254,4.824,7.288,6.18
22611,0.734,37.067,24.128,29.75,23.244,4.702,7.247,5.976
22612,0.734,37.154,24.105,29.72,23.244,4.701,7.247,6.137
22613,0.754,37.27,24.164,29.749,23.247,4.742,7.247,6.057
22614,0.751,36.984,24.121,29.74,23.247,4.742,7.166,6.097
22615,0.757,37.154,24.094,29.74,23.244,4.701,7.165,6.016
22616,0.757,37.242,24.113,29.73,23.247,4.742,7.287,6.137
22617,0.761,37.348,24.008,29.768,23.258,4.986,7.288,6.26
22618,0.783,36.918,24.1,29.74,23.247,4.785,7.207,6.139
22619,0.774,37.0,24.16,29.73,23.251,4.742,7.247,6.098
22620,0.771,37.135,24.082,29.749,23.251,4.823,7.206,6.138
22621,0.78,37.213,24.109,29.749,23.251,4.824,7.287,6.138
22622,0.764,37.022,24.136,29.74,23.251,4.743,7.207,6.098
22623,0.761,37.097,24.164,29.711,23.24,4.701,7.084,6.056
22624,0.764,37.251,24.078,29.749,23.251,4.742,7.205,6.097
22625,0.751,37.281,24.074,29.73,23.247,4.661,7.206,6.056
22626,0.751,36.898,24.136,29.72,23.24,4.7,7.165,6.056
22627,0.741,37.009,24.105,29.73,23.244,4.742,7.165,6.137
22628,0.747,37.144,24.14,29.768,23.265,4.905,7.409,6.26
22629,0.757,37.203,24.141,29.769,23.251,4.825,7.33,6.139
22630,0.744,37.079,24.113,29.74,23.251,4.824,7.289,6.179
22631,0.741,37.222,24.132,29.749,23.251,4.865,7.288,6.139
22632,0.744,37.329,24.09,29.74,23.251,4.824,7.369,6.179
22633,0.744,37.052,24.144,29.749,23.254,4.824,7.33,6.179
22634,0.747,36.915,24.148,29.72,23.247,4.661,7.248,6.057
22635,0.751,37.038,24.133,29.73,23.251,4.782,7.288,6.097
22636,0.761,37.154,24.133,29.749,23.251,4.742,7.288,6.097
22637,0.764,36.983,24.121,29.797,23.247,4.742,7.247,6.016
22638,0.764,37.067,24.117,29.731,23.247,4.742,7.166,6.096
22639,0.774,37.183,24.152,29.701,23.247,4.701,7.328,6.178
22640,0.774,37.309,24.18,29.778,23.261,4.945,7.451,6.179
22641,0.774,36.984,24.106,29.73,23.251,4.785,7.33,6.139
22642,0.761,37.125,24.101,29.739,23.254,4.783,7.329,6.179
22643,0.761,37.232,24.156,29.768,23.251,4.824,7.289,6.057
22644,0.767,37.338,24.102,29.759,23.251,4.865,7.329,6.178
22645,0.761,36.946,24.125,29.769,23.251,4.824,7.248,6.139
22646,0.757,37.048,24.113,29.721,23.244,4.661,7.206,6.057
22647,0.744,37.193,24.062,29.749,23.254,4.7,7.287,6.056
22648,0.747,37.271,24.101,29.74,23.251,4.701,7.247,6.056
22649,0.738,36.878,24.156,29.73,23.247,4.742,7.247,6.056
22650,0.734,37.009,24.078,29.739,23.247,4.742,7.328,6.097
22651,0.741,37.154,24.128,29.778,23.254,4.905,7.451,6.3
22652,0.757,37.222,24.129,29.74,23.251,4.825,7.371,6.099
22653,0.741,36.955,24.148,29.749,23.251,4.783,7.289,6.138
22654,0.751,37.096,24.059,29.749,23.251,4.783,7.369,6.098
22655,0.764,37.203,24.101,29.749,23.251,4.702,7.37,6.138
22656,0.764,37.233,24.097,29.749,23.251,4.742,7.248,6.016
22657,0.767,36.859,24.117,29.759,23.244,4.661,7.206,6.056
22658,0.767,36.989,24.105,29.749,23.251,4.741,7.247,6.097
22659,0.774,37.096,24.148,29.72,23.247,4.742,7.288,6.016
22660,0.774,37.203,24.145,29.749,23.244,4.701,7.207,6.056
22661,0.767,37.031,24.102,29.73,23.247,4.823,7.247,6.178
22662,0.774,37.173,24.132,29.778,23.261,4.905,7.369,6.22
22663,0.771,37.271,24.156,29.73,23.254,4.744,7.248,6.017
22664,0.751,36.898,24.039,29.749,23.251,4.783,7.247,6.096
22665,0.751,36.942,24.116,29.759,23.251,4.783,7.206,6.097
22666,0.757,37.086,24.101,29.759,23.254,4.824,7.287,6.138
22667,0.754,37.183,24.105,29.769,23.251,4.743,7.207,6.016
22668,0.741,36.734,24.113,29.721,23.24,4.661,7.084,6.056
22669,0.744,36.863,24.136,29.759,23.254,4.741,7.123,6.097
22670,0.747,36.989,24.062,29.73,23.251,4.742,7.205,6.056
22671,0.741,37.058,24.081,29.72,23.247,4.742,7.084,6.056
22672,0.757,36.886,24.12,29.73,23.247,4.661,7.083,6.056
22673,0.741,37.018,24.183,29.749,23.258,4.822,7.205,6.259
22674,0.757,37.183,24.094,29.768,23.261,4.865,7.206,6.139
22675,0.757,37.213,24.101,29.749,23.244,4.784,7.125,6.057
22676,0.764,36.792,24.109,29.759,23.251,4.742,7.205,6.097
22677,0.754,36.941,24.152,29.759,23.251,4.783,7.165,6.138
22678,0.764,37.048,24.117,29.749,23.251,4.742,7.206,6.138
22679,0.767,37.097,24.179,29.711,23.244,4.661,7.043,5.976
22680,0.748,36.743,24.145,29.749,23.244,4.741,7.204,6.015
22681,0.77,36.892,24.094,29.74,23.247,4.742,7.165,6.015
22682,0.761,36.999,24.144,29.74,23.251,4.742,7.206,6.015
22683,0.748,37.029,24.172,29.72,23.244,4.661,7.206,6.015
22684,0.741,36.866,24.075,29.749,23.251,4.741,7.247,6.137
22685,0.751,37.037,24.163,29.768,23.261,4.864,7.328,6.26
22686,0.748,37.145,24.117,29.74,23.251,4.743,7.207,6.058
22687,0.738,37.261,24.101,29.74,23.251,4.783,7.247,6.097
22688,0.741,36.85,24.101,29.759,23.251,4.824,7.328,6.056
22689,0.744,36.989,24.132,29.749,23.254,4.824,7.207,6.178
22690,0.734,37.096,24.094,29.759,23.244,4.743,7.165,6.057
22691,0.725,36.829,24.082,29.721,23.24,4.661,7.165,6.178
22692,0.741,36.855,24.117,29.749,23.258,4.741,7.246,6.098
22693,0.751,36.98,24.152,29.749,23.251,4.701,7.125,6.016
22694,0.748,37.048,24.137,29.73,23.244,4.701,7.205,5.974
22695,0.754,36.742,24.125,29.739,23.251,4.701,7.125,6.055
22696,0.764,36.864,24.133,29.74,23.258,4.863,7.287,6.178
22697,0.774,37.028,24.137,29.835,23.251,4.824,7.125,6.139
22698,0.764,37.077,24.094,29.76,23.251,4.783,7.165,6.098
22699,0.761,42.39,24.175,29.749,23.254,4.824,7.165,6.097
22700,0.774,42.597,24.129,29.797,23.251,4.783,7.206,6.138
22701,0.78,42.656,24.09,29.74,23.254,4.783,7.125,6.098
22702,0.774,42.638,24.121,29.73,23.244,4.661,7.002,5.975
22703,0.741,34.161,24.152,29.739,23.247,4.782,7.123,6.055
22704,0.754,34.286,24.117,29.768,23.251,4.661,7.043,6.015
22705,0.744,34.461,24.086,29.74,23.244,4.741,6.96,5.974
22706,0.741,34.559,24.113,29.72,23.247,4.701,7.082,6.055
22707,0.734,37.724,24.066,29.73,23.261,4.823,7.164,6.219
22708,0.744,37.929,24.089,29.787,23.265,4.865,7.124,6.098
22709,0.734,37.988,24.132,29.74,23.244,4.784,7.002,6.097
22710,0.728,38.036,24.023,29.749,23.247,4.742,7.123,6.056
22711,0.738,36.225,24.108,29.749,23.258,4.742,7.124,6.137
22712,0.747,36.379,24.14,29.759,23.254,4.783,7.124,6.138
22713,0.738,36.496,24.18,29.74,23.24,4.661,6.961,5.935
22714,0.734,36.497,24.129,29.778,23.251,4.741,7.082,6.055
22715,0.754,36.909,24.094,29.74,23.247,4.742,7.042,6.015
22716,0.761,37.047,24.105,29.74,23.251,4.701,6.96,6.056
22717,0.757,37.164,24.109,29.74,23.244,4.66,6.96,6.015
22718,0.757,36.82,24.101,29.74,23.247,4.741,7.122,6.137
22719,0.774,36.462,24.152,29.787,23.261,4.864,7.165,6.057
22720,0.771,36.592,24.117,29.75,23.247,4.743,7.124,5.975
22721,0.774,36.689,24.109,29.759,23.258,4.701,7.124,6.055
22722,0.774,36.595,24.156,29.74,23.258,4.782,7.083,6.137
22723,0.761,36.718,24.149,29.778,23.261,4.783,7.123,6.138
22724,0.764,36.863,24.094,29.721,23.247,4.661,6.961,5.976
22725,0.741,36.913,24.117,29.73,23.244,4.7,7.0,6.096
22726,0.747,36.558,24.121,29.749,23.247,4.742,7.001,6.056
22727,0.744,36.67,24.082,29.74,23.244,4.701,6.96,6.056
22728,0.744,36.805,24.113,29.74,23.251,4.66,6.96,6.015
22729,0.731,36.883,24.136,29.74,23.247,4.7,7.0,6.218
22730,0.738,36.539,24.109,29.787,23.265,4.863,7.123,6.22
22731,0.734,36.689,24.097,29.759,23.248,4.702,7.002,6.098
22732,0.738,36.777,24.097,29.749,23.251,4.742,7.001,6.138
22733,0.751,36.883,24.152,29.759,23.258,4.742,7.041,6.138
22734,0.751,36.481,24.102,29.759,23.261,4.783,7.042,6.179
22735,0.757,36.631,24.093,29.759,23.247,4.661,6.96,5.935
22736,0.751,36.709,24.062,29.711,23.247,4.66,6.878,6.055
22737,0.767,36.796,24.101,29.739,23.251,4.741,6.959,6.097
22738,0.764,36.519,24.093,29.749,23.251,4.701,6.919,6.056
22739,0.761,36.631,24.144,29.72,23.244,4.579,6.878,5.975
22740,0.767,36.757,24.121,29.72,23.247,4.74,6.877,6.055
22741,0.774,36.816,24.105,29.768,23.258,4.905,7.081,6.137
22742,0.771,36.51,24.152,29.749,23.254,4.703,6.92,6.057
22743,0.757,36.593,24.152,29.74,23.254,4.742,7.0,6.137
22744,0.757,36.728,24.102,29.749,23.247,4.701,7.001,6.219
22745,0.754,37.007,24.086,29.74,23.254,4.863,6.96,6.139
22746,0.748,36.55,24.074,29.73,23.254,4.702,6.919,6.098
22747,0.734,36.651,24.011,29.711,23.24,4.62,6.796,5.975
22748,0.734,36.776,24.096,29.749,23.247,4.7,6.917,6.096
22749,0.741,36.538,24.156,29.74,23.247,4.701,6.837,6.097
22750,0.728,36.574,24.09,29.749,23.247,4.66,6.837,6.016
22751,0.734,36.708,24.085,29.759,23.244,4.7,6.755,6.056
22752,0.741,36.834,24.16,29.769,23.265,4.945,7.079,6.219
22753,0.757,36.452,24.199,29.759,23.248,4.785,6.961,6.139
22754,0.741,36.554,24.083,29.759,23.251,4.702,6.96,6.057
22755,0.76,36.689,24.109,29.769,23.247,4.742,6.96,6.015
22756,0.761,36.767,24.09,29.749,23.254,4.783,6.919,6.137
22757,0.767,36.432,24.085,29.768,23.258,4.742,6.878,6.057
22758,0.751,36.525,24.074,29.721,23.247,4.62,6.755,6.015
22759,0.767,36.641,24.132,29.749,23.251,4.7,6.836,6.056
22760,0.774,36.748,24.125,29.74,23.247,4.782,6.877,6.056
22761,0.774,36.394,24.09,29.73,23.247,4.661,6.755,6.015
22762,0.761,36.496,24.171,29.72,23.247,4.7,6.795,6.056
22763,0.754,36.641,24.149,29.778,23.258,4.823,6.999,6.178
22764,0.77,36.748,24.168,29.769,23.258,4.743,6.838,6.098
22765,0.748,36.413,24.121,29.759,23.244,4.742,6.958,6.138
22766,0.738,36.544,24.109,29.749,23.251,4.742,6.878,6.098
22767,0.738,36.699,24.109,29.788,23.254,4.783,6.959,6.056
22768,0.738,36.739,24.101,29.75,23.261,4.783,6.96,6.056
22769,0.741,36.317,24.168,29.72,23.244,4.62,6.756,5.975
22770,0.725,36.476,24.071,29.759,23.247,4.7,6.917,6.015
22771,0.728,36.564,24.077,29.749,23.247,4.742,6.878,5.974
22772,0.738,36.584,24.132,29.73,23.251,4.661,6.796,5.974
22773,0.747,36.45,24.144,29.72,23.247,4.66,6.836,6.015
22774,0.747,36.602,24.059,29.759,23.254,4.7,6.958,6.096
22775,0.764,36.728,24.136,29.778,23.261,4.863,7.041,6.138
22776,0.757,36.47,24.102,29.759,23.254,4.743,6.96,6.057
22777,0.757,36.381,24.132,29.759,23.247,4.701,6.96,6.056
22778,0.764,36.524,24.086,29.759,23.254,4.742,7.0,6.097
22779,0.774,36.622,24.136,29.769,23.254,4.823,7.001,6.138
22780,0.777,36.316,24.109,29.749,23.244,4.661,6.838,5.935
22781,0.758,36.37,24.039,29.72,23.247,4.741,6.958,6.014
22782,0.761,36.524,24.112,29.739,23.247,4.783,7.082,5.974
22783,0.757,36.603,24.117,29.74,23.251,4.702,7.002,5.974
22784,0.754,36.229,23.984,29.749,23.244,4.701,7.001,6.015
22785,0.748,36.379,24.108,29.73,23.251,4.701,7.082,6.056
22786,0.751,36.515,24.125,29.768,23.261,4.863,7.245,6.219
22787,0.761,36.612,24.133,29.817,23.258,4.702,7.206,6.098
22788,0.754,36.22,24.078,29.74,23.254,4.701,7.165,6.016
22789,0.738,36.35,24.136,29.749,23.254,4.782,7.287,6.096
22790,0.741,36.514,24.062,29.778,23.254,4.824,7.288,6.138
22791,0.744,36.564,24.062,29.759,23.251,4.824,7.207,6.098
22792,0.744,37.236,24.109,29.721,23.244,4.58,7.206,5.975
22793,0.738,37.348,24.121,29.739,23.251,4.781,7.206,6.055
22794,0.754,37.483,24.113,29.759,23.244,4.702,7.287,6.137
22795,0.754,37.504,24.101,29.74,23.247,4.701,7.166,6.016
22796,0.754,35.768,24.089,29.72,23.244,4.579,7.246,6.015
22797,0.761,35.904,24.132,29.759,23.254,4.74,7.288,6.218
22798,0.77,36.079,24.109,29.797,23.258,4.823,7.369,6.22
22799,0.764,36.08,24.125,29.74,23.254,4.783,7.289,6.098
22800,0.774,36.493,24.121,29.749,23.251,4.702,7.288,6.178
22801,0.78,36.602,24.07,29.749,23.254,4.742,7.369,6.139
22802,0.774,36.718,24.14,29.768,23.254,4.783,7.289,6.138
22803,0.767,36.585,24.113,29.74,23.24,4.661,7.288,5.976
22804,0.748,36.2,24.09,29.72,23.247,4.66,7.288,6.096
22805,0.76,36.35,24.078,29.759,23.251,4.66,7.247,6.097
22806,0.751,36.438,24.097,29.74,23.251,4.7,7.206,6.138
22807,0.741,36.247,24.109,29.711,23.24,4.66,7.206,6.016
22808,0.734,36.331,24.074,29.73,23.247,4.7,7.206,6.178
22809,0.744,36.476,24.14,29.768,23.261,4.863,7.369,6.301
22810,0.747,36.573,24.105,29.807,23.258,4.743,7.208,6.221
22811,0.741,36.104,24.086,29.759,23.251,4.661,7.206,6.22
22812,0.751,36.243,24.117,29.759,23.244,4.7,7.287,6.18
22813,0.754,36.36,24.133,29.74,23.254,4.782,7.329,6.22
22814,0.757,36.457,24.133,29.759,23.251,4.661,7.126,6.139
22815,0.748,36.074,24.07,29.721,23.244,4.66,7.165,6.138
22816,0.757,36.262,24.097,29.739,23.251,4.7,7.206,6.179
22817,0.761,36.37,24.105,29.74,23.251,4.66,7.206,6.139
22818,0.761,36.448,24.097,29.72,23.247,4.66,7.043,6.057
22819,0.774,36.17,24.097,29.701,23.244,4.66,7.164,6.097
22820,0.767,36.321,24.121,29.768,23.258,4.822,7.287,6.382
22821,0.783,36.457,24.117,29.759,23.258,4.743,7.125,6.181
22822,0.764,36.477,24.144,29.759,23.254,4.742,7.124,6.179
22823,0.764,36.123,24.145,29.759,23.251,4.783,7.165,6.139
22824,0.764,36.253,24.113,29.749,23.258,4.783,7.165,6.219
22825,0.761,36.37,24.093,29.759,23.251,4.702,7.165,6.18
22826,0.748,36.4,24.093,29.73,23.24,4.579,7.043,5.976
22827,0.734,36.17,24.031,29.739,23.251,4.7,7.123,6.137
22828,0.738,36.311,24.093,29.749,23.247,4.701,7.043,6.098
22829,0.738,36.428,24.113,29.74,23.244,4.701,7.123,6.138
22830,0.741,36.649,24.07,29.72,23.244,4.66,7.083,6.138
22831,0.734,36.144,24.097,29.768,23.251,4.782,7.245,6.301
22832,0.751,36.321,24.121,29.778,23.258,4.783,7.206,6.18
22833,0.757,36.39,24.156,29.74,23.251,4.742,7.206,6.179
22834,0.757,36.515,24.086,29.759,23.251,4.783,7.206,6.179
22835,0.757,36.641,24.101,29.759,23.254,4.702,7.206,6.179
22836,0.764,36.776,24.132,29.759,23.258,4.742,7.165,6.22
22837,0.774,36.874,24.113,29.74,23.244,4.62,7.002,6.058
22838,0.758,35.714,24.105,29.74,23.247,4.7,7.123,6.178
22839,0.774,35.818,24.101,29.74,23.251,4.742,7.083,6.139
22840,0.777,35.953,24.128,29.73,23.251,4.701,7.002,6.138
22841,0.767,36.031,24.078,29.739,23.244,4.66,6.96,6.098
22842,0.764,36.07,24.136,29.74,23.251,4.741,7.082,6.178
22843,0.767,36.243,24.152,29.787,23.261,4.864,7.205,6.301
22844,0.764,36.36,24.098,29.759,23.251,4.743,7.043,6.18
22845,0.751,36.409,24.082,29.759,23.247,4.742,7.001,6.179
22846,0.741,35.892,24.07,29.749,23.251,4.742,7.082,6.22
22847,0.744,36.03,24.101,29.749,23.254,4.742,7.042,6.302
22848,0.751,36.166,24.093,29.759,23.247,4.62,7.042,6.099
22849,0.731,36.177,24.109,29.721,23.244,4.659,7.042,6.138
22850,0.744,35.995,24.086,29.768,23.251,4.66,7.082,6.138
22851,0.744,36.127,24.07,29.759,23.251,4.7,7.042,6.179
22852,0.747,36.273,24.152,29.73,23.244,4.66,7.001,6.139
22853,0.751,36.293,24.145,29.749,23.254,4.741,7.123,6.219
22854,0.78,36.054,24.133,29.807,23.265,4.864,7.246,6.302
22855,0.771,36.176,24.121,29.75,23.258,4.702,7.125,6.221
22856,0.767,36.292,24.109,29.759,23.254,4.863,7.205,6.22
22857,0.77,36.313,24.136,29.816,23.251,4.824,7.165,6.22
22858,0.774,36.303,24.094,29.76,23.254,4.824,7.206,6.22
22859,0.78,36.399,24.136,29.721,23.244,4.702,7.043,6.058
22860,0.774,36.525,24.133,29.797,23.251,4.742,7.245,6.178
22861,0.777,36.161,24.078,29.75,23.251,4.701,7.247,6.179
22862,0.771,35.813,24.124,29.74,23.24,4.701,7.125,6.179
22863,0.761,35.915,24.133,29.74,23.247,4.701,7.124,6.098
22864,0.757,36.05,24.086,29.768,23.254,4.742,7.205,6.341
22865,0.767,36.061,24.121,29.797,23.268,4.783,7.206,6.221
22866,0.764,36.166,24.09,29.75,23.244,4.702,7.125,6.18
22867,0.748,36.302,24.109,29.788,23.247,4.742,7.165,6.179
22868,0.747,36.408,24.101,29.778,23.254,4.742,7.165,6.22
22869,0.747,35.988,24.14,29.75,23.251,4.823,7.246,6.18
22870,0.741,36.146,24.121,29.778,23.244,4.661,7.044,6.057
22871,0.734,36.244,24.074,29.74,23.247,4.782,7.164,6.178
22872,0.751,36.322,24.085,29.749,23.244,4.702,7.084,6.139
22873,0.751,35.862,24.097,29.74,23.24,4.742,7.164,6.138
22874,0.748,36.001,24.058,29.74,23.251,4.701,7.084,6.057
22875,0.754,36.127,24.112,29.759,23.251,4.782,7.164,6.219
22876,0.77,36.215,24.105,29.778,23.258,4.864,7.206,6.261
22877,0.774,35.947,24.125,29.759,23.251,4.702,7.165,6.221
22878,0.774,36.088,24.086,29.749,23.251,4.742,7.165,6.18
22879,0.774,36.195,24.136,29.749,23.258,4.783,7.084,6.261
22880,0.79,36.264,24.125,29.768,23.251,4.783,7.123,6.221
22881,0.784,35.842,24.066,29.73,23.247,4.783,7.002,6.058
22882,0.771,35.934,24.124,29.72,23.244,4.783,7.082,6.178
22883,0.777,36.079,24.125,29.749,23.251,4.783,6.961,6.139
22884,0.774,36.128,24.105,29.749,23.251,4.742,7.0,6.138
22885,0.761,35.956,24.078,29.73,23.237,4.701,6.96,6.098
22886,0.748,36.089,24.085,29.759,23.247,4.742,6.96,6.26
22887,0.764,36.234,24.128,29.788,23.265,4.823,7.204,6.302
22888,0.767,36.465,24.121,29.75,23.244,4.743,7.043,6.14
22889,0.751,35.902,24.14,29.759,23.247,4.783,7.042,6.219
22890,0.748,36.059,24.148,29.826,23.254,4.742,7.001,6.22
22891,0.747,36.147,24.09,29.779,23.254,4.742,7.041,6.261
22892,0.757,35.899,24.113,29.75,23.251,4.701,6.92,6.18
22893,0.761,35.906,24.097,29.73,23.24,4.62,6.837,6.098
22894,0.764,36.069,24.031,29.759,23.247,4.7,6.958,6.138
22895,0.774,36.166,24.069,29.749,23.251,4.701,6.919,6.138
22896,0.777,35.726,24.077,29.74,23.244,4.742,6.878,6.138
22897,0.777,35.866,24.085,29.73,23.244,4.701,6.918,6.179
22898,0.777,36.021,24.081,29.787,23.258,4.904,7.041,6.301
22899,0.787,36.099,24.117,29.759,23.254,4.784,6.92,6.14
22900,0.793,35.745,24.117,29.749,23.251,4.824,6.919,6.098
22901,0.787,35.914,24.086,29.759,23.251,4.743,6.959,6.138
22902,0.787,36.04,24.132,29.769,23.254,4.701,6.96,6.219
22903,0.787,36.128,24.09,29.759,23.254,4.782,7.0,6.18
22904,0.78,35.707,24.085,29.721,23.247,4.661,6.879,6.017
22905,0.774,35.827,24.085,29.73,23.254,4.741,7.04,6.096
22906,0.777,35.972,24.085,29.749,23.251,4.742,7.001,6.097
22907,0.78,36.031,24.054,29.74,23.244,4.661,7.041,6.056
22908,0.78,35.83,24.073,29.72,23.247,4.66,7.082,6.015
22909,0.78,35.982,24.144,29.749,23.247,4.782,7.245,6.3
22910,0.797,36.146,24.082,29.788,23.265,4.824,7.288,6.221
22911,0.794,36.167,24.081,29.75,23.251,4.783,7.288,6.22
22912,0.81,35.957,24.101,29.759,23.247,4.742,7.288,6.22
22913,0.826,36.069,24.136,29.749,23.258,4.783,7.329,6.18
22914,0.826,36.176,24.09,29.759,23.254,4.824,7.41,6.139
22915,0.839,36.196,24.121,29.74,23.24,4.661,7.249,6.016
22916,0.826,35.727,24.105,29.74,23.251,4.741,7.41,6.137
22917,0.846,35.866,24.113,29.749,23.251,4.742,7.452,6.098
22918,0.853,35.992,24.07,29.749,23.24,4.701,7.452,6.138
22919,0.853,35.83,24.105,29.73,23.247,4.701,7.534,6.098
22920,0.846,35.828,24.101,29.749,23.251,4.742,7.575,6.178
22921,0.862,36.011,24.121,29.788,23.265,4.945,7.698,6.261
22922,0.843,36.099,24.144,29.731,23.244,4.744,7.618,6.139
22923,0.833,35.754,24.121,29.759,23.251,4.701,7.617,6.098
22924,0.833,35.895,24.117,29.759,23.251,4.863,7.657,6.138
22925,0.833,35.983,24.07,29.759,23.258,4.824,7.658,6.138
22926,0.839,36.098,24.105,29.74,23.251,4.743,7.576,6.016
22927,0.817,35.63,24.07,29.73,23.244,4.701,7.616,6.096
22928,0.829,35.807,24.085,29.759,23.254,4.701,7.657,6.097
22929,0.83,35.924,24.105,29.749,23.251,4.742,7.739,6.138
22930,0.839,36.012,24.109,29.73,23.244,4.701,7.74,6.138
22931,0.839,35.715,24.093,29.72,23.251,4.701,7.781,6.138
22932,0.849,35.875,24.121,29.759,23.261,4.823,7.944,6.301
22933,0.872,36.002,24.152,29.759,23.254,4.702,7.823,6.18
22934,0.859,36.051,24.031,29.778,23.254,4.742,7.903,6.179
22935,0.875,35.677,24.081,29.759,23.251,4.783,7.945,6.179
22936,0.872,35.836,24.109,29.759,23.258,4.824,7.945,6.261
22937,0.879,35.944,24.105,29.769,23.251,4.743,7.864,6.139
22938,0.869,35.993,24.097,29.721,23.24,4.661,7.741,6.138
22939,0.856,35.782,24.097,29.739,23.251,4.822,7.903,6.138
22940,0.866,35.933,24.086,29.749,23.251,4.743,7.823,6.098
22941,0.885,36.05,24.085,29.74,23.247,4.661,7.863,6.097
22942,0.866,36.051,24.121,29.73,23.251,4.7,7.782,6.138
22943,0.879,35.754,24.129,29.739,23.251,4.742,7.903,6.26
22944,0.882,35.933,24.113,29.797,23.261,4.905,7.985,6.262
22945,0.869,36.002,24.054,29.75,23.251,4.784,7.946,6.221
22946,0.863,35.993,24.077,29.768,23.251,4.783,7.864,6.22
22947,0.853,35.821,24.12,29.749,23.247,4.824,7.863,6.18
22948,0.862,35.972,24.094,29.759,23.258,4.824,7.944,6.22
22949,0.859,36.031,24.105,29.74,23.251,4.702,7.742,6.139
22950,0.836,35.62,24.086,29.73,23.247,4.782,7.862,6.179
22951,0.839,35.702,24.07,29.749,23.251,4.783,7.822,6.139
22952,0.839,35.837,24.089,29.74,23.247,4.661,7.822,6.098
22953,0.846,35.905,24.113,29.73,23.251,4.66,7.781,6.138
22954,0.84,35.628,24.101,29.749,23.251,4.782,7.862,6.219
22955,0.849,35.769,24.097,29.788,23.258,4.824,7.904,6.22
22956,0.84,35.905,24.109,29.75,23.251,4.743,7.782,6.18
22957,0.839,36.002,24.09,29.759,23.247,4.783,7.74,6.179
22958,0.83,35.638,24.109,29.759,23.254,4.824,7.821,6.22
22959,0.836,35.798,24.058,29.759,23.251,4.783,7.822,6.22
22960,0.833,35.905,24.093,29.74,23.247,4.742,7.659,6.017
22961,0.817,35.954,24.078,29.72,23.244,4.742,7.78,6.096
22962,0.813,35.58,24.109,29.739,23.254,4.823,7.74,6.178
22963,0.803,35.72,24.082,29.749,23.251,4.783,7.659,6.139
22964,0.79,35.837,24.074,29.74,23.244,4.702,7.658,6.057
22965,0.78,35.876,24.077,29.74,23.251,4.742,7.698,6.219
22966,0.78,35.599,24.109,29.778,23.265,4.864,7.861,6.302
22967,0.78,35.701,24.023,29.75,23.251,4.743,7.7,6.221
22968,0.764,35.827,24.089,29.759,23.251,4.783,7.658,6.18
22969,0.764,35.876,24.128,29.749,23.251,4.824,7.617,6.22
22970,0.757,35.656,24.031,29.768,23.258,4.824,7.698,6.261
22971,0.757,35.769,24.089,29.749,23.244,4.743,7.496,6.099
22972,0.741,35.818,24.078,29.72,23.237,4.701,7.575,6.138
22973,0.76,36.202,24.132,29.749,23.251,4.782,7.494,6.219
22974,0.748,35.65,24.055,29.749,23.251,4.742,7.616,6.139
22975,0.747,35.769,24.066,29.74,23.244,4.742,7.576,6.138
22976,0.734,35.866,24.089,29.749,23.251,4.783,7.657,6.219
22977,0.747,35.589,24.085,29.788,23.261,4.905,7.861,6.342
22978,0.76,35.596,24.093,29.759,23.247,4.784,7.66,6.181
22979,0.748,35.711,24.117,29.74,23.247,4.864,7.658,6.179
22980,0.754,35.808,24.133,29.759,23.247,4.824,7.617,6.261
22981,0.761,35.55,24.125,29.759,23.254,4.865,7.698,6.262
22982,0.754,35.672,24.164,29.759,23.254,4.865,7.699,6.139
22983,0.728,35.769,24.078,29.721,23.237,4.662,7.536,6.057
22984,0.721,35.876,24.081,29.759,23.247,4.782,7.657,6.219
22985,0.731,35.512,24.039,29.759,23.251,4.742,7.617,6.22
22986,0.721,35.662,24.069,29.73,23.247,4.742,7.535,6.098
22987,0.708,35.779,24.062,29.739,23.251,4.701,7.575,6.178
22988,0.708,35.857,24.085,29.759,23.254,4.823,7.698,6.301
22989,0.715,35.656,24.132,29.778,23.261,4.865,7.618,6.221
22990,0.711,35.769,24.125,29.769,23.258,4.824,7.617,6.18
22991,0.695,35.885,24.098,29.749,23.254,4.783,7.617,6.261
22992,0.705,35.944,24.14,29.768,23.251,4.824,7.576,6.262
22993,0.711,35.542,24.141,29.759,23.251,4.824,7.535,6.302
22994,0.702,35.691,24.09,29.74,23.244,4.702,7.412,6.14
22995,0.698,35.779,24.062,29.759,23.247,4.782,7.452,6.219
22996,0.711,35.838,24.085,29.749,23.254,4.824,7.452,6.22
22997,0.721,35.57,24.085,29.74,23.251,4.702,7.371,6.22
22998,0.721,35.701,24.081,29.73,23.247,4.701,7.289,6.22
22999,0.731,35.827,24.093,29.739,23.254,4.904,7.491,6.261
23000,0.744,35.886,24.136,29.778,23.261,4.865,7.412,6.302
23001,0.731,35.513,24.094,29.74,23.251,4.824,7.371,6.262
23002,0.728,35.633,24.128,29.768,23.254,4.783,7.33,6.262
23003,0.712,35.769,24.101,29.749,23.254,4.824,7.41,6.302
23004,0.718,35.665,24.074,29.768,23.251,4.824,7.371,6.302
23005,0.711,35.568,24.074,29.721,23.244,4.661,7.208,6.14
23006,0.698,35.682,24.097,29.749,23.254,4.822,7.328,6.26
23007,0.698,35.789,24.105,29.768,23.251,4.783,7.289,6.221
23008,0.701,35.454,24.089,29.73,23.247,4.742,7.207,6.22
23009,0.688,35.518,24.117,29.749,23.247,4.742,7.247,6.18
23010,0.692,35.691,24.121,29.759,23.254,4.864,7.288,6.464
23011,0.701,35.808,24.07,29.788,23.261,4.946,7.369,6.386
23012,0.692,35.473,24.136,29.75,23.254,4.744,7.208,6.385
23013,0.701,35.614,24.117,29.749,23.251,4.783,7.247,6.344
23014,0.711,35.759,24.097,29.778,23.251,4.824,7.206,6.343
23015,0.715,35.828,24.105,29.759,23.251,4.824,7.247,6.343
23016,0.721,35.416,24.105,29.73,23.244,4.702,7.044,6.221
23017,0.708,35.546,24.089,29.73,23.247,4.742,7.164,6.302
23018,0.721,35.691,24.109,29.739,23.244,4.742,7.165,6.262
23019,0.731,35.76,24.062,29.749,23.244,4.742,7.124,6.302
23020,0.728,35.425,24.089,29.74,23.247,4.742,7.083,6.221
23021,0.731,35.556,24.101,29.74,23.247,4.783,7.123,6.383
23022,0.738,35.711,24.144,29.787,23.258,4.905,7.287,6.385
23023,0.728,35.751,24.031,29.75,23.247,4.825,7.125,6.344
23024,0.721,35.511,24.093,29.768,23.247,4.824,7.124,6.303
23025,0.724,35.662,24.089,29.749,23.254,4.865,7.165,6.384
23026,0.724,35.779,24.121,29.768,23.258,4.824,7.084,6.385
23027,0.721,35.818,24.101,29.749,23.251,4.783,7.123,6.303
23028,0.692,35.55,24.058,29.73,23.24,4.702,7.043,6.302
23029,0.708,35.701,24.136,29.749,23.244,4.742,7.082,6.343
23030,0.689,35.818,24.09,29.749,23.251,4.823,7.042,6.303
23031,0.701,35.895,24.089,29.749,23.247,4.743,7.001,6.302
23032,0.698,35.446,24.105,29.74,23.247,4.783,7.041,6.384
23033,0.721,35.585,24.148,29.797,23.265,4.946,7.164,6.507
23034,0.721,35.701,24.063,29.769,23.254,4.744,7.002,6.427
23035,0.724,35.367,24.077,29.759,23.254,4.783,7.041,6.344
23036,0.728,35.431,24.097,29.759,23.247,4.783,7.042,6.425
23037,0.738,35.527,24.105,29.759,23.251,4.824,7.042,6.385
23038,0.741,35.653,24.101,29.749,23.247,4.865,6.92,6.222
23039,0.734,35.318,24.07,29.72,23.244,4.662,6.837,6.302
23040,0.741,35.488,24.097,29.749,23.244,4.741,6.999,6.384
23041,0.747,35.605,24.109,29.73,23.244,4.742,7.001,6.263
23042,0.734,35.682,24.113,29.73,23.244,4.701,6.96,6.262
23043,0.728,35.376,24.043,29.73,23.244,4.742,7.0,6.343
23044,0.721,35.555,24.077,29.787,23.258,4.905,7.082,6.425
23045,0.728,35.672,24.113,29.731,23.258,4.744,6.92,6.344
23046,0.721,35.741,24.101,29.739,23.251,4.823,6.919,6.384
23047,0.711,35.281,24.093,29.749,23.254,4.865,6.959,6.344
23048,0.728,35.42,24.113,29.74,23.251,4.784,6.96,6.343
23049,0.731,35.546,24.066,29.749,23.251,4.824,7.0,6.303
23050,0.741,35.595,24.062,29.73,23.237,4.661,6.879,6.302
23051,0.764,35.538,24.081,29.739,23.251,4.782,6.959,6.343
23052,0.793,35.682,24.113,29.749,23.24,4.742,6.878,6.303
23053,0.839,35.779,24.074,29.74,23.24,4.701,6.877,6.262
23054,0.865,35.818,24.066,29.759,23.247,4.823,6.959,6.302
23055,0.902,35.301,24.101,29.778,23.261,4.905,7.041,6.465
23056,0.925,35.449,24.086,29.759,23.247,4.825,6.96,6.386
23057,0.941,35.547,24.109,29.759,23.251,4.865,6.878,6.344
23058,0.948,35.548,24.093,29.749,23.254,4.824,6.918,6.384
23059,0.964,35.384,24.117,29.759,23.251,4.865,6.959,6.385
23060,0.99,35.527,24.109,29.759,23.247,4.784,6.96,6.263
23061,1.007,35.595,24.074,29.73,23.244,4.661,6.919,6.302
23062,1.033,35.356,24.128,29.749,23.251,4.863,7.0,6.343
23063,1.059,35.315,24.094,29.73,23.247,4.784,6.96,6.343
23064,1.095,35.449,24.101,29.797,23.24,4.702,6.878,6.262
23065,1.145,35.547,24.066,29.731,23.247,4.742,6.959,6.302
23066,1.2,35.298,24.081,29.787,23.258,4.905,7.122,6.465
23067,1.246,35.44,24.097,29.75,23.254,4.865,7.002,6.426
23068,1.273,35.537,24.062,29.759,23.251,4.824,6.96,6.385
23069,1.299,35.624,24.105,29.749,23.251,4.905,6.96,6.466
23070,1.306,35.241,24.109,29.778,23.258,4.784,6.96,6.548
23071,1.313,35.353,24.09,29.759,23.254,4.824,6.96,6.427
23072,1.287,35.44,24.14,29.701,23.24,4.702,6.919,6.426
23073,1.309,35.546,24.105,29.739,23.254,4.823,6.959,6.466
23074,1.342,35.327,24.117,29.73,23.247,4.743,6.919,6.467
23075,1.349,35.449,24.066,29.749,23.247,4.783,6.919,6.426
23076,1.323,35.566,24.042,29.73,23.244,4.742,6.959,6.507
23077,1.306,35.644,24.069,29.749,23.261,4.864,7.0,6.67
23078,1.319,35.338,24.089,29.788,23.258,4.906,6.96,6.509
23079,1.3,35.44,24.07,29.75,23.254,4.825,6.96,6.549
23080,1.28,35.556,24.109,29.759,23.251,4.865,6.96,6.63
23081,1.224,35.624,24.109,29.749,23.251,4.824,6.96,6.59
23082,1.175,35.155,24.152,29.749,23.258,4.824,6.96,6.631
23083,1.103,35.275,24.074,29.74,23.241,4.743,6.838,6.55
23084,1.041,35.401,24.101,29.73,23.254,4.783,6.877,6.834
23085,0.998,35.441,24.101,29.759,23.251,4.702,6.918,6.958
23086,0.932,35.345,24.086,29.74,23.247,4.742,6.837,7.163
23087,0.883,35.507,24.07,29.72,23.244,4.701,6.877,7.368
23088,0.814,35.614,24.081,29.749,23.254,4.863,6.959,7.817
23089,0.764,35.548,24.109,29.797,23.261,4.824,7.041,7.985
23090,0.712,35.279,24.07,29.759,23.247,4.783,7.001,8.19
23091,0.676,35.43,24.077,29.759,23.251,4.824,6.919,8.354
23092,0.643,35.498,24.152,29.749,23.254,4.783,6.959,8.641
23093,0.629,35.259,24.102,29.749,23.254,4.824,6.96,8.806
23094,0.593,35.343,24.109,29.759,23.247,4.661,6.756,8.889
23095,0.57,35.44,24.07,29.721,23.247,4.741,6.836,9.174
23096,0.57,35.575,24.081,29.749,23.251,4.742,6.877,9.218
23097,0.567,35.222,24.089,29.74,23.247,4.823,6.796,9.259
23098,0.583,35.324,24.078,29.73,23.244,4.783,6.795,9.341
23099,0.625,35.449,24.085,29.73,23.247,4.864,6.836,9.423
23100,0.668,35.585,24.081,29.768,23.261,4.865,6.958,9.668
23101,0.714,35.241,24.105,29.749,23.251,4.784,6.878,9.67
23102,0.734,35.381,24.125,29.74,23.251,4.783,6.837,9.792
23103,0.754,35.508,24.101,29.74,23.254,4.824,6.877,9.956
23104,0.767,35.585,24.105,29.759,23.254,4.783,6.796,10.202
23105,0.774,35.203,24.082,29.74,23.258,4.824,6.795,10.367
23106,0.767,35.314,24.089,29.72,23.244,4.702,6.673,10.571
23107,0.777,35.449,24.085,29.749,23.251,4.782,6.713,10.818
23108,0.787,35.527,24.081,29.74,23.244,4.742,6.713,11.064
23109,0.78,35.25,24.066,29.72,23.244,4.742,6.632,11.351
23110,0.777,35.401,24.05,29.73,23.244,4.742,6.712,11.557
23111,0.787,35.546,24.081,29.759,23.258,4.905,6.876,11.925
23112,0.8,35.595,24.117,29.778,23.251,4.784,6.755,11.848
23113,0.794,35.203,24.082,29.75,23.244,4.824,6.754,11.969
23114,0.8,35.343,24.078,29.759,23.247,4.783,6.795,12.051
23115,0.803,35.469,24.093,29.759,23.258,4.783,6.836,12.174
23116,0.8,35.834,24.082,29.759,23.254,4.905,6.714,12.094
23117,0.794,35.215,24.066,29.721,23.244,4.662,6.51,11.971
23118,0.8,35.333,24.097,29.739,23.247,4.782,6.67,12.051
23119,0.8,35.43,24.086,29.749,23.251,4.783,6.672,11.93
23120,0.8,35.278,24.101,29.74,23.24,4.783,6.591,11.848
23121,0.794,35.305,24.078,29.73,23.247,4.742,6.59,11.806
23122,0.793,35.459,24.12,29.768,23.254,4.783,6.753,11.887
23123,0.806,35.604,24.07,29.778,23.254,4.864,6.714,11.644
23124,0.781,35.049,24.077,29.759,23.251,4.743,6.672,11.56
23125,0.787,35.169,24.077,29.769,23.251,4.742,6.672,11.519
23126,0.787,35.294,24.093,29.759,23.251,4.823,6.631,11.477
23127,0.784,35.392,24.089,29.769,23.254,4.824,6.672,11.274
23128,0.78,35.095,24.101,29.721,23.237,4.661,6.55,11.069
23129,0.767,35.227,24.05,29.73,23.251,4.822,6.63,11.148
23130,0.78,35.372,24.073,29.759,23.258,4.743,6.631,10.945
23131,0.767,35.44,24.085,29.749,23.241,4.742,6.631,10.862
23132,0.767,35.096,24.093,29.74,23.244,4.661,6.672,10.78
23133,0.783,35.236,24.062,29.749,23.254,4.741,6.713,10.779
23134,0.797,35.401,24.07,29.788,23.258,4.905,6.876,10.738
23135,0.794,35.431,24.081,29.759,23.247,4.744,6.796,10.535
23136,0.8,35.23,24.109,29.759,23.247,4.823,6.714,10.451
23137,0.803,35.372,24.101,29.759,23.254,4.824,6.794,10.369
23138,0.813,35.498,24.089,29.769,23.247,4.783,6.795,10.246
23139,0.816,35.509,24.085,29.73,23.251,4.783,6.673,10.001
23140,0.803,35.068,24.081,29.73,23.244,4.742,6.713,9.958
23141,0.816,35.226,24.07,29.749,23.251,4.823,6.754,9.835
23142,0.813,35.343,24.132,29.74,23.244,4.783,6.714,9.794
23143,0.807,35.382,24.109,29.74,23.247,4.742,6.713,9.631
23144,0.794,35.162,24.082,29.74,23.247,4.823,6.835,9.67
23145,0.793,35.304,24.081,29.778,23.261,4.905,6.999,9.629
23146,0.79,35.43,24.085,29.759,23.251,4.906,6.879,9.426
23147,0.787,35.268,24.089,29.769,23.247,4.825,6.959,9.342
23148,0.79,35.2,24.101,29.759,23.251,4.905,6.96,9.301
23149,0.784,35.343,24.035,29.769,23.254,4.865,6.96,9.26
23150,0.787,35.459,24.069,29.769,23.251,4.865,6.919,9.097
23151,0.78,35.086,24.077,29.711,23.24,4.824,6.796,9.014
23152,0.79,35.207,24.124,29.749,23.251,4.865,6.877,8.891
23153,0.793,35.324,24.039,29.74,23.247,4.865,6.837,8.849
23154,0.79,35.411,24.069,29.73,23.247,4.784,6.877,8.686
23155,0.79,34.971,24.07,29.73,23.244,4.864,6.877,8.644
23156,0.813,35.158,24.085,29.768,23.258,4.946,7.121,8.765
23157,0.826,35.294,24.089,29.749,23.251,4.866,6.88,8.604
23158,0.813,35.353,24.085,29.749,23.254,4.906,6.959,8.602
23159,0.82,35.066,24.089,29.749,23.251,4.987,7.082,8.48
23160,0.826,35.217,24.113,29.759,23.251,4.988,7.002,8.398
23161,0.833,35.343,24.058,29.749,23.251,4.785,6.838,8.275
23162,0.81,35.373,24.101,29.73,23.251,4.824,6.877,8.152
23163,0.813,34.99,24.086,29.739,23.247,4.946,7.0,8.15
23164,0.81,35.149,24.089,29.74,23.251,4.785,6.879,8.069
23165,0.813,35.246,24.05,29.74,23.247,4.783,6.918,8.028
23166,0.797,35.295,24.05,29.749,23.244,4.783,6.837,8.068
23167,0.81,35.066,24.085,29.759,23.258,5.068,7.08,8.109
23168,0.813,35.226,24.097,29.759,23.251,4.908,7.002,7.987
23169,0.8,35.295,24.05,29.759,23.251,4.865,7.001,7.946
23170,0.794,35.353,24.093,29.749,23.258,4.906,7.041,7.945
23171,0.797,35.191,24.085,29.749,23.254,4.947,7.123,7.905
23172,0.8,35.333,24.136,29.759,23.247,4.907,7.083,7.782
23173,0.79,35.411,24.066,29.721,23.237,4.703,7.083,7.7
23174,0.8,35.412,24.077,29.739,23.247,4.904,7.083,7.74
23175,0.81,34.971,24.093,29.759,23.251,4.865,7.123,7.659
23176,0.826,35.101,24.085,29.73,23.24,4.784,7.165,7.617
23177,0.823,35.217,24.081,29.72,23.247,4.864,7.165,7.576
23178,0.826,35.046,24.078,29.778,23.261,5.028,7.49,7.698
23179,0.843,35.149,24.066,29.759,23.258,4.907,7.29,7.496
23180,0.836,35.275,24.058,29.749,23.251,4.906,7.247,7.494
23181,0.846,35.343,24.046,29.74,23.247,4.947,7.328,7.453
23182,0.846,35.037,24.116,29.759,23.258,4.907,7.37,7.452
23183,0.84,35.197,24.066,29.759,23.251,4.906,7.411,7.371
23184,0.839,35.304,24.101,29.721,23.237,4.825,7.371,7.289
23185,0.82,35.363,24.093,29.739,23.254,4.905,7.452,7.288
23186,0.82,35.009,24.101,29.74,23.251,4.906,7.452,7.288
23187,0.807,35.12,24.082,29.74,23.244,4.906,7.493,7.247
23188,0.81,35.236,24.085,29.73,23.244,4.784,7.494,7.166
23189,0.81,35.324,24.05,29.759,23.251,4.905,7.575,7.409
23190,0.82,35.133,24.101,29.778,23.265,4.987,7.698,7.208
23191,0.813,35.246,24.089,29.75,23.251,4.907,7.577,7.206
23192,0.816,35.381,24.136,29.759,23.251,4.947,7.616,7.165
23193,0.833,35.45,24.027,29.759,23.254,4.988,7.576,7.206
23194,0.83,34.981,24.073,29.759,23.251,4.948,7.616,7.206
23195,0.82,35.11,24.085,29.759,23.244,4.744,7.495,7.003
23196,0.82,35.208,24.054,29.74,23.244,4.864,7.534,7.123
23197,0.833,35.285,24.081,29.768,23.251,4.824,7.494,7.124
23198,0.833,35.056,24.058,29.74,23.237,4.824,7.412,7.043
23199,0.833,35.159,24.054,29.73,23.244,4.824,7.452,7.082
23200,0.846,35.275,24.046,29.73,23.254,4.905,7.574,7.123
23201,0.856,35.343,24.093,29.787,23.258,5.069,7.657,7.083
23202,0.853,35.018,24.117,29.74,23.247,4.908,7.495,7.083
23203,0.833,35.139,24.043,29.74,23.244,4.906,7.534,7.002
23204,0.839,35.275,24.093,29.749,23.251,4.947,7.616,7.001
23205,0.83,35.065,24.066,29.749,23.254,4.988,7.617,7.041
23206,0.833,35.054,24.085,29.74,23.247,4.866,7.495,6.879
23207,0.81,35.159,24.066,29.701,23.24,4.824,7.575,6.877
23208,0.823,35.294,24.109,29.749,23.254,4.946,7.575,6.918
23209,0.826,35.018,24.054,29.74,23.247,4.866,7.535,6.919
23210,0.817,35.139,24.069,29.73,23.244,4.784,7.534,6.837
23211,0.816,35.265,24.093,29.73,23.237,4.824,7.534,6.877
23212,0.82,35.372,24.082,29.778,23.258,5.027,7.697,7.081
23213,0.846,34.846,24.015,29.778,23.251,4.907,7.618,6.839
23214,0.84,34.965,24.046,29.75,23.247,4.865,7.535,6.796
23215,0.852,35.081,24.046,29.759,23.247,4.865,7.575,6.877
23216,0.859,35.169,24.065,29.74,23.251,4.946,7.616,6.837
23217,0.849,34.978,24.058,29.759,23.251,4.907,7.576,6.796
23218,0.853,35.11,24.07,29.721,23.24,4.744,7.454,6.673
23219,0.846,35.198,24.054,29.739,23.254,4.905,7.493,6.753
23220,0.853,35.276,24.085,29.73,23.247,4.865,7.534,6.714
23221,0.859,34.989,24.109,29.72,23.24,4.906,7.534,6.672
23222,0.859,35.101,24.129,29.73,23.244,4.825,7.534,6.631
23223,0.849,35.227,24.055,29.739,23.251,4.905,7.657,6.794
23224,0.859,35.324,24.038,29.778,23.258,5.028,7.698,6.755
23225,0.849,34.893,24.046,29.73,23.251,4.867,7.536,6.673
23226,0.84,35.033,24.069,29.749,23.251,4.824,7.534,6.672
23227,0.846,35.159,24.054,29.759,23.254,4.865,7.534,6.672
23228,0.84,35.189,24.101,29.749,23.258,4.865,7.575,6.672
23229,0.839,34.921,24.027,29.759,23.251,4.784,7.535,6.591
23230,0.83,35.023,24.073,29.721,23.244,4.824,7.372,6.549
23231,0.836,35.159,24.105,29.739,23.251,4.824,7.492,6.63
23232,0.839,35.103,24.082,29.749,23.247,4.824,7.412,6.59
23233,0.849,34.977,24.003,29.74,23.24,4.783,7.371,6.549
23234,0.849,35.101,24.03,29.74,23.244,4.783,7.411,6.59
23235,0.853,35.217,24.061,29.768,23.265,4.946,7.574,6.671
23236,0.872,34.911,24.089,29.788,23.251,4.866,7.494,6.509
23237,0.856,34.985,24.07,29.759,23.251,4.824,7.412,6.549
23238,0.862,35.101,24.097,29.749,23.254,4.865,7.452,6.549
23239,0.862,35.217,24.066,29.759,23.251,4.865,7.371,6.549
23240,0.879,34.873,24.109,29.759,23.247,4.906,7.452,6.468
23241,0.872,34.975,24.093,29.721,23.24,4.744,7.208,6.345
23242,0.863,35.11,24.117,29.73,23.258,4.783,7.287,6.466
23243,0.869,35.198,24.051,29.749,23.254,4.742,7.247,6.548
23244,0.866,34.729,24.062,29.759,23.24,4.823,7.247,6.427
23245,0.869,34.849,24.066,29.73,23.24,4.783,7.206,6.426
23246,0.856,34.975,24.073,29.759,23.247,4.864,7.287,6.507
23247,0.869,35.101,24.089,29.778,23.261,4.946,7.288,6.467
23248,0.863,34.824,24.085,29.74,23.251,4.825,7.288,6.467
23249,0.859,34.984,24.054,29.749,23.251,4.824,7.247,6.467
23250,0.856,35.11,24.066,29.759,23.251,4.905,7.247,6.426
23251,0.869,35.16,24.07,29.759,23.254,4.906,7.206,6.507
23252,0.866,34.901,24.081,29.749,23.251,4.744,7.084,6.386
23253,0.862,35.004,23.929,29.749,23.247,4.783,7.164,6.425
23254,0.875,35.149,24.056,29.74,23.251,4.783,7.124,6.344
23255,0.882,35.179,24.085,29.749,23.247,4.783,7.124,6.343
23256,0.882,34.834,24.081,29.73,23.244,4.783,7.165,6.343
23257,0.882,34.965,24.07,29.73,23.247,4.783,7.124,6.384
23258,0.902,35.12,24.101,29.797,23.265,4.946,7.246,6.507
23259,0.899,35.428,24.043,29.74,23.254,4.866,7.125,6.386
23260,0.908,34.961,24.062,29.74,23.254,4.865,7.165,6.385
23261,0.912,35.081,24.085,29.74,23.247,4.824,7.206,6.425
23262,0.902,35.179,24.097,29.768,23.258,4.824,7.206,6.385
23263,0.895,34.911,23.965,29.749,23.244,4.824,7.125,6.303
23264,0.882,34.908,24.037,29.711,23.233,4.783,7.165,6.302
23265,0.895,35.052,24.089,29.73,23.247,4.824,7.124,6.384
23266,0.889,35.159,24.097,29.739,23.251,4.783,7.124,6.344
23267,0.892,34.738,24.097,29.73,23.24,4.783,7.043,6.262
23268,0.879,34.878,24.086,29.72,23.247,4.783,7.123,6.343
23269,0.889,35.004,24.05,29.749,23.258,4.905,7.327,6.466
23270,0.899,35.111,24.05,29.768,23.254,4.784,7.167,6.304
23271,0.882,34.834,24.069,29.721,23.251,4.824,7.165,6.384
23272,0.892,34.975,24.085,29.749,23.251,4.824,7.124,6.385
23273,0.908,35.11,24.039,29.768,23.258,4.865,7.205,6.385
23274,0.902,35.198,24.069,29.759,23.247,4.743,7.165,6.385
23275,0.908,34.844,24.066,29.711,23.244,4.661,7.043,6.222
23276,0.915,35.023,24.093,29.749,23.244,4.782,7.164,6.302
23277,0.918,35.149,24.089,29.74,23.251,4.742,7.124,6.302
23278,0.931,35.218,24.093,29.74,23.247,4.742,7.124,6.221
23279,0.931,34.758,24.019,29.711,23.247,4.701,7.124,6.342
23280,0.931,34.916,24.026,29.739,23.254,4.823,7.287,6.384
23281,0.951,35.081,24.097,29.768,23.268,4.905,7.207,6.303
23282,0.945,35.083,24.101,29.73,23.251,4.825,7.206,6.221
23283,0.935,34.785,24.031,29.749,23.251,4.865,7.247,6.342
23284,0.935,34.907,24.069,29.759,23.251,4.824,7.288,6.343
23285,0.928,35.043,24.089,29.759,23.258,4.824,7.329,6.303
23286,0.931,35.073,24.093,29.74,23.251,4.743,7.126,6.262
23287,0.909,34.967,24.058,29.711,23.244,4.742,7.165,6.302
23288,0.925,35.12,24.085,29.739,23.247,4.701,7.165,6.221
23289,0.922,35.236,24.031,29.749,23.247,4.742,7.124,6.18
23290,0.925,35.046,24.054,29.73,23.244,4.742,7.165,6.301
23291,0.912,34.948,24.093,29.73,23.247,4.742,7.246,6.262
23292,0.928,35.12,24.109,29.759,23.258,4.945,7.288,6.424
23293,0.957,35.227,24.023,29.778,23.254,4.825,7.166,6.222
23294,0.948,34.959,24.054,29.75,23.247,4.783,7.206,6.342
23295,0.958,35.081,24.054,29.74,23.251,4.783,7.287,6.262
23296,0.971,35.207,24.089,29.759,23.254,4.824,7.247,6.262
23297,0.968,35.324,24.078,29.749,23.258,4.865,7.247,6.262
23298,0.977,34.989,24.128,29.759,23.241,4.743,7.084,6.221
23299,0.974,35.101,24.047,29.74,23.251,4.823,7.123,6.22
23300,0.987,35.265,24.058,29.759,23.254,4.743,7.124,6.261
23301,0.994,35.334,24.093,29.73,23.244,4.742,7.083,6.221
23302,0.997,35.114,24.066,29.73,23.24,4.742,7.042,6.18
23303,0.978,35.284,24.077,29.797,23.244,4.783,7.164,6.301
23304,0.984,35.411,24.023,29.778,23.258,4.905,7.287,6.384
23305,0.987,35.508,24.061,29.769,23.251,4.784,7.125,6.222
23306,0.978,35.116,24.077,29.749,23.251,4.783,7.083,6.383
23307,0.977,35.275,24.081,29.768,23.247,4.824,7.164,6.303
23308,0.974,35.391,24.12,29.759,23.258,4.783,7.165,6.302
23309,0.971,35.46,24.031,29.749,23.247,4.742,7.043,6.302
23310,0.968,35.336,24.05,29.711,23.237,4.701,7.001,6.262
23311,0.971,35.469,24.112,29.739,23.251,4.782,7.041,6.343
23312,0.977,35.595,24.132,29.73,23.244,4.702,7.042,6.343
23313,1.0,35.615,24.051,29.73,23.244,4.823,7.082,6.221
23314,1.0,35.5,24.054,29.73,23.244,4.702,7.042,6.302
23315,1.007,35.653,24.058,29.749,23.258,4.823,7.164,6.465
23316,1.027,35.788,24.058,29.778,23.261,4.783,7.043,6.345
23317,1.023,35.78,24.042,29.759,23.244,4.783,7.042,6.303
23318,1.023,35.512,24.116,29.749,23.247,4.824,7.123,6.343
23319,1.049,35.662,24.031,29.749,23.254,4.865,7.083,6.343
23320,1.046,35.74,24.065,29.768,23.251,4.784,7.002,6.303
23321,1.053,35.693,24.101,29.721,23.24,4.661,6.919,6.262
23322,1.047,35.779,24.113,29.739,23.247,4.782,7.0,6.302
23323,1.05,35.933,24.101,29.768,23.244,4.742,6.879,6.302
23324,1.043,36.012,24.027,29.73,23.251,4.661,6.918,6.18
23325,1.043,35.782,24.093,29.72,23.247,4.7,6.919,6.22
23326,1.037,35.933,24.07,29.739,23.247,4.823,6.959,6.424
23327,1.056,36.088,24.07,29.778,23.265,4.946,7.0,6.344
23328,1.05,36.138,24.116,29.75,23.251,4.744,6.919,6.343
23329,1.046,36.023,24.105,29.749,23.251,4.783,6.959,6.343
23330,1.05,36.166,24.062,29.759,23.254,4.864,6.878,6.466
23331,1.053,36.302,24.112,29.759,23.254,4.824,6.959,6.345
23332,1.053,36.361,24.093,29.749,23.251,4.743,6.838,6.181
23333,1.06,36.141,24.058,29.73,23.237,4.701,6.837,6.301
23334,1.069,36.301,24.073,29.749,23.251,4.782,6.877,6.302
23335,1.076,36.418,24.07,29.74,23.24,4.742,6.796,6.262
23336,1.079,36.467,24.077,29.711,23.247,4.701,6.755,6.262
23337,1.079,36.247,24.077,29.73,23.247,4.782,6.876,6.302
23338,1.102,36.418,24.074,29.778,23.258,4.905,6.959,6.425
23339,1.122,36.534,24.054,29.759,23.254,4.784,6.797,6.304
23340,1.109,36.564,24.062,29.74,23.251,4.783,6.836,6.343
23341,1.115,36.44,24.085,29.73,23.251,4.742,6.877,6.303
23342,1.109,36.563,24.121,29.749,23.258,4.905,6.877,6.384
23343,1.112,36.699,23.992,29.768,23.251,4.784,6.796,6.263
23344,1.102,36.815,24.053,29.721,23.23,4.702,6.755,6.221
23345,1.106,36.682,24.101,29.739,23.244,4.742,6.795,6.22
23346,1.102,36.815,24.113,29.74,23.251,4.742,6.795,6.22
23347,1.096,36.903,24.101,29.72,23.251,4.742,6.714,6.22
23348,1.092,36.731,24.101,29.73,23.251,4.742,6.713,6.22
23349,1.096,36.777,24.062,29.768,23.254,4.905,6.957,6.464
23350,1.109,36.931,24.07,29.778,23.254,4.825,6.797,6.345
23351,1.106,37.0,24.089,29.75,23.247,4.783,6.877,6.303
23352,1.106,36.895,24.082,29.749,23.258,4.864,6.959,6.343
23353,1.122,36.999,23.964,29.768,23.251,4.824,6.919,6.343
23354,1.129,37.135,24.037,29.759,23.251,4.783,6.837,6.221
23355,1.122,37.184,24.026,29.711,23.24,4.661,6.796,6.098
23356,1.132,36.906,24.085,29.73,23.251,4.741,6.877,6.219
23357,1.135,37.047,24.097,29.759,23.247,4.783,6.877,6.18
23358,1.135,37.145,24.078,29.721,23.251,4.742,6.755,6.179
23359,1.145,37.213,24.054,29.72,23.244,4.742,6.754,6.22
23360,1.158,37.175,24.066,29.759,23.261,4.864,6.917,6.383
23361,1.165,37.319,24.101,29.74,23.251,4.784,6.919,6.222
23362,1.148,37.397,24.121,29.74,23.254,4.824,6.919,6.261
23363,1.145,37.455,24.019,29.768,23.251,4.824,6.919,6.221
23364,1.148,37.312,24.054,29.769,23.254,4.865,6.959,6.261
23365,1.142,37.445,24.058,29.759,23.251,4.784,6.878,6.221
23366,1.132,37.532,24.07,29.721,23.24,4.742,6.796,6.139
23367,1.132,37.581,24.085,29.739,23.254,4.783,6.917,6.219
23368,1.135,37.313,24.093,29.74,23.254,4.864,6.837,6.18
23369,1.132,37.416,24.031,29.74,23.247,4.743,6.796,6.139
23370,1.125,37.522,24.038,29.73,23.244,4.701,6.836,6.179
23371,1.112,37.552,24.077,29.759,23.258,4.945,6.999,6.342
23372,1.138,37.524,24.07,29.749,23.251,4.744,6.797,6.262
23373,1.135,37.6,24.011,29.74,23.251,4.742,6.836,6.18
23374,1.138,37.706,24.042,29.749,23.254,4.823,6.837,6.261
23375,1.145,37.669,24.069,29.759,23.247,4.824,6.837,6.262
23376,1.132,37.592,24.081,29.759,23.254,4.824,6.796,6.262
23377,1.142,37.687,24.078,29.74,23.237,4.621,6.714,6.099
23378,1.119,37.774,24.136,29.73,23.244,4.741,6.794,6.3
23379,1.142,37.593,24.07,29.73,23.244,4.823,6.795,6.18
23380,1.129,37.687,24.046,29.73,23.247,4.743,6.795,6.139
23381,1.119,37.774,24.105,29.72,23.24,4.701,6.755,6.138
23382,1.112,37.9,24.058,29.749,23.251,4.863,6.917,6.301
23383,1.115,37.604,24.089,29.778,23.265,4.906,6.878,6.262
23384,1.089,37.706,24.031,29.75,23.248,4.784,6.877,6.221
23385,1.086,37.823,24.1,29.74,23.251,4.824,6.796,6.22
23386,1.076,37.92,24.07,29.749,23.251,4.865,6.917,6.22
23387,1.07,37.806,24.058,29.749,23.254,4.784,6.796,6.261
23388,1.056,37.919,24.077,29.749,23.247,4.702,6.755,6.139
23389,1.037,38.016,23.992,29.701,23.247,4.701,6.754,6.219
23390,1.033,38.104,24.065,29.758,23.251,4.782,6.795,6.22
23391,1.03,44.242,24.097,29.749,23.254,4.783,6.877,6.18
23392,1.017,44.361,24.101,29.73,23.244,4.702,6.755,6.22
23393,1.02,44.39,24.015,29.73,23.247,4.742,6.795,6.22
23394,1.023,44.419,24.038,29.768,23.265,4.945,6.917,6.302
23395,1.023,34.955,24.065,29.759,23.251,4.866,6.796,6.262
23396,1.01,35.061,24.085,29.759,23.254,4.906,6.755,6.221
23397,1.01,35.217,24.058,29.749,23.251,4.825,6.795,6.261
23398,1.007,35.314,24.089,29.749,23.251,4.783,6.877,6.262
23399,0.991,38.911,24.054,29.759,23.251,4.824,6.796,6.221
23400,1.0,39.014,24.05,29.721,23.244,4.661,6.633,6.058
23401,0.991,39.092,24.085,29.73,23.244,4.741,6.794,6.097
23402,0.981,39.064,24.07,29.73,23.247,4.783,6.795,6.178
23403,0.964,37.29,24.085,29.73,23.247,4.702,6.714,6.139
23404,0.958,37.396,24.058,29.749,23.24,4.701,6.754,6.138
23405,0.938,37.513,24.081,29.73,23.258,4.823,6.876,6.26
23406,0.935,37.955,24.085,29.768,23.258,4.905,6.877,6.262
23407,0.925,38.132,24.023,29.721,23.265,4.865,6.796,6.221
23408,0.912,38.239,24.069,29.73,23.251,4.865,6.755,6.261
23409,0.899,38.336,23.995,29.759,23.258,4.865,6.795,6.18
23410,0.892,37.723,24.057,29.759,23.254,4.824,6.795,6.261
23411,0.889,37.823,24.093,29.749,23.247,4.702,6.755,6.139
23412,0.872,37.91,24.089,29.72,23.244,4.742,6.795,6.179
23413,0.889,38.016,24.082,29.759,23.251,4.783,6.795,6.179
23414,0.882,37.797,24.07,29.721,23.251,4.783,6.836,6.179
23415,0.879,37.891,24.116,29.73,23.247,4.742,6.755,6.098
23416,0.879,38.007,24.113,29.73,23.251,4.742,6.754,6.178
23417,0.882,38.113,24.062,29.749,23.261,4.905,6.957,6.342
23418,0.889,37.855,24.132,29.759,23.254,4.784,6.919,6.181
23419,0.889,37.977,24.086,29.73,23.244,4.783,6.837,6.22
23420,0.882,38.094,24.062,29.749,23.258,4.783,6.877,6.18
23421,0.879,38.143,24.093,29.74,23.251,4.864,6.837,6.22
23422,0.869,37.626,24.039,29.759,23.254,4.824,6.877,6.18
23423,0.843,37.735,24.085,29.721,23.244,4.661,6.755,6.057
23424,0.836,37.852,24.046,29.739,23.247,4.782,6.836,6.178
23425,0.843,37.901,24.112,29.749,23.244,4.824,6.796,6.139
23426,0.833,37.93,24.078,29.73,23.247,4.702,6.755,6.138
23427,0.82,38.045,24.093,29.73,23.244,4.742,6.754,6.098
23428,0.817,38.162,24.101,29.73,23.258,4.783,6.917,6.219
23429,0.826,38.23,24.082,29.807,23.265,4.946,6.796,6.261
23430,0.807,38.106,24.054,29.74,23.244,4.825,6.836,6.221
23431,0.81,38.22,24.109,29.759,23.251,4.783,6.877,6.261
23432,0.8,38.326,24.066,29.759,23.251,4.824,6.877,6.262
23433,0.82,37.877,24.097,29.826,23.251,4.824,6.837,6.18
23434,0.807,37.671,24.039,29.721,23.24,4.661,6.674,6.139
23435,0.807,37.765,24.093,29.73,23.251,4.741,6.794,6.219
23436,0.813,37.9,24.07,29.739,23.254,4.701,6.714,6.18
23437,0.807,37.662,24.066,29.73,23.244,4.701,6.672,6.139
23438,0.807,37.745,24.089,29.739,23.24,4.782,6.713,6.219
23439,0.823,37.88,24.078,29.807,23.258,4.864,6.876,6.302
23440,0.826,38.026,24.081,29.779,23.258,4.865,6.755,6.221
23441,0.823,37.624,24.097,29.74,23.247,4.865,6.795,6.261
23442,0.823,37.755,24.062,29.74,23.247,4.784,6.795,6.221
23443,0.8,37.871,24.085,29.74,23.251,4.864,6.795,6.261
23444,0.794,37.978,24.046,29.759,23.251,4.824,6.795,6.262
23445,0.793,37.701,24.085,29.73,23.251,4.702,6.592,6.058
23446,0.774,37.832,24.058,29.72,23.247,4.701,6.712,6.137
23447,0.784,37.968,24.054,29.739,23.251,4.782,6.754,6.219
23448,0.771,38.027,24.093,29.73,23.251,4.783,6.673,6.139
23449,0.767,37.5,24.05,29.739,23.244,4.661,6.753,6.057
23450,0.761,37.638,24.038,29.74,23.247,4.863,6.836,6.259
23451,0.78,37.812,24.128,29.778,23.261,4.865,6.918,6.262
23452,0.774,37.814,24.059,29.74,23.251,4.784,6.837,6.302
23453,0.78,37.641,24.07,29.807,23.251,4.824,6.837,6.221
23454,0.784,37.784,24.038,29.759,23.251,4.783,6.837,6.261
23455,0.79,37.89,24.085,29.759,23.251,4.864,6.877,6.302
23456,0.787,37.882,24.07,29.74,23.237,4.702,6.715,6.099
23457,0.787,37.604,24.07,29.72,23.247,4.823,6.754,6.26
23458,0.79,37.745,24.109,29.739,23.251,4.743,6.795,6.262
23459,0.8,37.852,24.07,29.74,23.244,4.701,6.795,6.18
23460,0.8,37.834,24.058,29.73,23.244,4.742,6.714,6.179
23461,0.807,37.584,24.066,29.739,23.254,4.823,6.754,6.301
23462,0.807,37.745,24.089,29.787,23.261,4.824,6.795,6.302
23463,0.794,37.823,24.062,29.75,23.258,4.824,6.755,6.262
23464,0.784,37.517,24.034,29.74,23.254,4.783,6.795,6.221
23465,0.784,37.59,24.077,29.749,23.251,4.783,6.795,6.22
23466,0.78,37.716,24.054,29.73,23.251,4.742,6.755,6.22
23467,0.774,37.823,24.054,29.749,23.247,4.742,6.632,6.058
23468,0.764,37.526,24.062,29.72,23.251,4.742,6.672,6.219
23469,0.764,37.696,24.007,29.749,23.251,4.701,6.753,6.18
23470,0.767,37.803,24.046,29.73,23.251,4.742,6.714,6.22
23471,0.761,37.862,24.069,29.73,23.244,4.742,6.672,6.139
23472,0.767,37.421,24.07,29.739,23.251,4.742,6.713,6.341
23473,0.777,37.599,24.062,29.807,23.265,4.823,6.835,6.303
23474,0.793,37.706,24.05,29.75,23.251,4.824,6.714,6.221
23475,0.774,37.765,24.066,29.749,23.254,4.824,6.835,6.261
23476,0.777,37.43,24.066,29.749,23.251,4.743,6.755,6.262
23477,0.787,37.561,24.089,29.749,23.254,4.864,6.836,6.302
23478,0.8,37.668,24.117,29.759,23.247,4.743,6.755,6.221
23479,0.794,37.688,24.074,29.73,23.244,4.701,6.754,6.261
23480,0.8,37.602,24.042,29.739,23.251,4.701,6.836,6.18
23481,0.797,37.726,24.085,29.73,23.247,4.742,6.877,6.22
23482,0.794,37.832,24.054,29.739,23.247,4.701,6.755,6.139
23483,0.787,37.843,24.042,29.73,23.24,4.742,6.917,6.219
23484,0.787,37.603,24.054,29.768,23.261,4.945,7.081,6.342
23485,0.797,37.754,24.073,29.769,23.247,4.744,6.961,6.221
23486,0.777,37.833,24.089,29.749,23.258,4.742,7.041,6.22
23487,0.777,38.073,24.074,29.73,23.251,4.864,7.042,6.22
23488,0.787,37.558,24.077,29.759,23.261,4.824,7.082,6.302
23489,0.78,37.687,24.042,29.759,23.251,4.743,7.002,6.221
23490,0.771,37.736,24.038,29.73,23.237,4.62,7.001,6.18
23491,0.774,37.545,24.073,29.739,23.247,4.741,7.082,6.139
23492,0.777,37.543,24.07,29.749,23.251,4.701,7.083,6.179
23493,0.787,37.677,23.988,29.74,23.247,4.742,7.083,6.139
23494,0.777,37.755,24.057,29.73,23.251,4.701,7.083,6.138
23495,0.79,37.344,24.07,29.768,23.254,4.945,7.205,6.301
23496,0.806,37.454,24.081,29.769,23.254,4.744,7.165,6.262
23497,0.79,37.561,24.062,29.749,23.251,4.823,7.124,6.221
23498,0.806,37.62,24.085,29.74,23.251,4.783,7.165,6.22
23499,0.81,37.496,24.085,29.759,23.254,4.783,7.124,6.22
23500,0.8,37.648,24.027,29.759,23.251,4.742,7.124,6.18
23501,0.8,37.716,24.085,29.701,23.244,4.661,6.961,6.098
23502,0.797,37.803,24.054,29.73,23.251,4.741,7.122,6.138
23503,0.807,37.411,24.058,29.739,23.247,4.783,7.124,6.138
23504,0.794,37.532,24.038,29.73,23.251,4.702,7.002,6.098
23505,0.784,37.639,24.069,29.73,23.251,4.66,7.001,6.138
23506,0.787,37.745,24.085,29.778,23.261,4.904,7.163,6.301
23507,0.793,37.526,24.058,29.769,23.251,4.744,7.043,6.18
23508,0.784,37.619,24.101,29.74,23.251,4.823,7.082,6.179
23509,0.771,37.735,24.058,29.759,23.247,4.783,7.083,6.179
23510,0.774,37.775,24.007,29.759,23.254,4.824,7.164,6.22
23511,0.78,37.526,24.077,29.759,23.251,4.824,7.084,6.22
23512,0.777,37.619,24.05,29.721,23.24,4.783,6.961,6.139
23513,0.777,37.745,24.058,29.749,23.247,4.824,7.163,6.179
23514,0.787,37.765,24.038,29.759,23.247,4.743,7.002,6.139
23515,0.787,37.44,24.124,29.721,23.237,4.742,7.041,6.098
23516,0.793,37.561,24.094,29.72,23.247,4.783,6.96,6.097
23517,0.8,37.687,24.07,29.759,23.261,4.905,7.204,6.26
23518,0.81,37.631,24.124,29.759,23.254,4.784,7.165,6.18
23519,0.813,37.496,24.051,29.74,23.247,4.824,7.165,6.098
23520,0.813,37.619,24.042,29.749,23.251,4.743,7.124,6.178
23521,0.813,37.716,24.104,29.73,23.251,4.823,7.124,6.179
23522,0.826,37.41,24.008,29.749,23.251,4.905,7.124,6.139
23523,0.817,37.484,24.018,29.73,23.251,4.703,7.043,6.016
23524,0.8,37.571,24.026,29.72,23.24,4.823,7.123,6.178
23525,0.807,37.677,24.089,29.739,23.251,4.743,7.165,6.179
23526,0.794,37.381,24.085,29.74,23.247,4.783,7.043,6.139
23527,0.784,37.532,24.066,29.73,23.247,4.742,7.042,6.057
23528,0.784,37.639,24.113,29.72,23.254,4.742,7.042,6.219
23529,0.784,37.764,24.078,29.778,23.265,4.945,7.245,6.302
23530,0.784,37.401,24.015,29.73,23.251,4.825,7.166,6.14
23531,0.78,37.484,24.1,29.749,23.254,4.865,7.124,6.138
23532,0.777,37.619,24.007,29.759,23.251,4.906,7.124,6.219
23533,0.787,37.716,24.046,29.759,23.251,4.865,7.165,6.22
23534,0.787,37.449,24.026,29.749,23.247,4.743,7.084,6.017
23535,0.774,37.532,24.069,29.72,23.244,4.742,7.042,6.178
23536,0.8,37.677,24.05,29.73,23.247,4.823,7.042,6.057
23537,0.81,37.746,24.069,29.73,23.244,4.783,7.082,6.056
23538,0.8,37.286,24.097,29.72,23.24,4.742,7.002,6.056
23539,0.787,37.435,23.992,29.73,23.251,4.823,7.082,6.178
23540,0.813,37.609,24.053,29.768,23.261,4.946,7.205,6.22
23541,0.813,37.601,24.089,29.721,23.251,4.907,7.084,6.139
23542,0.81,37.457,24.078,29.73,23.251,4.784,7.123,6.138
23543,0.807,37.599,24.058,29.816,23.251,4.905,7.124,6.179
23544,0.8,37.697,24.03,29.75,23.251,4.947,7.124,6.22
23545,0.8,37.822,24.046,29.73,23.254,4.785,7.002,6.017
23546,0.777,37.325,24.03,29.701,23.251,4.742,7.001,6.137
23547,0.787,37.483,24.069,29.72,23.251,4.783,7.082,6.138
23548,0.784,37.561,24.093,29.73,23.251,4.742,7.042,6.138
23549,0.777,37.486,24.046,29.749,23.244,4.783,7.001,6.138
23550,0.761,37.523,24.034,29.749,23.247,4.783,7.041,6.219
23551,0.777,37.686,24.097,29.778,23.258,4.986,7.204,6.261
23552,0.777,37.755,24.093,29.73,23.254,4.866,7.125,6.139
23553,0.79,37.238,24.093,29.739,23.254,4.824,7.083,6.138
23554,0.78,37.367,24.023,29.768,23.251,4.905,7.123,6.219
23555,0.793,37.493,24.038,29.73,23.254,4.825,7.165,6.18
23556,0.8,37.552,24.03,29.73,23.244,4.702,7.002,6.057
23557,0.79,37.274,24.038,29.73,23.251,4.782,7.123,6.219
23558,0.806,37.425,24.101,29.73,23.251,4.864,7.124,6.139
23559,0.807,37.522,24.07,29.73,23.247,4.784,7.043,6.138
23560,0.816,37.61,24.042,29.72,23.24,4.824,7.001,6.098
23561,0.81,37.265,24.101,29.739,23.258,4.905,7.245,6.26
23562,0.826,37.444,24.07,29.749,23.254,4.825,7.125,6.18
23563,0.797,37.542,24.054,29.74,23.244,4.824,7.165,6.261
23564,0.8,37.6,24.066,29.759,23.254,4.865,7.124,6.262
23565,0.79,37.265,24.07,29.74,23.251,4.865,7.165,6.262
23566,0.8,37.415,24.07,29.74,23.254,4.865,7.206,6.221
23567,0.777,37.522,24.042,29.711,23.237,4.702,6.962,6.098
23568,0.774,37.533,24.073,29.739,23.251,4.782,7.082,6.138
23569,0.78,37.255,24.085,29.74,23.247,4.824,7.123,6.219
23570,0.771,37.386,24.042,29.74,23.247,4.783,7.002,6.18
23571,0.777,37.484,24.101,29.73,23.237,4.742,7.041,6.179
23572,0.777,37.475,24.043,29.749,23.254,4.864,7.123,6.342
23573,0.803,37.322,24.077,29.788,23.254,4.906,7.124,6.181
23574,0.8,37.416,24.035,29.731,23.251,4.825,7.083,6.22
23575,0.8,37.503,24.073,29.73,23.251,4.783,7.164,6.18
23576,0.794,37.293,24.074,29.749,23.258,4.783,7.165,6.22
23577,0.803,37.272,24.054,29.749,23.254,4.864,7.165,6.302
23578,0.807,37.387,24.073,29.72,23.244,4.784,7.084,6.099
23579,0.797,37.455,24.054,29.72,23.251,4.824,7.164,6.219
23580,0.813,37.053,24.046,29.72,23.247,4.824,7.124,6.098
23581,0.803,37.135,24.085,29.711,23.244,4.743,7.124,6.138
23582,0.8,37.261,24.007,29.72,23.247,4.742,7.083,6.138
23583,0.797,37.367,24.046,29.73,23.251,4.864,7.245,6.341
23584,0.8,37.177,24.077,29.778,23.261,4.987,7.247,6.262
23585,0.79,37.29,24.085,29.74,23.251,4.826,7.206,6.18
23586,0.784,37.444,24.07,29.74,23.254,4.865,7.287,6.179
23587,0.784,37.513,24.089,29.73,23.251,4.865,7.247,6.139
23588,0.784,37.14,24.089,29.739,23.254,4.865,7.369,6.219
23589,0.774,37.299,24.07,29.74,23.251,4.784,7.289,6.098
23590,0.764,37.377,24.023,29.72,23.247,4.702,7.288,6.138
23591,0.767,37.484,24.085,29.72,23.251,4.823,7.329,6.26
23592,0.774,37.13,23.984,29.739,23.247,4.743,7.248,6.139
23593,0.777,37.261,24.022,29.73,23.247,4.742,7.288,6.098
23594,0.784,37.377,24.026,29.72,23.244,4.783,7.288,6.138
23595,0.787,37.445,24.097,29.759,23.261,4.946,7.451,6.341
23596,0.8,37.062,24.089,29.749,23.247,4.825,7.33,6.1
23597,0.794,37.174,24.078,29.73,23.251,4.783,7.329,6.138
23598,0.803,37.271,24.101,29.739,23.254,4.824,7.329,6.179
23599,0.816,37.32,24.086,29.749,23.251,4.865,7.37,6.22
23600,0.816,37.282,24.058,29.74,23.254,4.743,7.33,6.058
23601,0.803,37.377,24.101,29.692,23.24,4.701,7.289,6.056
23602,0.797,37.493,24.039,29.758,23.251,4.823,7.369,6.178
23603,0.8,37.36,24.042,29.74,23.247,4.824,7.37,6.098
23604,0.787,37.062,24.046,29.72,23.247,4.743,7.411,6.056
23605,0.78,37.174,24.038,29.739,23.247,4.701,7.371,6.137
23606,0.78,37.309,24.046,29.749,23.261,4.863,7.533,6.341
23607,0.787,37.138,24.062,29.759,23.254,4.824,7.453,6.1
23608,0.777,37.184,24.081,29.74,23.251,4.824,7.452,6.178
23609,0.771,37.299,24.027,29.74,23.247,4.824,7.493,6.22
23610,0.767,37.416,24.05,29.759,23.254,4.865,7.575,6.18
23611,0.764,36.957,24.077,29.749,23.251,4.865,7.616,6.139
23612,0.764,37.067,24.05,29.72,23.24,4.702,7.454,6.057
23613,0.764,37.164,23.945,29.72,23.251,4.823,7.574,6.097
23614,0.774,37.271,24.006,29.73,23.244,4.824,7.575,6.056
23615,0.774,36.946,24.018,29.72,23.244,4.824,7.454,6.015
23616,0.777,37.067,24.061,29.73,23.247,4.743,7.534,6.096
23617,0.78,37.193,24.07,29.739,23.247,4.864,7.697,6.26
23618,0.797,37.3,24.109,29.759,23.258,4.906,7.618,6.18
23619,0.787,36.965,24.07,29.73,23.258,4.865,7.535,6.098
23620,0.793,37.106,24.05,29.739,23.247,4.743,7.453,6.097
23621,0.79,37.232,24.089,29.72,23.254,4.905,7.615,6.178
23622,0.797,37.31,24.042,29.759,23.254,4.865,7.576,6.098
23623,0.781,37.013,24.038,29.721,23.24,4.743,7.494,5.975
23624,0.761,37.087,24.007,29.711,23.251,4.823,7.575,6.177
23625,0.774,37.251,24.069,29.73,23.247,4.824,7.575,6.098
23626,0.758,37.281,24.062,29.739,23.247,4.783,7.616,6.016
23627,0.764,37.032,24.038,29.692,23.247,4.742,7.657,6.015
23628,0.744,37.145,24.081,29.73,23.244,4.823,7.739,6.137
23629,0.767,37.29,24.054,29.778,23.258,4.987,7.903,6.26
23630,0.764,37.636,24.042,29.74,23.254,4.826,7.823,6.18
23631,0.754,37.007,24.097,29.74,23.247,4.824,7.822,6.139
23632,0.761,37.125,24.019,29.74,23.251,4.865,7.863,6.138
23633,0.764,37.222,24.073,29.749,23.258,4.824,7.944,6.179
23634,0.774,37.031,24.007,29.74,23.251,4.865,7.783,6.017
23635,0.774,37.039,24.057,29.692,23.237,4.702,7.74,5.974
23636,0.767,37.183,24.07,29.739,23.251,4.782,7.821,6.096
23637,0.774,37.29,24.074,29.73,23.247,4.783,7.781,6.016
23638,0.777,36.917,24.089,29.72,23.251,4.783,7.74,6.056
23639,0.777,37.038,24.05,29.711,23.244,4.661,7.781,6.015
23640,0.79,37.173,24.054,29.73,23.251,4.822,7.944,6.178
23641,0.797,37.29,24.093,29.768,23.261,4.865,7.864,6.057
23642,0.787,36.898,24.058,29.73,23.247,4.824,7.904,6.097
23643,0.777,37.057,24.05,29.739,23.247,4.824,7.823,6.138
23644,0.777,37.174,24.019,29.74,23.254,4.905,7.863,6.138
23645,0.774,37.251,24.081,29.749,23.251,4.865,7.782,6.098
23646,0.764,36.955,24.05,29.72,23.244,4.702,7.74,5.975
23647,0.754,37.067,24.042,29.72,23.247,4.742,7.781,6.055
23648,0.764,37.212,24.085,29.739,23.254,4.823,7.822,6.056
23649,0.757,37.281,24.035,29.73,23.254,4.743,7.741,6.097
23650,0.748,36.879,24.022,29.72,23.244,4.742,7.659,6.016
23651,0.751,37.009,24.065,29.73,23.244,4.742,7.78,6.137
23652,0.767,37.183,24.038,29.778,23.258,4.823,7.822,6.219
23653,0.774,37.184,24.069,29.759,23.251,4.824,7.781,6.098
23654,0.767,36.887,24.058,29.73,23.251,4.743,7.659,6.138
23655,0.774,37.018,24.105,29.759,23.251,4.823,7.698,6.179
23656,0.78,37.144,24.066,29.749,23.247,4.824,7.658,6.098
23657,0.774,37.174,24.07,29.73,23.237,4.743,7.495,5.975
23658,0.764,36.81,24.042,29.72,23.247,4.783,7.575,6.137
23659,0.787,36.979,24.054,29.739,23.244,4.824,7.535,6.098
23660,0.784,37.086,24.046,29.72,23.244,4.743,7.453,6.016
23661,0.784,37.011,24.069,29.72,23.237,4.701,7.452,6.056
23662,0.787,37.029,23.953,29.749,23.258,4.863,7.615,6.219
23663,0.79,37.192,24.045,29.788,23.261,4.865,7.576,6.098
23664,0.771,37.252,24.054,29.74,23.251,4.784,7.413,6.097
23665,0.774,36.859,24.073,29.749,23.254,4.824,7.371,6.097
23666,0.761,36.98,24.07,29.74,23.251,4.743,7.411,6.138
23667,0.767,37.096,24.062,29.74,23.251,4.864,7.411,6.179
23668,0.761,37.193,24.081,29.74,23.244,4.743,7.289,6.017
23669,0.751,36.82,24.042,29.701,23.24,4.742,7.288,6.137
23670,0.751,36.979,24.046,29.739,23.247,4.742,7.369,6.138
23671,0.754,37.077,24.073,29.73,23.244,4.783,7.33,6.098
23672,0.748,37.155,24.038,29.72,23.24,4.661,7.329,6.056
23673,0.757,36.839,24.022,29.73,23.244,4.741,7.329,6.137
23674,0.767,36.999,24.05,29.768,23.254,4.864,7.492,6.26
23675,0.774,37.106,24.089,29.74,23.251,4.784,7.331,6.139
23676,0.774,37.193,24.085,29.759,23.254,4.824,7.41,6.098
23677,0.78,36.868,24.039,29.74,23.251,4.783,7.371,6.138
23678,0.784,36.989,24.073,29.72,23.254,4.783,7.492,6.138
23679,0.777,37.115,24.058,29.739,23.254,4.742,7.331,6.016
23680,0.787,37.145,24.03,29.711,23.237,4.742,7.207,5.934
23681,0.787,36.916,24.085,29.749,23.251,4.783,7.287,6.096
23682,0.787,37.047,24.023,29.74,23.247,4.824,7.369,6.097
23683,0.777,37.154,24.026,29.72,23.251,4.824,7.208,6.016
23684,0.764,37.184,24.038,29.701,23.24,4.743,7.287,6.056
23685,0.767,36.772,24.073,29.73,23.254,4.823,7.41,6.219
23686,0.77,36.96,24.085,29.768,23.258,4.824,7.411,6.18
23687,0.761,37.038,24.054,29.74,23.258,4.743,7.33,6.098
23688,0.754,37.135,24.077,29.74,23.244,4.783,7.289,6.178
23689,0.754,36.992,24.05,29.749,23.251,4.824,7.369,6.22
23690,0.751,37.115,24.038,29.759,23.251,4.865,7.37,6.18
23691,0.751,37.174,24.085,29.749,23.247,4.743,7.208,6.057
23692,0.748,36.877,23.984,29.701,23.24,4.701,7.247,6.178
23693,0.754,36.942,24.018,29.73,23.247,4.742,7.206,6.179
23694,0.767,37.057,24.038,29.72,23.247,4.783,7.247,6.179
23695,0.754,37.154,24.081,29.72,23.244,4.742,7.288,6.098
23696,0.761,36.705,24.085,29.711,23.247,4.742,7.166,6.138
23697,0.761,36.834,24.07,29.749,23.261,4.823,7.409,6.301
23698,0.79,36.98,24.062,29.768,23.254,4.783,7.289,6.18
23699,0.78,37.058,24.07,29.759,23.251,4.824,7.329,6.22
23700,0.78,36.78,24.05,29.74,23.254,4.824,7.289,6.18
23701,0.793,36.912,24.077,29.749,23.258,4.824,7.369,6.22
23702,0.784,37.047,24.035,29.778,23.254,4.824,7.289,6.261
23703,0.764,37.106,24.011,29.711,23.244,4.702,7.207,6.099
23704,0.757,36.781,24.038,29.701,23.244,4.782,7.287,6.138
23705,0.764,36.941,24.081,29.749,23.251,4.742,7.288,6.219
23706,0.761,37.077,24.062,29.72,23.244,4.742,7.288,6.139
23707,0.751,37.116,24.031,29.739,23.24,4.742,7.247,6.057
23708,0.744,36.743,24.081,29.72,23.251,4.823,7.328,6.178
23709,0.751,36.94,24.074,29.759,23.261,4.905,7.41,6.383
23710,0.761,37.038,24.058,29.749,23.251,4.784,7.289,6.181
23711,0.748,37.058,24.097,29.74,23.247,4.783,7.369,6.22
23712,0.747,36.752,23.968,29.778,23.251,4.783,7.33,6.22
23713,0.751,36.883,23.998,29.759,23.254,4.824,7.37,6.22
23714,0.754,36.98,24.01,29.759,23.251,4.783,7.248,6.139
23715,0.754,37.019,24.007,29.721,23.24,4.62,7.206,6.138
23716,0.761,36.799,24.038,29.739,23.251,4.781,7.287,6.219
23717,0.767,36.922,24.05,29.74,23.244,4.742,7.247,6.18
23718,0.767,37.028,24.085,29.72,23.24,4.742,7.206,6.098
23719,0.77,36.771,24.031,29.73,23.244,4.661,7.287,6.138
23720,0.78,36.787,24.058,29.759,23.258,4.863,7.369,6.301
23721,0.79,36.922,24.105,29.759,23.254,4.784,7.208,6.14
23722,0.78,36.99,24.004,29.749,23.247,4.864,7.287,6.179
23723,0.774,36.741,24.038,29.73,23.258,4.865,7.247,6.22
23724,0.777,36.835,24.026,29.759,23.251,4.824,7.288,6.261
23725,0.767,36.96,24.1,29.759,23.254,4.783,7.207,6.18
23726,0.751,37.038,24.062,29.721,23.237,4.702,7.125,6.017
23727,0.757,36.656,24.034,29.73,23.244,4.823,7.246,6.218
23728,0.757,36.786,24.077,29.749,23.251,4.824,7.206,6.18
23729,0.748,36.912,24.05,29.73,23.244,4.743,7.125,6.139
23730,0.741,36.98,24.026,29.73,23.247,4.742,7.124,6.138
23731,0.741,36.703,24.093,29.749,23.251,4.783,7.287,6.26
23732,0.754,36.882,24.019,29.768,23.261,4.864,7.288,6.221
23733,0.751,36.97,24.05,29.759,23.254,4.784,7.207,6.302
23734,0.757,37.01,24.05,29.769,23.251,4.824,7.287,6.221
23735,0.77,36.675,24.085,29.759,23.254,4.824,7.207,6.302
23736,0.761,36.825,24.074,29.759,23.254,4.865,7.287,6.221
23737,0.767,36.932,24.031,29.721,23.244,4.702,7.125,6.139
23738,0.751,36.942,24.058,29.739,23.251,4.742,7.165,6.219
23739,0.764,36.645,24.015,29.74,23.251,4.783,7.124,6.18
23740,0.77,36.757,24.026,29.74,23.244,4.742,7.165,6.179
23741,0.767,36.835,24.03,29.73,23.237,4.742,7.084,6.139
23742,0.767,36.884,24.026,29.768,23.247,4.823,7.205,6.301
23743,0.774,36.807,24.05,29.797,23.268,4.905,7.287,6.302
23744,0.764,36.883,24.066,29.74,23.254,4.825,7.125,6.221
23745,0.757,36.98,24.054,29.768,23.251,4.865,7.165,6.22
23746,0.748,36.885,24.073,29.759,23.251,4.865,7.206,6.261
23747,0.751,36.76,24.062,29.749,23.258,4.824,7.165,6.221
23748,0.748,36.873,24.101,29.749,23.247,4.743,7.002,6.098
23749,0.731,36.942,24.039,29.72,23.24,4.783,7.163,6.178
23750,0.738,36.578,24.042,29.759,23.251,4.783,7.206,6.22
23751,0.741,36.641,24.065,29.759,23.247,4.824,7.165,6.22
23752,0.738,36.757,23.992,29.759,23.247,4.743,7.165,6.18
23753,0.751,36.864,24.018,29.759,23.251,4.823,7.165,6.301
23754,0.767,36.606,24.061,29.797,23.254,4.987,7.206,6.302
23755,0.757,36.69,24.081,29.75,23.251,4.826,7.125,6.262
23756,0.761,36.834,24.089,29.759,23.254,4.865,7.165,6.262
23757,0.77,36.922,24.054,29.759,23.251,4.743,7.124,6.384
23758,0.761,36.472,24.066,29.759,23.258,4.823,7.205,6.385
23759,0.761,36.631,24.027,29.749,23.251,4.743,7.084,6.181
23760,0.774,36.69,24.026,29.74,23.24,4.742,7.042,6.22
23761,0.777,36.777,24.042,29.74,23.251,4.783,7.123,6.261
23762,0.777,36.528,24.023,29.749,23.251,4.742,7.043,6.18
23763,0.758,36.66,24.018,29.73,23.24,4.742,6.96,6.179
23764,0.761,36.767,24.026,29.739,23.251,4.783,7.041,6.261
23765,0.757,36.854,24.069,29.797,23.265,4.946,7.164,6.343
23766,0.757,36.548,24.046,29.759,23.248,4.866,7.002,6.262
23767,0.748,36.66,24.054,29.759,23.254,4.824,7.001,6.221
23768,0.744,36.767,24.073,29.759,23.254,4.865,6.96,6.261
23769,0.751,36.806,24.038,29.769,23.258,4.865,6.96,6.262
23770,0.741,36.596,24.046,29.778,23.254,4.784,6.96,6.262
23771,0.738,36.68,24.042,29.73,23.244,4.661,6.878,6.18
23772,0.731,36.796,23.929,29.787,23.244,4.741,6.959,6.22
23773,0.754,37.056,24.017,29.769,23.247,4.783,6.96,6.261
23774,0.757,36.502,24.026,29.759,23.244,4.824,6.919,6.221
23775,0.754,36.612,24.061,29.759,23.247,4.743,6.878,6.18
23776,0.777,36.766,24.015,29.769,23.258,4.823,6.918,6.342
23777,0.764,36.547,24.046,29.817,23.258,4.946,6.959,6.262
23778,0.761,36.555,24.069,29.769,23.251,4.744,6.878,6.302
23779,0.767,36.708,24.062,29.788,23.251,4.905,6.877,6.262
23780,0.774,36.806,24.023,29.759,23.254,4.906,6.877,6.221
23781,0.777,36.337,24.077,29.778,23.254,4.906,6.918,6.302
23782,0.774,36.438,24.015,29.74,23.251,4.825,6.756,6.14
23783,0.758,36.554,24.011,29.759,23.251,4.865,6.795,6.219
23784,0.767,36.651,23.999,29.769,23.247,4.824,6.877,6.18
23785,0.751,36.46,24.061,29.759,23.251,4.783,6.837,6.179
23786,0.748,36.602,24.007,29.749,23.244,4.824,6.755,6.057
23787,0.751,36.709,24.026,29.759,23.254,4.905,6.876,6.178
23788,0.757,36.825,24.081,29.797,23.265,5.028,6.918,6.301
23789,0.748,36.318,24.039,29.769,23.251,4.867,6.837,6.18
23790,0.747,36.457,24.03,29.778,23.254,4.987,6.877,6.261
23791,0.747,36.573,24.081,29.797,23.251,4.907,6.959,6.221
23792,0.744,36.632,24.011,29.778,23.254,4.947,6.919,6.22
23793,0.757,36.479,24.03,29.769,23.244,4.866,6.878,6.139
23794,0.748,36.583,24.003,29.749,23.247,4.906,6.918,6.179
23795,0.751,36.718,24.073,29.768,23.247,4.947,7.0,6.22
23796,0.764,36.748,24.011,29.769,23.247,4.907,6.879,6.22
23797,0.761,36.384,24.026,29.759,23.244,4.865,6.877,6.139
23798,0.761,36.496,24.022,29.769,23.247,4.906,6.959,6.301
23799,0.767,36.66,24.05,29.817,23.265,5.109,7.041,6.343
23800,0.774,36.652,24.077,29.779,23.244,4.949,6.96,6.262
23801,0.761,36.326,24.027,29.778,23.251,4.947,6.96,6.221
23802,0.774,36.476,24.061,29.778,23.254,4.988,7.0,6.302
23803,0.771,36.583,24.023,29.797,23.254,4.907,7.001,6.221
23804,0.774,36.526,24.065,29.788,23.251,4.906,6.919,6.22
23805,0.761,36.516,24.031,29.75,23.237,4.825,6.878,6.18
23806,0.751,36.67,24.034,29.768,23.254,4.905,6.918,6.179
23807,0.748,36.757,24.026,29.769,23.254,4.865,6.878,6.139
23808,0.747,36.164,24.046,29.759,23.244,4.824,6.837,6.219
23809,0.741,36.263,24.034,29.759,23.244,4.865,6.877,6.18
23810,0.741,36.408,24.042,29.807,23.258,4.987,7.04,6.342
23811,0.757,36.515,24.065,29.798,23.254,4.948,6.92,6.262
23812,0.744,36.305,24.019,29.788,23.254,4.907,6.959,6.221
23813,0.757,36.437,24.007,29.778,23.254,4.987,6.919,6.22
23814,0.761,36.563,24.038,29.797,23.254,4.948,6.919,6.22
23815,0.764,36.632,24.085,29.798,23.258,4.907,6.919,6.22
23816,0.754,36.21,24.031,29.769,23.247,4.784,6.878,6.139
23817,0.754,36.35,24.03,29.788,23.254,4.986,6.959,6.26
23818,0.767,36.476,24.003,29.778,23.244,4.948,7.041,6.139
23819,0.764,36.554,24.038,29.788,23.244,4.907,6.96,6.219
23820,0.774,36.229,24.077,29.778,23.244,4.865,7.0,6.18
23821,0.767,36.369,24.027,29.788,23.251,5.028,7.204,6.342
23822,0.787,36.543,24.061,29.826,23.261,4.989,7.125,6.262
23823,0.774,36.555,24.023,29.779,23.247,4.988,7.165,6.302
23824,0.767,36.258,24.085,29.778,23.251,4.988,7.206,6.262
23825,0.761,36.379,24.066,29.797,23.254,4.907,7.287,6.221
23826,0.761,36.515,24.038,29.807,23.251,4.947,7.247,6.22
23827,0.764,36.545,24.042,29.798,23.244,4.866,7.125,6.139
23828,0.735,36.267,24.038,29.769,23.251,4.865,7.246,6.26
23829,0.744,36.437,24.054,29.778,23.247,4.865,7.206,6.221
23830,0.741,36.544,24.011,29.797,23.247,4.906,7.165,6.261
23831,0.741,36.488,24.057,29.788,23.24,4.906,7.165,6.262
23832,0.738,36.247,24.015,29.798,23.251,4.906,7.246,6.343
23833,0.767,36.408,24.03,29.836,23.258,5.069,7.288,6.384
23834,0.774,36.515,24.038,29.817,23.247,4.908,7.207,6.344
23835,0.764,36.267,24.061,29.807,23.251,4.865,7.247,6.343
23836,0.767,36.37,24.066,29.798,23.251,4.906,7.247,6.384
23837,0.764,36.505,24.077,29.817,23.254,4.906,7.288,6.385
23838,0.777,36.593,24.011,29.798,23.247,4.825,7.207,6.263
23839,0.758,36.114,24.053,29.769,23.244,4.905,7.125,6.302
23840,0.78,36.253,24.073,29.788,23.251,4.906,7.246,6.302
23841,0.774,36.398,24.015,29.798,23.247,4.906,7.166,6.302
23842,0.78,36.477,24.018,29.798,23.24,4.865,7.124,6.302
23843,0.754,36.113,23.999,29.778,23.251,4.865,7.205,6.384
23844,0.767,36.292,24.061,29.817,23.261,5.028,7.287,6.466
23845,0.764,36.418,24.062,29.827,23.251,4.867,7.166,6.345
23846,0.754,36.458,24.062,29.808,23.251,4.946,7.165,6.343
23847,0.754,36.132,24.066,29.807,23.254,4.907,7.124,6.384
23848,0.744,36.263,24.093,29.817,23.254,4.987,7.165,6.385
23849,0.754,36.408,24.07,29.827,23.254,4.948,7.084,6.344
23850,0.735,36.438,24.023,29.808,23.237,4.825,7.042,6.303
23851,0.738,36.093,24.061,29.807,23.247,4.865,7.082,6.384
23852,0.738,36.243,23.964,29.807,23.244,4.865,7.083,6.344
23853,0.751,36.36,23.983,29.798,23.247,4.865,7.042,6.343
23854,0.741,36.371,24.01,29.798,23.247,4.824,7.042,6.384
23855,0.77,36.131,24.046,29.826,23.265,5.027,7.204,6.507
23856,0.783,36.282,24.077,29.817,23.248,4.948,7.003,6.467
23857,0.774,36.38,24.054,29.817,23.251,4.988,7.001,6.426
23858,0.774,36.716,24.007,29.836,23.258,4.988,7.041,6.466
23859,0.777,36.144,24.042,29.846,23.251,5.029,7.042,6.467
23860,0.784,36.263,24.054,29.827,23.251,4.948,6.92,6.345
23861,0.767,36.36,24.011,29.769,23.244,4.866,6.878,6.384
23862,0.774,36.179,24.026,29.817,23.251,4.987,7.0,6.385
23863,0.764,36.187,24.007,29.798,23.244,4.907,6.96,6.344
23864,0.757,36.283,24.034,29.807,23.244,4.865,6.96,6.343
23865,0.751,36.399,24.022,29.798,23.24,4.946,6.96,6.466
23866,0.757,36.036,24.05,29.826,23.258,5.029,7.122,6.589
23867,0.761,36.204,24.081,29.836,23.251,4.989,7.002,6.509
23868,0.751,36.302,24.07,29.827,23.251,4.907,7.082,6.508
23869,0.748,36.38,24.05,29.817,23.254,4.947,7.042,6.508
23870,0.747,36.035,23.995,29.836,23.258,4.988,7.123,6.63
23871,0.747,36.195,24.061,29.836,23.254,5.029,7.002,6.59
23872,0.734,36.283,23.995,29.798,23.237,4.785,6.879,6.387
23873,0.741,36.36,24.006,29.817,23.244,4.824,7.0,6.547
23874,0.751,36.054,24.034,29.846,23.251,4.946,7.001,6.427
23875,0.754,36.185,24.05,29.808,23.247,4.907,6.96,6.507
23876,0.761,36.292,24.03,29.826,23.244,4.865,6.919,6.549
23877,0.767,36.399,24.058,29.855,23.254,4.987,7.081,6.63
23878,0.78,36.055,23.98,29.875,23.251,4.948,6.961,6.55
23879,0.774,36.166,24.018,29.837,23.244,4.947,7.0,6.549
23880,0.78,36.283,24.038,29.836,23.254,4.988,7.041,6.508
23881,0.79,36.332,23.983,29.856,23.247,4.948,7.042,6.508
23882,0.784,36.016,24.041,29.856,23.258,4.988,6.96,6.549
23883,0.767,36.156,24.038,29.827,23.237,4.866,6.797,6.427
23884,0.757,36.244,24.081,29.827,23.247,4.906,6.917,6.548
23885,0.764,36.283,24.031,29.827,23.251,4.865,7.0,6.427
23886,0.751,36.015,24.03,29.836,23.247,4.824,7.001,6.426
23887,0.741,36.128,24.03,29.817,23.24,4.865,6.879,6.507
23888,0.744,36.234,24.038,29.836,23.247,4.946,7.04,6.508
23889,0.751,36.13,24.03,29.884,23.265,4.988,7.123,6.589
23890,0.744,35.975,23.995,29.837,23.251,4.948,7.043,6.549
23891,0.744,36.108,24.053,29.856,23.258,4.907,7.082,6.508
23892,0.738,36.205,24.058,29.932,23.258,4.947,7.083,6.508
23893,0.751,35.918,24.027,29.876,23.254,4.988,7.083,6.508
23894,0.754,36.021,24.054,29.856,23.251,4.785,6.961,6.386
23895,0.741,36.128,24.054,29.808,23.244,4.824,7.041,6.466
23896,0.764,36.244,24.069,29.865,23.251,4.905,7.123,6.507
23897,0.777,35.919,24.034,29.837,23.24,4.865,7.083,6.508
23898,0.771,36.05,23.976,29.846,23.24,4.865,7.002,6.386
23899,0.777,36.176,24.006,29.846,23.247,4.906,7.041,6.547
23900,0.777,36.263,24.065,29.875,23.258,4.987,7.204,6.549
23901,0.784,35.957,23.984,29.865,23.251,4.866,7.084,6.386
23902,0.774,36.06,24.026,29.865,23.251,4.906,7.123,6.507
23903,0.761,36.195,24.034,29.865,23.244,4.947,7.124,6.427
23904,0.761,36.264,24.093,29.865,23.251,4.907,7.124,6.466
23905,0.764,35.871,24.027,29.875,23.251,4.865,7.124,6.426
23906,0.754,36.001,24.042,29.818,23.244,4.824,7.002,6.426
23907,0.751,36.137,24.03,29.865,23.251,4.905,7.123,6.466
23908,0.751,36.177,24.069,29.875,23.244,4.825,7.043,6.386
23909,0.741,35.87,24.027,29.837,23.244,4.905,6.96,6.344
23910,0.738,35.973,24.026,29.846,23.244,4.784,7.041,6.425
23911,0.734,36.108,24.077,29.884,23.261,5.027,7.204,6.588
23912,0.747,36.186,24.074,29.923,23.258,4.989,7.125,6.468
23913,0.747,35.976,24.023,29.876,23.251,4.907,7.124,6.386
23914,0.76,36.108,24.038,29.875,23.254,4.947,7.124,6.466
23915,0.754,36.224,24.054,29.875,23.251,4.907,7.124,6.467
23916,0.761,36.36,24.058,29.875,23.254,4.947,7.083,6.467
23917,0.764,35.978,24.027,29.846,23.24,4.825,6.92,6.345
23918,0.751,36.07,23.987,29.875,23.251,4.905,7.081,6.506
23919,0.754,36.205,24.002,29.875,23.244,4.906,7.083,6.427
23920,0.77,35.784,24.046,29.856,23.244,4.865,7.042,6.344
23921,0.767,35.799,23.991,29.865,23.251,4.906,7.001,6.343
23922,0.767,35.953,24.01,29.875,23.251,4.865,7.163,6.466
23923,0.783,36.098,24.05,29.894,23.265,4.987,7.124,6.507
23924,0.767,35.946,24.069,29.885,23.251,4.907,7.124,6.427
23925,0.77,36.098,24.038,29.875,23.251,4.906,7.124,6.466
23926,0.764,36.205,24.058,29.885,23.251,4.906,7.165,6.467
23927,0.757,36.312,24.038,29.885,23.254,4.906,7.246,6.345
23928,0.761,35.747,24.05,29.875,23.251,4.784,7.125,6.262
23929,0.748,35.875,24.019,29.837,23.247,4.783,7.002,6.302
23930,0.754,36.011,24.057,29.884,23.247,4.905,7.123,6.425
23931,0.748,36.08,24.07,29.885,23.247,4.865,7.083,6.426
23932,0.754,35.793,24.023,29.875,23.244,4.906,7.042,6.263
23933,0.754,35.924,24.018,29.875,23.247,4.825,7.082,6.302
23934,0.774,36.06,24.038,29.913,23.258,5.027,7.286,6.465
23935,0.79,36.128,24.05,29.914,23.251,4.948,7.125,6.304
23936,0.79,35.784,24.038,29.885,23.251,4.825,7.124,6.343
23937,0.803,35.914,24.011,29.904,23.254,4.905,7.205,6.384
23938,0.8,36.031,23.979,29.914,23.258,4.947,7.287,6.344
23939,0.813,36.089,24.014,29.914,23.251,4.907,7.166,6.303
23940,0.82,35.793,24.089,29.876,23.244,4.784,7.043,6.221
23941,0.823,35.972,23.98,29.913,23.251,4.864,7.164,6.261
23942,0.83,36.089,24.018,29.885,23.251,4.906,7.206,6.262
23943,0.82,36.08,24.007,29.885,23.244,4.825,7.084,6.262
23944,0.826,35.802,24.026,29.894,23.24,4.783,7.123,6.302
23945,0.82,35.953,24.05,29.904,23.254,4.946,7.327,6.425
23946,0.83,36.089,24.03,29.933,23.261,4.907,7.167,6.263
23947,0.83,35.879,24.018,29.914,23.244,4.906,7.246,6.302
23948,0.82,35.867,24.046,29.914,23.251,4.906,7.206,6.343
23949,0.817,36.001,24.034,29.914,23.251,4.906,7.287,6.303
23950,0.81,36.127,24.065,29.914,23.247,4.906,7.125,6.343
23951,0.81,35.688,24.042,29.876,23.244,4.784,7.124,6.221
23952,0.807,35.817,24.042,29.913,23.247,4.824,7.165,6.302
23953,0.813,35.934,24.007,29.914,23.251,4.905,7.165,6.262
23954,0.82,36.002,24.046,29.876,23.244,4.784,7.002,6.18
23955,0.826,35.648,24.023,29.904,23.244,4.824,7.123,6.301
23956,0.839,35.807,24.03,29.952,23.258,4.987,7.246,6.506
23957,0.856,35.972,24.046,29.953,23.251,4.866,7.084,6.345
23958,0.849,36.012,23.991,29.933,23.254,4.906,7.164,6.303
23959,0.856,35.744,24.03,29.924,23.251,4.865,7.124,6.384
23960,0.869,35.875,24.089,29.914,23.251,4.906,7.165,6.344
23961,0.869,35.992,24.015,29.923,23.254,4.865,7.002,6.221
23962,0.866,36.041,24.034,29.895,23.237,4.743,7.001,6.22
23963,0.866,35.773,24.038,29.914,23.258,4.823,7.001,6.261
23964,0.869,35.914,24.058,29.914,23.241,4.824,6.919,6.221
23965,0.869,36.011,24.038,29.914,23.247,4.783,6.919,6.261
23966,0.846,36.06,23.995,29.914,23.247,4.742,6.959,6.221
23967,0.853,35.716,24.018,29.943,23.254,4.945,7.082,6.464
23968,0.853,35.885,24.05,29.933,23.251,4.866,6.92,6.345
23969,0.836,35.982,24.046,29.943,23.247,4.824,6.878,6.303
23970,0.826,35.993,24.042,29.924,23.251,4.865,6.918,6.302
23971,0.843,35.686,24.026,29.943,23.254,4.865,6.959,6.343
23972,0.849,35.846,24.05,30.0,23.254,4.906,6.919,6.303
23973,0.849,35.925,24.023,29.905,23.24,4.703,6.796,6.18
23974,0.846,35.887,24.026,29.933,23.251,4.863,6.836,6.261
23975,0.859,35.733,24.069,29.924,23.251,4.824,6.837,6.262
23976,0.856,35.856,24.042,29.933,23.247,4.783,6.837,6.221
23977,0.859,35.953,24.034,29.933,23.233,4.702,6.755,6.22
23978,0.862,35.552,23.98,29.952,23.251,4.904,6.957,6.424
23979,0.879,35.624,24.041,29.962,23.258,4.906,6.96,6.344
23980,0.876,35.721,24.081,29.953,23.251,4.825,6.919,6.221
23981,0.866,35.827,24.007,29.953,23.244,4.865,6.919,6.261
23982,0.866,35.656,24.026,29.953,23.251,4.824,6.959,6.302
23983,0.846,35.779,24.05,29.962,23.247,4.865,7.041,6.343
23984,0.833,35.914,24.093,29.933,23.244,4.662,7.042,6.181
23985,0.81,35.964,24.043,29.933,23.24,4.782,7.123,6.301
23986,0.823,35.542,24.054,29.952,23.251,4.702,7.124,6.262
23987,0.813,35.71,24.034,29.953,23.247,4.823,7.165,6.221
23988,0.803,35.798,24.011,29.933,23.244,4.743,7.206,6.18
23989,0.794,35.895,24.018,29.952,23.244,4.823,7.287,6.301
23990,0.79,35.666,24.042,29.981,23.258,4.987,7.451,6.465
23991,0.787,35.798,24.058,29.943,23.244,4.866,7.33,6.386
23992,0.774,35.905,24.038,29.952,23.247,4.824,7.37,6.425
23993,0.774,35.963,24.003,29.962,23.251,4.824,7.33,6.385
23994,0.777,35.6,24.057,29.962,23.251,4.865,7.37,6.385
23995,0.787,35.701,24.058,29.962,23.247,4.824,7.37,6.263
23996,0.774,35.808,24.058,29.914,23.24,4.743,7.33,6.343
23997,0.771,35.876,24.027,29.99,23.247,4.823,7.329,6.303
23998,0.764,35.628,24.038,30.03,23.244,4.783,7.329,6.302
23999,0.774,35.769,23.995,29.982,23.244,4.742,7.289,6.302
24000,0.777,35.857,24.053,29.934,23.247,4.823,7.329,6.302
24001,0.784,36.251,24.05,30.058,23.261,4.905,7.492,6.425
24002,0.787,35.612,23.98,29.963,23.251,4.865,7.331,6.304
24003,0.761,35.721,24.053,29.972,23.244,4.824,7.37,6.384
24004,0.751,35.827,24.073,29.972,23.244,4.865,7.33,6.344
24005,0.744,35.675,24.07,29.991,23.254,4.906,7.37,6.343
24006,0.725,35.721,24.054,29.962,23.254,4.784,7.248,6.262
24007,0.718,35.837,24.019,29.933,23.244,4.702,7.288,6.302
24008,0.721,35.934,24.038,29.981,23.244,4.782,7.288,6.302
24009,0.715,35.475,23.995,29.972,23.247,4.783,7.288,6.302
24010,0.708,35.585,24.045,29.943,23.251,4.824,7.207,6.302
24011,0.702,35.692,24.019,29.962,23.247,4.743,7.206,6.302
24012,0.701,35.827,24.034,30.01,23.254,4.945,7.409,6.506
24013,0.721,35.512,24.026,30.001,23.254,4.825,7.249,6.386
24014,0.718,35.605,24.05,29.982,23.251,4.824,7.247,6.385
24015,0.728,35.74,24.05,29.982,23.254,4.824,7.206,6.385
24016,0.721,35.828,24.038,29.991,23.251,4.824,7.165,6.425
24017,0.728,35.55,23.991,29.991,23.251,4.783,7.165,6.304
24018,0.721,35.653,23.956,29.953,23.24,4.58,7.002,6.262
24019,0.711,35.779,23.994,29.972,23.247,4.74,7.123,6.343
24020,0.718,35.857,24.042,29.972,23.251,4.783,7.083,6.303
24021,0.708,35.503,23.983,29.991,23.247,4.742,7.002,6.18
24022,0.715,35.643,24.006,29.962,23.24,4.701,7.041,6.261
24023,0.705,35.779,24.03,29.991,23.254,4.863,7.123,6.384
24024,0.721,35.866,24.073,30.02,23.258,4.906,7.124,6.425
24025,0.708,35.493,24.05,29.982,23.251,4.825,7.083,6.344
24026,0.698,35.652,24.023,29.991,23.244,4.824,7.123,6.303
24027,0.695,35.769,24.026,30.001,23.251,4.824,7.043,6.302
24028,0.705,35.799,24.05,30.001,23.254,4.905,7.082,6.384
24029,0.698,35.531,24.038,29.991,23.247,4.744,6.961,6.141
24030,0.695,35.634,24.042,29.982,23.247,4.742,7.041,6.301
24031,0.695,35.769,24.03,30.001,23.251,4.783,7.042,6.302
24032,0.688,35.655,24.022,30.001,23.247,4.702,6.96,6.262
24033,0.705,35.597,24.011,29.982,23.237,4.66,6.96,6.221
24034,0.702,35.74,24.05,29.991,23.251,4.782,7.082,6.424
24035,0.718,35.866,24.054,30.03,23.261,4.905,7.164,6.426
24036,0.731,35.426,24.038,30.001,23.251,4.744,7.002,6.304
24037,0.718,35.517,24.011,30.011,23.247,4.783,7.041,6.343
24038,0.724,35.681,24.026,30.039,23.254,4.783,7.001,6.384
24039,0.724,35.76,24.003,30.011,23.254,4.864,7.041,6.344
24040,0.741,35.396,24.065,30.001,23.251,4.702,6.96,6.221
24041,0.715,35.508,24.046,29.982,23.24,4.701,6.838,6.302
24042,0.737,35.701,24.023,29.982,23.251,4.742,6.958,6.384
24043,0.734,35.741,24.034,29.991,23.247,4.701,6.878,6.303
24044,0.718,35.415,24.05,30.001,23.251,4.742,6.837,6.221
24045,0.711,35.556,24.011,30.001,23.251,4.742,6.918,6.302
24046,0.708,35.72,24.03,30.03,23.261,4.986,7.0,6.465
24047,0.718,35.799,23.991,30.02,23.247,4.785,6.879,6.304
24048,0.702,35.425,24.022,30.011,23.244,4.742,6.918,6.384
24049,0.711,35.604,24.026,30.02,23.251,4.742,6.878,6.263
24050,0.702,35.711,24.05,30.03,23.254,4.823,7.04,6.343
24051,0.714,35.76,24.038,30.04,23.251,4.783,6.92,6.303
24052,0.702,35.415,24.026,30.011,23.237,4.742,6.959,6.221
24053,0.718,35.556,24.034,30.02,23.251,4.742,7.041,6.18
24054,0.711,35.682,24.042,30.02,23.247,4.742,7.042,6.261
24055,0.711,35.683,24.034,29.992,23.244,4.742,7.042,6.139
24056,0.708,35.386,24.007,30.01,23.247,4.742,7.164,6.26
24057,0.724,35.555,24.038,30.039,23.258,4.823,7.246,6.343
24058,0.744,35.682,24.03,30.078,23.251,4.824,7.288,6.303
24059,0.734,35.702,23.999,30.04,23.251,4.743,7.247,6.302
24060,0.734,35.396,24.061,30.03,23.251,4.823,7.288,6.343
24061,0.731,35.517,24.058,30.02,23.251,4.865,7.451,6.384
24062,0.738,35.653,24.011,30.03,23.254,4.743,7.29,6.263
24063,0.721,35.318,24.038,29.992,23.24,4.661,7.288,6.262
24064,0.734,35.401,24.061,30.02,23.247,4.741,7.41,6.221
24065,0.721,35.556,24.07,30.02,23.254,4.783,7.452,6.261
24066,0.715,35.644,24.038,30.011,23.247,4.661,7.371,6.262
24067,0.715,35.347,24.034,30.011,23.24,4.782,7.37,6.262
24068,0.715,35.478,24.054,30.03,23.254,4.864,7.533,6.465
24069,0.721,35.643,24.054,30.049,23.251,4.784,7.412,6.304
24070,0.711,35.702,24.042,30.03,23.251,4.742,7.411,6.384
24071,0.715,35.357,24.015,30.03,23.251,4.742,7.493,6.385
24072,0.708,35.507,23.995,30.049,23.251,4.783,7.453,6.344
24073,0.721,35.614,23.995,30.049,23.258,4.783,7.493,6.303
24074,0.721,35.682,24.014,30.011,23.241,4.702,7.371,6.18
24075,0.702,35.29,24.069,30.039,23.247,4.742,7.37,6.22
24076,0.721,35.449,24.042,30.049,23.247,4.701,7.37,6.22
24077,0.724,35.566,24.046,30.03,23.244,4.742,7.289,6.302
24078,0.731,35.634,24.042,30.078,23.244,4.701,7.288,6.302
24079,0.767,35.28,24.015,30.059,23.254,4.823,7.451,6.465
24080,0.8,35.449,24.053,30.078,23.251,4.783,7.452,6.304
24081,0.813,35.547,24.023,30.117,23.254,4.824,7.371,6.343
24082,0.852,35.586,23.979,30.06,23.251,4.783,7.33,6.303
24083,0.866,35.337,24.018,30.059,23.254,4.824,7.37,6.384
24084,0.879,35.469,24.05,30.088,23.251,4.865,7.37,6.303
24085,0.892,35.576,24.054,30.04,23.237,4.702,7.208,6.18
24086,0.905,35.605,24.046,30.04,23.251,4.701,7.328,6.301
24087,0.934,35.376,24.046,30.04,23.247,4.742,7.289,6.262
24088,0.928,35.498,24.03,30.03,23.244,4.783,7.369,6.221
24089,0.944,35.614,24.022,30.04,23.251,4.742,7.289,6.261
24090,0.967,35.347,24.073,30.068,23.247,4.783,7.369,6.384
24091,1.003,35.373,24.046,30.097,23.261,4.905,7.452,6.425
24092,1.04,35.488,24.007,30.069,23.251,4.744,7.412,6.385
24093,1.089,35.557,23.968,30.069,23.254,4.783,7.371,6.385
24094,1.148,35.298,24.03,30.069,23.251,4.783,7.452,6.425
24095,1.217,35.43,24.015,30.078,23.251,4.824,7.412,6.385
24096,1.276,35.575,24.034,30.078,23.244,4.743,7.452,6.344
24097,1.299,35.644,24.022,30.04,23.24,4.661,7.33,6.384
24098,1.322,35.194,24.011,30.059,23.251,4.782,7.451,6.385
24099,1.368,35.343,24.014,30.049,23.247,4.702,7.452,6.344
24100,1.385,35.469,24.038,30.049,23.251,4.701,7.371,6.343
24101,1.395,35.547,24.011,30.059,23.244,4.742,7.37,6.384
24102,1.404,35.231,24.018,30.097,23.261,4.864,7.533,6.547
24103,1.427,35.362,24.038,30.079,23.254,4.784,7.453,6.508
24104,1.428,35.488,24.061,30.088,23.251,4.783,7.452,6.63
24105,1.428,35.528,24.038,30.069,23.254,4.742,7.493,6.55
24106,1.408,35.327,24.03,30.097,23.254,4.823,7.453,6.63
24107,1.379,35.459,24.018,30.088,23.258,4.743,7.452,6.55
24108,1.369,35.566,23.991,30.031,23.241,4.661,7.33,6.549
24109,1.339,35.653,24.03,30.087,23.247,4.741,7.329,6.59
24110,1.3,35.194,24.046,30.088,23.247,4.783,7.329,6.671
24111,1.238,35.333,24.023,30.078,23.247,4.702,7.329,6.672
24112,1.182,35.44,24.018,30.069,23.244,4.66,7.207,6.794
24113,1.142,35.489,24.007,30.088,23.247,4.741,7.45,7.08
24114,1.093,35.259,24.057,30.117,23.265,4.905,7.452,7.164
24115,1.04,35.362,24.003,30.098,23.244,4.744,7.29,7.328
24116,0.975,35.498,24.01,30.107,23.254,4.742,7.288,7.492
24117,0.906,35.394,24.007,30.107,23.254,4.783,7.247,7.819
24118,0.814,35.258,23.932,30.136,23.251,4.824,7.206,8.066
24119,0.774,35.382,24.01,30.108,23.251,4.702,7.165,8.312
24120,0.699,35.469,24.014,30.059,23.24,4.66,7.124,8.518
24121,0.666,35.182,23.987,30.088,23.254,4.7,7.205,8.764
24122,0.639,35.295,24.022,30.088,23.244,4.701,7.125,9.011
24123,0.587,35.42,24.022,30.088,23.244,4.701,7.165,9.176
24124,0.547,35.479,24.069,30.078,23.244,4.62,7.124,9.38
24125,0.531,35.173,24.042,30.117,23.254,4.822,7.246,9.627
24126,0.544,35.333,24.023,30.117,23.251,4.743,7.125,9.629
24127,0.56,35.449,23.995,30.107,23.251,4.742,7.124,9.792
24128,0.567,35.518,24.014,30.107,23.247,4.742,7.043,9.834
24129,0.616,35.145,24.007,30.107,23.251,4.742,7.082,9.956
24130,0.642,35.304,24.042,30.117,23.251,4.742,7.123,10.08
24131,0.668,35.411,24.011,30.088,23.24,4.661,6.961,10.081
24132,0.691,35.469,24.022,30.107,23.247,4.782,7.041,10.365
24133,0.734,35.23,24.03,30.088,23.247,4.661,7.042,10.571
24134,0.764,35.343,24.03,30.107,23.244,4.66,6.96,10.858
24135,0.767,35.44,24.015,30.079,23.244,4.7,6.96,11.064
24136,0.79,35.518,24.014,30.088,23.247,4.823,7.082,11.636
24137,0.813,35.192,24.022,30.146,23.261,4.824,7.123,11.804
24138,0.803,35.295,24.018,30.117,23.251,4.783,7.043,12.09
24139,0.81,35.411,23.979,30.127,23.251,4.742,7.082,12.378
24140,0.82,35.441,24.045,30.117,23.251,4.823,7.083,12.625
24141,0.817,35.125,24.038,30.127,23.258,4.783,7.123,12.708
24142,0.813,35.246,23.995,30.117,23.241,4.661,7.002,12.831
24143,0.794,35.343,24.057,30.088,23.244,4.741,7.082,12.914
24144,0.797,35.651,24.058,30.117,23.254,4.783,7.123,12.955
24145,0.8,35.213,24.03,30.107,23.247,4.702,7.043,12.996
24146,0.79,35.352,23.987,30.117,23.247,4.742,7.001,12.915
24147,0.784,35.45,23.995,30.107,23.247,4.701,7.041,12.996
24148,0.78,35.182,23.991,30.146,23.265,4.904,7.286,12.956
24149,0.793,35.218,23.987,30.137,23.248,4.784,7.085,12.874
24150,0.774,35.314,24.065,30.127,23.251,4.783,7.083,12.792
24151,0.774,35.44,24.015,30.136,23.254,4.864,7.123,12.669
24152,0.78,35.172,24.003,30.146,23.261,4.865,7.083,12.587
24153,0.787,35.304,24.03,30.127,23.244,4.784,7.083,12.383
24154,0.78,35.411,24.061,30.117,23.247,4.783,7.083,12.381
24155,0.777,35.517,24.038,30.127,23.247,4.702,7.002,12.258
24156,0.8,34.981,23.983,30.127,23.247,4.742,7.001,12.176
24157,0.8,35.12,24.01,30.117,23.247,4.783,6.919,11.931
24158,0.8,35.246,23.952,30.117,23.251,4.742,7.041,11.888
24159,0.813,35.362,24.01,30.175,23.261,4.905,7.204,12.01
24160,0.82,35.038,24.038,30.127,23.251,4.825,7.043,11.726
24161,0.823,35.168,23.983,30.146,23.254,4.865,7.082,11.642
24162,0.826,35.294,24.006,30.127,23.251,4.824,7.123,11.519
24163,0.82,35.353,24.022,30.146,23.251,4.783,7.083,11.396
24164,0.817,35.2,24.057,30.146,23.251,4.824,7.002,11.232
24165,0.807,35.324,23.995,30.108,23.244,4.702,7.001,11.149
24166,0.794,35.469,23.995,30.146,23.251,4.782,7.001,10.904
24167,0.78,35.499,24.018,30.127,23.251,4.742,6.96,10.821
24168,0.78,35.173,24.038,30.184,23.244,4.742,6.96,10.779
24169,0.777,35.304,23.995,30.137,23.247,4.783,7.0,10.698
24170,0.777,35.449,24.049,30.204,23.265,4.905,7.082,10.616
24171,0.793,35.451,23.991,30.185,23.251,4.784,7.002,10.411
24172,0.774,35.623,23.991,30.166,23.251,4.824,7.082,10.369
24173,0.793,35.759,24.014,30.165,23.251,4.865,7.042,10.246
24174,0.787,35.857,24.022,30.165,23.258,4.865,7.082,10.082
24175,0.806,35.148,24.015,30.165,23.254,4.743,6.961,9.918
24176,0.8,34.776,23.968,30.137,23.244,4.661,6.919,9.835
24177,0.813,34.926,24.033,30.156,23.251,4.822,7.041,9.753
24178,0.81,35.014,23.976,30.156,23.247,4.783,7.082,9.63
24179,0.807,35.12,23.983,30.156,23.244,4.742,7.002,9.548
24180,0.816,35.217,24.045,30.137,23.247,4.701,7.041,9.466
24181,0.826,35.381,23.898,30.184,23.258,4.985,7.164,9.505
24182,0.83,35.498,24.017,30.166,23.251,4.744,7.124,9.343
24183,0.817,34.905,24.018,30.146,23.244,4.783,7.043,9.26
24184,0.81,35.081,24.05,30.165,23.254,4.783,7.082,9.219
24185,0.807,35.198,24.038,30.185,23.254,4.864,7.123,9.137
24186,0.797,35.285,23.976,30.166,23.251,4.824,7.043,8.974
24187,0.8,34.941,23.991,30.137,23.24,4.661,7.042,8.809
24188,0.79,35.081,24.018,30.146,23.244,4.782,7.001,8.767
24189,0.806,35.226,24.011,30.165,23.247,4.783,7.041,8.685
24190,0.794,35.266,24.038,30.156,23.247,4.783,6.96,8.644
24191,0.787,35.008,23.968,30.146,23.251,4.824,7.041,8.603
24192,0.8,35.168,24.014,30.194,23.261,4.946,7.164,8.724
24193,0.82,35.304,24.026,30.185,23.254,4.825,7.043,8.481
24194,0.81,35.325,24.007,30.166,23.244,4.783,7.042,8.438
24195,0.813,35.018,24.014,30.185,23.258,4.824,7.082,8.357
24196,0.813,35.159,24.003,30.185,23.251,4.783,7.042,8.315
24197,0.816,35.275,24.026,30.194,23.251,4.864,7.042,8.274
24198,0.826,35.296,24.038,30.147,23.24,4.662,6.92,8.071
24199,0.826,35.353,23.987,30.175,23.247,4.7,7.122,8.109
24200,0.833,35.459,24.057,30.156,23.251,4.742,7.002,8.069
24201,0.833,35.585,23.995,30.223,23.251,4.783,7.001,7.946
24202,0.83,35.423,24.006,30.157,23.24,4.783,6.96,7.905
24203,0.826,34.875,24.042,30.175,23.251,4.824,7.082,8.026
24204,0.833,35.061,24.069,30.204,23.265,4.865,7.164,7.824
24205,0.823,35.14,24.031,30.195,23.251,4.784,7.084,7.863
24206,0.82,35.006,23.976,30.204,23.251,4.783,7.042,7.863
24207,0.813,35.12,24.006,30.204,23.251,4.864,7.123,7.863
24208,0.823,35.236,23.975,30.185,23.254,4.784,7.124,7.782
24209,0.82,35.333,24.006,30.175,23.244,4.742,7.002,7.456
24210,0.8,34.913,24.034,30.175,23.247,4.783,7.082,7.656
24211,0.803,35.052,23.948,30.185,23.244,4.783,7.083,7.576
24212,0.8,35.188,23.99,30.166,23.247,4.742,7.083,7.575
24213,0.803,35.266,24.006,30.185,23.244,4.742,7.042,7.454
24214,0.803,35.2,24.053,30.175,23.251,4.823,7.082,7.574
24215,0.833,35.371,24.023,30.213,23.261,4.946,7.205,7.616
24216,0.826,35.469,24.015,30.195,23.251,4.785,7.165,7.495
24217,0.83,35.537,24.022,30.185,23.247,4.783,7.124,7.371
24218,0.843,34.732,23.979,30.194,23.251,4.864,7.083,7.492
24219,0.843,34.887,24.014,30.214,23.251,4.824,7.042,7.371
24220,0.846,35.004,24.026,30.204,23.254,4.702,7.001,7.289
24221,0.84,35.043,23.991,30.156,23.244,4.701,6.96,7.247
24222,0.846,35.034,23.979,30.185,23.244,4.701,7.082,7.125
24223,0.843,35.168,24.041,30.185,23.247,4.742,7.002,7.205
24224,0.833,35.256,24.05,30.166,23.24,4.742,7.001,7.165
24225,0.83,35.314,24.015,30.175,23.244,4.701,6.96,7.124
24226,0.846,34.97,24.042,30.213,23.261,4.904,7.122,7.287
24227,0.836,35.129,24.034,30.214,23.254,4.825,7.043,7.125
24228,0.817,35.208,23.913,30.204,23.251,4.824,6.96,7.124
24229,0.826,35.285,24.002,30.204,23.251,4.865,7.0,7.165
24230,0.82,34.912,24.038,30.204,23.251,4.865,7.001,7.165
24231,0.817,35.081,23.964,30.233,23.251,4.824,6.96,7.043
24232,0.81,35.159,23.963,30.195,23.237,4.661,6.797,6.96
24233,0.803,34.997,24.014,30.204,23.251,4.782,6.877,7.0
24234,0.823,35.024,24.077,30.185,23.244,4.742,6.877,7.041
24235,0.83,35.159,24.038,30.185,23.24,4.742,6.837,6.96
24236,0.836,35.246,24.011,30.194,23.237,4.701,6.796,6.96
24237,0.846,34.892,24.01,30.223,23.254,4.863,6.999,7.122
24238,0.872,35.081,24.014,30.252,23.254,4.865,6.96,6.921
24239,0.853,35.15,23.991,30.214,23.251,4.784,6.878,6.919
24240,0.856,35.237,24.018,30.204,23.251,4.783,6.877,6.919
24241,0.862,34.758,24.022,30.223,23.254,4.824,6.837,6.959
24242,0.872,34.926,24.015,30.224,23.258,4.824,6.877,6.878
24243,0.863,35.033,24.05,30.204,23.247,4.661,6.715,6.796
24244,0.836,35.092,24.054,30.195,23.251,4.741,6.794,6.877
24245,0.856,34.948,24.019,30.214,23.244,4.783,6.755,6.796
24246,0.846,35.081,24.022,30.214,23.24,4.702,6.754,6.755
24247,0.846,35.188,24.018,30.195,23.24,4.742,6.673,6.754
24248,0.827,35.237,23.96,30.204,23.251,4.742,6.835,6.876
24249,0.846,34.825,23.994,30.252,23.261,4.864,6.877,6.837
24250,0.843,34.955,24.022,30.224,23.251,4.743,6.796,6.796
24251,0.83,35.072,23.964,30.224,23.258,4.864,6.795,6.755
24252,0.839,35.111,23.99,30.252,23.251,4.743,6.755,6.795
24253,0.856,34.968,24.018,30.233,23.254,4.823,6.795,6.836
24254,0.853,35.101,24.093,30.204,23.24,4.661,6.673,6.633
24255,0.84,35.169,23.996,30.204,23.244,4.741,6.713,6.712
24256,0.856,35.218,24.038,30.223,23.247,4.823,6.713,6.754
24257,0.866,34.94,24.022,30.224,23.251,4.743,6.672,6.714
24258,0.872,35.081,23.999,30.214,23.24,4.701,6.631,6.551
24259,0.853,35.179,24.018,30.223,23.251,4.742,6.672,6.793
24260,0.875,35.064,24.057,30.252,23.265,4.905,6.835,6.795
24261,0.879,34.852,24.023,30.224,23.251,4.744,6.755,6.795
24262,0.882,34.975,24.011,30.243,23.254,4.823,6.714,6.714
24263,0.869,35.082,24.01,30.243,23.251,4.824,6.754,6.754
24264,0.872,35.006,24.018,30.243,23.251,4.783,6.754,6.754
24265,0.866,35.139,23.991,30.243,23.251,4.742,6.673,6.592
24266,0.849,35.237,23.944,30.205,23.237,4.701,6.672,6.671
24267,0.862,35.343,23.986,30.243,23.251,4.742,6.794,6.631
24268,0.849,34.721,23.936,30.233,23.244,4.661,6.755,6.631
24269,0.849,34.858,23.99,30.224,23.244,4.66,6.754,6.631
24270,0.846,34.965,24.03,30.224,23.244,4.7,6.795,6.672
24271,0.862,35.072,23.983,30.281,23.258,4.823,6.999,6.875
24272,0.859,34.872,24.018,30.272,23.254,4.743,6.919,6.633
24273,0.859,35.013,23.999,30.253,23.258,4.701,6.878,6.712
24274,0.866,35.12,24.061,30.262,23.251,4.742,6.959,6.713
24275,0.876,35.198,23.991,30.262,23.258,4.823,6.878,6.672
24276,0.885,34.825,23.975,30.253,23.254,4.702,6.918,6.672
24277,0.879,34.946,23.998,30.224,23.24,4.62,6.796,6.55
24278,0.879,35.081,24.018,30.252,23.247,4.741,6.877,6.63
24279,0.889,35.15,24.014,30.233,23.247,4.701,6.918,6.631
24280,0.902,34.805,24.022,30.243,23.244,4.66,6.878,6.509
24281,0.899,34.946,24.026,30.243,23.244,4.7,6.755,6.589
24282,0.899,35.081,24.007,30.252,23.244,4.742,6.917,6.712
24283,0.908,35.131,24.077,30.291,23.265,4.864,6.959,6.672
24284,0.895,34.853,24.035,30.253,23.248,4.743,6.878,6.631
24285,0.882,34.994,23.983,30.262,23.254,4.823,6.837,6.672
24286,0.869,35.12,23.956,30.272,23.251,4.743,6.918,6.631
24287,0.882,35.399,24.006,30.272,23.254,4.783,6.878,6.631
24288,0.889,34.827,23.901,30.272,23.244,4.702,6.796,6.468
24289,0.866,34.936,23.986,30.243,23.251,4.701,6.917,6.548
24290,0.872,35.081,24.03,30.252,23.247,4.701,6.837,6.549
24291,0.885,34.891,24.042,30.329,23.247,4.701,6.796,6.468
24292,0.869,34.927,24.038,30.263,23.244,4.701,6.755,6.467
24293,0.882,35.033,24.05,30.253,23.244,4.742,6.836,6.507
24294,0.898,35.168,24.062,30.301,23.265,4.823,6.958,6.63
24295,0.899,34.671,24.007,30.282,23.251,4.661,6.878,6.468
24296,0.899,34.781,23.983,30.282,23.251,4.782,6.837,6.548
24297,0.908,34.936,24.006,30.282,23.254,4.824,6.877,6.549
24298,0.912,35.014,24.018,30.301,23.254,4.783,6.837,6.549
24299,0.918,34.718,24.018,30.291,23.247,4.702,6.714,6.427
24300,0.922,34.83,24.018,30.253,23.24,4.66,6.754,6.385
24301,0.918,35.023,24.018,30.272,23.247,4.741,6.836,6.466
24302,0.922,35.082,23.991,30.282,23.247,4.742,6.714,6.386
24303,0.918,34.795,24.042,30.272,23.244,4.661,6.794,6.385
24304,0.912,34.926,24.062,30.272,23.244,4.7,6.714,6.466
24305,0.918,35.081,24.023,30.301,23.261,4.863,6.876,6.548
24306,0.925,35.159,24.069,30.301,23.251,4.743,6.796,6.468
24307,0.912,34.709,24.007,30.301,23.251,4.742,6.714,6.507
24308,0.915,34.83,24.01,30.301,23.244,4.742,6.754,6.427
24309,0.918,34.975,23.991,30.311,23.254,4.742,6.795,6.426
24310,0.918,35.024,24.03,30.32,23.247,4.742,6.795,6.466
24311,0.905,34.775,24.007,30.282,23.244,4.579,6.633,6.386
24312,0.905,34.897,23.979,30.31,23.251,4.74,6.753,6.385
24313,0.918,35.023,24.006,30.282,23.247,4.701,6.632,6.385
24314,0.928,35.044,24.049,30.282,23.247,4.66,6.712,6.344
24315,0.922,34.795,23.987,30.291,23.24,4.66,6.672,6.343
24316,0.931,34.926,23.999,30.32,23.251,4.863,6.794,6.425
24317,0.957,35.091,24.045,30.32,23.258,4.824,6.795,6.426
24318,0.951,34.92,23.999,30.311,23.251,4.702,6.836,6.344
24319,0.951,34.899,24.01,30.301,23.251,4.782,6.755,6.384
24320,0.971,35.004,24.003,30.32,23.251,4.742,6.754,6.385
24321,0.968,35.13,24.006,30.33,23.251,4.823,6.714,6.344
24322,0.971,34.776,23.999,30.301,23.244,4.661,6.551,6.221
24323,0.955,34.878,24.026,30.291,23.247,4.7,6.712,6.302
24324,0.967,35.033,24.003,30.32,23.251,4.742,6.672,6.343
24325,0.964,35.092,23.995,30.33,23.244,4.701,6.631,6.303
24326,0.951,34.757,24.042,30.292,23.244,4.701,6.672,6.262
24327,0.958,34.907,24.019,30.31,23.247,4.782,6.672,6.302
24328,0.968,35.071,24.014,30.349,23.261,4.824,6.875,6.425
24329,0.968,35.14,23.999,30.321,23.251,4.824,6.755,6.222
24330,0.955,34.834,24.018,30.349,23.247,4.783,6.754,6.342
24331,0.958,34.975,24.011,30.33,23.251,4.702,6.795,6.343
24332,0.961,35.11,23.987,30.34,23.254,4.742,6.795,6.384
24333,0.968,35.169,24.014,30.321,23.247,4.701,6.755,6.222
24334,0.964,34.882,23.999,30.292,23.247,4.62,6.673,6.18
24335,0.981,35.061,24.01,30.349,23.247,4.7,6.713,6.301
24336,0.991,35.159,24.007,30.33,23.247,4.701,6.754,6.221
24337,1.0,35.237,24.03,30.311,23.247,4.66,6.673,6.22
24338,1.0,35.142,24.003,30.32,23.244,4.7,6.713,6.383
24339,1.017,35.304,24.006,30.368,23.268,4.863,6.876,6.385
24340,1.02,35.411,24.003,30.33,23.248,4.743,6.715,6.303
24341,1.03,35.45,24.014,30.349,23.254,4.701,6.713,6.302
24342,1.03,35.173,24.007,30.349,23.251,4.782,6.713,6.302
24343,1.037,35.314,24.053,30.359,23.254,4.824,6.754,6.302
24344,1.037,35.421,24.007,30.34,23.247,4.661,6.632,6.221
24345,1.017,35.431,23.991,30.321,23.24,4.66,6.631,6.22
24346,1.02,35.287,23.991,30.34,23.251,4.741,6.672,6.22
24347,1.004,35.42,24.006,30.34,23.247,4.661,6.672,6.261
24348,1.007,35.537,23.975,30.33,23.244,4.7,6.591,6.18
24349,1.023,35.25,23.975,30.33,23.251,4.701,6.753,6.342
24350,1.023,35.353,24.045,30.378,23.265,4.863,6.795,6.384
24351,1.023,35.498,23.987,30.35,23.251,4.702,6.633,6.263
24352,1.017,35.576,24.022,30.369,23.247,4.701,6.794,6.302
24353,1.036,35.366,24.038,30.359,23.254,4.742,6.714,6.343
24354,1.053,35.488,24.038,30.369,23.251,4.783,6.794,6.343
24355,1.047,35.614,24.003,30.34,23.247,4.661,6.592,6.181
24356,1.033,35.682,23.975,30.33,23.247,4.7,6.631,6.301
24357,1.053,35.549,23.998,30.359,23.254,4.66,6.631,6.343
24358,1.06,35.691,24.01,30.359,23.247,4.7,6.672,6.181
24359,1.053,35.808,23.987,30.34,23.247,4.701,6.713,6.261
24360,1.069,35.867,24.022,30.368,23.254,4.782,6.794,6.424
24361,1.092,35.723,24.026,30.388,23.265,4.783,6.795,6.304
24362,1.092,35.856,24.007,30.369,23.251,4.702,6.755,6.302
24363,1.089,35.963,24.049,30.378,23.254,4.701,6.754,6.262
24364,1.083,36.012,23.999,30.378,23.254,4.742,6.754,6.302
24365,1.083,35.993,23.995,30.35,23.251,4.783,6.836,6.221
24366,1.076,36.099,23.963,30.349,23.24,4.661,6.592,6.139
24367,1.066,36.196,23.987,30.369,23.254,4.66,6.712,6.26
24368,1.079,36.244,24.006,30.35,23.244,4.7,6.713,6.221
24369,1.07,36.178,23.964,30.369,23.247,4.701,6.713,6.261
24370,1.069,36.302,24.037,30.359,23.244,4.701,6.713,6.221
24371,1.073,36.428,24.022,30.388,23.254,4.782,6.835,6.383
24372,1.089,36.697,23.999,30.417,23.258,4.824,6.796,6.303
24373,1.086,36.249,24.042,30.36,23.254,4.743,6.755,6.221
24374,1.102,36.37,24.046,30.378,23.251,4.783,6.754,6.342
24375,1.106,36.496,24.05,30.378,23.247,4.783,6.754,6.303
24376,1.119,36.439,23.984,30.378,23.251,4.742,6.714,6.262
24377,1.119,36.487,23.991,30.369,23.24,4.62,6.632,6.139
24378,1.109,36.593,23.991,30.378,23.251,4.741,6.794,6.26
24379,1.112,36.709,23.979,30.378,23.247,4.742,6.714,6.262
24380,1.125,37.007,24.014,30.378,23.247,4.661,6.672,6.221
24381,1.132,37.183,23.995,30.359,23.247,4.66,6.713,6.18
24382,1.142,37.299,23.999,30.388,23.254,4.782,6.876,6.301
24383,1.132,37.406,24.077,30.417,23.265,4.864,6.918,6.384
24384,1.129,36.391,24.038,30.398,23.254,4.784,6.796,6.303
24385,1.122,36.544,24.011,30.379,23.247,4.702,6.877,6.302
24386,1.122,36.67,24.01,30.398,23.251,4.782,6.877,6.302
24387,1.132,36.738,24.007,30.398,23.258,4.783,6.877,6.343
24388,1.119,36.979,23.979,30.379,23.251,4.661,6.755,6.14
24389,1.115,37.096,23.971,30.369,23.244,4.741,6.795,6.26
24390,1.122,37.212,24.01,30.397,23.254,4.783,6.795,6.302
24391,1.119,37.281,23.987,30.398,23.244,4.702,6.795,6.221
24392,1.115,36.811,23.979,30.379,23.247,4.66,6.795,6.18
24393,1.115,36.931,24.002,30.378,23.244,4.782,6.836,6.423
24394,1.141,37.096,24.061,30.426,23.261,4.824,6.958,6.344
24395,1.142,37.116,24.05,30.408,23.251,4.702,6.919,6.303
24396,1.145,37.126,24.038,30.379,23.258,4.701,6.878,6.425
24397,1.152,37.261,24.022,30.388,23.244,4.742,6.837,6.426
24398,1.158,37.377,23.999,30.388,23.247,4.783,6.958,6.344
24399,1.155,37.378,23.995,30.398,23.247,4.783,6.797,6.303
24400,1.142,37.177,24.014,30.379,23.237,4.702,6.755,6.302
24401,1.158,37.357,23.999,30.388,23.247,4.742,6.836,6.302
24402,1.155,37.445,23.987,30.379,23.244,4.661,6.796,6.221
24403,1.145,37.417,24.018,30.388,23.244,4.741,6.795,6.261
24404,1.135,37.398,24.011,30.398,23.247,4.701,6.877,6.343
24405,1.132,37.561,24.03,30.427,23.261,4.863,6.959,6.466
24406,1.135,37.648,24.011,30.398,23.251,4.702,6.919,6.304
24407,1.116,37.343,24.022,30.407,23.254,4.742,6.878,6.343
24408,1.109,37.454,24.011,30.417,23.258,4.783,6.877,6.343
24409,1.102,37.542,23.971,30.417,23.251,4.742,6.959,6.384
24410,1.102,37.629,24.03,30.417,23.251,4.742,6.96,6.344
24411,1.076,37.544,23.983,30.388,23.24,4.701,6.838,6.303
24412,1.086,37.687,23.991,30.417,23.247,4.742,6.958,6.343
24413,1.083,37.803,23.991,30.398,23.254,4.661,7.0,6.303
24414,1.083,37.891,24.01,30.398,23.251,4.7,6.919,6.302
24415,1.079,37.374,24.007,30.388,23.247,4.66,6.959,6.343
24416,1.092,37.531,24.01,30.436,23.265,4.782,7.082,6.506
24417,1.092,37.677,24.03,30.437,23.251,4.783,7.042,6.345
24418,1.083,37.717,24.022,30.427,23.251,4.783,7.042,6.343
24419,1.066,37.612,24.011,30.436,23.254,4.783,7.001,6.384
24420,1.073,37.745,24.014,30.437,23.265,4.742,7.082,6.385
24421,1.073,37.871,24.007,30.427,23.254,4.742,7.042,6.344
24422,1.053,37.901,23.999,30.388,23.237,4.579,6.96,6.343
24423,1.043,37.604,24.026,30.417,23.251,4.659,7.082,6.303
24424,1.037,37.754,23.976,30.436,23.247,4.741,7.042,6.302
24425,1.011,37.852,23.979,30.437,23.24,4.661,7.001,6.262
24426,1.004,37.872,23.956,30.417,23.244,4.66,7.041,6.343
24427,0.997,37.7,24.002,30.446,23.254,4.782,7.164,6.466
24428,0.994,37.87,24.006,30.456,23.261,4.742,7.084,6.345
24429,0.971,37.968,23.995,30.418,23.251,4.742,7.205,6.303
24430,0.968,38.17,24.014,30.436,23.251,4.742,7.206,6.384
24431,0.964,37.837,24.003,30.446,23.258,4.742,7.084,6.425
24432,0.948,37.958,23.999,30.437,23.251,4.783,7.164,6.344
24433,0.941,38.026,24.003,30.417,23.237,4.539,7.043,6.181
24434,0.935,37.701,24.022,30.417,23.254,4.659,7.082,6.342
24435,0.941,37.765,24.018,30.436,23.247,4.7,7.083,6.303
24436,0.941,37.871,24.011,30.427,23.247,4.701,7.083,6.343
24437,0.928,37.949,23.991,30.427,23.247,4.66,7.042,6.303
24438,0.928,37.672,23.999,30.417,23.251,4.782,7.164,6.384
24439,0.948,37.832,24.022,30.475,23.258,4.783,7.165,6.385
24440,0.932,37.92,24.011,30.427,23.251,4.742,7.084,6.344
24441,0.912,38.026,24.014,30.436,23.251,4.742,7.123,6.343
24442,0.912,37.768,24.018,30.437,23.254,4.742,7.165,6.384
24443,0.895,37.89,24.03,30.446,23.254,4.823,7.165,6.344
24444,0.892,37.987,23.991,30.437,23.244,4.661,7.002,6.181
24445,0.866,38.046,23.967,30.417,23.251,4.7,7.041,6.342
24446,0.866,37.682,24.006,30.436,23.251,4.701,7.042,6.303
24447,0.866,37.832,24.007,30.446,23.244,4.66,7.082,6.302
24448,0.866,37.92,23.999,30.427,23.247,4.619,7.042,6.221
24449,0.853,37.978,23.971,30.427,23.251,4.7,7.042,6.383
24450,0.856,37.71,24.022,30.484,23.265,4.945,7.204,6.425
24451,0.849,37.842,24.011,30.456,23.251,4.703,7.125,6.426
24452,0.836,37.949,23.96,30.465,23.251,4.742,7.083,6.426
24453,0.836,37.998,24.033,30.446,23.251,4.742,7.123,6.385
24454,0.839,37.749,24.05,30.456,23.254,4.742,7.124,6.425
24455,0.839,37.88,24.011,30.437,23.244,4.701,7.043,6.222
24456,0.833,37.939,24.003,30.427,23.244,4.66,7.123,6.342
24457,0.843,37.988,24.006,30.456,23.254,4.7,7.124,6.343
24458,0.836,37.71,24.007,30.437,23.247,4.66,7.083,6.303
24459,0.83,37.823,23.999,30.446,23.244,4.66,7.042,6.302
24460,0.83,37.91,23.991,30.437,23.247,4.66,7.204,6.302
24461,0.849,37.815,24.018,30.484,23.268,4.904,7.287,6.425
24462,0.84,37.795,23.999,30.447,23.244,4.744,7.247,6.344
24463,0.83,37.91,24.057,30.465,23.251,4.701,7.247,6.343
24464,0.82,38.007,23.988,30.466,23.258,4.782,7.288,6.343
24465,0.826,37.749,23.999,30.466,23.261,4.702,7.247,6.384
24466,0.813,37.823,24.006,30.466,23.254,4.66,7.166,6.222
24467,0.797,37.91,23.983,30.446,23.24,4.7,7.165,6.302
24468,0.797,38.026,23.998,30.446,23.247,4.66,7.287,6.262
24469,0.797,37.509,23.987,30.446,23.251,4.782,7.207,6.221
24470,0.787,37.629,24.014,30.437,23.244,4.661,7.165,6.22
24471,0.784,37.764,24.014,30.446,23.251,4.66,7.246,6.342
24472,0.79,37.852,23.979,30.485,23.268,4.822,7.41,6.466
24473,0.79,37.949,24.057,30.456,23.251,4.743,7.249,6.264
24474,0.797,38.036,24.062,30.456,23.254,4.701,7.247,6.384
24475,0.8,38.181,24.031,30.475,23.254,4.701,7.288,6.303
24476,0.807,38.24,24.011,30.456,23.251,4.742,7.288,6.384
24477,0.813,37.416,24.018,30.465,23.247,4.742,7.247,6.222
24478,0.803,37.503,24.018,30.446,23.247,4.579,7.206,6.261
24479,0.807,37.648,23.987,30.456,23.251,4.74,7.247,6.221
24480,0.81,37.688,23.999,30.446,23.251,4.701,7.247,6.18
24481,0.82,37.679,23.995,30.446,23.244,4.62,7.125,6.179
24482,0.817,37.793,23.967,30.456,23.244,4.619,7.205,6.179
24483,0.81,37.919,24.049,30.485,23.258,4.741,7.328,6.301
24484,0.81,37.978,24.038,30.485,23.258,4.742,7.248,6.262
24485,0.8,37.566,24.034,30.475,23.251,4.701,7.288,6.221
24486,0.794,37.668,24.042,30.475,23.254,4.66,7.288,6.261
24487,0.793,37.793,24.015,30.494,23.251,4.741,7.288,6.221
24488,0.793,37.766,24.014,30.495,23.254,4.783,7.288,6.18
24489,0.79,37.574,23.983,30.447,23.244,4.62,7.166,6.017
24490,0.774,37.677,23.956,30.465,23.251,4.741,7.287,6.218
24491,0.787,37.803,24.002,30.466,23.251,4.701,7.247,6.18
24492,0.774,37.507,23.971,30.475,23.244,4.66,7.247,6.139
24493,0.78,37.581,24.01,30.466,23.247,4.66,7.206,6.138
24494,0.793,37.725,23.936,30.485,23.254,4.863,7.287,6.301
24495,0.8,37.852,24.014,30.514,23.261,4.784,7.288,6.18
24496,0.79,37.46,24.026,30.466,23.251,4.742,7.247,6.22
24497,0.8,37.561,24.011,30.475,23.251,4.742,7.288,6.18
24498,0.794,37.706,24.018,30.485,23.251,4.661,7.329,6.22
24499,0.806,37.775,23.968,30.485,23.251,4.7,7.289,6.18
24500,0.807,37.468,23.955,30.466,23.244,4.62,7.085,6.017
24501,0.803,37.628,23.99,30.475,23.247,4.741,7.245,6.096
24502,0.81,37.755,23.987,30.475,23.247,4.701,7.166,6.138
24503,0.807,37.785,24.026,30.456,23.247,4.701,7.206,6.057
24504,0.794,37.382,23.96,30.485,23.244,4.66,7.206,6.056
24505,0.79,37.541,23.99,30.494,23.244,4.741,7.369,6.219
24506,0.8,37.696,24.026,30.514,23.261,4.783,7.452,6.18
24507,0.781,37.707,23.976,30.476,23.251,4.661,7.412,6.22
24508,0.79,37.458,23.991,30.485,23.251,4.741,7.411,6.18
24509,0.784,37.609,23.96,30.494,23.251,4.701,7.371,6.179
24510,0.784,37.726,24.026,30.495,23.251,4.782,7.452,6.301
24511,0.787,37.756,24.015,30.485,23.244,4.661,7.371,6.018
24512,0.767,37.487,23.964,30.447,23.251,4.66,7.37,6.178
24513,0.79,37.629,24.022,30.465,23.251,4.7,7.411,6.179
24514,0.793,37.735,23.975,30.475,23.254,4.66,7.33,6.098
24515,0.784,38.101,23.963,30.475,23.247,4.66,7.37,6.138
24516,0.787,37.491,23.979,30.466,23.247,4.7,7.452,6.179
24517,0.81,37.657,23.979,30.504,23.265,4.823,7.615,6.342
24518,0.813,37.736,23.991,30.485,23.251,4.702,7.495,6.262
24519,0.813,37.363,23.987,30.466,23.251,4.782,7.453,6.18
24520,0.816,37.368,23.987,30.475,23.251,4.742,7.452,6.22
24521,0.823,37.522,24.014,30.485,23.261,4.742,7.452,6.261
24522,0.81,37.61,24.018,30.494,23.247,4.701,7.371,6.139
24523,0.8,37.342,24.054,30.437,23.244,4.62,7.289,6.219
24524,0.8,37.483,23.964,30.475,23.251,4.741,7.451,6.261
24525,0.803,37.638,23.975,30.475,23.251,4.742,7.371,6.18
24526,0.797,37.716,23.963,30.475,23.244,4.661,7.33,6.261
24527,0.777,37.295,23.967,30.475,23.244,4.7,7.37,6.262
24528,0.784,37.454,23.994,30.504,23.258,4.823,7.533,6.343
24529,0.797,37.599,23.987,30.504,23.251,4.702,7.372,6.303
24530,0.774,37.63,24.03,30.485,23.258,4.782,7.37,6.262
24531,0.784,37.39,24.011,30.494,23.251,4.742,7.37,6.343
24532,0.784,37.532,23.991,30.495,23.251,4.742,7.411,6.343
24533,0.793,37.658,24.026,30.504,23.247,4.742,7.371,6.303
24534,0.793,37.678,24.003,30.466,23.24,4.661,7.289,6.221
24535,0.79,37.343,23.991,30.485,23.251,4.741,7.329,6.302
24536,0.81,37.474,23.967,30.485,23.251,4.701,7.37,6.302
24537,0.807,37.571,23.991,30.485,23.244,4.66,7.33,6.221
24538,0.794,37.62,23.995,30.466,23.247,4.7,7.289,6.302
24539,0.8,37.323,24.006,30.494,23.261,4.863,7.491,6.465
24540,0.833,37.502,23.979,30.514,23.251,4.784,7.371,6.304
24541,0.81,37.581,24.014,30.495,23.247,4.702,7.411,6.302
24542,0.82,37.601,24.026,30.485,23.247,4.823,7.371,6.343
24543,0.82,37.313,24.034,30.475,23.258,4.783,7.37,6.343
24544,0.81,37.445,23.937,30.504,23.251,4.702,7.289,6.303
24545,0.794,37.551,23.967,30.466,23.24,4.66,7.125,6.221
24546,0.8,37.466,23.983,30.494,23.254,4.741,7.287,6.302
24547,0.79,37.427,23.995,30.475,23.247,4.742,7.207,6.302
24548,0.79,37.532,23.991,30.485,23.247,4.661,7.165,6.262
24549,0.784,37.639,23.952,30.456,23.244,4.66,7.246,6.18
24550,0.78,37.208,24.029,30.475,23.254,4.822,7.328,6.423
24551,0.8,37.348,24.018,30.523,23.265,4.824,7.207,6.263
24552,0.787,37.435,23.983,30.495,23.251,4.743,7.165,6.262
24553,0.784,37.523,24.026,30.514,23.251,4.742,7.206,6.343
24554,0.793,37.274,24.022,30.495,23.254,4.823,7.206,6.343
24555,0.806,37.435,24.018,30.485,23.254,4.743,7.125,6.303
24556,0.8,37.523,23.987,30.475,23.244,4.62,7.083,6.18
24557,0.803,37.61,23.987,30.485,23.251,4.741,7.083,6.301
24558,0.803,37.256,23.995,30.485,23.254,4.783,7.083,6.302
24559,0.816,37.367,23.999,30.466,23.244,4.702,7.083,6.221
24560,0.816,37.484,23.932,30.456,23.247,4.66,7.042,6.22
24561,0.826,37.581,23.978,30.513,23.261,4.904,7.204,6.383
24562,0.826,37.543,24.006,30.495,23.251,4.744,7.125,6.222
24563,0.82,37.667,23.999,30.475,23.251,4.742,7.002,6.261
24564,0.807,37.765,23.979,30.485,23.251,4.742,7.082,6.343
24565,0.807,37.833,23.991,30.494,23.254,4.742,7.083,6.343
24566,0.803,37.085,24.002,30.475,23.247,4.701,7.042,6.221
24567,0.787,37.203,24.006,30.466,23.237,4.62,6.96,6.18
24568,0.797,37.319,24.007,30.475,23.251,4.7,7.082,6.179
24569,0.794,37.368,23.964,30.485,23.251,4.742,7.002,6.22
24570,0.79,37.292,24.018,30.466,23.244,4.661,7.001,6.22
24571,0.784,37.425,23.987,30.485,23.247,4.66,7.001,6.261
24572,0.784,37.542,23.983,30.504,23.258,4.822,7.123,6.384
24573,0.8,37.581,24.045,30.485,23.251,4.783,7.083,6.344
24574,0.794,37.16,24.015,30.494,23.251,4.742,6.961,6.262
24575,0.8,37.299,24.022,30.504,23.254,4.783,6.96,6.221
24576,0.807,37.416,23.968,30.495,23.254,4.783,7.0,6.302
24577,0.803,37.254,24.006,30.495,23.251,4.783,6.96,6.262
24578,0.803,37.31,23.991,30.456,23.237,4.62,6.878,6.139
24579,0.8,37.425,23.999,30.485,23.251,4.741,6.959,6.219
24580,0.816,37.522,23.944,30.485,23.247,4.661,6.919,6.18
24581,0.816,36.996,23.963,30.466,23.251,4.741,6.919,6.139
24582,0.816,37.087,23.987,30.475,23.251,4.539,6.878,6.179
24583,0.816,37.222,24.038,30.494,23.265,4.821,6.959,6.383
24584,0.826,37.348,23.956,30.514,23.254,4.743,6.96,6.303
24585,0.804,37.138,23.987,30.504,23.244,4.823,6.96,6.262
24586,0.81,37.261,23.975,30.495,23.251,4.743,6.838,6.302
24587,0.813,37.406,24.002,30.504,23.254,4.742,6.958,6.302
24588,0.807,37.484,24.006,30.485,23.251,4.783,6.797,6.262
24589,0.79,37.111,23.968,30.456,23.24,4.62,6.633,6.18
24590,0.787,37.251,24.022,30.485,23.251,4.781,6.794,6.301
24591,0.784,37.367,23.991,30.485,23.247,4.702,6.836,6.302
24592,0.787,37.426,23.963,30.485,23.244,4.66,6.714,6.221
24593,0.78,37.12,24.002,30.475,23.244,4.66,6.754,6.22
24594,0.803,37.26,24.006,30.485,23.254,4.822,6.917,6.464
24595,0.803,37.415,24.003,30.581,23.258,4.783,6.837,6.345
24596,0.803,37.407,23.925,30.495,23.247,4.661,6.877,6.303
24597,0.81,37.081,23.974,30.485,23.251,4.7,6.877,6.262
24598,0.81,37.231,23.975,30.485,23.254,4.782,6.877,6.343
24599,0.82,37.348,23.991,30.514,23.254,4.783,6.877,6.343
24600,0.817,37.33,23.948,30.476,23.247,4.62,6.755,6.14
24601,0.81,37.1,23.959,30.466,23.247,4.7,6.876,6.301
24602,0.829,37.279,24.022,30.494,23.247,4.701,6.877,6.262
24603,0.826,37.377,24.007,30.466,23.247,4.701,6.918,6.262
24604,0.807,37.129,23.96,30.466,23.24,4.701,6.796,6.221
24605,0.81,37.146,23.979,30.466,23.251,4.742,6.958,6.302
24606,0.81,37.309,24.002,30.523,23.265,4.864,7.122,6.384
24607,0.8,37.368,23.991,30.495,23.251,4.743,7.002,6.263
24608,0.79,36.995,23.975,30.456,23.258,4.783,7.041,6.302
24609,0.793,37.106,23.952,30.475,23.254,4.742,7.082,6.302
24610,0.793,37.222,24.026,30.485,23.254,4.742,7.164,6.343
24611,0.787,37.29,24.018,30.475,23.251,4.661,7.084,6.181
24612,0.767,36.975,23.975,30.466,23.247,4.741,7.164,6.261
24613,0.78,37.125,24.026,30.475,23.247,4.701,7.246,6.262
24614,0.793,37.232,24.022,30.456,23.247,4.742,7.247,6.221
24615,0.784,37.338,23.948,30.485,23.237,4.62,7.125,6.22
24616,0.793,37.004,23.967,30.466,23.254,4.7,7.327,6.342
24617,0.81,37.163,23.983,30.513,23.261,4.823,7.41,6.343
24618,0.813,37.299,23.948,30.485,23.251,4.743,7.33,6.221
24619,0.82,37.349,24.006,30.475,23.251,4.783,7.207,6.261
24620,0.813,36.946,23.952,30.485,23.251,4.742,7.328,6.221
24621,0.82,37.077,23.994,30.485,23.251,4.823,7.289,6.261
24622,0.823,37.193,24.03,30.475,23.247,4.783,7.288,6.18
24623,0.804,37.213,24.026,30.446,23.244,4.62,7.125,6.22
24624,0.8,37.012,23.933,30.475,23.244,4.741,7.165,6.22
24625,0.79,37.144,24.006,30.475,23.244,4.701,7.124,6.18
24626,0.79,37.251,23.999,30.456,23.254,4.701,7.165,6.139
24627,0.78,37.262,23.991,30.456,23.251,4.66,7.124,6.179
24628,0.784,36.984,23.96,30.504,23.261,4.863,7.287,6.383
24629,0.793,37.115,23.983,30.485,23.247,4.702,7.166,6.222
24630,0.78,37.193,24.018,30.485,23.254,4.742,7.165,6.302
24631,0.78,37.089,23.995,30.475,23.251,4.701,7.165,6.302
24632,0.78,36.925,23.975,30.494,23.254,4.823,7.206,6.302
24633,0.78,37.057,24.01,30.475,23.251,4.702,7.165,6.262
24634,0.78,37.106,24.022,30.446,23.24,4.579,6.962,6.139
24635,0.787,36.992,24.015,30.513,23.261,4.7,7.041,6.179
24636,0.797,37.096,23.956,30.456,23.247,4.701,7.001,6.22
24637,0.79,37.222,23.99,30.465,23.244,4.66,6.96,6.18
24638,0.793,37.3,23.987,30.466,23.247,4.66,7.041,6.261
24639,0.806,36.821,24.022,30.494,23.254,4.822,7.245,6.384
24640,0.82,36.979,23.929,30.485,23.254,4.702,7.084,6.222
24641,0.817,37.058,23.986,30.456,23.254,4.701,6.961,6.22
24642,0.813,37.135,23.995,30.456,23.254,4.742,7.082,6.302
24643,0.803,36.983,24.022,30.485,23.254,4.823,7.042,6.262
24644,0.8,37.125,23.975,30.475,23.251,4.743,7.001,6.18
24645,0.79,37.222,23.979,30.437,23.24,4.579,6.879,6.139
24646,0.787,37.29,23.995,30.475,23.251,4.74,7.0,6.179
24647,0.78,36.869,23.991,30.446,23.244,4.62,7.001,6.179
24648,0.774,37.009,23.979,30.504,23.251,4.659,6.879,6.139
24649,0.774,37.116,23.967,30.437,23.244,4.66,6.877,6.138
24650,0.774,37.184,24.033,30.465,23.261,4.782,7.04,6.382
24651,0.784,37.021,24.007,30.494,23.251,4.783,6.96,6.303
24652,0.767,37.116,23.96,30.456,23.251,4.742,6.96,6.262
24653,0.774,37.222,23.955,30.475,23.254,4.742,6.96,6.262
24654,0.784,37.262,24.006,30.466,23.251,4.823,6.878,6.262
24655,0.787,36.907,23.952,30.456,23.254,4.743,6.877,6.099
24656,0.78,36.999,23.947,30.427,23.237,4.661,6.796,6.219
24657,0.784,37.125,23.971,30.456,23.254,4.741,6.836,6.18
24658,0.78,37.433,23.991,30.456,23.251,4.742,6.755,6.139
24659,0.793,36.89,24.014,30.446,23.251,4.661,6.714,6.179
24660,0.797,37.009,23.929,30.456,23.244,4.7,6.794,6.261
24661,0.807,37.164,23.978,30.465,23.265,4.823,6.958,6.302
24662,0.81,36.849,24.006,30.456,23.251,4.743,6.797,6.262
24663,0.784,36.874,24.003,30.456,23.251,4.701,6.795,6.262
24664,0.78,37.009,23.948,30.465,23.251,4.701,6.836,6.262
24665,0.787,37.116,23.951,30.475,23.254,4.782,6.837,6.221
24666,0.787,36.829,23.979,30.466,23.244,4.702,6.796,6.098
24667,0.774,36.941,23.952,30.418,23.233,4.579,6.877,6.219
24668,0.771,37.096,23.998,30.455,23.254,4.74,6.918,6.22
24669,0.774,37.174,23.983,30.446,23.247,4.661,6.837,6.22
24670,0.767,36.887,23.995,30.437,23.247,4.7,6.918,6.261
24671,0.761,37.038,23.991,30.437,23.247,4.742,6.878,6.302
24672,0.767,37.183,23.975,30.494,23.258,4.864,7.081,6.384
24673,0.774,37.252,24.022,30.456,23.251,4.743,7.002,6.303
24674,0.777,36.763,24.018,30.456,23.251,4.783,7.041,6.262
24675,0.774,36.921,23.975,30.456,23.247,4.742,7.001,6.302
24676,0.787,37.009,23.979,30.465,23.258,4.783,7.001,6.343
24677,0.787,37.096,23.979,30.456,23.251,4.783,7.001,6.221
24678,0.777,36.886,23.975,30.427,23.244,4.661,6.96,6.261
24679,0.793,37.028,24.026,30.465,23.254,4.741,6.96,6.221
24680,0.797,37.154,23.913,30.446,23.251,4.701,6.919,6.22
24681,0.807,37.184,23.963,30.437,23.24,4.701,6.959,6.22
24682,0.797,36.868,23.983,30.437,23.244,4.742,7.0,6.22
24683,0.803,37.028,24.018,30.465,23.261,4.864,7.163,6.464
24684,0.8,37.154,23.925,30.475,23.254,4.743,7.043,6.345
24685,0.781,37.165,23.974,30.446,23.247,4.783,7.042,6.262
24686,0.78,36.801,24.002,30.446,23.251,4.742,7.042,6.302
24687,0.774,36.922,23.983,30.446,23.254,4.742,7.042,6.302
24688,0.777,37.048,23.995,30.446,23.254,4.783,6.96,6.18
24689,0.764,36.924,23.975,30.417,23.24,4.62,6.878,6.22
24690,0.767,36.913,23.987,30.446,23.244,4.741,6.959,6.261
24691,0.764,37.047,23.987,30.446,23.247,4.701,6.96,6.221
24692,0.767,37.145,23.948,30.417,23.251,4.742,6.96,6.22
24693,0.761,36.753,24.002,30.417,23.244,4.701,6.919,6.261
24694,0.777,36.883,23.995,30.436,23.254,4.782,7.0,6.384
24695,0.784,37.038,23.995,30.475,23.254,4.783,7.041,6.303
24696,0.784,37.097,23.975,30.446,23.251,4.742,7.001,6.262
24697,0.787,36.867,23.975,30.446,23.251,4.742,6.919,6.302
24698,0.787,37.018,23.991,30.456,23.251,4.783,6.959,6.302
24699,0.8,37.135,24.042,30.437,23.254,4.783,6.96,6.343
24700,0.794,37.174,23.89,30.437,23.237,4.661,6.797,6.181
24701,0.787,36.724,23.959,30.427,23.251,4.7,6.877,6.139
24702,0.8,36.873,23.994,30.436,23.244,4.66,6.918,6.219
24703,0.787,36.99,24.022,30.427,23.251,4.7,6.837,6.098
24704,0.787,37.039,23.936,30.436,23.244,4.66,6.837,6.178
24705,0.777,36.78,23.982,30.446,23.247,4.741,6.918,6.301
24706,0.79,36.969,24.018,30.465,23.258,4.823,7.0,6.262
24707,0.774,37.058,23.956,30.437,23.251,4.743,6.919,6.18
24708,0.771,37.106,23.979,30.417,23.247,4.742,6.878,6.301
24709,0.774,37.107,23.963,30.417,23.251,4.742,6.918,6.18
24710,0.771,37.232,23.979,30.446,23.258,4.742,6.919,6.261
24711,0.774,37.348,23.975,30.446,23.247,4.661,6.878,6.099
24712,0.751,37.33,23.944,30.398,23.244,4.619,6.959,6.178
24713,0.757,36.687,24.025,30.417,23.254,4.659,6.878,6.179
24714,0.774,36.834,23.976,30.417,23.254,4.7,6.918,6.139
24715,0.777,36.932,24.002,30.417,23.244,4.701,6.919,6.138
24716,0.784,37.009,24.006,30.417,23.247,4.62,6.919,6.138
24717,0.787,36.914,23.991,30.436,23.261,4.863,7.041,6.301
24718,0.8,37.076,23.979,30.437,23.251,4.702,7.001,6.221
24719,0.79,37.135,24.018,30.427,23.251,4.742,7.001,6.22
24720,0.8,36.829,23.983,30.427,23.247,4.742,7.082,6.18
24721,0.797,36.903,23.967,30.446,23.254,4.742,7.123,6.179
24722,0.8,37.009,24.01,30.427,23.254,4.783,7.083,6.098
24723,0.787,37.106,23.952,30.398,23.24,4.58,7.042,6.016
24724,0.774,36.781,23.975,30.436,23.251,4.7,7.123,6.096
24725,0.78,36.931,23.983,30.427,23.258,4.742,7.165,6.097
24726,0.774,37.048,23.987,30.408,23.244,4.701,7.084,6.056
24727,0.761,37.116,24.006,30.407,23.24,4.66,7.123,6.097
24728,0.767,36.752,23.979,30.417,23.254,4.822,7.287,6.3
24729,0.783,36.931,23.963,30.436,23.254,4.824,7.288,6.18
24730,0.764,37.009,23.967,30.417,23.251,4.783,7.288,6.22
24731,0.761,37.096,23.963,30.436,23.254,4.702,7.288,6.22
24732,0.757,36.8,23.99,30.446,23.251,4.782,7.288,6.261
24733,0.761,36.941,24.018,30.417,23.258,4.742,7.288,6.18
24734,0.777,37.019,23.96,30.398,23.241,4.62,7.166,6.057
24735,0.771,37.058,23.983,30.388,23.247,4.7,7.368,6.178
24736,0.78,36.876,24.002,30.388,23.258,4.66,7.248,6.22
24737,0.771,36.99,23.987,30.398,23.244,4.741,7.288,6.098
24738,0.777,37.087,23.975,30.398,23.247,4.742,7.125,6.138
24739,0.78,37.107,23.975,30.407,23.251,4.701,7.246,6.219
24740,0.793,36.695,23.948,30.446,23.265,4.863,7.45,6.261
24741,0.787,36.815,23.967,30.398,23.248,4.702,7.33,6.221
24742,0.787,36.884,23.987,30.398,23.251,4.823,7.289,6.18
24743,0.784,37.143,23.983,30.407,23.254,4.783,7.288,6.261
24744,0.777,36.762,23.944,30.417,23.254,4.824,7.451,6.302
24745,0.771,36.883,23.998,30.408,23.247,4.743,7.33,6.18
24746,0.761,36.942,23.991,30.379,23.237,4.701,7.329,6.179
24747,0.757,36.798,23.991,30.398,23.247,4.742,7.37,6.139
24748,0.757,36.864,23.956,30.398,23.247,4.742,7.411,6.138
24749,0.751,36.951,23.979,30.388,23.247,4.701,7.411,6.138
24750,0.744,37.048,23.932,30.388,23.24,4.66,7.493,6.219
24751,0.754,36.637,23.975,30.436,23.261,4.822,7.656,6.424
24752,0.761,36.747,24.037,30.408,23.251,4.743,7.536,6.222
24753,0.754,36.864,24.015,30.398,23.247,4.742,7.616,6.22
24754,0.764,36.942,23.975,30.417,23.251,4.783,7.576,6.22
24755,0.767,36.751,23.963,30.398,23.258,4.824,7.575,6.18
24756,0.77,36.883,23.959,30.398,23.247,4.702,7.454,6.057
24757,0.764,36.98,23.959,30.359,23.24,4.782,7.534,6.137
24758,0.777,37.067,23.967,30.378,23.247,4.702,7.575,6.179
24759,0.78,36.656,24.002,30.378,23.24,4.66,7.494,6.139
24760,0.78,36.776,23.944,30.378,23.244,4.66,7.494,6.138
24761,0.777,36.893,23.959,30.378,23.254,4.782,7.575,6.26
24762,0.793,36.999,24.014,30.407,23.265,4.864,7.657,6.221
24763,0.784,36.713,24.014,30.379,23.251,4.743,7.414,6.18
24764,0.767,36.834,23.921,30.378,23.251,4.742,7.452,6.139
24765,0.77,36.941,23.947,30.388,23.254,4.783,7.452,6.219
24766,0.764,36.99,24.006,30.398,23.254,4.824,7.452,6.261
24767,0.751,36.578,23.975,30.388,23.251,4.824,7.33,6.099
24768,0.748,36.67,23.975,30.331,23.24,4.661,7.329,6.138
24769,0.744,36.796,24.03,30.368,23.251,4.7,7.41,6.179
24770,0.747,36.855,23.921,30.378,23.247,4.742,7.411,6.098
24771,0.747,36.673,23.982,30.359,23.247,4.661,7.33,6.138
24772,0.744,36.786,23.979,30.369,23.247,4.7,7.37,6.179
24773,0.751,36.922,23.979,30.388,23.258,4.823,7.492,6.383
24774,0.761,36.798,23.94,30.417,23.254,4.824,7.371,6.222
24775,0.757,36.634,23.951,30.36,23.254,4.743,7.33,6.22
24776,0.774,36.767,23.975,30.369,23.251,4.742,7.41,6.261
24777,0.774,36.864,23.987,30.388,23.254,4.783,7.371,6.262
24778,0.774,36.615,23.991,30.379,23.258,4.742,7.411,6.18
24779,0.774,36.709,23.999,30.34,23.244,4.661,7.208,6.139
24780,0.774,36.806,23.925,30.359,23.251,4.66,7.328,6.179
24781,0.787,36.912,23.967,30.369,23.251,4.741,7.289,6.179
24782,0.787,36.357,24.006,30.34,23.244,4.701,7.329,6.139
24783,0.774,36.467,24.01,30.34,23.247,4.62,7.289,6.138
24784,0.774,36.612,23.905,30.359,23.247,4.7,7.288,6.26
24785,0.787,36.738,23.974,30.397,23.272,4.863,7.451,6.302
24786,0.774,36.633,23.991,30.35,23.251,4.784,7.33,6.221
24787,0.767,36.767,23.991,30.349,23.244,4.824,7.329,6.22
24788,0.764,36.912,23.983,30.349,23.244,4.783,7.329,6.261
24789,0.754,36.971,23.963,30.359,23.251,4.742,7.41,6.262
24790,0.751,36.473,23.99,30.349,23.247,4.661,7.249,6.18
24791,0.748,36.592,23.967,30.321,23.24,4.579,7.166,6.261
24792,0.744,36.728,23.967,30.349,23.24,4.7,7.206,6.302
24793,0.747,36.768,24.022,30.349,23.244,4.701,7.206,6.221
24794,0.754,36.432,23.905,30.349,23.244,4.66,7.165,6.18
24795,0.757,36.563,23.959,30.349,23.24,4.7,7.206,6.22
24796,0.767,36.699,23.983,30.369,23.254,4.863,7.287,6.464
24797,0.783,36.748,23.983,30.369,23.254,4.743,7.207,6.223
24798,0.784,36.48,24.006,30.359,23.251,4.783,7.165,6.261
24799,0.78,36.612,24.026,30.34,23.251,4.742,7.124,6.221
24800,0.784,36.728,24.018,30.359,23.251,4.783,7.165,6.261
24801,0.79,36.902,23.987,30.34,23.251,4.864,7.124,6.221
24802,0.79,36.491,23.983,30.34,23.247,4.662,6.88,6.098
24803,0.774,36.602,23.975,30.321,23.244,4.7,7.04,6.219
24804,0.784,36.728,23.963,30.349,23.251,4.701,7.001,6.139
24805,0.767,36.413,23.983,30.33,23.244,4.742,7.001,6.219
24806,0.767,36.467,23.983,30.32,23.244,4.661,6.96,6.22
24807,0.754,36.583,23.987,30.34,23.251,4.782,7.041,6.302
24808,0.774,36.728,24.006,30.378,23.265,4.864,7.082,6.343
24809,0.751,36.384,23.96,30.321,23.251,4.702,6.961,6.181
24810,0.744,36.515,23.94,30.33,23.251,4.66,6.878,6.301
24811,0.744,36.641,23.963,30.34,23.251,4.782,6.959,6.262
24812,0.738,36.709,23.963,30.349,23.247,4.742,6.96,6.302
24813,0.751,36.384,24.002,30.321,23.251,4.701,6.838,6.221
24814,0.754,36.476,23.928,30.292,23.24,4.66,6.796,6.22
24815,0.761,36.65,23.975,30.33,23.247,4.741,6.836,6.18
24816,0.774,36.68,23.983,30.311,23.244,4.742,6.755,6.139
24817,0.777,36.259,23.991,30.311,23.244,4.661,6.754,6.138
24818,0.771,36.398,24.002,30.311,23.247,4.7,6.836,6.219
24819,0.783,36.553,24.018,30.359,23.261,4.863,6.958,6.342
24820,0.79,36.622,23.991,30.321,23.251,4.743,6.756,6.221
24821,0.784,36.44,23.952,30.311,23.251,4.742,6.795,6.22
24822,0.79,36.573,23.986,30.32,23.251,4.742,6.836,6.22
24823,0.784,36.708,23.913,30.32,23.254,4.783,6.796,6.18
24824,0.774,36.729,23.931,30.33,23.251,4.702,6.795,6.139
24825,0.764,36.509,23.936,30.282,23.244,4.66,6.795,6.138
24826,0.761,36.669,23.982,30.33,23.251,4.7,6.795,6.138
24827,0.754,36.777,23.979,30.311,23.251,4.701,6.755,6.179
24828,0.754,36.778,23.979,30.291,23.24,4.742,6.754,6.098
24829,0.751,36.231,23.959,30.282,23.244,4.701,6.714,6.138
24830,0.748,36.379,23.948,30.339,23.258,4.904,6.876,6.301
24831,0.76,36.515,23.998,30.34,23.251,4.784,6.796,6.221
24832,0.751,36.459,23.987,30.321,23.247,4.824,6.755,6.139
24833,0.741,36.477,23.991,30.32,23.244,4.783,6.754,6.179
24834,0.76,36.612,23.936,30.311,23.258,4.824,6.795,6.301
24835,0.764,36.728,23.975,30.311,23.254,4.783,6.755,6.14
24836,0.767,36.163,23.955,30.282,23.24,4.58,6.673,6.057
24837,0.764,36.273,23.947,30.291,23.251,4.7,6.753,6.097
24838,0.774,36.418,23.947,30.301,23.247,4.742,6.673,6.097
24839,0.774,36.486,23.975,30.272,23.247,4.742,6.631,6.097
24840,0.771,36.267,23.944,30.282,23.244,4.661,6.55,5.975
24841,0.783,36.408,23.959,30.291,23.251,4.822,6.834,6.177
24842,0.797,36.573,24.029,30.32,23.261,4.824,6.796,6.139
24843,0.774,36.632,23.976,30.301,23.251,4.824,6.714,6.098
24844,0.771,36.239,23.932,30.33,23.251,4.824,6.672,6.138
24845,0.77,36.369,23.932,30.301,23.251,4.783,6.753,6.138
24846,0.774,36.486,23.947,30.311,23.258,4.864,6.754,6.138
24847,0.767,36.554,23.92,30.291,23.244,4.662,6.632,6.016
24848,0.751,36.133,23.932,30.282,23.251,4.741,6.672,6.137
24849,0.764,36.311,23.963,30.291,23.247,4.701,6.672,6.098
24850,0.751,36.409,23.928,30.282,23.244,4.701,6.672,6.016
24851,0.754,36.477,23.951,30.291,23.251,4.742,6.672,6.056
24852,0.751,36.257,23.983,30.291,23.254,4.783,6.794,6.178
24853,0.764,36.437,24.038,30.32,23.258,4.864,6.755,6.179
24854,0.774,36.506,23.956,30.282,23.247,4.784,6.632,6.179
24855,0.764,36.535,23.975,30.282,23.254,4.702,6.631,6.057
24856,0.77,36.2,23.983,30.291,23.254,4.782,6.672,6.137
24857,0.787,36.331,23.991,30.282,23.251,4.783,6.713,6.138
24858,0.787,36.428,23.944,30.262,23.244,4.661,6.551,6.016
24859,0.777,36.439,23.971,30.262,23.244,4.782,6.63,6.137
24860,0.8,36.324,23.944,30.281,23.251,4.702,6.672,6.138
24861,0.784,36.447,23.971,30.272,23.244,4.782,6.591,6.057
24862,0.787,36.525,23.975,30.243,23.24,4.742,6.549,6.056
24863,0.793,36.209,24.006,30.272,23.261,4.783,6.752,6.259
24864,0.79,36.331,23.96,30.301,23.251,4.702,6.632,6.139
24865,0.78,36.418,23.924,30.272,23.254,4.782,6.672,6.138
24866,0.774,36.525,23.951,30.272,23.254,4.742,6.672,6.138
24867,0.771,36.19,23.959,30.282,23.247,4.823,6.631,6.179
24868,0.764,36.321,23.955,30.272,23.247,4.824,6.712,6.057
24869,0.748,36.409,23.99,30.234,23.244,4.58,6.551,6.097
24870,0.754,36.505,23.917,30.272,23.244,4.74,6.63,6.138
24871,0.757,36.037,23.959,30.262,23.251,4.783,6.672,6.138
24872,0.751,36.176,23.967,30.262,23.244,4.742,6.672,6.098
24873,0.754,36.273,23.998,30.262,23.24,4.701,6.713,6.056
24874,0.764,36.351,23.936,30.262,23.251,4.782,6.794,6.178
24875,0.777,36.188,23.982,30.281,23.261,4.824,6.795,6.139
24876,0.777,36.302,24.026,30.262,23.254,4.783,6.755,6.138
24877,0.774,36.437,24.015,30.262,23.244,4.702,6.876,6.138
24878,0.78,36.496,24.003,30.262,23.258,4.823,6.959,6.179
24879,0.79,36.18,24.038,30.253,23.251,4.743,6.96,6.179
24880,0.793,36.34,23.983,30.253,23.24,4.701,6.838,5.976
24881,0.771,36.419,23.975,30.233,23.251,4.701,6.958,6.096
24882,0.787,36.467,23.983,30.243,23.244,4.701,6.878,6.056
24883,0.78,36.065,23.967,30.233,23.247,4.742,6.959,6.097
24884,0.774,36.205,23.963,30.3,23.24,4.701,6.96,6.056
24885,0.774,36.331,23.936,30.224,23.251,4.782,7.0,6.178
24886,0.78,36.716,24.025,30.271,23.258,4.946,7.123,6.22
24887,0.771,36.125,23.983,30.253,23.254,4.744,7.002,6.139
24888,0.774,36.244,23.979,30.243,23.254,4.742,7.001,6.138
24889,0.767,36.35,24.01,30.233,23.254,4.823,7.123,6.179
24890,0.764,36.15,23.921,30.262,23.251,4.783,7.124,6.098
24891,0.754,36.196,23.955,30.243,23.251,4.702,6.961,6.097
24892,0.748,36.264,23.944,30.214,23.237,4.66,6.96,6.097
24893,0.751,36.379,23.967,30.233,23.251,4.741,7.0,6.178
24894,0.764,35.939,23.909,30.243,23.244,4.742,6.96,6.057
24895,0.774,36.021,23.943,30.243,23.24,4.742,6.878,6.056
24896,0.777,36.147,23.963,30.214,23.24,4.661,7.0,6.056
24897,0.793,36.254,23.959,30.252,23.254,4.904,7.163,6.178
24898,0.81,36.197,23.99,30.243,23.254,4.784,7.002,6.057
24899,0.797,36.302,23.999,30.224,23.247,4.864,7.001,6.137
24900,0.803,36.428,23.952,30.233,23.251,4.824,7.123,6.098
24901,0.8,36.506,23.979,30.243,23.258,4.783,7.002,6.138
24902,0.807,36.065,23.971,30.224,23.254,4.742,7.001,6.057
24903,0.794,36.195,23.979,30.195,23.247,4.661,6.838,5.934
24904,0.787,36.292,23.87,30.223,23.251,4.822,6.918,6.055
24905,0.784,36.38,23.927,30.214,23.244,4.743,7.0,5.975
24906,0.79,36.045,23.978,30.214,23.247,4.783,6.879,6.015
24907,0.787,36.185,23.991,30.214,23.244,4.702,6.796,6.015
24908,0.787,36.311,23.987,30.204,23.254,4.782,7.039,6.137
24909,0.806,36.409,23.991,30.243,23.254,4.905,7.042,6.098
24910,0.8,35.988,23.944,30.224,23.258,4.825,6.96,6.056
24911,0.797,36.108,23.955,30.204,23.251,4.783,7.0,6.178
24912,0.807,36.224,23.983,30.204,23.251,4.864,6.919,6.139
24913,0.826,36.264,23.979,30.204,23.251,4.865,6.959,6.138
24914,0.826,35.977,23.948,30.223,23.244,4.743,6.797,5.976
24915,0.833,36.07,23.92,30.176,23.251,4.742,6.877,6.055
24916,0.849,36.195,23.971,30.213,23.247,4.783,6.918,6.056
24917,0.849,36.129,23.944,30.195,23.244,4.783,6.756,6.056
24918,0.856,36.062,23.959,30.204,23.244,4.824,6.795,6.015
24919,0.856,36.186,23.963,30.185,23.247,4.783,6.877,6.056
24920,0.869,36.34,23.959,30.233,23.261,4.864,7.0,6.137
24921,0.872,35.881,23.99,30.195,23.251,4.865,6.838,6.016
24922,0.872,35.973,24.018,30.195,23.251,4.784,6.837,6.015
24923,0.866,36.089,23.979,30.195,23.254,4.824,6.877,6.015
24924,0.853,36.195,23.909,30.233,23.251,4.865,6.877,6.096
24925,0.853,35.966,23.935,30.195,23.254,4.824,6.877,5.975
24926,0.846,36.07,23.955,30.156,23.24,4.702,6.755,5.933
24927,0.833,36.195,23.967,30.185,23.247,4.782,6.876,5.974
24928,0.836,36.283,23.975,30.185,23.251,4.824,6.918,5.893
24929,0.836,35.9,23.987,30.166,23.244,4.783,6.796,5.973
24930,0.813,36.03,23.971,30.185,23.244,4.742,6.755,6.015
24931,0.836,36.195,23.955,30.185,23.254,4.905,6.998,6.056
24932,0.859,36.264,23.998,30.204,23.254,4.825,6.96,6.056
24933,0.859,35.862,23.979,30.166,23.244,4.824,6.96,6.015
24934,0.872,36.02,23.956,30.213,23.251,4.865,6.919,6.056
24935,0.879,36.137,23.936,30.166,23.251,4.824,6.919,6.015
24936,0.882,36.186,23.928,30.175,23.247,4.824,6.919,5.974
24937,0.885,35.899,23.943,30.156,23.24,4.702,6.837,5.893
24938,0.869,36.05,23.963,30.175,23.251,4.782,6.918,6.054
24939,0.882,36.166,23.971,30.166,23.251,4.783,6.919,6.015
24940,0.889,36.177,23.924,30.156,23.247,4.783,6.919,5.934
24941,0.882,35.813,23.959,30.156,23.247,4.783,6.919,5.933
24942,0.882,35.924,23.983,30.146,23.251,4.824,7.0,6.055
24943,0.898,36.069,24.01,30.194,23.261,4.905,7.123,6.137
24944,0.882,36.243,23.975,30.166,23.244,4.865,7.043,6.016
24945,0.882,36.015,23.967,30.165,23.247,4.865,7.082,6.096
24946,0.882,36.175,23.983,30.175,23.251,4.824,7.083,6.097
24947,0.872,36.273,23.983,30.156,23.251,4.783,7.164,6.056
24948,0.869,35.823,23.979,30.175,23.254,4.824,7.165,5.975
24949,0.859,35.809,23.956,30.127,23.24,4.661,7.084,6.015
24950,0.853,35.982,23.979,30.175,23.251,4.822,7.205,6.056
24951,0.862,36.06,23.952,30.146,23.244,4.783,7.247,6.015
24952,0.853,35.917,23.994,30.137,23.244,4.742,7.206,6.015
24953,0.853,36.05,23.983,30.146,23.247,4.701,7.247,6.137
24954,0.856,36.205,23.967,30.156,23.261,4.904,7.45,6.138
24955,0.866,36.292,23.987,30.156,23.251,4.784,7.33,6.098
24956,0.859,35.728,23.967,30.137,23.247,4.742,7.289,6.178
24957,0.856,35.885,23.967,30.146,23.251,4.823,7.329,6.139
24958,0.859,36.021,23.975,30.146,23.258,4.865,7.492,6.098
24959,0.856,36.099,23.991,30.137,23.251,4.743,7.29,6.016
24960,0.843,35.793,23.94,30.146,23.237,4.701,7.288,6.056
24961,0.849,35.953,23.951,30.137,23.254,4.782,7.329,6.056
24962,0.846,36.06,23.99,30.108,23.251,4.742,7.289,6.097
24963,0.823,36.09,23.967,30.117,23.244,4.701,7.288,5.975
24964,0.817,35.841,23.967,30.117,23.244,4.701,7.288,6.055
24965,0.81,36.001,23.991,30.136,23.258,4.904,7.532,6.259
24966,0.81,36.127,23.987,30.146,23.251,4.825,7.291,6.139
24967,0.794,36.138,23.991,30.127,23.251,4.865,7.288,6.138
24968,0.784,35.86,23.952,30.127,23.247,4.784,7.329,6.138
24969,0.787,36.001,23.99,30.127,23.254,4.905,7.329,6.179
24970,0.774,36.118,23.944,30.127,23.254,4.784,7.289,6.139
24971,0.767,36.119,23.928,30.108,23.24,4.661,7.207,5.935
24972,0.754,35.803,23.975,30.117,23.251,4.782,7.287,6.096
24973,0.761,35.924,23.983,30.107,23.251,4.824,7.247,6.097
24974,0.77,36.069,23.952,30.107,23.24,4.661,7.206,6.016
24975,0.767,35.821,23.971,30.098,23.244,4.741,7.125,6.015
24976,0.761,35.809,23.991,30.107,23.244,4.783,7.287,6.218
24977,0.777,35.982,23.987,30.146,23.258,4.864,7.369,6.261
24978,0.774,36.079,23.952,30.098,23.251,4.824,7.208,6.139
24979,0.761,35.716,24.002,30.107,23.251,4.824,7.206,6.179
24980,0.767,35.827,23.979,30.107,23.247,4.783,7.206,6.098
24981,0.774,35.953,23.936,30.117,23.254,4.864,7.247,6.138
24982,0.771,36.041,23.986,30.098,23.244,4.784,7.125,6.057
24983,0.751,35.706,23.885,30.059,23.244,4.702,7.165,6.178
24984,0.738,35.875,23.955,30.078,23.251,4.782,7.246,6.139
24985,0.741,35.992,23.932,30.088,23.244,4.742,7.166,6.057
24986,0.731,36.06,23.99,30.107,23.247,4.742,7.165,6.097
24987,0.725,35.706,23.967,30.069,23.244,4.742,7.165,6.178
24988,0.734,35.856,23.967,30.117,23.261,4.945,7.409,6.261
24989,0.734,35.992,23.998,30.117,23.251,4.866,7.289,6.139
24990,0.715,36.031,23.979,30.146,23.247,4.743,7.247,6.138
24991,0.711,35.658,23.944,30.089,23.251,4.742,7.328,6.138
24992,0.708,35.798,23.998,30.098,23.251,4.823,7.37,6.219
24993,0.711,35.924,23.952,30.088,23.254,4.743,7.289,6.18
24994,0.718,35.944,23.947,30.05,23.24,4.661,7.166,5.976
24995,0.721,35.743,23.904,30.088,23.251,4.741,7.246,6.055
24996,0.731,35.895,23.97,30.078,23.244,4.742,7.288,6.056
24997,0.731,35.992,23.959,30.059,23.244,4.701,7.288,6.097
24998,0.738,36.031,23.955,30.059,23.244,4.701,7.247,6.097
24999,0.741,35.783,24.022,30.069,23.251,4.863,7.369,6.26
25000,0.754,35.933,23.968,30.174,23.261,4.784,7.37,6.139
25001,0.748,36.04,23.963,30.07,23.251,4.742,7.37,6.098
25002,0.747,35.926,24.002,30.069,23.251,4.742,7.33,6.178
25003,0.747,35.762,23.964,30.069,23.251,4.823,7.289,6.179
25004,0.747,35.914,23.971,30.088,23.254,4.824,7.369,6.139
25005,0.741,36.011,23.928,30.069,23.244,4.702,7.208,6.016
25006,0.721,35.686,23.978,30.059,23.24,4.782,7.206,6.056
25007,0.718,35.798,23.967,30.069,23.251,4.783,7.287,6.015
25008,0.718,35.924,23.944,30.05,23.251,4.742,7.166,6.056
25009,0.711,36.012,23.99,30.049,23.244,4.742,7.165,5.975
25010,0.702,35.562,23.952,30.059,23.251,4.742,7.287,6.137
25011,0.708,35.73,23.947,30.088,23.265,4.945,7.451,6.179
25012,0.721,35.856,24.006,30.069,23.248,4.785,7.29,6.098
25013,0.711,35.905,23.936,30.05,23.254,4.742,7.288,6.097
25014,0.718,35.599,23.947,30.059,23.251,4.783,7.207,6.056
25015,0.721,35.721,23.928,30.059,23.254,4.783,7.165,6.137
25016,0.728,35.866,23.978,30.069,23.254,4.824,7.206,6.016
25017,0.728,35.906,23.987,30.03,23.237,4.661,7.165,6.015
25018,0.728,35.513,23.948,30.049,23.251,4.741,7.206,6.056
25019,0.734,35.662,24.01,30.04,23.247,4.783,7.165,6.097
25020,0.741,35.779,23.987,30.04,23.244,4.742,7.124,5.894
25021,0.744,35.828,23.952,30.02,23.244,4.701,7.124,5.973
25022,0.744,35.733,24.022,30.039,23.258,4.823,7.246,6.137
25023,0.747,35.923,23.952,30.068,23.254,4.783,7.166,6.057
25024,0.734,36.012,23.963,30.05,23.251,4.783,7.084,6.056
25025,0.738,36.032,23.944,30.049,23.251,4.783,7.164,6.056
25026,0.734,35.61,23.963,30.04,23.258,4.783,7.084,6.097
25027,0.734,35.759,23.979,30.049,23.254,4.824,7.123,6.056
25028,0.731,35.847,23.952,30.04,23.237,4.661,6.961,5.975
25029,0.715,36.164,23.947,30.02,23.247,4.7,7.082,6.055
25030,0.718,35.621,23.904,30.039,23.251,4.742,7.002,6.056
25031,0.721,35.759,23.935,30.02,23.247,4.701,6.96,6.015
25032,0.711,35.828,23.971,30.001,23.244,4.66,6.919,6.015
25033,0.721,35.675,23.975,30.001,23.247,4.741,7.0,6.056
25034,0.737,35.779,23.932,30.068,23.261,4.864,7.082,6.178
25035,0.747,35.895,23.955,30.04,23.244,4.743,6.88,6.017
25036,0.741,35.983,23.951,30.049,23.251,4.783,6.918,5.974
25037,0.747,35.523,23.971,30.021,23.247,4.742,6.959,6.137
25038,0.754,35.643,23.955,30.03,23.254,4.783,6.919,6.057
25039,0.761,35.779,23.987,30.04,23.251,4.742,6.878,5.975
25040,0.761,35.847,23.952,30.001,23.237,4.701,6.837,5.933
25041,0.757,35.464,23.936,30.011,23.244,4.823,6.918,5.974
25042,0.754,35.604,23.986,30.011,23.244,4.743,6.837,5.974
25043,0.757,35.73,23.92,30.011,23.244,4.701,6.796,5.933
25044,0.748,35.808,23.959,30.011,23.244,4.701,6.795,6.055
25045,0.734,35.56,23.963,30.039,23.251,4.782,6.877,6.219
25046,0.747,35.739,23.998,30.049,23.258,4.783,6.877,6.017
25047,0.725,35.837,23.979,30.001,23.254,4.783,6.837,6.015
25048,0.728,35.886,23.967,30.02,23.247,4.783,6.837,6.056
25049,0.721,35.465,23.994,30.02,23.254,4.783,6.837,6.097
25050,0.721,35.633,23.905,30.02,23.254,4.905,6.918,6.056
25051,0.734,35.759,23.943,30.011,23.244,4.744,6.756,6.015
25052,0.747,35.77,23.955,30.001,23.251,4.783,6.917,6.056
25053,0.787,35.703,23.987,30.011,23.247,4.702,6.919,6.015
25054,0.813,35.818,23.92,30.001,23.247,4.701,6.796,5.974
25055,0.836,35.924,23.951,30.001,23.24,4.742,6.836,5.974
25056,0.872,35.954,23.975,30.011,23.254,4.783,6.958,6.177
25057,0.915,35.465,23.975,30.059,23.258,4.864,6.96,6.057
25058,0.931,35.566,23.967,30.011,23.251,4.743,6.878,6.097
25059,0.944,35.672,24.022,30.03,23.254,4.783,6.959,6.138
25060,0.967,35.616,23.96,30.011,23.251,4.783,6.96,6.098
25061,0.994,35.615,23.944,30.011,23.247,4.864,7.0,6.138
25062,1.007,35.73,23.967,29.991,23.24,4.702,6.919,5.894
25063,1.017,35.818,23.889,30.001,23.247,4.701,7.0,6.095
25064,1.043,35.502,23.947,29.982,23.247,4.782,7.041,6.056
25065,1.079,35.585,23.951,29.972,23.247,4.742,7.001,6.056
25066,1.118,35.711,23.967,29.991,23.24,4.701,7.123,6.097
25067,1.155,35.818,23.963,30.001,23.251,4.823,7.287,6.178
25068,1.217,35.368,23.994,30.011,23.265,4.905,7.247,6.139
25069,1.263,35.479,23.983,30.001,23.251,4.744,7.328,6.098
25070,1.296,35.604,23.905,30.001,23.251,4.823,7.289,6.26
25071,1.319,35.702,23.951,30.001,23.258,4.865,7.329,6.221
25072,1.352,35.482,23.994,30.001,23.251,4.865,7.41,6.18
25073,1.349,35.633,23.971,29.972,23.247,4.784,7.33,6.057
25074,1.362,35.711,23.944,30.01,23.244,4.783,7.451,6.259
25075,1.355,35.789,23.951,29.982,23.251,4.742,7.452,6.221
25076,1.391,35.444,23.963,29.982,23.247,4.742,7.493,6.18
25077,1.404,35.585,23.948,29.962,23.24,4.701,7.453,6.22
25078,1.388,35.682,23.932,29.972,23.247,4.742,7.534,6.342
25079,1.378,35.779,23.986,30.02,23.268,4.905,7.657,6.343
25080,1.359,35.425,23.956,29.992,23.254,4.744,7.495,6.303
25081,1.349,35.517,23.928,29.972,23.244,4.783,7.575,6.302
25082,1.332,35.634,24.002,29.991,23.254,4.742,7.616,6.343
25083,1.29,35.673,23.901,29.991,23.254,4.823,7.576,6.425
25084,1.221,35.501,23.931,29.991,23.251,4.743,7.494,6.385
25085,1.165,35.595,23.936,29.943,23.24,4.661,7.453,6.466
25086,1.116,35.749,23.908,29.981,23.247,4.741,7.452,6.629
25087,1.047,35.77,23.97,29.972,23.251,4.742,7.493,6.712
25088,1.004,35.483,23.924,29.953,23.244,4.742,7.453,6.876
25089,0.942,35.614,23.959,29.953,23.247,4.742,7.452,7.121
25090,0.88,35.73,23.932,30.0,23.254,4.905,7.656,7.53
25091,0.811,35.425,23.943,29.991,23.254,4.784,7.495,7.534
25092,0.758,35.45,23.971,29.972,23.251,4.824,7.453,7.819
25093,0.705,35.556,23.975,29.981,23.251,4.824,7.493,8.147
25094,0.682,35.672,23.913,29.991,23.251,4.743,7.534,8.273
25095,0.659,35.376,23.963,29.982,23.251,4.783,7.453,8.477
25096,0.629,35.479,23.932,29.953,23.244,4.661,7.33,8.56
25097,0.597,35.595,23.951,29.972,23.247,4.782,7.41,8.846
25098,0.59,35.711,23.94,29.962,23.244,4.742,7.371,8.971
25099,0.587,35.319,23.971,29.943,23.247,4.661,7.411,9.013
25100,0.596,35.478,23.944,29.933,23.251,4.7,7.411,9.094
25101,0.616,35.595,23.947,29.981,23.254,4.823,7.493,9.42
25102,0.658,35.701,24.006,29.982,23.258,4.824,7.534,9.342
25103,0.688,35.29,23.913,29.953,23.251,4.743,7.453,9.504
25104,0.721,35.459,23.935,29.972,23.254,4.742,7.574,9.709
25105,0.75,35.566,23.951,29.953,23.251,4.864,7.575,9.874
25106,0.777,35.634,23.951,29.972,23.251,4.784,7.575,9.957
25107,0.79,35.328,23.959,29.934,23.244,4.661,7.454,9.998
25108,0.784,35.469,23.936,29.933,23.251,4.782,7.656,10.324
25109,0.797,35.595,23.994,29.952,23.244,4.742,7.536,10.449
25110,0.797,35.625,23.913,29.953,23.247,4.701,7.494,10.654
25111,0.803,35.395,23.928,29.953,23.24,4.701,7.453,10.818
25112,0.8,35.498,23.975,29.962,23.251,4.823,7.696,11.186
25113,0.807,35.653,23.983,29.981,23.261,4.905,7.658,11.352
25114,0.82,35.731,23.901,29.962,23.247,4.784,7.455,11.354
25115,0.803,35.425,23.947,29.943,23.251,4.742,7.534,11.354
25116,0.803,35.556,23.943,29.952,23.251,4.783,7.575,11.517
25117,0.816,35.682,23.963,29.962,23.254,4.783,7.575,11.599
25118,0.826,35.328,23.951,29.962,23.251,4.824,7.494,11.519
25119,0.823,35.267,23.975,29.924,23.24,4.661,7.371,11.437
25120,0.833,35.42,23.952,29.933,23.247,4.741,7.411,11.517
25121,0.833,35.517,23.975,29.914,23.244,4.823,7.371,11.477
25122,0.82,35.365,23.952,29.914,23.244,4.702,7.37,11.355
25123,0.817,35.517,23.947,29.962,23.247,4.782,7.33,11.313
25124,0.807,35.643,23.936,29.943,23.258,4.824,7.41,11.394
25125,0.813,35.759,23.959,29.962,23.261,4.824,7.371,11.314
25126,0.813,35.185,23.959,29.953,23.247,4.783,7.37,11.15
25127,0.807,35.333,23.975,29.933,23.258,4.905,7.33,11.067
25128,0.8,35.478,23.952,29.943,23.251,4.825,7.37,11.107
25129,0.803,35.566,24.006,29.943,23.251,4.783,7.37,10.945
25130,0.79,35.318,23.94,29.952,23.244,4.742,7.126,10.699
25131,0.787,35.44,23.92,29.933,23.251,4.823,7.287,10.737
25132,0.797,35.585,23.959,29.933,23.251,4.783,7.207,10.697
25133,0.79,35.653,23.94,29.933,23.244,4.702,7.125,10.575
25134,0.793,35.251,23.928,29.924,23.244,4.701,7.205,10.411
25135,0.797,35.381,23.924,29.914,23.247,4.782,7.287,10.491
25136,0.813,35.546,23.998,29.962,23.268,4.905,7.288,10.451
25137,0.82,35.576,23.964,29.933,23.251,4.744,7.247,10.247
25138,0.817,35.337,23.963,29.933,23.247,4.742,7.288,10.245
25139,0.816,35.469,23.987,29.952,23.254,4.823,7.288,10.123
25140,0.836,35.595,23.963,29.914,23.254,4.865,7.247,10.0
25141,0.833,35.625,23.944,29.933,23.251,4.743,7.166,9.836
25142,0.823,35.222,23.947,29.904,23.244,4.701,7.165,9.794
25143,0.826,35.41,23.955,29.923,23.247,4.782,7.246,9.631
25144,0.817,35.527,23.936,29.923,23.251,4.742,7.206,9.548
25145,0.82,35.442,23.92,29.914,23.251,4.701,7.165,9.506
25146,0.81,35.307,23.959,29.914,23.244,4.742,7.206,9.384
25147,0.813,35.488,23.967,29.943,23.261,4.905,7.287,9.545
25148,0.816,35.624,23.975,29.952,23.254,4.825,7.207,9.262
25149,0.813,35.184,23.998,29.914,23.247,4.783,7.287,9.259
25150,0.807,35.275,23.964,29.933,23.251,4.824,7.247,9.178
25151,0.807,35.42,23.959,29.924,23.258,4.865,7.288,9.137
25152,0.807,35.508,23.987,29.923,23.254,4.824,7.207,8.974
25153,0.8,35.212,23.924,29.895,23.244,4.661,7.206,8.809
25154,0.807,35.352,23.9,29.962,23.251,4.782,7.206,8.848
25155,0.82,35.478,23.896,29.924,23.247,4.783,7.206,8.767
25156,0.826,35.556,23.943,29.914,23.247,4.702,7.165,8.604
25157,0.82,35.145,23.932,29.895,23.247,4.742,7.165,8.521
25158,0.83,35.294,23.963,29.923,23.254,4.864,7.368,8.683
25159,0.846,35.449,24.01,29.933,23.254,4.865,7.208,8.481
25160,0.849,35.499,23.971,29.924,23.251,4.743,7.206,8.398
25161,0.853,35.269,23.944,29.914,23.251,4.742,7.287,8.356
25162,0.856,35.43,23.975,29.914,23.254,4.864,7.288,8.315
25163,0.853,35.566,23.952,29.923,23.254,4.824,7.166,8.274
25164,0.833,35.596,23.904,29.885,23.237,4.661,7.084,8.071
25165,0.833,35.164,23.92,29.904,23.247,4.741,7.123,8.15
25166,0.826,35.313,23.951,29.914,23.251,4.742,7.165,8.069
25167,0.826,35.43,23.924,29.904,23.24,4.701,7.124,8.028
25168,0.82,35.45,23.939,29.885,23.247,4.66,7.124,7.905
25169,0.817,35.249,23.967,29.914,23.254,4.863,7.287,8.026
25170,0.826,35.429,23.905,29.943,23.254,4.824,7.288,7.987
25171,0.817,35.518,23.939,29.914,23.254,4.743,7.125,7.986
25172,0.82,35.758,23.947,29.895,23.251,4.823,7.205,7.905
25173,0.82,35.233,23.99,29.904,23.251,4.824,7.247,7.823
25174,0.846,35.381,23.921,29.904,23.254,4.783,7.166,7.781
25175,0.846,35.469,23.928,29.885,23.244,4.702,7.043,7.618
25176,0.836,35.202,23.932,29.885,23.244,4.701,7.164,7.698
25177,0.846,35.256,23.936,29.904,23.258,4.782,7.165,7.536
25178,0.846,35.41,23.92,29.895,23.247,4.824,7.084,7.534
25179,0.846,35.479,23.974,29.866,23.244,4.743,7.042,7.534
25180,0.853,35.115,23.94,29.885,23.247,4.823,7.164,7.616
25181,0.879,35.284,23.967,29.923,23.258,4.824,7.287,7.535
25182,0.863,35.392,23.983,29.914,23.254,4.743,7.085,7.412
25183,0.859,35.479,23.901,29.895,23.247,4.823,7.123,7.371
25184,0.859,35.135,23.955,29.904,23.251,4.783,7.165,7.37
25185,0.853,35.294,23.947,29.923,23.258,4.824,7.165,7.33
25186,0.856,35.401,23.963,29.876,23.251,4.621,7.043,7.289
25187,0.833,35.431,23.959,29.875,23.247,4.741,7.042,7.288
25188,0.833,35.182,23.959,29.894,23.251,4.742,7.123,7.207
25189,0.833,35.295,23.983,29.875,23.244,4.783,7.124,7.165
25190,0.823,35.42,23.893,29.894,23.24,4.742,7.124,7.165
25191,0.82,35.479,23.939,29.875,23.247,4.823,7.165,7.368
25192,0.839,35.298,24.01,29.923,23.258,4.905,7.328,7.289
25193,0.833,35.401,23.952,29.904,23.247,4.784,7.167,7.207
25194,0.843,35.527,23.99,29.942,23.254,4.742,7.124,7.165
25195,0.846,35.567,23.921,29.876,23.251,4.864,7.165,7.206
25196,0.849,35.068,23.978,29.885,23.254,4.784,7.206,7.165
25197,0.856,35.197,23.971,29.885,23.251,4.783,7.084,6.962
25198,0.846,35.276,23.948,29.856,23.24,4.702,7.042,7.0
25199,0.859,35.315,23.967,29.884,23.247,4.742,7.123,7.001
25200,0.869,35.2,23.928,29.904,23.247,4.701,7.083,6.96
25201,0.869,35.333,23.951,29.856,23.247,4.66,7.042,6.919
25202,0.866,35.402,23.975,29.875,23.244,4.741,7.042,7.0
25203,0.879,35.287,23.952,29.885,23.258,4.864,7.245,7.123
25204,0.876,35.238,23.951,29.885,23.251,4.824,7.125,6.921
25205,0.853,35.333,23.94,29.885,23.251,4.783,7.124,6.878
25206,0.859,35.44,23.982,29.885,23.251,4.824,7.165,6.959
25207,0.862,35.048,23.971,29.875,23.258,4.783,7.165,6.878
25208,0.853,35.14,23.963,29.885,23.251,4.864,7.165,6.837
25209,0.846,35.265,23.967,29.856,23.237,4.743,7.043,6.755
25210,0.843,35.334,23.905,29.875,23.254,4.742,7.123,6.795
25211,0.839,35.037,23.92,29.885,23.251,4.783,7.083,6.755
25212,0.833,35.178,23.951,29.866,23.244,4.742,7.123,6.754
25213,0.846,35.295,23.975,29.856,23.244,4.701,7.124,6.714
25214,0.849,35.353,23.94,29.875,23.247,4.782,7.205,6.835
25215,0.869,34.951,23.951,29.913,23.261,4.905,7.328,6.877
25216,0.859,35.052,23.94,29.876,23.254,4.825,7.167,6.755
25217,0.866,35.178,23.943,29.856,23.244,4.783,7.206,6.795
25218,0.879,35.266,23.947,29.884,23.254,4.783,7.165,6.795
25219,0.882,35.123,23.99,29.875,23.258,4.824,7.206,6.836
25220,0.892,35.256,23.963,29.865,23.254,4.783,7.084,6.633
25221,0.879,35.353,23.924,29.818,23.244,4.661,7.123,6.672
25222,0.892,35.411,23.99,29.855,23.254,4.741,7.165,6.713
25223,0.889,35.076,23.889,29.856,23.251,4.742,7.084,6.632
25224,0.876,35.217,23.935,29.856,23.244,4.783,7.083,6.631
25225,0.866,35.333,23.92,29.837,23.251,4.742,7.002,6.631
25226,0.869,35.363,23.994,29.875,23.258,4.905,7.285,6.753
25227,0.872,35.095,23.995,29.856,23.258,4.865,7.085,6.632
25228,0.866,35.217,23.963,29.856,23.251,4.784,7.123,6.672
25229,0.859,35.324,24.018,29.837,23.254,4.783,7.165,6.631
25230,0.862,35.373,23.96,29.865,23.251,4.905,7.124,6.672
25231,0.856,35.181,23.944,29.865,23.251,4.906,7.124,6.55
25232,0.853,35.295,23.963,29.837,23.244,4.662,7.002,6.508
25233,0.853,35.392,23.916,29.846,23.254,4.782,7.082,6.549
25234,0.869,35.047,23.92,29.856,23.244,4.783,7.042,6.508
25235,0.872,35.082,23.885,29.837,23.24,4.742,7.042,6.467
25236,0.872,35.226,23.966,29.827,23.24,4.742,6.96,6.507
25237,0.876,35.333,23.944,29.855,23.251,4.864,7.163,6.63
25238,0.892,35.047,23.975,29.875,23.258,4.865,7.165,6.55
25239,0.889,35.149,23.991,29.846,23.251,4.824,7.124,6.549
25240,0.895,35.275,23.944,29.856,23.247,4.824,7.043,6.508
25241,0.905,35.382,23.963,29.865,23.254,4.865,7.123,6.508
25242,0.905,35.047,23.975,29.846,23.254,4.824,7.083,6.467
25243,0.895,35.197,23.944,29.875,23.24,4.661,7.002,6.345
25244,0.882,35.295,23.904,29.837,23.244,4.782,6.96,6.384
25245,0.885,35.382,23.908,29.856,23.251,4.742,6.96,6.425
25246,0.882,35.066,23.924,29.837,23.247,4.701,6.96,6.426
25247,0.879,35.207,23.92,29.827,23.244,4.742,6.96,6.385
25248,0.879,35.324,23.959,29.836,23.247,4.864,7.122,6.547
25249,0.882,35.411,23.99,29.865,23.265,4.946,7.165,6.508
25250,0.879,34.961,23.889,29.875,23.254,4.785,7.043,6.467
25251,0.872,35.12,23.959,29.865,23.251,4.824,7.123,6.426
25252,0.879,35.236,23.959,29.856,23.254,4.865,7.083,6.507
25253,0.882,35.286,23.963,29.846,23.251,4.865,7.042,6.386
25254,0.885,35.008,23.959,29.808,23.24,4.702,6.96,6.263
25255,0.882,35.12,23.912,29.836,23.247,4.782,7.0,6.384
25256,0.895,35.236,23.959,29.846,23.247,4.742,6.96,6.344
25257,0.899,35.506,23.928,29.837,23.247,4.742,6.96,6.425
25258,0.886,35.049,23.939,29.836,23.233,4.783,6.878,6.344
25259,0.892,35.169,23.959,29.846,23.254,4.783,7.0,6.425
25260,0.912,35.333,23.983,29.875,23.265,4.864,7.001,6.426
25261,0.915,34.941,23.963,29.837,23.258,4.743,7.001,6.426
25262,0.915,34.928,23.983,29.846,23.254,4.783,7.041,6.385
25263,0.912,35.052,23.971,29.865,23.258,4.824,7.123,6.466
25264,0.912,35.159,23.924,29.846,23.258,4.743,7.043,6.426
25265,0.912,34.863,23.943,29.817,23.251,4.701,6.839,6.222
25266,0.895,34.984,23.963,29.827,23.244,4.823,6.918,6.302
25267,0.899,35.11,23.963,29.827,23.251,4.824,7.0,6.302
25268,0.892,35.208,23.963,29.836,23.24,4.783,6.96,6.221
25269,0.899,34.959,23.963,29.808,23.244,4.742,6.919,6.261
25270,0.879,35.091,23.979,29.826,23.254,4.783,7.0,6.465
25271,0.892,35.294,23.952,29.875,23.265,4.905,7.001,6.426
25272,0.895,35.324,23.983,29.837,23.254,4.784,6.919,6.304
25273,0.895,34.941,23.944,29.846,23.251,4.824,7.0,6.384
25274,0.908,35.11,23.928,29.856,23.254,4.865,7.001,6.344
25275,0.921,35.227,23.951,29.837,23.254,4.824,7.041,6.343
25276,0.922,35.257,23.959,29.827,23.251,4.743,6.879,6.262
25277,0.918,34.941,23.948,29.798,23.237,4.742,7.0,6.262
25278,0.935,35.129,23.955,29.826,23.251,4.823,7.001,6.343
25279,0.931,35.217,23.936,29.836,23.247,4.783,6.96,6.303
25280,0.935,35.295,23.943,29.808,23.24,4.702,6.96,6.221
25281,0.948,34.979,23.912,29.826,23.251,4.823,7.041,6.261
25282,0.958,35.12,23.967,29.846,23.258,4.905,7.204,6.424
25283,0.961,35.275,23.991,29.913,23.258,4.825,7.125,6.304
25284,0.948,35.276,23.936,29.818,23.254,4.783,7.083,6.302
25285,0.948,34.998,23.951,29.827,23.254,4.824,7.205,6.343
25286,0.951,35.13,23.944,29.846,23.251,4.824,7.206,6.343
25287,0.938,35.256,23.975,29.846,23.247,4.743,7.206,6.221
25288,0.935,35.132,23.928,29.798,23.237,4.539,7.125,6.22
25289,0.931,35.016,23.955,29.817,23.244,4.74,7.205,6.302
25290,0.941,35.159,23.889,29.836,23.251,4.742,7.287,6.262
25291,0.932,35.275,23.916,29.827,23.251,4.701,7.125,6.262
25292,0.938,34.931,23.951,29.817,23.247,4.66,7.205,6.262
25293,0.935,35.024,23.944,29.836,23.254,4.782,7.328,6.384
25294,0.954,35.216,23.92,29.894,23.258,4.864,7.37,6.344
25295,0.951,35.276,23.943,29.847,23.251,4.784,7.289,6.303
25296,0.958,35.085,23.967,29.837,23.244,4.824,7.329,6.302
25297,0.968,35.207,23.971,29.846,23.251,4.865,7.41,6.343
25298,0.984,35.372,23.94,29.846,23.254,4.824,7.371,6.303
25299,0.984,35.421,23.979,29.817,23.244,4.702,7.248,6.18
25300,0.981,34.99,23.909,29.807,23.244,4.701,7.206,6.179
25301,0.994,35.13,23.935,29.826,23.247,4.701,7.287,6.22
25302,0.997,35.265,23.943,29.827,23.247,4.66,7.247,6.22
25303,0.997,35.324,23.901,29.817,23.244,4.741,7.288,6.139
25304,0.991,35.238,23.927,29.827,23.247,4.742,7.288,6.26
25305,0.994,35.401,23.939,29.855,23.258,4.864,7.369,6.384
25306,1.0,35.537,24.006,29.837,23.258,4.743,7.248,6.303
25307,0.984,35.567,23.968,29.827,23.251,4.823,7.247,6.262
25308,0.981,35.155,23.967,29.817,23.254,4.783,7.206,6.302
25309,0.997,35.304,23.991,29.817,23.251,4.824,7.287,6.302
25310,0.987,35.44,23.936,29.827,23.251,4.743,7.125,6.14
25311,0.981,35.412,23.92,29.808,23.24,4.701,7.124,6.179
25312,0.984,35.335,23.967,29.826,23.251,4.742,7.083,6.179
25313,0.984,35.469,23.889,29.808,23.24,4.742,7.123,6.179
25314,0.994,35.566,23.923,29.807,23.247,4.701,7.083,6.139
25315,1.004,35.778,23.912,29.798,23.237,4.66,7.123,6.179
25316,1.014,35.454,23.955,29.846,23.258,4.863,7.246,6.342
25317,1.036,35.633,23.959,29.837,23.254,4.743,7.084,6.181
25318,1.033,35.692,23.932,29.827,23.251,4.783,7.042,6.261
25319,1.04,35.549,23.978,29.808,23.247,4.783,7.123,6.18
25320,1.043,35.634,23.936,29.826,23.258,4.783,7.083,6.22
25321,1.063,35.769,23.939,29.817,23.251,4.824,7.002,6.261
25322,1.06,35.857,23.963,29.807,23.244,4.702,6.919,6.058
25323,1.05,35.637,23.901,29.807,23.247,4.782,7.041,6.178
25324,1.046,35.798,23.924,29.817,23.247,4.702,7.001,6.179
25325,1.046,35.905,23.896,29.817,23.251,4.742,7.001,6.22
25326,1.04,36.002,23.951,29.807,23.251,4.701,6.96,6.139
25327,1.033,35.849,23.932,29.798,23.251,4.742,7.041,6.26
25328,1.056,36.011,23.947,29.846,23.265,4.864,7.082,6.302
25329,1.053,36.108,23.99,29.808,23.251,4.743,7.002,6.221
25330,1.056,36.186,23.944,29.826,23.251,4.783,6.96,6.302
25331,1.043,35.937,23.936,29.827,23.254,4.783,7.041,6.302
25332,1.059,36.098,23.979,29.827,23.247,4.824,7.001,6.302
25333,1.056,36.205,23.932,29.817,23.244,4.702,6.797,6.14
25334,1.056,36.225,23.912,29.788,23.244,4.742,6.958,6.179
25335,1.076,36.053,23.935,29.798,23.251,4.742,6.797,6.179
25336,1.076,36.166,23.986,29.807,23.244,4.783,6.836,6.179
25337,1.089,36.302,23.944,29.807,23.24,4.702,6.755,6.139
25338,1.089,36.332,23.924,29.798,23.251,4.823,6.836,6.219
25339,1.096,36.246,23.943,29.846,23.261,4.905,6.958,6.383
25340,1.115,36.398,23.955,29.837,23.254,4.825,6.878,6.222
25341,1.112,36.477,23.951,29.808,23.254,4.783,6.918,6.302
25342,1.115,36.468,23.979,29.817,23.247,4.742,6.878,6.302
25343,1.119,36.439,23.956,29.846,23.251,4.783,6.959,6.18
25344,1.115,36.573,23.932,29.817,23.251,4.783,6.919,6.261
25345,1.109,36.651,23.924,29.798,23.244,4.661,6.756,6.099
25346,1.099,36.585,23.943,29.807,23.244,4.822,6.957,6.219
25347,1.106,36.622,23.947,29.798,23.251,4.783,7.0,6.18
25348,1.106,36.738,23.936,29.798,23.247,4.824,6.919,6.139
25349,1.106,36.835,23.955,29.798,23.244,4.824,6.919,6.179
25350,1.109,36.615,23.951,29.807,23.254,4.865,7.041,6.301
25351,1.119,36.786,23.944,29.846,23.265,4.946,7.042,6.302
25352,1.109,36.864,23.979,29.808,23.251,4.907,7.042,6.302
25353,1.115,36.97,23.897,29.836,23.258,4.865,7.082,6.302
25354,1.125,36.866,23.931,29.817,23.254,4.987,7.083,6.302
25355,1.135,36.999,23.947,29.827,23.254,4.948,7.123,6.221
25356,1.122,37.077,23.959,29.788,23.24,4.785,6.921,6.098
25357,1.132,37.145,23.948,29.798,23.247,4.824,7.0,6.178
25358,1.138,37.002,23.955,29.826,23.244,4.865,7.001,6.179
25359,1.145,37.125,23.936,29.798,23.247,4.784,7.041,6.139
25360,1.148,37.27,23.951,29.798,23.251,4.824,7.042,6.179
25361,1.161,37.31,23.928,29.807,23.254,4.905,7.164,6.342
25362,1.171,37.051,23.955,29.846,23.254,4.906,7.084,6.14
25363,1.158,37.174,23.947,29.798,23.247,4.865,7.083,6.179
25364,1.148,37.299,23.928,29.836,23.258,4.906,7.164,6.179
25365,1.148,37.329,23.951,29.808,23.251,4.947,7.124,6.139
25366,1.152,37.311,23.963,29.798,23.258,4.947,7.165,6.219
25367,1.142,37.445,23.975,29.798,23.247,4.825,6.962,6.058
25368,1.122,37.523,23.928,29.798,23.254,4.865,7.082,6.137
25369,1.142,37.571,23.978,29.807,23.247,4.865,7.083,6.179
25370,1.129,37.332,23.928,29.807,23.244,4.824,7.042,6.139
25371,1.119,37.445,23.916,29.788,23.244,4.824,7.001,6.138
25372,1.122,37.523,23.947,29.807,23.251,4.987,7.204,6.26
25373,1.129,37.619,23.85,29.846,23.261,5.07,7.206,6.302
25374,1.142,37.515,23.919,29.808,23.251,4.948,7.084,6.262
25375,1.135,37.648,23.924,29.798,23.254,4.947,7.083,6.302
25376,1.135,37.726,23.994,29.817,23.258,4.947,7.123,6.18
25377,1.145,37.439,23.991,29.827,23.254,4.907,7.043,6.22
25378,1.148,37.513,23.96,29.817,23.251,4.906,6.92,6.098
25379,1.132,37.6,23.975,29.788,23.244,4.825,6.919,6.178
25380,1.129,37.706,23.959,29.807,23.251,4.865,7.0,6.179
25381,1.148,37.544,23.94,29.798,23.24,4.865,7.041,6.179
25382,1.132,37.677,23.943,29.798,23.244,4.906,6.92,6.098
25383,1.122,37.765,23.772,29.798,23.244,4.825,7.0,6.138
25384,1.116,37.871,23.911,29.817,23.258,5.027,7.123,6.341
25385,1.115,37.661,23.982,29.827,23.254,4.948,6.961,6.181
25386,1.096,37.774,23.971,29.808,23.251,4.907,6.96,6.22
25387,1.083,37.91,23.971,29.817,23.251,4.906,7.041,6.261
25388,1.073,37.968,23.944,29.798,23.258,4.947,7.001,6.262
25389,1.076,37.777,23.998,29.817,23.251,4.947,6.96,6.262
25390,1.063,37.881,23.944,29.769,23.24,4.785,6.878,6.139
25391,1.034,37.978,23.897,29.797,23.244,4.905,7.0,6.219
25392,1.043,38.055,23.97,29.778,23.251,4.865,6.96,6.22
25393,1.037,37.769,23.885,29.788,23.251,4.906,6.919,6.18
25394,1.037,37.89,23.896,29.798,23.237,4.865,7.0,6.139
25395,1.027,37.997,23.881,29.788,23.251,4.946,7.041,6.219
25396,1.037,38.046,23.966,29.836,23.272,4.947,7.164,6.383
25397,1.03,37.874,23.944,29.798,23.255,4.907,7.206,6.303
25398,1.02,37.987,23.943,29.817,23.251,4.947,7.206,6.302
25399,1.01,38.084,23.998,29.807,23.254,4.866,7.206,6.343
25400,1.007,38.45,23.964,29.817,23.254,4.946,7.328,6.303
25401,1.007,37.907,23.944,29.779,23.254,4.866,7.248,6.221
25402,0.984,37.959,23.936,29.778,23.244,4.824,7.328,6.261
25403,0.991,38.084,23.85,29.817,23.251,4.865,7.37,6.221
25404,0.968,37.893,23.919,29.798,23.247,4.824,7.289,6.139
25405,0.961,37.911,23.904,29.798,23.244,4.783,7.288,6.179
25406,0.945,38.026,24.002,29.778,23.251,4.824,7.329,6.301
25407,0.941,38.171,23.936,29.807,23.272,4.987,7.573,6.343
25408,0.938,37.808,23.947,29.798,23.255,4.785,7.413,6.262
25409,0.919,37.91,23.994,29.798,23.251,4.864,7.411,6.302
25410,0.915,38.055,23.96,29.798,23.251,4.906,7.493,6.302
25411,0.905,38.142,23.94,29.817,23.258,4.865,7.616,6.302
25412,0.892,37.884,23.951,29.807,23.247,4.906,7.413,6.262
25413,0.879,37.987,23.901,29.769,23.24,4.784,7.33,6.221
25414,0.889,38.113,23.908,29.778,23.247,4.824,7.451,6.302
25415,0.892,38.172,23.92,29.778,23.247,4.824,7.412,6.262
25416,0.882,37.789,23.947,29.769,23.24,4.743,7.371,6.262
25417,0.889,37.919,23.943,29.769,23.24,4.783,7.33,6.302
25418,0.885,38.055,23.947,29.797,23.254,4.905,7.532,6.384
25419,0.902,38.142,23.94,29.826,23.258,4.947,7.412,6.303
25420,0.886,37.846,23.955,29.798,23.251,4.866,7.411,6.302
25421,0.892,37.958,23.955,29.788,23.251,4.865,7.452,6.302
25422,0.882,38.074,23.959,29.807,23.254,4.906,7.412,6.343
25423,0.879,38.114,23.967,29.807,23.254,4.906,7.371,6.262
25424,0.869,37.961,23.928,29.788,23.24,4.744,7.33,6.139
25425,0.85,38.074,23.943,29.769,23.251,4.823,7.329,6.301
25426,0.849,38.162,23.928,29.788,23.251,4.824,7.41,6.221
25427,0.84,38.182,23.936,29.769,23.251,4.783,7.33,6.22
25428,0.83,37.751,23.916,29.759,23.244,4.824,7.289,6.18
25429,0.82,37.871,23.947,29.778,23.254,4.905,7.491,6.342
25430,0.826,38.016,23.959,29.807,23.265,4.947,7.453,6.303
25431,0.807,37.95,23.936,29.769,23.254,4.866,7.371,6.302
25432,0.813,37.93,23.955,29.788,23.247,4.906,7.411,6.343
25433,0.813,38.065,23.838,29.807,23.254,4.906,7.411,6.221
25434,0.813,38.181,23.899,29.798,23.254,4.906,7.33,6.302
25435,0.816,37.722,23.935,29.788,23.247,4.784,7.248,6.18
25436,0.8,37.775,23.943,29.769,23.244,4.783,7.328,6.179
25437,0.813,37.938,23.936,29.759,23.254,4.905,7.37,6.22
25438,0.813,38.036,23.928,29.797,23.251,4.825,7.411,6.261
25439,0.813,37.74,23.916,29.769,23.244,4.783,7.289,6.139
25440,0.813,37.9,23.939,29.769,23.251,4.864,7.369,6.341
25441,0.833,38.055,23.947,29.817,23.261,5.028,7.452,6.384
25442,0.826,38.095,23.936,29.779,23.251,4.867,7.33,6.263
25443,0.83,37.721,23.951,29.788,23.254,4.824,7.37,6.18
25444,0.817,37.832,23.901,29.778,23.254,4.824,7.411,6.301
25445,0.81,37.968,23.963,29.797,23.254,4.946,7.411,6.302
25446,0.803,38.017,23.959,29.778,23.247,4.825,7.289,6.221
25447,0.784,37.643,23.924,29.759,23.247,4.824,7.369,6.22
25448,0.797,37.793,23.943,29.788,23.251,4.824,7.289,6.261
25449,0.79,37.891,23.94,29.769,23.247,4.824,7.207,6.221
25450,0.784,37.968,23.936,29.759,23.247,4.743,7.247,6.261
25451,0.78,38.122,23.936,29.759,23.247,4.783,7.247,6.262
25452,0.797,38.297,23.955,29.826,23.265,4.986,7.45,6.384
25453,0.781,38.394,23.901,29.798,23.251,4.866,7.208,6.303
25454,0.79,38.414,23.92,29.788,23.251,4.865,7.206,6.343
25455,0.793,37.475,23.943,29.778,23.254,4.865,7.206,6.303
25456,0.793,37.59,24.01,29.797,23.268,4.865,7.247,6.384
25457,0.8,37.716,23.968,29.769,23.251,4.784,7.044,6.141
25458,0.803,37.842,23.955,29.778,23.251,4.783,7.164,6.301
25459,0.807,37.786,23.944,29.797,23.251,4.864,7.084,6.221
25460,0.81,37.919,23.932,29.778,23.24,4.784,7.083,6.18
25461,0.813,37.997,23.932,29.74,23.244,4.742,7.042,6.179
25462,0.807,37.758,23.951,29.778,23.247,4.864,7.082,6.301
25463,0.823,37.881,23.959,29.807,23.265,4.987,7.205,6.302
25464,0.813,37.978,23.893,29.788,23.248,4.866,7.125,6.221
25465,0.81,38.055,23.943,29.788,23.251,4.824,7.165,6.22
25466,0.81,37.749,23.963,29.778,23.254,4.824,7.206,6.22
25467,0.803,37.919,23.963,29.778,23.254,4.824,7.206,6.22
25468,0.803,38.026,23.963,29.788,23.251,4.743,7.043,6.139
25469,0.777,38.065,23.948,29.75,23.24,4.783,7.042,6.138
25470,0.774,37.471,23.963,29.778,23.244,4.783,7.082,6.179
25471,0.774,37.59,23.944,29.778,23.244,4.742,7.042,6.179
25472,0.771,37.697,23.951,29.75,23.244,4.823,7.042,6.139
25473,0.761,37.765,23.838,29.778,23.244,4.743,7.042,6.138
25474,0.783,37.603,23.884,29.807,23.265,4.945,7.164,6.301
25475,0.806,37.783,23.923,29.798,23.251,4.825,7.043,6.18
25476,0.8,37.833,23.963,29.798,23.251,4.865,7.082,6.179
25477,0.797,37.91,23.948,29.798,23.244,4.824,7.083,6.179
25478,0.803,37.556,23.943,29.778,23.254,4.865,7.123,6.261
25479,0.803,37.668,23.947,29.807,23.258,4.784,7.002,6.221
25480,0.803,37.784,23.932,29.769,23.244,4.661,6.919,6.098
25481,0.8,37.795,23.932,29.778,23.247,4.822,6.959,6.178
25482,0.803,37.565,23.951,29.769,23.244,4.783,6.96,6.139
25483,0.807,37.706,23.928,29.759,23.24,4.783,6.919,6.057
25484,0.794,37.813,23.893,29.769,23.247,4.742,6.878,6.137
25485,0.793,37.824,23.927,29.788,23.251,4.864,7.04,6.219
25486,0.813,37.622,23.967,29.807,23.261,4.824,6.96,6.22
25487,0.787,37.716,23.932,29.779,23.247,4.865,6.96,6.139
25488,0.784,37.823,23.932,29.778,23.251,4.784,7.041,6.219
25489,0.787,37.574,23.967,29.778,23.251,4.864,7.042,6.18
25490,0.79,37.562,23.959,29.788,23.254,4.824,7.001,6.179
25491,0.777,37.706,23.924,29.778,23.247,4.783,6.919,6.098
25492,0.774,37.746,23.939,29.74,23.247,4.702,6.919,6.178
25493,0.78,37.564,23.928,29.845,23.247,4.823,6.919,6.179
25494,0.787,37.677,23.92,29.779,23.244,4.824,6.919,6.179
25495,0.793,37.774,23.916,29.769,23.251,4.743,6.919,6.098
25496,0.79,37.833,23.959,29.749,23.244,4.783,6.878,6.138
25497,0.806,37.488,23.948,29.797,23.254,4.905,7.081,6.219
25498,0.82,37.629,23.908,29.798,23.254,4.825,7.042,6.18
25499,0.8,37.716,23.939,29.788,23.251,4.824,7.001,6.179
25500,0.803,37.794,23.936,29.788,23.247,4.824,7.123,6.179
25501,0.813,37.43,23.959,29.788,23.251,4.865,7.124,6.179
25502,0.81,37.57,23.959,29.778,23.258,4.824,7.124,6.179
25503,0.813,37.687,23.916,29.759,23.244,4.702,6.961,6.057
25504,0.803,37.726,23.924,29.749,23.247,4.742,7.082,6.178
25505,0.797,37.804,23.943,29.759,23.244,4.783,7.245,6.139
25506,0.794,37.91,23.955,29.769,23.251,4.783,7.206,6.179
25507,0.784,38.045,23.924,29.759,23.244,4.702,7.125,6.098
25508,0.787,38.085,23.928,29.778,23.244,4.823,7.327,6.219
25509,0.8,37.452,23.982,29.797,23.265,4.905,7.492,6.302
25510,0.79,37.58,23.956,29.778,23.254,4.825,7.331,6.221
25511,0.79,37.677,23.92,29.797,23.244,4.783,7.41,6.302
25512,0.79,37.707,23.971,29.769,23.251,4.742,7.411,6.262
25513,0.787,37.602,23.936,29.836,23.258,4.823,7.452,6.262
25514,0.797,37.687,23.904,29.75,23.251,4.702,7.371,6.099
25515,0.794,37.765,23.951,29.749,23.244,4.782,7.37,6.178
25516,0.803,37.708,23.99,29.759,23.247,4.783,7.411,6.179
25517,0.803,37.544,23.975,29.769,23.254,4.702,7.452,6.22
25518,0.807,37.667,23.928,29.759,23.244,4.701,7.371,6.139
25519,0.8,37.736,23.928,29.749,23.24,4.742,7.492,6.219
25520,0.82,37.458,23.955,29.807,23.261,4.986,7.575,6.261
25521,0.82,37.571,23.959,29.769,23.251,4.785,7.454,6.221
25522,0.817,37.649,23.932,29.759,23.251,4.742,7.534,6.22
25523,0.826,37.745,23.904,29.759,23.254,4.864,7.453,6.18
25524,0.813,37.439,23.927,29.778,23.254,4.865,7.452,6.261
25525,0.81,37.561,23.955,29.778,23.254,4.865,7.371,6.139
25526,0.807,37.639,23.92,29.74,23.24,4.702,7.33,6.098
25527,0.8,37.745,23.947,29.778,23.251,4.742,7.37,6.178
25528,0.8,37.497,23.92,29.769,23.251,4.783,7.33,6.139
25529,0.794,37.648,23.974,29.749,23.244,4.702,7.289,6.098
25530,0.787,37.764,23.948,29.759,23.24,4.66,7.329,6.056
25531,0.78,37.833,23.924,29.769,23.258,4.863,7.41,6.259
25532,0.8,37.488,23.951,29.817,23.265,4.906,7.411,6.221
25533,0.8,37.619,23.92,29.798,23.251,4.825,7.289,6.18
25534,0.8,37.716,23.916,29.769,23.258,4.783,7.369,6.179
25535,0.803,37.756,23.92,29.778,23.251,4.783,7.289,6.139
25536,0.8,37.43,23.971,29.769,23.247,4.864,7.329,6.219
25537,0.813,37.561,23.955,29.749,23.244,4.702,7.167,6.058
25538,0.807,37.668,23.947,29.759,23.244,4.66,7.328,6.137
25539,0.816,37.698,23.955,29.759,23.247,4.782,7.207,6.138
25540,0.813,37.333,23.912,29.749,23.24,4.783,7.328,6.098
25541,0.82,37.445,23.947,29.759,23.244,4.702,7.37,6.097
25542,0.817,37.542,23.92,29.749,23.251,4.823,7.33,6.138
25543,0.833,37.888,23.943,29.797,23.265,4.946,7.451,6.219
25544,0.826,37.527,23.932,29.769,23.251,4.703,7.371,6.098
25545,0.807,37.639,23.947,29.759,23.251,4.823,7.33,6.138
25546,0.803,37.736,23.971,29.778,23.251,4.824,7.329,6.179
25547,0.803,37.43,23.936,29.759,23.258,4.824,7.329,6.139
25548,0.803,37.465,23.943,29.759,23.247,4.905,7.289,6.057
25549,0.79,37.552,23.936,29.73,23.24,4.744,7.247,5.975
25550,0.793,37.677,23.936,29.749,23.247,4.783,7.206,6.055
25551,0.787,37.381,23.924,29.749,23.244,4.702,7.247,6.178
25552,0.784,37.493,23.924,29.778,23.247,4.701,7.288,6.057
25553,0.78,37.59,23.932,29.807,23.251,4.782,7.207,6.137
25554,0.8,37.716,23.912,29.788,23.258,4.905,7.369,6.219
25555,0.803,37.362,23.924,29.769,23.247,4.825,7.289,6.139
25556,0.787,37.474,23.978,29.769,23.247,4.783,7.288,6.138
25557,0.806,37.609,23.94,29.769,23.254,4.864,7.288,6.179
25558,0.813,37.678,23.951,29.788,23.251,4.824,7.288,6.139
25559,0.813,37.4,23.936,29.769,23.251,4.743,7.247,6.098
25560,0.803,37.503,23.924,29.73,23.244,4.701,7.166,6.056
25561,0.816,37.658,23.928,29.749,23.251,4.782,7.287,6.056
25562,0.81,37.697,23.928,29.759,23.244,4.783,7.207,6.056
25563,0.813,37.218,23.936,29.74,23.244,4.742,7.165,6.056
25564,0.803,37.348,23.869,29.749,23.247,4.783,7.246,6.137
25565,0.813,37.464,23.923,29.807,23.265,4.946,7.369,6.219
25566,0.816,37.494,23.908,29.769,23.254,4.785,7.208,6.18
25567,0.784,37.283,23.92,29.759,23.251,4.864,7.287,6.139
25568,0.79,37.444,23.935,29.759,23.258,4.743,7.288,6.179
25569,0.797,37.542,23.951,29.778,23.254,4.823,7.288,6.139
25570,0.787,37.552,23.94,29.778,23.251,4.783,7.125,6.057
25571,0.767,37.361,23.92,29.73,23.247,4.661,7.083,6.137
25572,0.777,37.512,23.955,29.759,23.251,4.822,7.205,6.138
25573,0.777,37.6,23.944,29.759,23.247,4.702,7.165,6.098
25574,0.79,37.39,23.897,29.749,23.244,4.701,7.084,5.975
25575,0.784,37.311,23.92,29.759,23.254,4.701,7.123,6.137
25576,0.787,37.454,23.928,29.778,23.258,4.945,7.287,6.26
25577,0.803,37.561,23.904,29.769,23.254,4.785,7.125,6.099
25578,0.803,37.14,23.9,29.769,23.247,4.742,7.205,6.138
25579,0.797,37.251,23.896,29.759,23.251,4.823,7.206,6.138
25580,0.8,37.377,23.935,29.759,23.258,4.865,7.165,6.179
25581,0.81,37.436,23.963,29.749,23.251,4.906,7.165,6.017
25582,0.8,37.254,23.936,29.74,23.244,4.703,7.002,6.056
25583,0.8,37.396,23.928,29.759,23.251,4.863,7.082,6.097
25584,0.79,37.522,23.912,29.759,23.244,4.865,7.123,6.056
25585,0.793,37.591,23.939,29.749,23.244,4.743,7.124,6.015
25586,0.78,37.083,23.897,29.73,23.244,4.783,7.043,6.056
25587,0.777,37.25,23.904,29.768,23.254,4.824,7.204,6.219
25588,0.784,37.406,23.912,29.788,23.254,4.905,7.125,6.139
25589,0.774,37.417,23.924,29.759,23.247,4.865,7.083,6.138
25590,0.777,37.216,23.912,29.769,23.251,4.865,7.164,6.138
25591,0.771,37.357,23.939,29.749,23.254,4.906,7.124,6.219
25592,0.77,37.474,23.951,29.768,23.251,4.906,7.124,6.098
25593,0.774,37.513,23.92,29.74,23.237,4.703,7.002,6.016
25594,0.764,37.14,23.908,29.74,23.251,4.863,7.123,6.178
25595,0.783,37.289,23.935,29.749,23.247,4.865,7.083,6.057
25596,0.777,37.406,23.947,29.74,23.247,4.824,7.002,6.015
25597,0.784,37.417,23.932,29.74,23.24,4.824,7.001,6.056
25598,0.787,37.072,23.9,29.759,23.254,4.905,7.041,6.137
25599,0.806,37.241,23.931,29.807,23.265,5.069,7.123,6.179
25600,0.797,37.338,23.939,29.759,23.251,4.908,7.043,6.139
25601,0.81,37.368,23.936,29.749,23.247,4.906,7.042,6.098
25602,0.81,37.253,23.947,29.759,23.254,4.947,7.123,6.178
25603,0.803,37.367,23.92,29.759,23.251,4.988,7.043,6.057
25604,0.787,37.464,23.916,29.749,23.244,4.907,6.96,6.015
25605,0.774,37.024,23.916,29.74,23.251,4.906,7.041,6.096
25606,0.78,37.097,23.963,29.749,23.247,4.906,7.001,6.056
25607,0.777,37.222,23.94,29.749,23.251,4.906,7.041,6.015
25608,0.777,37.338,23.924,29.749,23.244,4.865,7.001,6.015
25609,0.761,37.033,23.943,29.74,23.247,4.906,7.082,6.137
25610,0.793,37.221,23.932,29.797,23.261,5.069,7.245,6.219
25611,0.78,37.319,23.92,29.759,23.251,4.948,7.125,6.058
25612,0.777,37.387,23.963,29.759,23.258,4.947,7.124,6.137
25613,0.774,36.995,23.928,29.759,23.254,4.947,7.205,6.098
25614,0.787,37.135,23.92,29.759,23.258,4.947,7.287,6.178
25615,0.79,37.251,23.924,29.749,23.251,4.907,7.085,6.017
25616,0.774,37.271,23.974,29.73,23.247,4.906,7.164,6.056
25617,0.784,37.07,23.952,29.739,23.247,4.947,7.206,6.137
25618,0.787,37.212,23.936,29.749,23.247,4.947,7.165,6.016
25619,0.793,37.329,23.936,29.73,23.244,4.866,7.124,6.096
25620,0.8,37.378,23.924,29.72,23.244,4.906,7.124,6.056
25621,0.803,37.023,23.959,29.778,23.258,5.069,7.327,6.259
25622,0.81,37.173,23.916,29.778,23.254,4.989,7.167,6.058
25623,0.8,37.271,23.912,29.75,23.251,4.988,7.206,6.056
25624,0.79,37.31,23.912,29.749,23.247,4.948,7.247,6.097
25625,0.787,37.09,23.947,29.768,23.254,5.029,7.125,6.138
25626,0.78,37.222,23.975,29.759,23.254,4.989,7.205,6.098
25627,0.774,37.31,23.909,29.721,23.24,4.826,7.043,5.975
25628,0.754,37.656,23.943,29.73,23.247,4.987,7.123,6.015
25629,0.767,37.084,23.901,29.759,23.251,4.907,7.165,6.015
25630,0.757,37.183,23.912,29.74,23.247,4.906,7.124,5.974
25631,0.754,37.29,23.928,29.73,23.244,4.865,7.165,5.974
25632,0.754,37.176,23.908,29.759,23.254,4.987,7.287,6.137
25633,0.774,37.251,23.947,29.769,23.258,5.07,7.288,6.057
25634,0.767,37.348,23.893,29.749,23.251,4.948,7.288,6.097
25635,0.774,37.426,23.939,29.74,23.251,4.988,7.288,6.138
25636,0.777,36.976,23.943,29.749,23.254,4.948,7.288,6.098
25637,0.777,37.077,23.947,29.768,23.254,4.988,7.369,6.097
25638,0.784,37.212,23.967,29.749,23.244,4.866,7.167,5.975
25639,0.774,37.261,23.901,29.72,23.244,4.906,7.328,6.015
25640,0.79,36.945,23.908,29.759,23.244,4.947,7.329,6.056
25641,0.787,37.077,23.939,29.73,23.24,4.907,7.248,5.975
25642,0.787,37.183,23.885,29.739,23.251,4.906,7.288,5.974
25643,0.79,37.271,23.919,29.74,23.251,4.947,7.369,6.055
25644,0.79,37.07,23.916,29.778,23.272,5.069,7.492,6.097
25645,0.784,37.183,23.959,29.75,23.248,4.989,7.371,6.138
25646,0.784,37.299,23.905,29.759,23.251,4.948,7.452,6.016
25647,0.767,37.358,23.904,29.74,23.258,4.947,7.412,6.096
25648,0.774,37.023,23.92,29.759,23.254,4.947,7.452,6.138
25649,0.774,37.154,23.908,29.749,23.251,4.866,7.371,5.976
25650,0.758,37.232,23.896,29.72,23.244,4.906,7.37,6.096
25651,0.757,37.3,23.916,29.749,23.251,4.906,7.452,6.056
25652,0.764,36.965,23.889,29.74,23.251,4.906,7.412,5.975
25653,0.741,37.077,23.927,29.74,23.237,4.865,7.411,6.015
25654,0.751,37.212,23.9,29.74,23.247,4.906,7.493,6.137
25655,0.77,37.252,23.955,29.768,23.258,5.109,7.575,6.098
25656,0.77,36.974,23.901,29.73,23.251,4.908,7.454,6.016
25657,0.764,37.096,23.908,29.749,23.244,4.906,7.412,6.096
25658,0.777,37.184,23.927,29.759,23.247,4.947,7.493,6.056
25659,0.787,37.501,23.869,29.759,23.254,4.947,7.534,6.097
25660,0.784,37.648,23.911,29.749,23.247,4.866,7.331,5.975
25661,0.777,37.745,23.924,29.74,23.247,4.906,7.329,6.015
25662,0.78,37.823,23.889,29.73,23.251,4.865,7.37,5.974
25663,0.797,36.692,23.927,29.739,23.251,4.824,7.37,6.055
25664,0.777,36.681,23.912,29.74,23.24,4.865,7.37,6.015
25665,0.774,36.805,23.947,29.73,23.251,4.824,7.452,6.056
25666,0.784,36.941,23.936,29.778,23.261,5.027,7.493,6.178
25667,0.767,37.029,23.904,29.759,23.254,4.948,7.494,6.057
25668,0.761,37.164,23.912,29.73,23.247,4.907,7.412,6.056
25669,0.764,37.28,23.908,29.749,23.251,4.947,7.452,6.137
25670,0.764,37.387,23.927,29.768,23.258,4.947,7.452,6.138
25671,0.751,36.87,23.943,29.74,23.247,4.825,7.29,6.016
25672,0.738,36.98,23.904,29.72,23.244,4.824,7.41,6.056
25673,0.754,37.134,23.935,29.749,23.251,4.905,7.452,6.056
25674,0.761,37.194,23.889,29.74,23.244,4.865,7.371,6.056
25675,0.774,37.165,23.9,29.73,23.24,4.824,7.33,5.975
25676,0.767,37.309,23.947,29.73,23.251,4.905,7.41,6.137
25677,0.777,37.483,23.936,29.778,23.261,5.028,7.452,6.179
25678,0.777,37.494,23.924,29.759,23.244,4.867,7.412,6.139
25679,0.777,36.746,23.877,29.74,23.247,4.906,7.371,6.179
25680,0.78,36.883,23.888,29.759,23.251,4.906,7.37,6.139
25681,0.793,36.98,23.931,29.759,23.251,4.906,7.411,6.179
25682,0.787,37.01,23.9,29.749,23.244,4.825,7.33,6.017
25683,0.784,37.001,23.92,29.72,23.244,4.824,7.207,6.056
25684,0.774,37.154,23.896,29.73,23.254,4.824,7.247,6.056
25685,0.767,37.251,23.966,29.739,23.247,4.824,7.288,6.097
25686,0.761,37.377,23.967,29.73,23.251,4.783,7.207,6.016
25687,0.754,36.947,23.932,29.72,23.244,4.864,7.206,6.015
25688,0.761,37.096,23.967,29.739,23.258,4.987,7.369,6.178
25689,0.77,37.212,23.948,29.749,23.251,4.948,7.248,6.057
25690,0.767,36.935,23.932,29.749,23.254,4.785,7.288,6.137
25691,0.757,36.971,23.928,29.749,23.251,4.905,7.288,6.098
25692,0.754,37.106,23.924,29.768,23.251,4.947,7.329,6.178
25693,0.754,37.222,23.928,29.759,23.251,4.825,7.248,6.017
25694,0.754,36.811,23.881,29.721,23.24,4.743,7.125,6.015
25695,0.748,36.922,23.931,29.739,23.244,4.864,7.246,6.096
25696,0.764,37.076,23.939,29.73,23.247,4.784,7.247,6.016
25697,0.764,37.155,23.932,29.739,23.244,4.864,7.166,6.096
25698,0.774,36.849,23.912,29.73,23.24,4.784,7.246,6.056
25699,0.771,37.008,23.877,29.739,23.254,4.946,7.288,6.259
25700,0.783,37.173,23.912,29.778,23.265,4.947,7.329,6.221
25701,0.784,37.204,23.935,29.74,23.251,4.866,7.289,6.139
25702,0.777,36.763,23.881,29.749,23.254,4.906,7.329,6.098
25703,0.78,36.912,23.912,29.759,23.251,4.906,7.37,6.138
25704,0.777,37.019,23.912,29.769,23.254,4.906,7.33,6.138
25705,0.771,37.087,23.928,29.721,23.244,4.703,7.207,6.016
25706,0.757,36.915,23.865,29.739,23.244,4.823,7.287,6.096
25707,0.754,37.105,23.931,29.74,23.251,4.824,7.247,6.097
25708,0.751,37.203,23.912,29.72,23.244,4.824,7.247,6.138
25709,0.754,37.252,23.904,29.73,23.244,4.783,7.247,6.057
25710,0.744,36.715,23.892,29.73,23.247,4.824,7.288,6.097
25711,0.751,36.882,23.955,29.778,23.258,4.987,7.451,6.26
25712,0.751,36.98,23.92,29.75,23.251,4.826,7.33,6.099
25713,0.748,36.991,23.885,29.759,23.254,4.824,7.329,6.097
25714,0.757,36.991,23.892,29.749,23.251,4.905,7.289,6.138
25715,0.764,37.096,23.92,29.759,23.258,4.865,7.329,6.179
25716,0.767,37.212,23.928,29.769,23.251,4.824,7.248,6.057
25717,0.764,36.887,23.908,29.721,23.24,4.702,7.166,6.015
25718,0.777,36.827,23.912,29.749,23.254,4.823,7.328,6.056
25719,0.78,36.941,23.881,29.749,23.237,4.824,7.289,6.056
25720,0.767,37.029,23.888,29.74,23.244,4.783,7.288,6.056
25721,0.774,36.751,23.962,29.72,23.244,4.742,7.288,6.137
25722,0.774,36.892,23.905,29.768,23.258,4.905,7.532,6.179
25723,0.793,37.057,23.939,29.769,23.251,4.947,7.453,6.139
25724,0.774,37.097,23.889,29.749,23.251,4.907,7.371,6.098
25725,0.761,36.8,23.931,29.749,23.251,4.825,7.411,6.097
25726,0.77,36.941,23.9,29.759,23.254,4.865,7.411,6.178
25727,0.767,37.077,23.904,29.778,23.254,4.865,7.452,6.098
25728,0.764,37.126,23.92,29.74,23.244,4.784,7.29,5.935
25729,0.741,36.57,23.877,29.711,23.251,4.783,7.369,6.055
25730,0.754,36.756,23.923,29.739,23.244,4.824,7.411,6.056
25731,0.744,36.864,23.916,29.73,23.247,4.824,7.33,6.056
25732,0.741,36.903,23.892,29.749,23.237,4.743,7.37,6.015
25733,0.741,36.808,23.896,29.749,23.247,4.823,7.411,6.137
25734,0.764,36.97,23.904,29.759,23.254,4.987,7.533,6.179
25735,0.77,37.096,23.931,29.74,23.247,4.866,7.494,6.057
25736,0.764,37.097,23.928,29.759,23.247,4.824,7.453,6.137
25737,0.77,36.714,23.92,29.759,23.265,4.905,7.412,6.138
25738,0.774,36.863,23.892,29.749,23.254,4.947,7.533,6.138
25739,0.774,36.951,23.881,29.749,23.251,4.825,7.494,6.057
25740,0.774,36.962,23.9,29.73,23.244,4.743,7.371,6.015
25741,0.774,36.664,23.955,29.73,23.251,4.783,7.452,6.056
25742,0.784,36.796,23.924,29.739,23.244,4.824,7.452,6.056
25743,0.78,36.902,23.908,29.74,23.251,4.783,7.493,5.975
25744,0.774,36.884,23.896,29.73,23.244,4.783,7.412,6.055
25745,0.767,36.788,23.951,29.768,23.258,4.986,7.574,6.219
25746,0.78,36.931,23.959,29.769,23.254,4.826,7.454,6.139
25747,0.754,37.0,23.959,29.74,23.254,4.824,7.412,6.138
25748,0.757,36.732,23.936,29.768,23.251,4.905,7.493,6.098
25749,0.748,36.825,23.9,29.759,23.251,4.865,7.494,6.097
25750,0.751,36.96,23.896,29.74,23.251,4.865,7.412,6.138
25751,0.741,37.029,23.916,29.73,23.237,4.702,7.33,6.057
25752,0.744,36.617,23.896,29.759,23.247,4.823,7.492,6.178
25753,0.738,36.747,23.908,29.759,23.247,4.743,7.412,6.098
25754,0.747,36.864,23.892,29.73,23.244,4.783,7.371,6.056
25755,0.744,36.922,23.935,29.739,23.244,4.742,7.37,6.056
25756,0.773,36.616,23.928,29.759,23.254,4.986,7.614,6.259
25757,0.78,36.795,23.916,29.769,23.251,4.826,7.454,6.18
25758,0.774,36.883,23.9,29.759,23.247,4.824,7.412,6.139
25759,0.754,36.951,23.935,29.769,23.254,4.824,7.452,6.179
25760,0.78,36.53,23.916,29.778,23.254,4.905,7.493,6.22
25761,0.787,36.67,23.943,29.759,23.254,4.825,7.494,6.139
25762,0.784,36.767,23.854,29.701,23.24,4.743,7.371,6.057
25763,0.784,36.835,23.884,29.739,23.254,4.823,7.533,6.056
25764,0.777,36.577,23.919,29.74,23.244,4.783,7.453,6.097
25765,0.771,36.718,23.955,29.73,23.244,4.783,7.371,6.138
25766,0.764,36.844,23.85,29.739,23.24,4.783,7.37,6.057
25767,0.764,36.884,23.907,29.749,23.258,4.905,7.573,6.219
25768,0.77,36.635,23.912,29.778,23.254,4.865,7.454,6.058
25769,0.754,36.728,23.865,29.75,23.251,4.906,7.493,6.137
25770,0.751,36.863,23.892,29.749,23.254,4.906,7.494,6.138
25771,0.741,37.2,23.923,29.759,23.254,4.865,7.534,6.179
25772,0.747,36.648,23.896,29.778,23.254,4.906,7.534,6.139
25773,0.738,36.757,23.896,29.702,23.244,4.744,7.372,6.057
25774,0.747,36.854,23.877,29.749,23.254,4.783,7.492,6.056
25775,0.76,36.567,23.951,29.749,23.251,4.824,7.412,6.178
25776,0.757,36.555,23.877,29.74,23.244,4.783,7.371,6.098
25777,0.761,36.66,23.915,29.72,23.24,4.824,7.452,6.016
25778,0.761,36.786,23.92,29.749,23.251,4.865,7.493,6.218
25779,0.777,36.643,23.885,29.778,23.261,4.946,7.494,6.22
25780,0.777,36.748,23.904,29.769,23.254,4.785,7.494,6.139
25781,0.78,36.854,23.916,29.74,23.251,4.864,7.412,6.098
25782,0.777,36.97,23.865,29.749,23.254,4.906,7.493,6.138
25783,0.787,36.338,23.904,29.759,23.254,4.825,7.453,6.138
25784,0.774,36.476,23.908,29.74,23.251,4.743,7.371,5.976
25785,0.758,36.583,23.947,29.72,23.251,4.823,7.452,6.055
25786,0.767,36.67,23.865,29.749,23.251,4.824,7.371,6.056
25787,0.754,36.47,23.919,29.749,23.247,4.783,7.37,6.015
25788,0.751,36.602,23.916,29.73,23.244,4.824,7.289,5.974
25789,0.748,36.718,23.881,29.739,23.254,4.905,7.369,6.137
25790,0.764,36.825,23.912,29.778,23.261,4.987,7.492,6.098
25791,0.761,36.5,23.939,29.75,23.254,4.826,7.371,6.056
25792,0.741,36.631,23.889,29.749,23.251,4.987,7.33,6.137
25793,0.741,36.747,23.896,29.759,23.254,4.826,7.41,6.098
25794,0.76,36.787,23.916,29.759,23.254,4.905,7.452,6.056
25795,0.767,36.452,23.951,29.74,23.24,4.744,7.29,5.934
25796,0.751,36.554,23.889,29.73,23.24,4.823,7.288,6.096
25797,0.777,36.699,23.904,29.759,23.254,4.824,7.369,6.056
25798,0.774,36.719,23.904,29.749,23.251,4.783,7.33,6.056
25799,0.774,36.403,23.857,29.749,23.244,4.783,7.289,6.056
25800,0.764,36.544,23.88,29.74,23.24,4.824,7.369,6.137
25801,0.78,36.679,23.966,29.778,23.261,4.987,7.492,6.138
25802,0.784,36.479,23.877,29.75,23.254,4.907,7.412,6.057
25803,0.78,36.391,23.869,29.749,23.244,4.825,7.33,6.015
25804,0.774,36.534,23.872,29.74,23.258,4.824,7.37,6.137
25805,0.78,36.612,23.912,29.749,23.254,4.865,7.37,6.057
25806,0.774,36.344,23.877,29.749,23.251,4.824,7.33,6.015
25807,0.754,36.428,23.9,29.711,23.247,4.783,7.289,6.056
25808,0.748,36.592,23.896,29.739,23.251,4.824,7.369,6.056
25809,0.754,36.67,23.865,29.749,23.251,4.824,7.33,6.056
25810,0.754,36.268,23.876,29.72,23.244,4.783,7.289,5.975
25811,0.735,36.399,23.951,29.72,23.244,4.783,7.369,6.137
25812,0.747,36.525,23.904,29.759,23.261,4.986,7.533,6.219
25813,0.751,36.622,23.912,29.759,23.251,4.826,7.331,6.058
25814,0.757,36.325,23.904,29.759,23.251,4.905,7.37,6.097
25815,0.757,36.457,23.904,29.74,23.254,4.947,7.37,6.097
25816,0.757,36.573,23.896,29.749,23.261,4.907,7.37,6.178
25817,0.764,36.67,23.869,29.759,23.251,4.906,7.37,6.057
25818,0.764,36.259,23.865,29.73,23.24,4.784,7.208,6.056
25819,0.761,36.418,23.876,29.749,23.251,4.824,7.287,6.056
25820,0.774,36.553,23.869,29.749,23.251,4.824,7.288,6.015
25821,0.777,36.593,23.939,29.73,23.24,4.783,7.166,6.015
25822,0.761,36.335,23.873,29.739,23.244,4.702,7.084,6.015
25823,0.77,36.505,23.908,29.74,23.251,4.904,7.327,6.137
25824,0.774,36.641,23.935,29.759,23.258,4.906,7.289,6.138
25825,0.758,36.652,23.947,29.749,23.251,4.825,7.288,6.098
25826,0.757,36.249,23.873,29.73,23.251,4.905,7.288,6.056
25827,0.751,36.408,23.872,29.759,23.251,4.906,7.247,6.137
25828,0.748,36.525,23.888,29.769,23.258,4.906,7.247,6.016
25829,0.744,36.641,23.841,29.73,23.247,4.744,7.084,6.015
25830,0.734,36.479,23.88,29.739,23.254,4.823,7.164,6.015
25831,0.747,36.631,23.955,29.74,23.247,4.865,7.124,6.056
25832,0.741,36.709,23.858,29.74,23.244,4.865,7.124,6.056
25833,0.731,36.125,23.911,29.749,23.247,4.784,7.083,6.015
25834,0.744,36.129,23.924,29.749,23.251,4.783,7.123,6.178
25835,0.747,36.263,23.955,29.768,23.258,4.986,7.246,6.139
25836,0.757,36.379,23.889,29.749,23.251,4.866,7.125,6.057
25837,0.751,36.304,23.873,29.749,23.254,4.865,7.124,6.137
25838,0.754,36.456,23.892,29.768,23.251,4.946,7.124,6.098
25839,0.767,36.554,23.802,29.778,23.251,4.907,7.124,6.138
25840,0.77,36.66,23.88,29.769,23.254,4.865,7.124,6.057
25841,0.764,36.144,23.931,29.702,23.24,4.662,6.961,5.975
25842,0.761,36.301,23.83,29.768,23.251,4.904,7.041,6.055
25843,0.777,36.418,23.899,29.73,23.247,4.825,7.001,6.015
25844,0.761,36.477,23.896,29.73,23.244,4.783,6.919,5.974
25845,0.751,36.161,23.951,29.73,23.247,4.824,7.0,5.974
25846,0.748,36.321,23.858,29.768,23.254,4.905,7.163,6.177
25847,0.764,36.466,23.911,29.769,23.251,4.865,7.002,6.139
25848,0.748,36.496,23.928,29.749,23.254,4.865,7.001,6.098
25849,0.741,36.19,23.854,29.749,23.251,4.784,7.001,6.138
25850,0.741,36.331,23.911,29.74,23.247,4.905,7.001,6.138
25851,0.744,36.466,23.931,29.768,23.254,4.947,7.001,6.098
25852,0.738,36.477,23.865,29.73,23.244,4.744,6.879,6.016
25853,0.721,36.151,23.88,29.749,23.251,4.823,6.959,6.056
25854,0.734,36.301,23.873,29.74,23.247,4.865,6.919,6.015
25855,0.741,36.389,23.947,29.749,23.244,4.784,6.919,6.015
25856,0.747,36.448,23.869,29.74,23.244,4.742,6.837,5.974
25857,0.754,36.209,23.911,29.768,23.247,4.864,6.999,6.137
25858,0.764,36.36,23.924,29.778,23.265,4.946,6.879,6.057
25859,0.757,36.447,23.842,29.759,23.251,4.825,6.918,6.137
25860,0.757,36.247,23.911,29.749,23.251,4.865,6.959,6.098
25861,0.767,36.255,23.951,29.74,23.258,4.865,6.919,6.097
25862,0.774,36.398,23.873,29.778,23.251,4.906,7.0,6.016
25863,0.774,36.467,23.88,29.721,23.244,4.744,6.797,5.934
25864,0.751,36.055,23.884,29.73,23.244,4.823,6.958,6.055
25865,0.754,36.185,23.935,29.749,23.244,4.865,6.96,5.975
25866,0.751,36.302,23.912,29.749,23.244,4.824,6.878,5.974
25867,0.744,36.389,23.908,29.72,23.24,4.743,6.877,6.055
25868,0.741,36.103,23.916,29.749,23.251,4.823,6.959,6.056
25869,0.744,36.291,23.877,29.778,23.261,4.946,7.082,6.137
25870,0.738,36.408,23.888,29.75,23.251,4.825,6.839,6.057
25871,0.738,36.477,23.927,29.749,23.247,4.865,6.918,6.137
25872,0.738,35.988,23.865,29.749,23.258,4.824,6.919,6.219
25873,0.741,36.127,23.884,29.759,23.258,4.865,6.959,6.058
25874,0.738,36.234,23.877,29.73,23.244,4.743,6.797,5.975
25875,0.738,36.283,23.954,29.72,23.244,4.783,6.877,6.137
25876,0.738,36.121,23.905,29.749,23.244,4.824,6.796,6.138
25877,0.751,36.292,23.9,29.73,23.244,4.783,6.795,6.057
25878,0.754,36.408,23.884,29.72,23.24,4.742,6.795,6.056
25879,0.754,36.429,23.849,29.749,23.251,4.823,6.877,6.137
25880,0.77,36.065,23.903,29.778,23.261,4.987,6.918,6.219
25881,0.77,36.166,23.935,29.74,23.251,4.785,6.796,6.058
25882,0.764,36.273,23.9,29.749,23.247,4.783,6.877,6.097
25883,0.77,36.312,23.892,29.759,23.247,4.824,6.837,6.138
25884,0.764,36.198,23.896,29.749,23.254,4.865,6.877,6.179
25885,0.761,36.283,23.959,29.74,23.247,4.784,6.674,6.017
25886,0.754,36.38,23.85,29.74,23.233,4.702,6.753,6.056
25887,0.754,36.285,23.907,29.74,23.247,4.823,6.754,6.056
25888,0.744,36.101,23.916,29.74,23.244,4.783,6.836,6.097
25889,0.744,36.224,23.892,29.74,23.244,4.783,6.796,6.097
25890,0.744,36.331,23.9,29.73,23.244,4.742,6.795,6.138
25891,0.741,36.016,23.92,29.768,23.261,4.986,7.039,6.26
25892,0.751,36.118,23.881,29.778,23.251,4.826,6.879,6.139
25893,0.741,36.224,23.916,29.75,23.251,4.783,6.837,6.138
25894,0.754,36.321,23.877,29.759,23.251,4.742,6.918,6.219
25895,0.764,36.006,23.919,29.759,23.251,4.864,7.0,6.18
25896,0.774,36.137,23.916,29.759,23.258,4.743,6.96,6.22
25897,0.784,36.263,23.904,29.721,23.241,4.62,6.797,5.976
25898,0.767,36.351,23.908,29.759,23.254,4.741,6.836,6.137
25899,0.774,35.949,23.83,29.749,23.247,4.783,6.837,6.179
25900,0.777,36.079,23.888,29.749,23.251,4.742,6.837,6.098
25901,0.793,36.205,23.927,29.72,23.247,4.701,6.796,6.097
25902,0.797,36.273,23.85,29.73,23.247,4.863,6.917,6.219
25903,0.816,35.996,23.903,29.778,23.268,4.946,6.959,6.18
25904,0.81,36.099,23.9,29.74,23.251,4.785,6.878,6.22
25905,0.8,36.224,23.927,29.759,23.254,4.742,6.796,6.22
25906,0.816,36.302,23.85,29.759,23.251,4.905,6.836,6.22
25907,0.816,35.939,23.927,29.759,23.251,4.825,6.877,6.18
25908,0.81,36.069,23.877,29.749,23.244,4.702,6.715,6.017
25909,0.807,36.157,23.818,29.73,23.24,4.742,6.672,6.096
25910,0.82,36.234,23.891,29.739,23.244,4.783,6.672,6.138
25911,0.82,35.967,23.927,29.759,23.247,4.783,6.672,6.179
25912,0.813,36.108,23.865,29.74,23.237,4.742,6.753,6.179
25913,0.816,36.234,23.9,29.73,23.247,4.742,6.714,6.179
25914,0.82,36.485,23.912,29.778,23.261,4.864,6.794,6.342
25915,0.839,35.94,23.959,29.769,23.254,4.743,6.714,6.221
25916,0.826,36.06,23.877,29.769,23.254,4.864,6.713,6.18
25917,0.817,36.166,23.892,29.769,23.258,4.865,6.713,6.22
25918,0.829,36.033,23.9,29.769,23.254,4.824,6.876,6.22
25919,0.843,36.118,23.892,29.759,23.251,4.865,6.877,6.22
25920,0.83,36.224,23.873,29.73,23.24,4.702,6.674,6.098
25921,0.83,36.302,23.912,29.749,23.251,4.701,6.794,6.138
25922,0.852,35.881,23.904,29.74,23.247,4.742,6.755,6.179
25923,0.849,36.011,23.892,29.749,23.244,4.742,6.795,6.139
25924,0.849,36.108,23.927,29.74,23.244,4.742,6.795,6.057
25925,0.849,36.196,23.963,29.74,23.247,4.823,6.877,6.341
25926,0.859,35.918,23.932,29.787,23.265,4.946,6.959,6.221
25927,0.853,36.031,23.924,29.759,23.251,4.825,6.878,6.22
25928,0.859,36.147,23.896,29.749,23.247,4.783,6.837,6.18
25929,0.846,36.234,23.83,29.768,23.254,4.824,6.918,6.179
25930,0.853,35.832,23.884,29.769,23.254,4.824,6.919,6.139
25931,0.836,35.953,23.916,29.759,23.244,4.743,6.796,6.057
25932,0.817,36.05,23.85,29.73,23.247,4.701,6.836,6.178
25933,0.829,36.138,23.884,29.759,23.251,4.742,6.958,6.057
25934,0.849,36.033,23.877,29.749,23.251,4.783,6.96,6.137
25935,0.862,36.137,23.943,29.749,23.244,4.824,6.878,6.057
25936,0.866,36.273,23.881,29.759,23.244,4.702,6.959,6.137
25937,0.882,36.341,23.919,29.788,23.265,4.945,7.082,6.219
25938,0.885,35.843,23.935,29.759,23.254,4.785,6.961,6.18
25939,0.885,35.972,23.842,29.797,23.244,4.783,6.878,6.22
25940,0.876,36.098,23.888,29.778,23.254,4.742,6.959,6.18
25941,0.885,36.1,23.947,29.759,23.247,4.864,7.0,6.179
25942,0.879,35.908,23.819,29.778,23.251,4.824,6.879,6.098
25943,0.866,35.992,23.891,29.73,23.24,4.702,6.837,5.975
25944,0.849,36.108,23.923,29.749,23.247,4.823,6.918,6.177
25945,0.836,35.918,23.967,29.759,23.247,4.743,6.878,6.098
25946,0.839,35.858,23.858,29.749,23.244,4.742,6.837,6.097
25947,0.83,35.992,23.884,29.74,23.251,4.783,6.796,6.016
25948,0.836,36.108,23.88,29.768,23.258,4.864,6.999,6.259
25949,0.846,35.831,23.857,29.778,23.261,4.946,7.082,6.18
25950,0.836,35.924,23.88,29.75,23.251,4.785,6.961,6.098
25951,0.813,36.021,23.916,29.759,23.251,4.783,6.96,6.26
25952,0.816,36.118,23.861,29.788,23.258,4.864,7.041,6.18
25953,0.81,35.812,23.896,29.778,23.254,4.865,6.96,6.261
25954,0.794,35.924,23.861,29.74,23.244,4.702,6.797,6.017
25955,0.793,36.031,23.943,29.74,23.247,4.742,6.958,6.178
25956,0.79,36.128,23.901,29.749,23.247,4.783,6.878,6.139
25957,0.793,35.736,23.881,29.768,23.251,4.702,6.877,6.138
25958,0.787,35.875,23.892,29.74,23.244,4.742,6.837,6.057
25959,0.777,35.982,23.9,29.787,23.251,4.905,6.999,6.341
25960,0.793,36.098,23.912,29.798,23.251,4.825,6.919,6.221
25961,0.787,35.735,23.928,29.769,23.251,4.824,6.919,6.22
25962,0.787,35.895,23.873,29.769,23.254,4.824,7.0,6.22
25963,0.78,36.021,23.892,29.778,23.254,4.824,6.96,6.22
25964,0.774,36.051,23.896,29.788,23.254,4.824,6.878,6.139
25965,0.758,35.783,23.92,29.74,23.24,4.661,6.755,6.098
25966,0.757,35.905,23.877,29.768,23.247,4.782,6.836,6.178
25967,0.748,36.04,23.896,29.759,23.247,4.824,6.796,6.179
25968,0.741,36.08,23.884,29.769,23.247,4.743,6.795,6.139
25969,0.728,35.802,23.849,29.759,23.237,4.783,6.795,6.138
25970,0.721,35.943,23.884,29.769,23.247,4.824,6.877,6.219
25971,0.731,36.079,23.939,29.797,23.258,4.987,6.918,6.18
25972,0.725,36.195,23.877,29.769,23.251,4.744,6.796,6.22
25973,0.715,36.12,23.88,29.759,23.247,4.823,6.795,6.18
25974,0.715,36.244,23.904,29.788,23.251,4.824,6.917,6.261
25975,0.718,36.341,23.927,29.778,23.258,4.865,6.837,6.262
25976,0.724,35.709,23.889,29.788,23.247,4.743,6.714,6.099
25977,0.715,35.683,23.912,29.769,23.247,4.742,6.794,6.138
25978,0.728,35.856,23.857,29.778,23.247,4.783,6.877,6.098
25979,0.698,35.925,23.868,29.797,23.24,4.783,6.877,6.138
25980,0.721,35.686,23.849,29.75,23.247,4.661,6.796,6.138
25981,0.728,35.817,23.935,29.768,23.244,4.741,6.917,6.179
25982,0.725,35.972,23.83,29.807,23.265,4.945,6.919,6.301
25983,0.734,36.05,23.868,29.779,23.254,4.785,6.919,6.18
25984,0.715,35.668,23.911,29.778,23.247,4.824,6.919,6.179
25985,0.711,35.817,23.939,29.788,23.251,4.824,6.919,6.261
25986,0.715,35.943,23.885,29.798,23.251,4.824,7.0,6.262
25987,0.711,36.031,23.857,29.798,23.251,4.743,6.879,6.139
25988,0.698,35.677,23.865,29.759,23.237,4.783,6.837,6.098
25989,0.695,35.827,23.872,29.778,23.251,4.783,6.877,6.26
25990,0.701,35.953,23.869,29.778,23.244,4.783,6.877,6.139
25991,0.688,36.012,23.931,29.788,23.24,4.742,6.796,6.179
25992,0.692,35.677,23.857,29.769,23.247,4.701,6.836,6.179
25993,0.692,35.836,23.88,29.797,23.254,4.863,7.08,6.342
25994,0.708,35.992,23.923,29.817,23.251,4.906,6.961,6.262
25995,0.705,35.983,23.932,29.788,23.254,4.744,6.878,6.262
25996,0.702,35.705,23.889,29.788,23.251,4.823,6.877,6.262
25997,0.705,35.846,23.849,29.798,23.251,4.865,6.959,6.343
25998,0.715,35.982,23.896,29.788,23.251,4.865,6.919,6.303
25999,0.718,36.242,23.865,29.817,23.251,4.662,6.878,6.221
26000,0.705,35.65,23.861,29.769,23.244,4.782,6.877,6.261
26001,0.721,35.798,23.935,29.778,23.247,4.824,6.877,6.221
26002,0.721,35.876,23.858,29.797,23.244,4.824,6.837,6.22
26003,0.718,35.723,23.861,29.778,23.244,4.783,6.877,6.18
26004,0.702,35.751,23.923,29.769,23.24,4.742,6.959,6.301
26005,0.708,35.895,23.974,29.817,23.258,4.905,7.0,6.425
26006,0.702,36.002,23.893,29.807,23.251,4.865,6.96,6.304
26007,0.692,35.533,23.888,29.779,23.251,4.824,6.96,6.262
26008,0.688,35.682,23.9,29.797,23.251,4.824,7.0,6.384
26009,0.701,35.779,23.826,29.788,23.251,4.865,7.041,6.385
26010,0.698,35.876,23.856,29.807,23.251,4.865,7.001,6.385
26011,0.688,35.695,23.915,29.769,23.24,4.662,6.879,6.263
26012,0.675,35.837,23.838,29.797,23.251,4.782,7.04,6.343
26013,0.678,35.992,23.892,29.807,23.244,4.783,6.92,6.262
26014,0.691,36.041,23.92,29.788,23.244,4.864,6.919,6.302
26015,0.695,35.457,23.955,29.778,23.24,4.743,6.837,6.302
26016,0.695,35.604,23.916,29.797,23.254,4.783,6.999,6.425
26017,0.721,35.759,23.935,29.846,23.258,4.986,7.082,6.507
26018,0.718,35.847,23.912,29.808,23.251,4.826,6.92,6.305
26019,0.708,35.618,23.896,29.798,23.251,4.824,7.0,6.384
26020,0.715,35.75,23.877,29.826,23.251,4.783,6.919,6.425
26021,0.724,35.866,23.919,29.808,23.258,4.864,6.959,6.426
26022,0.728,35.953,23.892,29.817,23.254,4.824,6.919,6.344
26023,0.721,35.724,23.869,29.779,23.237,4.702,6.756,6.221
26024,0.708,35.847,23.904,29.817,23.247,4.823,6.836,6.342
26025,0.715,35.982,23.951,29.807,23.244,4.865,6.837,6.303
26026,0.705,35.983,23.893,29.807,23.247,4.784,6.796,6.221
26027,0.702,35.59,23.888,29.779,23.24,4.742,6.795,6.261
26028,0.701,35.711,23.9,29.817,23.254,4.905,6.917,6.465
26029,0.714,35.866,23.857,29.855,23.261,4.906,6.959,6.345
26030,0.708,35.723,23.88,29.817,23.251,4.865,6.96,6.343
26031,0.698,35.607,23.896,29.817,23.254,4.865,6.919,6.384
26032,0.695,35.778,23.861,29.836,23.254,4.906,6.959,6.466
26033,0.698,35.876,23.868,29.836,23.258,4.947,6.96,6.467
26034,0.701,35.465,23.896,29.798,23.244,4.785,6.797,6.223
26035,0.701,35.527,23.916,29.807,23.247,4.864,6.917,6.342
26036,0.711,35.682,23.857,29.826,23.251,4.784,6.878,6.384
26037,0.715,35.779,23.884,29.817,23.244,4.742,6.837,6.303
26038,0.715,35.473,23.873,29.798,23.24,4.823,6.796,6.343
26039,0.715,35.614,23.888,29.817,23.251,4.824,6.917,6.343
26040,0.734,35.759,23.888,29.846,23.265,4.987,6.919,6.425
26041,0.731,35.837,23.939,29.817,23.251,4.826,6.796,6.385
26042,0.721,35.55,23.92,29.817,23.254,4.905,6.755,6.303
26043,0.724,35.682,23.869,29.827,23.247,4.906,6.876,6.384
26044,0.728,35.827,23.9,29.855,23.254,4.906,6.877,6.385
26045,0.728,35.886,23.916,29.827,23.254,4.825,6.796,6.303
26046,0.741,35.474,23.838,29.798,23.24,4.824,6.755,6.384
26047,0.76,35.633,23.884,29.836,23.244,4.824,6.836,6.344
26048,0.783,35.75,23.853,29.827,23.247,4.905,6.755,6.303
26049,0.806,35.799,23.888,29.865,23.244,4.865,6.714,6.302
26050,0.846,35.464,23.857,29.827,23.24,4.824,6.754,6.343
26051,0.872,35.614,23.946,29.865,23.265,4.987,6.998,6.588
26052,0.892,35.75,23.815,29.856,23.244,4.907,6.797,6.468
26053,0.899,35.761,23.841,29.856,23.251,4.906,6.836,6.386
26054,0.921,35.636,23.896,29.856,23.254,4.906,6.837,6.385
26055,0.941,35.759,23.931,29.856,23.251,4.906,6.837,6.425
26056,0.961,35.866,23.857,29.856,23.254,4.825,6.755,6.263
26057,0.974,35.982,23.876,29.808,23.247,4.743,6.795,6.343
26058,1.01,35.475,23.896,29.846,23.247,4.823,6.755,6.343
26059,1.053,35.633,23.877,29.837,23.251,4.783,6.754,6.343
26060,1.105,35.721,23.869,29.827,23.254,4.864,6.714,6.343
26061,1.154,35.511,23.935,29.827,23.24,4.784,6.754,6.343
26062,1.213,35.633,23.932,29.865,23.258,4.946,6.917,6.547
26063,1.269,35.769,23.877,29.846,23.251,4.825,6.715,6.346
26064,1.293,35.847,23.927,29.846,23.251,4.905,6.794,6.384
26065,1.312,35.359,23.904,29.856,23.254,4.906,6.836,6.425
26066,1.335,35.507,23.881,29.923,23.247,4.906,6.837,6.507
26067,1.329,35.624,23.845,29.866,23.254,4.987,6.837,6.386
26068,1.326,35.702,23.845,29.827,23.24,4.826,6.674,6.344
26069,1.326,35.472,23.876,29.846,23.247,4.824,6.835,6.384
26070,1.368,35.623,23.873,29.865,23.247,4.865,6.877,6.385
26071,1.375,35.721,23.912,29.856,23.244,4.824,6.755,6.385
26072,1.359,35.808,23.892,29.913,23.24,4.743,6.795,6.385
26073,1.329,35.435,23.857,29.856,23.254,4.905,6.877,6.507
26074,1.326,35.604,23.931,29.884,23.261,5.028,6.918,6.467
26075,1.335,35.692,23.936,29.846,23.244,4.867,6.878,6.507
26076,1.316,35.779,23.861,29.875,23.247,4.865,6.837,6.386
26077,1.257,35.502,23.88,29.875,23.251,4.865,6.918,6.507
26078,1.214,35.643,23.884,29.885,23.251,4.946,6.919,6.63
26079,1.162,35.75,23.9,29.856,23.247,4.825,6.837,6.509
26080,1.1,35.761,23.849,29.827,23.24,4.743,6.918,6.67
26081,1.066,35.473,23.911,29.846,23.251,4.864,6.878,6.794
26082,1.011,35.614,23.9,29.865,23.244,4.824,6.959,6.917
26083,0.952,35.73,23.877,29.856,23.244,4.824,6.838,7.041
26084,0.87,35.712,23.915,29.846,23.24,4.743,6.877,7.367
26085,0.797,35.329,23.912,29.884,23.258,4.945,7.121,7.777
26086,0.774,35.497,23.877,29.933,23.254,4.907,7.002,7.822
26087,0.705,35.576,23.873,29.876,23.251,4.906,6.96,8.107
26088,0.675,35.529,23.865,29.865,23.247,4.865,6.96,8.313
26089,0.639,35.595,23.818,29.894,23.254,4.906,7.0,8.518
26090,0.597,35.701,23.868,29.894,23.254,4.947,7.001,8.764
26091,0.557,35.779,23.911,29.856,23.237,4.744,6.838,8.685
26092,0.531,35.329,23.869,29.894,23.247,4.823,6.958,8.969
26093,0.54,35.411,23.837,29.885,23.254,4.824,6.919,9.135
26094,0.554,35.527,23.888,29.856,23.247,4.783,7.0,9.136
26095,0.583,35.605,23.923,29.846,23.24,4.742,6.919,9.258
26096,0.629,35.299,23.842,29.875,23.247,4.864,7.081,9.381
26097,0.678,35.478,23.911,29.913,23.265,4.906,7.083,9.505
26098,0.714,35.585,23.881,29.885,23.248,4.865,6.961,9.628
26099,0.737,35.653,23.904,29.885,23.254,4.824,6.96,9.751
26100,0.78,35.271,23.865,29.894,23.251,4.905,7.0,9.915
26101,0.79,35.43,23.915,29.914,23.254,4.947,7.041,10.079
26102,0.8,35.546,23.892,29.885,23.251,4.785,6.96,10.203
26103,0.8,35.576,23.841,29.875,23.244,4.742,7.0,10.489
26104,0.803,35.404,23.899,29.894,23.251,4.823,7.041,10.776
26105,0.8,35.556,23.912,29.885,23.247,4.824,6.96,11.023
26106,0.794,35.672,23.912,29.923,23.251,4.783,7.0,11.269
26107,0.787,35.721,23.885,29.895,23.24,4.824,7.041,11.556
26108,0.8,35.405,23.908,29.914,23.258,4.946,7.245,11.884
26109,0.797,35.527,23.904,29.914,23.254,4.825,7.084,11.888
26110,0.787,35.624,23.853,29.895,23.247,4.824,7.083,11.928
26111,0.777,35.663,23.907,29.904,23.254,4.865,7.164,12.091
26112,0.777,35.386,23.873,29.914,23.251,4.824,7.165,12.174
26113,0.774,35.508,23.849,29.914,23.251,4.824,7.124,12.135
26114,0.767,35.585,23.892,29.885,23.244,4.743,7.002,12.012
26115,0.787,35.577,23.904,29.904,23.247,4.823,7.082,12.011
26116,0.79,35.462,23.896,29.923,23.24,4.824,7.083,11.889
26117,0.79,35.556,23.884,29.914,23.244,4.783,7.083,11.806
26118,0.78,35.644,23.888,29.904,23.247,4.742,7.083,11.846
26119,0.797,35.222,23.896,29.914,23.258,4.905,7.286,11.887
26120,0.81,35.324,23.892,29.952,23.254,4.825,7.207,11.685
26121,0.8,35.411,23.9,29.905,23.24,4.905,7.165,11.52
26122,0.803,35.537,23.892,29.923,23.254,4.825,7.206,11.477
26123,0.807,35.269,23.869,29.914,23.251,4.865,7.206,11.355
26124,0.8,35.41,23.911,29.923,23.251,4.824,7.369,11.273
26125,0.784,35.517,23.857,29.895,23.24,4.702,7.126,10.987
26126,0.777,35.576,23.872,29.914,23.244,4.782,7.246,11.025
26127,0.793,35.222,23.872,29.914,23.244,4.864,7.288,10.944
26128,0.777,35.372,23.88,29.904,23.244,4.824,7.207,10.74
26129,0.78,35.488,23.88,29.904,23.244,4.743,7.206,10.657
26130,0.777,35.557,23.849,29.923,23.244,4.823,7.287,10.656
26131,0.793,35.375,23.939,29.952,23.261,5.027,7.451,10.615
26132,0.787,35.507,23.9,29.914,23.251,4.826,7.33,10.411
26133,0.777,35.624,23.884,29.914,23.247,4.824,7.37,10.287
26134,0.78,35.673,23.927,29.933,23.251,4.865,7.33,10.245
26135,0.787,35.223,23.904,29.924,23.258,4.865,7.41,10.164
26136,0.797,35.343,23.904,29.933,23.251,4.824,7.289,9.919
26137,0.784,35.44,23.842,29.885,23.244,4.743,7.329,9.794
26138,0.8,35.499,23.872,29.923,23.247,4.864,7.289,9.712
26139,0.807,35.336,23.869,29.933,23.247,4.784,7.288,9.63
26140,0.82,35.469,23.861,29.924,23.247,4.824,7.288,9.466
26141,0.813,35.556,23.884,29.914,23.251,4.743,7.329,9.424
26142,0.826,35.97,23.904,29.952,23.258,4.905,7.492,9.546
26143,0.839,35.235,23.896,29.953,23.247,4.825,7.29,9.262
26144,0.817,35.324,23.916,29.933,23.251,4.865,7.329,9.219
26145,0.81,35.44,23.865,29.933,23.254,4.784,7.329,9.137
26146,0.813,35.278,23.857,29.952,23.251,4.864,7.37,9.136
26147,0.8,35.305,23.837,29.962,23.251,4.865,7.289,9.055
26148,0.81,35.44,23.853,29.905,23.24,4.784,7.207,8.81
26149,0.781,35.527,23.849,29.923,23.251,4.702,7.287,8.93
26150,0.787,35.164,23.857,29.933,23.247,4.782,7.288,8.687
26151,0.79,35.256,23.884,29.933,23.244,4.824,7.329,8.684
26152,0.793,35.401,23.877,29.933,23.244,4.783,7.289,8.562
26153,0.79,35.508,23.892,29.962,23.254,4.905,7.41,8.683
26154,0.813,35.298,23.943,29.972,23.258,4.865,7.371,8.522
26155,0.8,35.401,23.936,29.953,23.247,4.824,7.411,8.561
26156,0.813,35.517,23.877,29.953,23.251,4.865,7.371,8.439
26157,0.807,35.614,23.865,29.962,23.254,4.865,7.37,8.316
26158,0.813,35.193,23.884,29.953,23.254,4.865,7.37,8.274
26159,0.82,35.352,23.857,29.933,23.24,4.702,7.248,8.193
26160,0.82,35.469,23.872,29.952,23.247,4.782,7.369,8.192
26161,0.83,35.518,23.9,29.943,23.251,4.824,7.289,8.11
26162,0.833,35.135,23.896,29.952,23.244,4.824,7.288,8.069
26163,0.823,35.284,23.877,29.924,23.247,4.824,7.288,8.028
26164,0.817,35.42,23.927,29.962,23.254,4.946,7.491,8.19
26165,0.82,35.479,23.924,29.981,23.251,4.866,7.371,8.029
26166,0.813,35.182,23.865,29.962,23.254,4.824,7.411,8.027
26167,0.81,35.333,23.872,29.962,23.251,4.824,7.33,7.946
26168,0.81,35.449,23.872,29.972,23.258,4.905,7.37,7.864
26169,0.803,35.479,23.857,29.962,23.251,4.825,7.33,7.822
26170,0.794,35.211,23.868,29.924,23.247,4.702,7.248,7.659
26171,0.797,35.343,23.904,29.962,23.254,4.823,7.328,7.78
26172,0.797,35.469,23.896,29.972,23.251,4.783,7.289,7.74
26173,0.8,35.297,23.849,29.962,23.244,4.783,7.247,7.618
26174,0.803,35.181,23.888,29.953,23.237,4.742,7.247,7.617
26175,0.797,35.333,23.908,29.972,23.247,4.864,7.45,7.779
26176,0.82,35.469,23.912,30.02,23.258,4.906,7.412,7.618
26177,0.82,35.106,23.877,29.972,23.251,4.906,7.33,7.617
26178,0.826,35.217,23.873,29.981,23.251,4.865,7.37,7.535
26179,0.83,35.333,23.884,29.982,23.254,4.824,7.33,7.534
26180,0.839,35.421,23.877,30.001,23.258,4.905,7.289,7.494
26181,0.839,35.067,23.869,29.963,23.241,4.744,7.166,7.331
26182,0.83,35.188,23.869,29.943,23.251,4.783,7.246,7.41
26183,0.839,35.333,23.849,29.962,23.251,4.905,7.288,7.411
26184,0.836,35.411,23.9,29.962,23.251,4.825,7.207,7.33
26185,0.83,35.067,23.857,29.953,23.24,4.743,7.165,7.289
26186,0.823,35.217,23.88,29.972,23.251,4.864,7.246,7.41
26187,0.833,35.372,23.876,29.991,23.261,4.987,7.369,7.493
26188,0.833,35.44,23.884,29.982,23.247,4.826,7.248,7.371
26189,0.83,35.134,23.9,29.972,23.251,4.865,7.206,7.289
26190,0.813,35.284,23.853,29.981,23.254,4.865,7.206,7.288
26191,0.813,35.392,23.927,30.001,23.258,4.865,7.328,7.329
26192,0.823,35.45,23.904,30.001,23.251,4.865,7.207,7.289
26193,0.804,35.086,23.849,29.963,23.237,4.702,7.165,7.166
26194,0.826,35.236,23.9,29.981,23.244,4.823,7.124,7.206
26195,0.833,35.343,23.873,29.972,23.251,4.783,7.165,7.206
26196,0.83,35.382,23.896,29.981,23.247,4.742,7.165,7.084
26197,0.839,35.392,23.849,29.962,23.251,4.742,7.165,7.083
26198,0.839,35.527,23.864,30.01,23.247,4.905,7.328,7.286
26199,0.862,35.682,23.88,30.02,23.261,4.906,7.207,7.125
26200,0.853,35.635,23.857,29.992,23.244,4.825,7.165,7.124
26201,0.843,35.011,23.868,29.972,23.251,4.865,7.165,7.165
26202,0.856,35.168,23.849,29.991,23.247,4.906,7.206,7.124
26203,0.859,35.275,23.864,29.991,23.251,4.865,7.165,7.043
26204,0.849,35.104,23.88,29.972,23.244,4.743,6.962,6.92
26205,0.84,35.179,23.845,29.981,23.251,4.783,7.122,7.041
26206,0.843,35.352,23.888,29.991,23.258,4.783,7.043,7.001
26207,0.846,35.44,23.88,29.982,23.244,4.783,7.082,6.96
26208,0.84,35.029,23.88,29.962,23.24,4.742,7.002,6.838
26209,0.836,35.159,23.849,29.981,23.244,4.864,7.041,7.04
26210,0.846,35.323,23.88,30.039,23.261,4.946,7.123,6.96
26211,0.83,35.392,23.935,30.001,23.251,4.825,7.043,7.041
26212,0.826,34.98,23.893,30.011,23.247,4.824,7.082,6.96
26213,0.833,35.139,23.861,30.011,23.247,4.824,7.002,6.919
26214,0.846,35.256,23.868,30.001,23.251,4.824,7.001,6.919
26215,0.856,35.343,23.908,30.001,23.24,4.783,6.879,6.837
26216,0.856,35.085,23.81,29.982,23.237,4.742,6.918,6.837
26217,0.856,35.265,23.837,30.001,23.247,4.823,6.959,6.837
26218,0.862,35.382,23.868,29.991,23.247,4.824,6.96,6.837
26219,0.866,35.44,23.857,30.001,23.247,4.702,6.838,6.796
26220,0.862,34.952,23.892,29.991,23.247,4.742,6.958,6.877
26221,0.885,35.129,23.853,30.039,23.258,4.945,7.082,6.837
26222,0.882,35.256,23.872,30.02,23.251,4.866,6.92,6.796
26223,0.882,35.286,23.912,30.02,23.247,4.906,7.0,6.836
26224,0.869,35.056,23.928,30.02,23.247,4.825,6.96,6.796
26225,0.866,35.217,23.854,30.039,23.254,4.905,7.0,6.836
26226,0.872,35.324,23.861,30.04,23.251,4.825,6.96,6.714
26227,0.859,35.306,23.857,29.992,23.244,4.743,6.96,6.632
26228,0.869,35.085,23.868,30.03,23.254,4.823,7.041,6.712
26229,0.859,35.217,23.861,30.078,23.247,4.824,6.96,6.672
26230,0.853,35.324,23.865,30.002,23.247,4.783,6.919,6.672
26231,0.843,35.027,23.888,30.02,23.244,4.702,7.0,6.713
26232,0.853,35.005,23.904,30.068,23.265,4.904,7.204,6.835
26233,0.869,35.168,23.865,30.04,23.248,4.825,7.043,6.633
26234,0.866,35.227,23.923,30.03,23.251,4.824,7.123,6.672
26235,0.866,35.055,23.935,30.03,23.258,4.824,7.083,6.631
26236,0.862,35.197,23.826,30.04,23.251,4.824,7.123,6.712
26237,0.879,35.324,23.853,30.04,23.251,4.783,7.043,6.551
26238,0.876,35.382,23.841,29.992,23.237,4.783,7.082,6.63
26239,0.892,34.903,23.864,30.039,23.251,4.783,7.123,6.631
26240,0.886,35.042,23.896,30.04,23.251,4.824,7.083,6.631
26241,0.882,35.14,23.834,30.03,23.244,4.743,7.123,6.509
26242,0.879,35.237,23.884,30.03,23.251,4.742,7.165,6.63
26243,0.898,35.007,23.873,30.068,23.261,4.905,7.287,6.712
26244,0.905,35.168,23.947,30.05,23.251,4.825,7.166,6.632
26245,0.895,35.247,23.865,30.049,23.247,4.783,7.165,6.59
26246,0.889,35.334,23.884,30.068,23.254,4.824,7.206,6.59
26247,0.889,34.951,23.896,30.059,23.254,4.865,7.206,6.671
26248,0.882,35.11,23.865,30.049,23.251,4.784,7.125,6.509
26249,0.872,35.198,23.857,30.03,23.237,4.702,7.002,6.386
26250,0.876,35.266,23.837,30.049,23.251,4.742,7.123,6.507
26251,0.879,34.979,23.903,30.03,23.251,4.783,7.043,6.508
26252,0.856,35.101,23.885,30.049,23.247,4.742,7.082,6.467
26253,0.872,35.236,23.861,30.049,23.244,4.783,7.083,6.548
26254,0.882,35.286,23.919,30.088,23.258,4.946,7.205,6.671
26255,0.902,34.912,23.935,30.05,23.251,4.825,7.125,6.469
26256,0.899,35.052,23.881,30.049,23.251,4.824,7.083,6.507
26257,0.902,35.169,23.88,30.068,23.251,4.824,7.083,6.467
26258,0.908,35.16,23.896,30.069,23.247,4.865,7.123,6.467
26259,0.918,35.035,23.888,30.069,23.251,4.743,7.043,6.426
26260,0.912,35.12,23.845,30.05,23.247,4.783,7.042,6.466
26261,0.918,35.265,23.857,30.049,23.251,4.783,7.082,6.426
26262,0.925,34.912,23.872,30.059,23.247,4.824,7.002,6.426
26263,0.925,34.966,23.861,30.049,23.244,4.702,6.96,6.385
26264,0.918,35.081,23.911,30.049,23.251,4.742,6.96,6.425
26265,0.922,35.226,23.9,30.097,23.261,4.905,7.122,6.588
26266,0.931,34.959,23.912,30.079,23.251,4.784,7.002,6.427
26267,0.909,35.062,23.873,30.088,23.251,4.864,7.001,6.426
26268,0.912,35.207,23.892,30.069,23.254,4.824,7.041,6.385
26269,0.912,35.304,23.896,30.097,23.251,4.824,7.082,6.466
26270,0.915,34.97,23.857,30.079,23.251,4.743,7.042,6.386
26271,0.905,35.081,23.868,30.05,23.244,4.661,6.879,6.303
26272,0.895,35.236,23.869,30.078,23.247,4.782,7.04,6.302
26273,0.902,35.324,23.861,30.088,23.251,4.783,6.96,6.302
26274,0.915,34.922,23.923,30.069,23.244,4.702,6.919,6.262
26275,0.918,35.033,23.881,30.069,23.247,4.742,6.878,6.302
26276,0.918,35.188,23.88,30.107,23.258,4.905,7.081,6.506
26277,0.931,35.275,23.861,30.107,23.254,4.906,7.002,6.386
26278,0.938,34.989,23.872,30.079,23.254,4.825,7.001,6.344
26279,0.945,35.149,23.888,30.098,23.251,4.783,6.96,6.384
26280,0.951,35.285,23.877,30.107,23.251,4.824,7.0,6.385
26281,0.951,35.305,23.861,30.117,23.254,4.824,6.96,6.344
26282,0.954,34.989,23.845,30.06,23.244,4.702,6.797,6.181
26283,0.954,35.072,23.864,30.069,23.244,4.782,6.877,6.301
26284,0.958,35.217,23.911,30.088,23.251,4.783,6.837,6.302
26285,0.948,35.602,23.81,30.088,23.247,4.783,6.877,6.221
26286,0.958,35.126,23.841,30.078,23.247,4.702,6.796,6.302
26287,0.951,35.256,23.857,30.098,23.251,4.823,6.958,6.384
26288,0.958,35.391,23.876,30.136,23.268,4.946,6.919,6.344
26289,0.948,35.143,23.752,30.117,23.254,4.825,6.878,6.262
26290,0.941,35.198,23.848,30.107,23.254,4.865,6.877,6.343
26291,0.945,35.314,23.919,30.098,23.251,4.824,6.877,6.384
26292,0.948,35.421,23.881,30.155,23.251,4.824,6.959,6.344
26293,0.951,35.038,23.873,30.118,23.251,4.783,6.756,6.221
26294,0.945,35.12,23.876,30.088,23.244,4.742,6.836,6.342
26295,0.974,35.275,23.908,30.098,23.251,4.783,6.877,6.303
26296,0.971,35.353,23.826,30.088,23.247,4.742,6.796,6.302
26297,0.968,35.104,23.837,30.098,23.244,4.701,6.795,6.302
26298,0.974,35.207,23.868,30.117,23.247,4.742,6.877,6.343
26299,0.997,35.41,23.908,30.146,23.258,4.905,6.959,6.506
26300,1.007,35.479,23.896,30.108,23.244,4.784,6.756,6.345
26301,1.004,35.087,23.845,30.107,23.247,4.824,6.836,6.343
26302,1.007,35.246,23.841,30.117,23.258,4.783,6.796,6.343
26303,1.023,35.372,23.907,30.107,23.251,4.824,6.877,6.384
26304,1.02,35.431,23.892,30.117,23.247,4.783,6.837,6.303
26305,0.997,35.316,23.834,30.06,23.237,4.742,6.755,6.302
26306,1.0,35.469,23.86,30.117,23.247,4.742,6.836,6.343
26307,1.013,35.595,23.853,30.127,23.251,4.783,6.755,6.343
26308,1.01,35.625,23.864,30.108,23.244,4.742,6.754,6.303
26309,1.007,35.433,23.849,30.098,23.244,4.823,6.754,6.302
26310,1.017,35.594,23.888,30.136,23.258,4.987,6.917,6.506
26311,1.027,35.721,23.873,30.146,23.251,4.785,6.756,6.345
26312,1.02,35.722,23.865,30.146,23.247,4.702,6.836,6.384
26313,1.02,35.645,23.904,30.127,23.247,4.742,6.837,6.425
26314,1.036,35.769,23.904,30.127,23.254,4.783,6.837,6.385
26315,1.043,35.857,23.845,30.146,23.251,4.824,6.714,6.303
26316,1.05,35.723,23.857,30.098,23.244,4.783,6.754,6.302
26317,1.046,35.674,23.865,30.126,23.247,4.824,6.795,6.302
26318,1.053,35.798,23.888,30.117,23.251,4.783,6.714,6.302
26319,1.066,35.905,23.857,30.127,23.244,4.742,6.794,6.302
26320,1.066,35.762,23.865,30.117,23.251,4.783,6.836,6.384
26321,1.079,35.924,23.884,30.165,23.258,4.905,6.999,6.466
26322,1.083,36.05,23.865,30.137,23.251,4.784,6.919,6.304
26323,1.086,36.128,23.88,30.136,23.251,4.783,6.878,6.384
26324,1.083,35.889,23.912,30.127,23.251,4.864,6.918,6.385
26325,1.076,36.04,23.873,30.156,23.251,4.824,6.919,6.344
26326,1.073,36.137,23.88,30.146,23.251,4.783,6.796,6.181
26327,1.069,36.186,23.837,30.117,23.24,4.702,6.958,6.261
26328,1.073,36.062,23.868,30.146,23.247,4.823,6.919,6.302
26329,1.083,36.205,23.83,30.117,23.24,4.743,6.878,6.262
26330,1.073,36.331,23.849,30.127,23.251,4.742,6.796,6.18
26331,1.069,36.37,23.853,30.127,23.244,4.823,6.917,6.342
26332,1.082,36.342,23.853,30.165,23.258,4.905,7.041,6.466
26333,1.092,36.476,23.868,30.156,23.254,4.825,7.001,6.345
26334,1.076,36.573,23.884,30.146,23.251,4.824,6.879,6.343
26335,1.099,36.613,23.896,30.146,23.254,4.743,6.918,6.343
26336,1.102,36.344,23.896,30.156,23.254,4.783,6.919,6.384
26337,1.106,36.476,23.888,30.146,23.247,4.783,6.959,6.303
26338,1.119,36.554,23.884,30.127,23.237,4.702,6.797,6.343
26339,1.132,36.593,23.873,30.165,23.247,4.701,6.958,6.303
26340,1.129,36.632,23.888,30.146,23.247,4.742,6.838,6.343
26341,1.125,36.767,23.838,30.146,23.244,4.701,6.837,6.303
26342,1.138,36.864,23.857,30.127,23.251,4.742,6.877,6.343
26343,1.142,36.961,23.884,30.165,23.254,4.823,7.04,6.466
26344,1.161,36.77,23.896,30.175,23.258,4.824,6.879,6.345
26345,1.129,36.873,23.857,30.166,23.251,4.783,6.918,6.343
26346,1.142,36.961,23.865,30.175,23.251,4.742,6.959,6.343
26347,1.138,36.808,23.9,30.166,23.254,4.864,6.878,6.343
26348,1.142,36.883,23.9,30.175,23.258,4.743,6.918,6.384
26349,1.125,36.999,23.877,30.156,23.244,4.661,6.715,6.222
26350,1.129,37.077,23.849,30.137,23.251,4.822,6.835,6.424
26351,1.135,36.915,23.845,30.156,23.258,4.783,6.837,6.304
26352,1.132,37.057,23.845,30.165,23.247,4.742,6.837,6.302
26353,1.132,37.174,23.829,30.156,23.24,4.701,6.796,6.384
26354,1.138,37.261,23.899,30.175,23.258,4.863,6.958,6.507
26355,1.161,37.118,23.873,30.194,23.254,4.784,6.878,6.305
26356,1.155,37.251,23.884,30.185,23.247,4.824,6.837,6.425
26357,1.152,37.348,23.896,30.185,23.258,4.783,6.877,6.426
26358,1.171,37.426,23.92,30.185,23.258,4.783,6.959,6.466
26359,1.175,37.292,23.908,30.194,23.251,4.824,6.919,6.386
26360,1.168,37.396,23.888,30.147,23.24,4.702,6.837,6.303
26361,1.175,37.503,23.822,30.175,23.254,4.823,6.877,6.384
26362,1.178,37.562,23.868,30.156,23.251,4.783,6.837,6.344
26363,1.181,37.284,23.884,30.146,23.244,4.742,6.877,6.303
26364,1.171,37.387,23.884,30.165,23.244,4.742,6.918,6.384
26365,1.168,37.532,23.834,30.204,23.258,4.945,7.041,6.547
26366,1.171,37.581,23.837,30.185,23.254,4.825,6.92,6.386
26367,1.158,37.553,23.896,30.175,23.251,4.824,6.959,6.385
26368,1.155,37.687,23.888,30.194,23.258,4.865,6.96,6.425
26369,1.145,37.822,23.884,30.195,23.254,4.824,7.0,6.466
26370,1.142,37.833,23.857,30.185,23.251,4.824,6.919,6.345
26371,1.125,37.498,23.845,30.146,23.244,4.702,6.796,6.384
26372,1.129,37.648,23.876,30.184,23.258,4.823,6.958,6.385
26373,1.125,37.755,23.861,30.175,23.254,4.783,6.919,6.385
26374,1.109,37.689,23.911,30.185,23.247,4.824,6.878,6.303
26375,1.119,37.717,23.81,30.175,23.24,4.824,6.877,6.302
26376,1.115,37.851,23.856,30.213,23.261,4.946,7.081,6.506
26377,1.132,37.987,23.841,30.214,23.254,4.825,6.961,6.427
26378,1.125,37.538,23.86,30.185,23.251,4.865,6.96,6.466
26379,1.119,37.648,23.865,30.185,23.251,4.865,6.96,6.467
26380,1.122,37.774,23.884,30.204,23.254,4.865,7.0,6.467
26381,1.129,37.871,23.857,30.204,23.251,4.865,6.919,6.304
26382,1.109,37.652,23.833,30.175,23.237,4.743,6.878,6.343
26383,1.099,37.812,23.892,30.185,23.247,4.864,6.959,6.343
26384,1.096,37.939,23.92,30.194,23.247,4.784,6.96,6.343
26385,1.076,37.997,23.818,30.204,23.244,4.783,6.838,6.303
26386,1.063,37.701,23.864,30.175,23.247,4.742,6.877,6.425
26387,1.06,37.851,23.841,30.194,23.254,4.864,7.0,6.548
26388,1.066,37.977,23.872,30.233,23.258,4.865,6.96,6.468
26389,1.04,38.017,23.865,30.204,23.258,4.906,6.96,6.467
26390,1.043,37.874,23.845,30.214,23.254,4.865,6.96,6.467
26391,1.024,38.006,23.864,30.204,23.251,4.906,6.919,6.548
26392,1.014,38.113,23.872,30.214,23.258,4.906,7.0,6.386
26393,0.991,38.124,23.865,30.185,23.237,4.703,6.797,6.385
26394,0.978,37.875,23.915,30.214,23.251,4.823,6.917,6.507
26395,0.994,37.987,23.873,30.214,23.251,4.783,6.878,6.467
26396,0.991,38.113,23.857,30.195,23.244,4.864,6.837,6.426
26397,0.981,38.114,23.825,30.204,23.247,4.743,6.837,6.385
26398,0.974,37.932,23.849,30.214,23.247,4.864,7.04,6.588
26399,0.994,38.103,23.888,30.252,23.261,4.946,7.001,6.468
26400,0.987,38.143,23.877,30.233,23.247,4.825,6.879,6.467
26401,0.974,38.067,23.853,30.224,23.251,4.865,6.918,6.507
26402,0.971,37.922,23.864,30.224,23.258,4.824,7.0,6.549
26403,0.961,38.036,23.88,30.214,23.251,4.905,6.96,6.549
26404,0.958,38.123,23.912,30.195,23.247,4.784,6.838,6.427
26405,0.932,37.827,23.807,30.185,23.244,4.824,6.918,6.507
26406,0.922,37.948,23.852,30.204,23.247,4.783,6.919,6.467
26407,0.912,38.055,23.872,30.214,23.244,4.783,6.878,6.467
26408,0.899,38.152,23.865,30.204,23.24,4.824,6.918,6.426
26409,0.882,37.837,23.865,30.204,23.251,4.865,7.0,6.548
26410,0.902,37.996,23.865,30.243,23.261,4.946,7.123,6.63
26411,0.886,38.094,23.865,30.224,23.251,4.866,7.002,6.631
26412,0.869,38.172,23.88,30.243,23.251,4.865,7.041,6.59
26413,0.866,37.818,23.865,30.243,23.247,4.824,7.082,6.549
26414,0.859,37.967,23.9,30.252,23.254,4.865,7.083,6.63
26415,0.866,38.065,23.869,30.224,23.244,4.784,6.92,6.428
26416,0.859,38.085,23.845,30.204,23.244,4.702,7.041,6.507
26417,0.853,37.922,23.857,30.223,23.254,4.863,7.001,6.508
26418,0.866,38.064,23.841,30.233,23.251,4.743,7.041,6.427
26419,0.853,38.162,23.845,30.214,23.244,4.701,7.001,6.466
26420,0.859,38.182,23.872,30.204,23.251,4.823,7.041,6.548
26421,0.866,37.818,23.833,30.252,23.265,4.987,7.164,6.712
26422,0.879,37.977,23.856,30.233,23.251,4.866,7.084,6.551
26423,0.859,38.046,23.845,30.233,23.251,4.824,7.042,6.468
26424,0.849,38.085,23.9,30.214,23.254,4.824,7.204,6.629
26425,0.84,37.98,23.818,30.252,23.251,4.905,7.125,6.55
26426,0.843,38.103,23.888,30.253,23.251,4.825,7.002,6.59
26427,0.83,38.181,23.873,30.214,23.24,4.661,7.001,6.468
26428,0.823,38.431,23.857,30.223,23.244,4.863,7.041,6.426
26429,0.813,37.878,23.872,30.243,23.244,4.865,6.96,6.466
26430,0.807,38.016,23.849,30.195,23.244,4.743,7.0,6.386
26431,0.813,38.085,23.872,30.233,23.247,4.783,7.001,6.547
26432,0.8,37.874,23.872,30.262,23.254,4.946,7.123,6.63
26433,0.816,37.93,23.841,30.262,23.251,4.907,7.043,6.55
26434,0.807,38.026,23.888,30.253,23.254,4.825,7.082,6.508
26435,0.816,38.123,23.857,30.233,23.247,4.865,7.042,6.508
26436,0.813,37.769,23.911,30.252,23.247,4.865,7.082,6.467
26437,0.813,37.881,23.873,30.243,23.251,4.824,7.042,6.467
26438,0.81,37.987,23.876,30.233,23.244,4.702,6.879,6.345
26439,0.81,38.046,23.841,30.233,23.251,4.823,7.0,6.506
26440,0.816,37.701,23.888,30.224,23.244,4.824,6.919,6.427
26441,0.826,37.832,23.853,30.252,23.251,4.824,6.959,6.385
26442,0.826,37.958,23.837,30.224,23.247,4.824,6.878,6.425
26443,0.817,38.007,23.864,30.243,23.251,4.824,7.04,6.466
26444,0.833,37.749,23.896,30.291,23.265,4.987,7.204,6.467
26445,0.807,37.89,23.818,30.263,23.248,4.826,7.043,6.467
26446,0.807,37.987,23.856,30.272,23.251,4.783,7.082,6.426
26447,0.797,38.046,23.853,30.262,23.251,4.824,7.002,6.466
26448,0.797,37.759,23.876,30.262,23.251,4.865,7.082,6.426
26449,0.79,37.909,23.88,30.262,23.251,4.824,6.92,6.304
26450,0.787,37.968,23.853,30.234,23.24,4.824,6.959,6.384
26451,0.78,38.046,23.857,30.262,23.251,4.824,6.878,6.385
26452,0.777,37.74,23.833,30.272,23.24,4.783,6.959,6.385
26453,0.78,37.89,23.849,30.243,23.244,4.702,6.878,6.344
26454,0.784,37.968,23.888,30.252,23.254,4.823,7.04,6.547
26455,0.803,38.027,23.802,30.31,23.265,4.905,7.082,6.468
26456,0.797,37.835,23.841,30.263,23.254,4.865,6.961,6.386
26457,0.797,37.948,23.837,30.262,23.251,4.824,6.919,6.425
26458,0.803,38.065,23.868,30.281,23.254,4.824,6.959,6.385
26459,0.81,37.73,23.904,30.282,23.254,4.905,7.082,6.425
26460,0.794,37.583,23.885,30.243,23.237,4.703,6.839,6.304
26461,0.803,37.668,23.845,30.243,23.244,4.742,6.918,6.343
26462,0.82,37.793,23.86,30.252,23.251,4.783,6.959,6.303
26463,0.82,37.67,23.884,30.272,23.244,4.661,6.878,6.262
26464,0.81,37.784,23.888,30.243,23.247,4.741,6.918,6.221
26465,0.797,37.91,23.826,30.272,23.254,4.823,7.081,6.464
26466,0.813,38.036,23.856,30.31,23.261,4.865,7.002,6.345
26467,0.797,37.596,23.841,30.272,23.251,4.824,7.001,6.303
26468,0.787,37.725,23.864,30.282,23.251,4.865,7.001,6.343
26469,0.79,37.871,23.853,30.282,23.251,4.824,6.96,6.425
26470,0.787,37.93,23.88,30.272,23.247,4.905,7.0,6.344
26471,0.787,37.671,23.837,30.272,23.244,4.744,6.797,6.221
26472,0.777,37.784,23.833,30.272,23.247,4.742,6.999,6.424
26473,0.787,37.919,23.872,30.272,23.244,4.783,6.919,6.385
26474,0.787,37.978,23.9,30.272,23.244,4.742,6.919,6.344
26475,0.797,37.595,23.822,30.262,23.244,4.701,6.919,6.303
26476,0.794,37.716,23.856,30.281,23.244,4.823,6.959,6.384
26477,0.813,37.861,23.872,30.33,23.261,4.946,7.041,6.425
26478,0.81,37.891,23.884,30.301,23.251,4.825,6.96,6.385
26479,0.807,37.661,23.888,30.301,23.254,4.824,6.96,6.425
26480,0.816,37.784,23.904,30.301,23.258,4.783,7.041,6.466
26481,0.829,37.929,23.892,30.291,23.254,4.824,7.042,6.386
26482,0.833,37.94,23.849,30.301,23.251,4.743,6.92,6.303
26483,0.81,37.499,23.903,30.263,23.244,4.701,7.0,6.302
26484,0.826,37.657,23.881,30.291,23.244,4.782,7.041,6.384
26485,0.813,37.765,23.849,30.301,23.251,4.783,7.001,6.385
26486,0.8,37.794,23.822,30.272,23.244,4.783,6.96,6.344
26487,0.794,37.632,23.845,30.282,23.247,4.783,7.0,6.384
26488,0.8,37.803,23.911,30.31,23.265,4.905,7.123,6.507
26489,0.807,37.91,23.873,30.291,23.251,4.784,6.961,6.345
26490,0.794,37.537,23.853,30.291,23.251,4.783,7.0,6.466
26491,0.787,37.581,23.864,30.301,23.258,4.864,7.001,6.386
26492,0.777,37.725,23.861,30.32,23.251,4.865,7.001,6.466
26493,0.793,37.842,23.888,30.33,23.251,4.824,6.919,6.386
26494,0.793,37.69,23.904,30.282,23.237,4.58,6.837,6.385
26495,0.8,37.832,23.873,30.301,23.244,4.822,6.958,6.466
26496,0.787,37.948,23.892,30.301,23.24,4.702,6.919,6.345
26497,0.803,38.026,23.849,30.282,23.247,4.701,6.878,6.384
26498,0.803,37.413,23.88,30.301,23.247,4.701,6.837,6.344
26499,0.813,37.57,23.861,30.301,23.261,4.863,6.999,6.547
26500,0.826,37.716,23.911,30.32,23.254,4.743,6.919,6.468
26501,0.82,37.756,23.756,30.33,23.251,4.823,6.837,6.386
26502,0.833,37.583,23.84,30.32,23.251,4.702,6.877,6.466
26503,0.833,37.725,23.896,30.311,23.254,4.823,6.918,6.467
26504,0.826,37.842,23.888,30.311,23.251,4.824,6.796,6.467
26505,0.813,37.872,23.877,30.339,23.244,4.621,6.714,6.304
26506,0.807,37.623,23.845,30.321,23.247,4.741,6.794,6.425
26507,0.81,37.735,23.907,30.32,23.247,4.742,6.836,6.426
26508,0.8,37.842,23.885,30.301,23.244,4.742,6.714,6.426
26509,0.794,37.872,23.853,30.32,23.24,4.701,6.835,6.385
26510,0.79,37.527,23.888,30.311,23.261,4.782,6.877,6.629
26511,0.806,37.696,23.841,30.359,23.258,4.824,6.877,6.509
26512,0.79,37.775,23.872,30.321,23.247,4.743,6.796,6.467
26513,0.787,38.111,23.849,30.32,23.247,4.783,6.795,6.467
26514,0.8,37.664,23.88,30.33,23.251,4.864,6.877,6.548
26515,0.803,37.784,23.83,30.349,23.258,4.865,6.877,6.549
26516,0.807,37.871,23.849,30.321,23.244,4.662,6.715,6.427
26517,0.797,37.498,23.864,30.311,23.251,4.741,6.835,6.466
26518,0.82,37.514,23.865,30.33,23.251,4.701,6.796,6.467
26519,0.83,37.638,23.888,30.33,23.247,4.701,6.714,6.467
26520,0.83,37.716,23.877,30.301,23.247,4.66,6.713,6.386
26521,0.823,37.487,23.853,30.349,23.247,4.782,6.794,6.466
26522,0.833,37.667,23.864,30.34,23.261,4.986,6.877,6.548
26523,0.836,37.745,23.884,30.321,23.254,4.785,6.715,6.508
26524,0.826,37.823,23.873,30.349,23.251,4.742,6.754,6.549
26525,0.813,37.488,23.861,30.349,23.251,4.823,6.795,6.468
26526,0.816,37.609,23.845,30.349,23.254,4.824,6.755,6.507
26527,0.816,37.726,23.907,30.33,23.251,4.783,6.754,6.386
26528,0.807,37.775,23.857,30.301,23.244,4.62,6.673,6.425
26529,0.803,37.497,23.872,30.339,23.247,4.741,6.672,6.385
26530,0.8,37.629,23.876,30.33,23.247,4.742,6.631,6.385
26531,0.8,37.745,23.865,30.349,23.247,4.701,6.672,6.466
26532,0.794,37.794,23.841,30.321,23.244,4.66,6.631,6.467
26533,0.797,37.507,23.896,30.368,23.258,4.863,6.794,6.629
26534,0.81,37.667,23.904,30.359,23.254,4.784,6.714,6.509
26535,0.807,37.765,23.744,30.349,23.254,4.824,6.672,6.549
26536,0.803,37.804,23.828,30.349,23.258,4.783,6.672,6.59
26537,0.816,37.574,23.845,30.359,23.247,4.864,6.672,6.509
26538,0.823,37.716,23.849,30.359,23.258,4.784,6.672,6.589
26539,0.83,37.794,23.853,30.359,23.241,4.702,6.55,6.387
26540,0.82,37.785,23.857,30.349,23.254,4.701,6.671,6.629
26541,0.826,37.44,23.81,30.349,23.258,4.701,6.591,6.55
26542,0.826,37.58,23.856,30.34,23.244,4.742,6.59,6.508
26543,0.836,37.668,23.865,30.34,23.244,4.701,6.509,6.467
26544,0.826,37.563,23.9,30.359,23.244,4.701,6.67,6.548
26545,0.833,37.533,23.849,30.407,23.258,4.863,6.753,6.752
26546,0.83,37.658,23.841,30.369,23.254,4.743,6.714,6.551
26547,0.833,37.736,23.837,30.369,23.254,4.783,6.672,6.59
26548,0.817,37.42,23.849,30.388,23.251,4.824,6.672,6.549
26549,0.81,37.522,23.884,30.379,23.254,4.743,6.631,6.549
26550,0.81,37.639,23.888,30.369,23.251,4.701,6.672,6.468
26551,0.787,37.707,23.838,30.35,23.24,4.66,6.631,6.467
26552,0.803,37.429,23.849,30.378,23.251,4.741,6.712,6.507
26553,0.794,37.532,23.864,30.378,23.251,4.661,6.632,6.508
26554,0.806,37.658,23.9,30.359,23.244,4.619,6.631,6.427
26555,0.8,37.726,23.83,30.369,23.24,4.741,6.631,6.588
26556,0.813,37.382,23.872,30.417,23.261,4.905,6.753,6.631
26557,0.82,37.512,23.845,30.379,23.251,4.744,6.673,6.509
26558,0.823,37.619,23.86,30.398,23.247,4.742,6.631,6.508
26559,0.82,37.697,23.861,30.407,23.251,4.742,6.672,6.508
26560,0.826,37.353,23.911,30.398,23.254,4.783,6.713,6.508
26561,0.833,37.464,23.818,30.388,23.251,4.783,6.632,6.427
26562,0.82,37.561,23.841,30.35,23.244,4.62,6.59,6.385
26563,0.833,37.629,23.888,30.407,23.254,4.659,6.671,6.507
26564,0.83,37.409,23.888,30.388,23.251,4.741,6.672,6.386
26565,0.82,37.541,23.853,30.417,23.254,4.701,6.55,6.344
26566,0.81,37.648,23.845,30.379,23.244,4.66,6.712,6.384
26567,0.813,37.697,23.872,30.426,23.251,4.822,6.794,6.547
26568,0.826,37.401,23.865,30.427,23.254,4.743,6.673,6.427
26569,0.813,37.484,23.849,30.398,23.251,4.742,6.713,6.426
26570,0.794,37.581,23.896,30.417,23.254,4.783,6.713,6.507
26571,0.79,37.773,23.799,30.417,23.254,4.742,6.794,6.508
26572,0.797,37.536,23.872,30.417,23.258,4.783,6.795,6.427
26573,0.79,37.619,23.861,30.398,23.247,4.58,6.633,6.344
26574,0.78,37.687,23.888,30.398,23.251,4.7,6.712,6.425
26575,0.806,37.324,23.798,30.407,23.251,4.701,6.672,6.385
26576,0.813,37.339,23.844,30.398,23.247,4.701,6.713,6.344
26577,0.807,37.454,23.872,30.398,23.24,4.66,6.713,6.303
26578,0.81,37.552,23.849,30.417,23.247,4.66,6.754,6.506
26579,0.826,37.265,23.888,30.455,23.258,4.822,6.876,6.549
26580,0.83,37.367,23.884,30.408,23.251,4.743,6.796,6.468
26581,0.804,37.474,23.83,30.427,23.254,4.701,6.755,6.426
26582,0.826,37.561,23.837,30.427,23.258,4.742,6.754,6.466
26583,0.83,37.313,23.88,30.417,23.261,4.783,6.714,6.467
26584,0.826,37.435,23.869,30.417,23.247,4.742,6.713,6.345
26585,0.817,37.523,23.861,30.446,23.244,4.661,6.713,6.425
26586,0.81,37.619,23.841,30.427,23.251,4.741,6.794,6.426
26587,0.813,37.285,23.884,30.417,23.247,4.742,6.755,6.426
26588,0.813,37.406,23.896,30.417,23.244,4.661,6.673,6.304
26589,0.803,37.522,23.857,30.398,23.244,4.741,6.713,6.384
26590,0.797,37.6,23.872,30.446,23.258,4.864,6.876,6.547
26591,0.807,37.217,23.818,30.446,23.261,4.743,6.837,6.427
26592,0.794,37.319,23.837,30.437,23.258,4.742,6.837,6.426
26593,0.777,37.445,23.849,30.437,23.247,4.742,6.877,6.507
26594,0.787,37.465,23.88,30.437,23.254,4.783,6.837,6.549
26595,0.806,37.274,23.834,30.475,23.258,4.824,6.877,6.508
26596,0.813,37.387,23.853,30.408,23.241,4.661,6.715,6.345
26597,0.8,37.455,23.861,30.407,23.251,4.741,6.876,6.466
26598,0.813,37.504,23.88,30.436,23.254,4.823,6.877,6.386
26599,0.813,37.216,23.853,30.437,23.247,4.783,6.796,6.385
26600,0.813,37.329,23.907,30.427,23.24,4.702,6.795,6.344
26601,0.813,37.445,23.838,30.503,23.251,4.782,6.917,6.425
26602,0.833,37.245,23.857,30.476,23.254,4.905,6.959,6.588
26603,0.836,37.166,23.88,30.446,23.251,4.744,6.797,6.468
26604,0.83,37.28,23.822,30.456,23.251,4.783,6.877,6.386
26605,0.817,37.406,23.849,30.456,23.251,4.742,6.837,6.466
26606,0.816,37.12,23.806,30.456,23.251,4.783,6.877,6.467
26607,0.82,37.232,23.895,30.437,23.247,4.702,6.796,6.386
26608,0.787,37.338,23.873,30.437,23.251,4.66,6.755,6.385
26609,0.8,37.435,23.857,30.437,23.254,4.741,6.836,6.425
26610,0.794,37.197,23.892,30.437,23.247,4.742,6.755,6.385
26611,0.787,37.328,23.81,30.456,23.24,4.701,6.714,6.344
26612,0.787,37.426,23.841,30.437,23.244,4.66,6.794,6.466
26613,0.797,37.542,23.907,30.465,23.261,4.904,6.958,6.548
26614,0.8,37.14,23.877,30.466,23.258,4.744,6.797,6.468
26615,0.794,37.251,23.861,30.466,23.251,4.783,6.836,6.386
26616,0.803,37.358,23.826,30.456,23.254,4.783,6.837,6.507
26617,0.803,37.426,23.884,30.456,23.261,4.783,6.918,6.508
26618,0.807,37.158,23.865,30.465,23.254,4.783,6.837,6.386
26619,0.797,37.28,23.81,30.418,23.24,4.661,6.755,6.425
26620,0.803,37.406,23.872,30.455,23.254,4.782,6.917,6.466
26621,0.826,37.446,23.845,30.456,23.254,4.702,6.878,6.386
26622,0.82,37.101,23.825,30.437,23.251,4.742,6.918,6.385
26623,0.807,37.212,23.888,30.427,23.247,4.742,6.919,6.425
26624,0.81,37.348,23.822,30.465,23.254,4.823,7.163,6.588
26625,0.823,37.407,23.864,30.494,23.261,4.824,7.124,6.509
26626,0.804,37.139,23.845,30.456,23.251,4.783,7.124,6.549
26627,0.8,37.27,23.9,30.465,23.244,4.783,7.124,6.59
26628,0.794,37.377,23.861,30.466,23.254,4.783,7.165,6.59
26629,0.797,37.34,23.865,30.485,23.254,4.742,7.246,6.427
26630,0.794,37.186,23.9,30.447,23.237,4.701,7.125,6.385
26631,0.774,37.29,23.748,30.465,23.247,4.742,7.205,6.547
26632,0.78,37.435,23.836,30.475,23.251,4.742,7.165,6.468
26633,0.78,37.053,23.872,30.466,23.244,4.783,7.246,6.426
26634,0.784,37.126,23.845,30.466,23.244,4.702,7.125,6.507
26635,0.787,37.261,23.876,30.533,23.251,4.782,7.287,6.549
26636,0.797,37.387,23.83,30.505,23.268,4.905,7.369,6.549
26637,0.8,36.995,23.88,30.476,23.254,4.744,7.33,6.508
26638,0.797,37.125,23.834,30.494,23.251,4.783,7.289,6.549
26639,0.807,37.27,23.868,30.475,23.258,4.824,7.369,6.549
26640,0.81,37.339,23.884,30.514,23.251,4.783,7.411,6.508
26641,0.803,37.052,23.861,30.495,23.251,4.702,7.33,6.345
26642,0.803,37.183,23.845,30.456,23.251,4.701,7.37,6.466
26643,0.81,37.309,23.896,30.475,23.254,4.742,7.37,6.426
26644,0.816,37.378,23.873,30.456,23.251,4.701,7.452,6.426
26645,0.8,37.023,23.872,30.485,23.247,4.742,7.412,6.385
26646,0.794,37.154,23.798,30.466,23.247,4.742,7.452,6.466
26647,0.8,37.29,23.899,30.513,23.261,4.905,7.615,6.548
26648,0.8,37.368,23.838,30.495,23.251,4.784,7.535,6.468
26649,0.787,37.177,23.857,30.485,23.258,4.783,7.453,6.467
26650,0.777,37.28,23.888,30.494,23.254,4.783,7.534,6.467
26651,0.774,37.416,23.81,30.514,23.251,4.824,7.534,6.467
26652,0.78,37.446,23.848,30.504,23.251,4.702,7.453,6.345
26653,0.764,37.043,23.837,30.466,23.251,4.742,7.534,6.466
26654,0.78,37.193,23.872,30.513,23.251,4.742,7.453,6.345
26655,0.787,37.3,23.845,30.495,23.244,4.701,7.452,6.343
26656,0.787,37.627,23.841,30.475,23.244,4.742,7.452,6.303
26657,0.78,37.141,23.853,30.494,23.251,4.661,7.452,6.425
26658,0.8,37.309,23.864,30.533,23.261,4.822,7.534,6.507
26659,0.79,37.397,23.872,30.495,23.251,4.783,7.494,6.427
26660,0.793,37.062,23.892,30.523,23.251,4.783,7.494,6.426
26661,0.806,37.049,23.838,30.552,23.258,4.824,7.494,6.385
26662,0.82,37.212,23.841,30.514,23.258,4.743,7.494,6.385
26663,0.807,37.281,23.864,30.495,23.251,4.579,7.412,6.222
26664,0.79,37.07,23.826,30.485,23.251,4.74,7.533,6.302
26665,0.787,37.231,23.849,30.514,23.247,4.742,7.453,6.384
26666,0.79,37.338,23.853,30.485,23.244,4.701,7.534,6.303
26667,0.78,37.407,23.896,30.504,23.24,4.66,7.534,6.262
26668,0.777,36.957,23.881,30.523,23.247,4.7,7.616,6.384
26669,0.793,37.115,23.892,30.552,23.261,4.823,7.698,6.385
26670,0.787,37.222,23.873,30.514,23.251,4.743,7.618,6.263
26671,0.774,37.29,23.826,30.533,23.254,4.823,7.617,6.343
26672,0.771,36.994,23.853,30.524,23.258,4.783,7.617,6.384
26673,0.783,37.135,23.861,30.543,23.251,4.824,7.698,6.385
26674,0.777,37.242,23.865,30.533,23.244,4.661,7.577,6.263
26675,0.777,37.252,23.79,30.505,23.237,4.7,7.616,6.343
26676,0.777,37.118,23.864,30.523,23.247,4.701,7.617,6.303
26677,0.787,37.26,23.872,30.524,23.247,4.742,7.617,6.302
26678,0.787,37.367,23.857,30.504,23.247,4.661,7.535,6.262
26679,0.784,37.397,23.868,30.514,23.247,4.66,7.575,6.343
26680,0.8,37.024,23.896,30.552,23.261,4.863,7.779,6.547
26681,0.816,37.173,23.892,30.533,23.254,4.743,7.618,6.305
26682,0.803,37.261,23.841,30.514,23.254,4.823,7.535,6.343
26683,0.8,37.272,23.872,30.514,23.251,4.783,7.575,6.303
26684,0.81,36.955,23.81,30.543,23.254,4.783,7.616,6.384
26685,0.807,37.096,23.833,30.514,23.254,4.742,7.576,6.303
26686,0.781,37.174,23.833,30.495,23.237,4.579,7.454,6.262
26687,0.784,37.098,23.911,30.514,23.251,4.659,7.574,6.343
26688,0.767,37.097,23.873,30.514,23.254,4.66,7.535,6.303
26689,0.777,37.212,23.872,30.514,23.247,4.66,7.494,6.302
26690,0.764,37.3,23.872,30.524,23.247,4.579,7.494,6.302
26691,0.77,37.013,23.876,30.533,23.254,4.822,7.616,6.506
26692,0.787,37.144,23.861,30.552,23.254,4.743,7.576,6.467
26693,0.774,37.232,23.865,30.533,23.251,4.742,7.616,6.386
26694,0.78,37.31,23.833,30.524,23.254,4.701,7.535,6.425
26695,0.787,36.956,23.817,30.543,23.251,4.823,7.534,6.426
26696,0.787,37.077,23.841,30.553,23.254,4.743,7.616,6.385
26697,0.787,37.183,23.88,30.514,23.244,4.661,7.413,6.303
26698,0.78,37.252,23.826,30.524,23.251,4.741,7.533,6.343
26699,0.797,37.003,23.864,30.524,23.254,4.701,7.534,6.384
26700,0.797,37.135,23.904,30.524,23.247,4.701,7.453,6.303
26701,0.797,37.251,23.865,30.514,23.247,4.66,7.493,6.302
26702,0.797,37.319,23.845,30.533,23.254,4.741,7.575,6.425
26703,0.81,36.965,23.88,30.552,23.258,4.864,7.575,6.385
26704,0.794,37.096,23.837,30.553,23.244,4.743,7.535,6.303
26705,0.787,37.193,23.837,30.533,23.258,4.742,7.575,6.425
26706,0.787,37.252,23.849,30.543,23.254,4.742,7.575,6.466
26707,0.787,37.032,23.88,30.572,23.254,4.742,7.616,6.386
26708,0.777,37.154,23.834,30.524,23.244,4.661,7.413,6.222
26709,0.767,37.232,23.825,30.533,23.251,4.741,7.574,6.383
26710,0.777,37.3,23.868,30.533,23.251,4.742,7.494,6.385
26711,0.767,36.927,23.865,30.543,23.244,4.701,7.412,6.344
26712,0.761,37.057,23.826,30.543,23.244,4.701,7.411,6.303
26713,0.757,37.174,23.892,30.543,23.247,4.742,7.533,6.465
26714,0.774,37.271,23.865,30.581,23.254,4.823,7.534,6.426
26715,0.777,37.022,23.826,30.543,23.251,4.702,7.453,6.385
26716,0.78,37.144,23.825,30.572,23.254,4.701,7.452,6.425
26717,0.787,37.251,23.825,30.562,23.254,4.701,7.534,6.385
26718,0.78,36.984,23.845,30.553,23.254,4.742,7.494,6.425
26719,0.793,37.048,23.81,30.543,23.244,4.661,7.371,6.263
26720,0.787,37.116,23.864,30.524,23.247,4.66,7.411,6.302
26721,0.79,37.26,23.787,30.543,23.251,4.741,7.452,6.302
26722,0.806,36.792,23.817,30.543,23.24,4.661,7.412,6.302
26723,0.8,36.912,23.888,30.543,23.24,4.619,7.411,6.262
26724,0.794,37.028,23.845,30.553,23.247,4.741,7.452,6.343
26725,0.79,37.164,23.868,30.649,23.261,4.783,7.574,6.425
26726,0.793,36.829,23.818,30.563,23.247,4.702,7.535,6.344
26727,0.787,36.951,23.849,30.562,23.244,4.701,7.494,6.343
26728,0.784,37.067,23.849,30.562,23.251,4.742,7.494,6.303
26729,0.774,37.164,23.822,30.572,23.254,4.742,7.494,6.262
26730,0.784,36.916,23.884,30.553,23.247,4.661,7.453,6.18
26731,0.761,37.038,23.841,30.543,23.237,4.619,7.412,6.261
26732,0.761,37.164,23.829,30.572,23.244,4.659,7.452,6.262
26733,0.767,37.213,23.88,30.553,23.247,4.66,7.452,6.221
26734,0.767,36.724,23.834,30.533,23.247,4.7,7.412,6.261
26735,0.774,36.844,23.853,30.533,23.244,4.701,7.452,6.262
26736,0.787,36.999,23.849,30.591,23.258,4.823,7.574,6.424
26737,0.8,37.039,23.9,30.572,23.247,4.702,7.413,6.263
26738,0.79,36.915,23.9,30.572,23.251,4.701,7.452,6.343
26739,0.793,37.057,23.834,30.562,23.251,4.742,7.412,6.262
26740,0.793,37.164,23.868,30.582,23.247,4.742,7.452,6.302
26741,0.813,37.299,23.857,30.582,23.258,4.661,7.33,6.18
26742,0.813,36.946,23.822,30.515,23.241,4.579,7.289,6.139
26743,0.803,37.067,23.895,30.562,23.258,4.781,7.369,6.179
26744,0.8,37.193,23.806,30.572,23.247,4.661,7.248,6.261
26745,0.787,36.954,23.86,30.543,23.24,4.66,7.288,6.18
26746,0.774,36.923,23.841,30.543,23.244,4.66,7.288,6.139
26747,0.777,37.038,23.876,30.562,23.254,4.7,7.369,6.341
26748,0.79,37.212,23.884,30.601,23.261,4.782,7.33,6.262
26749,0.777,36.677,23.845,30.553,23.251,4.661,7.207,6.262
26750,0.777,36.777,23.892,30.562,23.247,4.782,7.287,6.221
26751,0.777,36.931,23.865,30.591,23.251,4.783,7.207,6.261
26752,0.777,37.019,23.849,30.582,23.258,4.783,7.206,6.221
26753,0.767,36.886,23.857,30.543,23.241,4.62,7.125,6.18
26754,0.764,37.018,23.81,30.572,23.251,4.741,7.124,6.22
26755,0.787,37.144,23.852,30.553,23.244,4.742,7.205,6.22
26756,0.787,37.213,23.837,30.572,23.244,4.661,7.043,6.18
26757,0.787,36.638,23.845,30.543,23.244,4.66,7.001,6.179
26758,0.797,36.795,23.833,30.572,23.254,4.741,7.204,6.301
26759,0.813,36.96,23.86,30.591,23.258,4.823,7.043,6.302
26760,0.803,36.981,23.865,30.582,23.254,4.783,7.123,6.262
26761,0.816,36.693,23.767,30.582,23.247,4.783,7.083,6.221
26762,0.813,36.853,23.844,30.582,23.247,4.824,7.123,6.261
26763,0.816,36.951,23.857,30.572,23.254,4.743,7.083,6.221
26764,0.807,36.981,23.833,30.553,23.234,4.539,6.92,6.139
26765,0.787,36.741,23.817,30.572,23.251,4.699,6.959,6.219
26766,0.793,36.883,23.813,30.572,23.251,4.701,6.96,6.22
26767,0.79,36.99,23.856,30.562,23.244,4.66,7.0,6.261
26768,0.797,37.01,23.837,30.553,23.247,4.7,7.001,6.221
26769,0.781,36.694,23.872,30.581,23.251,4.823,7.123,6.342
26770,0.79,36.853,23.912,30.601,23.254,4.865,7.124,6.262
26771,0.771,36.932,23.865,30.582,23.251,4.743,7.043,6.262
26772,0.77,36.865,23.837,30.572,23.247,4.783,7.123,6.302
26773,0.777,36.759,23.853,30.582,23.244,4.783,7.124,6.221
26774,0.78,36.883,23.829,30.582,23.258,4.702,7.246,6.302
26775,0.787,36.99,23.825,30.543,23.241,4.66,7.044,6.18
26776,0.777,36.521,23.806,30.572,23.244,4.741,7.204,6.261
26777,0.784,36.602,23.864,30.572,23.247,4.742,7.165,6.262
26778,0.8,36.718,23.841,30.582,23.251,4.701,7.124,6.139
26779,0.807,36.825,23.841,30.582,23.244,4.66,7.083,6.219
26780,0.794,37.306,23.88,30.563,23.244,4.782,7.286,6.22
26781,0.819,37.502,23.88,30.61,23.258,4.864,7.329,6.342
26782,0.82,37.61,23.822,30.572,23.254,4.784,7.248,6.262
26783,0.803,37.659,23.884,30.572,23.251,4.783,7.288,6.302
26784,0.803,36.355,23.841,30.572,23.251,4.864,7.247,6.262
26785,0.797,36.476,23.806,30.582,23.254,4.784,7.288,6.302
26786,0.803,36.612,23.825,30.572,23.251,4.742,7.125,6.14
26787,0.79,36.642,23.833,30.562,23.244,4.701,7.165,6.219
26788,0.78,36.719,23.853,30.582,23.247,4.742,7.124,6.22
26789,0.777,36.863,23.868,30.563,23.247,4.742,7.165,6.139
26790,0.78,36.98,23.888,30.553,23.24,4.701,7.124,6.138
26791,0.771,37.029,23.877,30.572,23.247,4.742,7.205,6.26
26792,0.777,36.655,23.833,30.601,23.261,4.823,7.328,6.384
26793,0.787,36.767,23.896,30.582,23.251,4.743,7.167,6.263
26794,0.774,36.873,23.842,30.582,23.247,4.701,7.206,6.302
26795,0.787,36.894,23.837,30.582,23.247,4.742,7.287,6.302
26796,0.787,36.635,23.821,30.591,23.254,4.823,7.166,6.302
26797,0.793,36.757,23.802,30.572,23.251,4.743,7.124,6.221
26798,0.787,36.825,23.825,30.553,23.244,4.62,7.043,6.18
26799,0.797,37.095,23.856,30.581,23.247,4.741,7.082,6.261
26800,0.803,36.608,23.861,30.572,23.251,4.701,7.083,6.221
26801,0.784,36.728,23.841,30.572,23.251,4.66,7.042,6.18
26802,0.803,36.835,23.802,30.562,23.237,4.741,7.042,6.261
26803,0.813,36.548,23.88,30.591,23.258,4.823,7.204,6.384
26804,0.826,36.603,23.888,30.601,23.258,4.743,7.125,6.263
26805,0.8,36.728,23.857,30.582,23.247,4.742,7.124,6.302
26806,0.8,36.835,23.853,30.591,23.247,4.742,7.165,6.343
26807,0.797,36.452,23.857,30.591,23.254,4.742,7.124,6.343
26808,0.79,36.583,23.849,30.582,23.251,4.742,7.124,6.303
26809,0.78,36.68,23.853,30.553,23.244,4.62,6.961,6.14
26810,0.767,36.767,23.88,30.581,23.247,4.741,7.041,6.26
26811,0.774,36.519,23.861,30.563,23.254,4.661,7.082,6.262
26812,0.767,36.66,23.81,30.572,23.247,4.7,7.083,6.221
26813,0.77,36.767,23.864,30.562,23.244,4.66,7.083,6.22
26814,0.764,36.845,23.806,30.591,23.258,4.782,7.205,6.424
26815,0.793,36.395,23.841,30.63,23.254,4.824,7.165,6.385
26816,0.79,36.486,23.837,30.601,23.251,4.743,7.165,6.303
26817,0.787,36.612,23.864,30.582,23.251,4.742,7.043,6.302
26818,0.797,36.68,23.857,30.591,23.251,4.742,7.123,6.343
26819,0.8,36.566,23.857,30.611,23.254,4.783,7.124,6.303
26820,0.81,36.699,23.861,30.582,23.244,4.661,6.961,6.14
26821,0.8,36.786,23.845,30.572,23.244,4.741,7.122,6.179
26822,0.816,36.864,23.818,30.572,23.247,4.701,7.043,6.301
26823,0.8,36.405,23.856,30.572,23.247,4.66,7.042,6.221
26824,0.803,36.544,23.794,30.572,23.247,4.66,6.92,6.22
26825,0.79,36.689,23.833,30.562,23.251,4.741,7.081,6.342
26826,0.8,36.738,23.864,30.591,23.265,4.864,7.164,6.425
26827,0.794,36.509,23.865,30.572,23.251,4.743,7.002,6.304
26828,0.787,36.66,23.872,30.582,23.247,4.742,7.041,6.262
26829,0.784,36.767,23.861,30.582,23.251,4.742,7.042,6.343
26830,0.784,36.557,23.865,30.572,23.251,4.742,7.042,6.303
26831,0.771,36.469,23.865,30.591,23.251,4.579,6.96,6.221
26832,0.764,36.573,23.814,30.553,23.237,4.7,6.878,6.342
26833,0.774,36.68,23.888,30.572,23.244,4.742,6.877,6.262
26834,0.78,36.431,23.767,30.591,23.251,4.701,6.877,6.18
26835,0.78,36.534,23.782,30.553,23.24,4.66,6.877,6.22
26836,0.79,36.631,23.833,30.562,23.244,4.7,6.877,6.302
26837,0.803,36.767,23.856,30.591,23.265,4.945,7.081,6.465
26838,0.816,36.336,23.896,30.582,23.251,4.744,6.92,6.264
26839,0.797,36.447,23.83,30.601,23.247,4.823,6.878,6.343
26840,0.81,36.573,23.884,30.601,23.251,4.783,6.959,6.303
26841,0.813,36.661,23.865,30.591,23.254,4.824,6.96,6.343
26842,0.823,36.364,23.837,30.582,23.251,4.743,6.919,6.303
26843,0.813,36.467,23.892,30.543,23.244,4.579,6.796,6.221
26844,0.823,36.602,23.806,30.581,23.251,4.74,6.877,6.261
26845,0.826,36.68,23.848,30.572,23.247,4.742,6.918,6.262
26846,0.813,36.364,23.822,30.572,23.24,4.661,6.878,6.139
26847,0.826,36.495,23.852,30.572,23.244,4.741,6.918,6.219
26848,0.817,36.621,23.876,30.572,23.254,4.905,6.919,6.383
26849,0.823,36.728,23.837,30.591,23.261,4.825,6.919,6.263
26850,0.826,36.403,23.872,30.563,23.251,4.743,6.959,6.302
26851,0.833,36.544,23.849,30.582,23.247,4.823,6.96,6.302
26852,0.83,36.679,23.825,30.582,23.258,4.743,6.96,6.302
26853,0.833,36.69,23.868,30.601,23.247,4.783,6.919,6.302
26854,0.839,36.345,23.802,30.553,23.244,4.58,6.756,6.18
26855,0.839,36.466,23.821,30.581,23.254,4.7,6.836,6.261
26856,0.859,36.583,23.821,30.582,23.251,4.742,6.837,6.18
26857,0.859,36.584,23.852,30.553,23.247,4.701,6.837,6.22
26858,0.866,36.363,23.849,30.553,23.24,4.66,6.796,6.22
26859,0.869,36.486,23.818,30.591,23.254,4.863,6.917,6.383
26860,0.892,36.621,23.899,30.611,23.261,4.824,6.919,6.263
26861,0.869,36.306,23.845,30.572,23.251,4.783,6.878,6.221
26862,0.882,36.37,23.833,30.572,23.251,4.783,6.918,6.261
26863,0.885,36.496,23.888,30.582,23.251,4.742,6.919,6.343
26864,0.879,36.593,23.818,30.582,23.258,4.823,6.919,6.303
26865,0.866,36.268,23.821,30.572,23.241,4.661,6.756,6.14
26866,0.859,36.351,23.77,30.543,23.251,4.741,6.876,6.179
26867,0.869,36.514,23.84,30.553,23.254,4.742,6.918,6.22
26868,0.859,36.593,23.833,30.553,23.244,4.742,6.919,6.261
26869,0.862,36.277,23.817,30.543,23.247,4.701,6.837,6.139
26870,0.856,36.408,23.88,30.553,23.244,4.742,6.999,6.26
26871,0.875,36.563,23.849,30.572,23.258,4.864,7.204,6.424
26872,0.882,36.651,23.829,30.591,23.251,4.784,7.084,6.182
26873,0.879,36.259,23.903,30.572,23.251,4.742,7.042,6.261
26874,0.885,36.37,23.791,30.582,23.247,4.783,7.164,6.221
26875,0.895,36.496,23.837,30.572,23.254,4.783,7.246,6.302
26876,0.895,36.564,23.81,30.591,23.251,4.783,7.288,6.18
26877,0.889,36.325,23.841,30.543,23.247,4.661,7.044,6.098
26878,0.889,36.447,23.802,30.553,23.247,4.741,7.286,6.3
26879,0.892,36.573,23.837,30.562,23.244,4.742,7.207,6.221
26880,0.889,36.574,23.884,30.562,23.247,4.742,7.247,6.18
26881,0.892,36.2,23.841,30.543,23.24,4.701,7.206,6.098
26882,0.912,36.34,23.818,30.543,23.247,4.701,7.369,6.3
26883,0.915,36.476,23.88,30.581,23.261,4.863,7.452,6.302
26884,0.928,36.813,23.841,30.563,23.251,4.784,7.249,6.221
26885,0.899,36.318,23.849,30.553,23.251,4.783,7.45,6.22
26886,0.905,36.457,23.798,30.572,23.254,4.783,7.452,6.261
26887,0.902,36.544,23.848,30.572,23.254,4.824,7.412,6.221
26888,0.899,36.258,23.81,30.543,23.247,4.743,7.289,6.139
26889,0.876,36.235,23.825,30.524,23.247,4.742,7.369,6.138
26890,0.892,36.369,23.868,30.552,23.247,4.783,7.411,6.179
26891,0.886,36.467,23.853,30.553,23.244,4.661,7.371,6.179
26892,0.866,36.113,23.833,30.543,23.244,4.7,7.289,6.057
26893,0.866,36.272,23.845,30.553,23.244,4.742,7.369,6.219
26894,0.869,36.427,23.825,30.601,23.265,4.823,7.492,6.383
26895,0.866,36.515,23.868,30.553,23.254,4.783,7.371,6.303
26896,0.859,36.171,23.833,30.553,23.247,4.742,7.411,6.18
26897,0.859,36.321,23.899,30.553,23.254,4.823,7.371,6.22
26898,0.869,36.447,23.861,30.581,23.261,4.824,7.452,6.22
26899,0.869,36.515,23.857,30.572,23.251,4.743,7.29,6.18
26900,0.863,36.075,23.833,30.534,23.237,4.579,7.329,6.22
26901,0.853,36.243,23.825,30.572,23.247,4.781,7.41,6.18
26902,0.853,36.36,23.837,30.543,23.251,4.742,7.371,6.179
26903,0.843,36.419,23.825,30.533,23.247,4.742,7.37,6.179
26904,0.833,36.122,23.829,30.533,23.247,4.661,7.37,6.179
26905,0.817,36.272,23.81,30.552,23.254,4.782,7.533,6.383
26906,0.839,36.427,23.86,30.581,23.258,4.783,7.453,6.222
26907,0.817,36.439,23.845,30.553,23.258,4.824,7.412,6.22
26908,0.807,36.189,23.849,30.553,23.254,4.743,7.452,6.302
26909,0.807,36.35,23.864,30.543,23.251,4.783,7.412,6.302
26910,0.8,36.467,23.884,30.553,23.251,4.824,7.371,6.18
26911,0.784,36.448,23.853,30.524,23.24,4.661,7.208,6.139
26912,0.774,36.189,23.829,30.552,23.251,4.7,7.369,6.219
26913,0.787,36.321,23.853,30.553,23.254,4.742,7.289,6.302
26914,0.777,36.437,23.794,30.514,23.244,4.701,7.247,6.221
26915,0.771,36.256,23.79,30.533,23.244,4.742,7.247,6.261
26916,0.767,36.159,23.805,30.543,23.258,4.783,7.41,6.343
26917,0.787,36.311,23.841,30.572,23.265,4.864,7.33,6.262
26918,0.777,36.38,23.853,30.553,23.244,4.702,7.289,6.262
26919,0.777,36.112,23.849,30.543,23.251,4.701,7.207,6.262
26920,0.787,36.234,23.818,30.553,23.251,4.782,7.206,6.262
26921,0.777,36.35,23.849,30.562,23.258,4.783,7.247,6.262
26922,0.787,36.457,23.853,30.543,23.244,4.62,7.084,6.18
26923,0.774,36.055,23.814,30.514,23.247,4.659,7.083,6.22
26924,0.78,36.224,23.837,30.533,23.247,4.66,7.083,6.18
26925,0.774,36.35,23.778,30.533,23.244,4.7,7.042,6.179
26926,0.758,36.419,23.825,30.524,23.244,4.701,7.001,6.22
26927,0.744,35.988,23.841,30.533,23.247,4.742,7.082,6.302
26928,0.747,36.175,23.864,30.572,23.265,4.864,7.164,6.384
26929,0.744,36.321,23.853,30.534,23.248,4.702,7.043,6.263
26930,0.734,36.342,23.864,30.533,23.251,4.782,7.042,6.302
26931,0.734,36.15,23.853,30.524,23.254,4.824,7.082,6.262
26932,0.725,36.292,23.806,30.543,23.254,4.824,7.083,6.343
26933,0.731,36.399,23.86,30.543,23.251,4.702,7.123,6.221
26934,0.725,36.429,23.794,30.514,23.244,4.62,7.043,6.22
26935,0.728,36.074,23.794,30.533,23.251,4.741,7.001,6.22
26936,0.747,36.186,23.817,30.552,23.251,4.661,7.001,6.22
26937,0.744,36.302,23.852,30.543,23.247,4.7,7.123,6.18
26938,0.741,36.332,23.841,30.524,23.244,4.701,7.165,6.261
26939,0.754,36.092,23.841,30.552,23.261,4.823,7.287,6.384
26940,0.767,36.224,23.821,30.543,23.251,4.743,7.207,6.263
26941,0.767,36.321,23.81,30.524,23.251,4.783,7.206,6.221
26942,0.767,36.437,23.825,30.533,23.254,4.742,7.206,6.22
26943,0.767,36.113,23.825,30.543,23.251,4.742,7.206,6.261
26944,0.77,36.263,23.829,30.553,23.247,4.742,7.287,6.18
26945,0.748,36.351,23.794,30.495,23.237,4.661,7.166,6.098
26946,0.741,35.997,23.852,30.533,23.251,4.741,7.287,6.219
26947,0.744,36.07,23.841,30.533,23.244,4.742,7.288,6.22
26948,0.738,36.195,23.833,30.505,23.247,4.742,7.207,6.22
26949,0.734,36.283,23.841,30.504,23.247,4.701,7.287,6.22
26950,0.728,35.996,23.884,30.523,23.251,4.782,7.532,6.383
26951,0.754,36.156,23.892,30.61,23.254,4.824,7.453,6.222
26952,0.731,36.273,23.826,30.534,23.247,4.783,7.534,6.302
26953,0.738,36.322,23.853,30.524,23.251,4.864,7.494,6.302
26954,0.741,36.016,23.837,30.533,23.258,4.824,7.616,6.302
26955,0.757,36.166,23.814,30.543,23.247,4.743,7.373,6.18
26956,0.738,36.263,23.786,30.485,23.244,4.62,7.33,6.098
26957,0.741,36.331,23.833,30.504,23.247,4.7,7.451,6.26
26958,0.757,35.996,23.845,30.514,23.244,4.66,7.452,6.221
26959,0.757,36.147,23.818,30.504,23.244,4.66,7.452,6.139
26960,0.761,36.234,23.833,30.504,23.247,4.741,7.452,6.138
26961,0.764,36.35,23.849,30.533,23.261,4.823,7.615,6.341
26962,0.78,35.949,23.837,30.514,23.251,4.743,7.413,6.221
26963,0.774,36.06,23.833,30.504,23.254,4.783,7.452,6.22
26964,0.777,36.205,23.817,30.504,23.251,4.742,7.371,6.302
26965,0.774,36.225,23.813,30.523,23.258,4.823,7.492,6.302
26966,0.771,35.976,23.848,30.514,23.254,4.824,7.371,6.221
26967,0.757,36.05,23.814,30.476,23.244,4.661,7.289,6.139
26968,0.754,36.185,23.825,30.514,23.251,4.741,7.329,6.179
26969,0.748,36.225,23.802,30.485,23.251,4.742,7.289,6.179
26970,0.744,35.976,23.833,30.494,23.244,4.742,7.207,6.057
26971,0.741,36.108,23.829,30.485,23.247,4.661,7.206,6.178
26972,0.741,36.253,23.841,30.514,23.254,4.863,7.409,6.342
26973,0.747,36.063,23.868,30.543,23.251,4.702,7.208,6.181
26974,0.744,36.013,23.865,30.553,23.247,4.742,7.247,6.22
26975,0.754,36.175,23.829,30.514,23.251,4.864,7.247,6.261
26976,0.757,36.263,23.856,30.514,23.251,4.784,7.206,6.221
26977,0.761,35.9,23.833,30.504,23.261,4.824,7.328,6.18
26978,0.761,36.002,23.837,30.495,23.244,4.661,7.167,6.057
26979,0.754,36.108,23.798,30.485,23.244,4.7,7.368,6.178
26980,0.77,36.215,23.856,30.485,23.244,4.742,7.289,6.179
26981,0.774,36.034,23.841,30.494,23.247,4.701,7.247,6.098
26982,0.774,36.147,23.81,30.475,23.24,4.701,7.288,6.056
26983,0.78,36.254,23.852,30.485,23.251,4.782,7.369,6.219
26984,0.79,36.389,23.743,30.523,23.261,4.864,7.492,6.302
26985,0.777,35.872,23.832,30.504,23.247,4.702,7.412,6.221
26986,0.761,36.021,23.841,30.514,23.254,4.823,7.452,6.18
26987,0.761,36.118,23.864,30.485,23.258,4.743,7.412,6.22
26988,0.744,36.196,23.853,30.494,23.254,4.823,7.452,6.18
26989,0.747,35.938,23.837,30.495,23.254,4.783,7.371,6.098
26990,0.747,36.04,23.857,30.447,23.247,4.62,7.289,6.056
26991,0.767,36.214,23.833,30.475,23.251,4.741,7.288,6.178
26992,0.787,36.254,23.833,30.494,23.247,4.661,7.41,6.139
26993,0.8,35.9,23.833,30.466,23.247,4.741,7.289,6.098
26994,0.826,36.05,23.716,30.485,23.244,4.661,7.329,6.097
26995,0.859,36.176,23.808,30.485,23.254,4.741,7.37,6.26
26996,0.914,36.235,23.848,30.514,23.254,4.823,7.411,6.221
26997,0.925,35.919,23.872,30.485,23.251,4.702,7.371,6.139
26998,0.944,36.059,23.884,30.485,23.251,4.782,7.289,6.179
26999,0.964,36.166,23.849,30.494,23.254,4.824,7.329,6.22
27000,0.981,36.11,23.833,30.485,23.254,4.743,7.37,6.22
27001,0.994,35.965,23.833,30.485,23.251,4.661,7.208,6.058
27002,1.004,36.05,23.833,30.447,23.244,4.741,7.287,6.137
27003,1.043,36.185,23.825,30.475,23.251,4.742,7.288,6.098
27004,1.063,35.842,23.806,30.466,23.247,4.701,7.288,6.056
27005,1.089,35.896,23.798,30.466,23.244,4.66,7.288,6.097
27006,1.128,36.03,23.809,30.466,23.24,4.741,7.41,6.178
27007,1.19,36.147,23.856,30.494,23.258,4.823,7.411,6.261
27008,1.233,35.841,23.849,30.495,23.244,4.743,7.33,6.18
27009,1.279,35.953,23.829,30.475,23.251,4.742,7.329,6.179
27010,1.312,36.089,23.86,30.475,23.251,4.742,7.41,6.179
27011,1.352,36.176,23.826,30.485,23.251,4.823,7.371,6.261
27012,1.378,35.832,23.841,30.475,23.251,4.783,7.33,6.18
27013,1.378,35.943,23.849,30.437,23.24,4.661,7.248,6.139
27014,1.391,36.06,23.818,30.475,23.251,4.66,7.288,6.219
27015,1.414,36.147,23.794,30.466,23.247,4.66,7.207,6.22
27016,1.437,35.793,23.825,30.456,23.247,4.66,7.165,6.18
27017,1.447,35.895,23.806,30.456,23.247,4.619,7.206,6.22
27018,1.454,36.059,23.841,30.465,23.254,4.741,7.328,6.383
27019,1.447,36.138,23.853,30.513,23.258,4.783,7.248,6.303
27020,1.408,35.803,23.884,30.476,23.258,4.702,7.247,6.343
27021,1.379,35.924,23.834,30.456,23.247,4.742,7.166,6.303
27022,1.356,36.06,23.829,30.456,23.251,4.783,7.246,6.425
27023,1.31,36.07,23.849,30.475,23.251,4.783,7.288,6.466
27024,1.247,35.84,23.779,30.456,23.247,4.661,7.085,6.386
27025,1.195,35.972,23.797,30.437,23.247,4.7,7.205,6.629
27026,1.149,36.089,23.817,30.456,23.251,4.62,7.125,6.753
27027,1.077,36.416,23.852,30.446,23.251,4.7,7.043,6.917
27028,1.021,35.844,23.837,30.437,23.244,4.701,7.042,7.163
27029,0.949,35.972,23.821,30.446,23.251,4.782,7.123,7.45
27030,0.87,36.098,23.876,30.494,23.265,4.864,7.246,7.818
27031,0.807,35.908,23.849,30.447,23.251,4.784,7.084,8.025
27032,0.722,35.935,23.841,30.465,23.258,4.702,7.083,8.271
27033,0.669,36.05,23.857,30.456,23.258,4.782,7.042,8.518
27034,0.63,36.176,23.857,30.533,23.258,4.742,7.123,8.805
27035,0.623,35.774,23.786,30.457,23.254,4.701,7.083,8.93
27036,0.577,35.885,23.809,30.418,23.237,4.538,6.961,9.012
27037,0.554,36.002,23.852,30.436,23.254,4.74,7.041,9.298
27038,0.537,36.099,23.829,30.437,23.24,4.701,7.082,9.463
27039,0.553,35.706,23.825,30.446,23.24,4.62,7.083,9.465
27040,0.583,35.818,23.794,30.437,23.244,4.7,7.042,9.587
27041,0.629,35.972,23.825,30.437,23.244,4.742,7.123,9.791
27042,0.681,36.07,23.849,30.465,23.261,4.823,7.165,9.915
27043,0.698,35.649,23.798,30.437,23.251,4.743,7.084,9.998
27044,0.721,35.807,23.844,30.437,23.251,4.742,7.164,10.243
27045,0.747,35.924,23.81,30.437,23.254,4.783,7.124,10.489
27046,0.787,35.992,23.876,30.437,23.251,4.783,7.083,10.735
27047,0.8,35.83,23.83,30.446,23.254,4.661,6.961,10.819
27048,0.8,35.953,23.802,30.398,23.24,4.741,6.96,11.186
27049,0.807,36.108,23.825,30.436,23.251,4.661,7.0,11.434
27050,0.807,36.128,23.853,30.417,23.251,4.619,6.919,11.721
27051,0.82,35.726,23.829,30.427,23.247,4.741,6.878,11.927
27052,0.81,35.866,23.798,30.427,23.251,4.701,7.0,12.295
27053,0.816,36.001,23.868,30.465,23.265,4.904,7.041,12.502
27054,0.82,36.022,23.755,30.456,23.258,4.703,6.96,12.463
27055,0.82,35.859,23.824,30.437,23.247,4.701,6.919,12.666
27056,0.83,35.982,23.833,30.437,23.251,4.782,7.041,12.627
27057,0.833,36.108,23.853,30.417,23.258,4.783,6.96,12.749
27058,0.833,35.85,23.845,30.417,23.254,4.661,6.838,12.588
27059,0.83,35.694,23.833,30.398,23.24,4.66,6.877,12.545
27060,0.843,35.856,23.778,30.417,23.244,4.741,6.877,12.504
27061,0.846,35.963,23.821,30.417,23.244,4.661,6.837,12.382
27062,0.843,35.705,23.825,30.388,23.244,4.7,6.796,12.299
27063,0.839,35.798,23.81,30.407,23.244,4.701,6.958,12.258
27064,0.846,35.972,23.813,30.446,23.261,4.863,7.041,12.298
27065,0.846,36.06,23.817,30.417,23.247,4.784,6.879,12.095
27066,0.836,35.687,23.872,30.417,23.251,4.742,6.877,11.971
27067,0.833,35.856,23.833,30.417,23.254,4.701,6.877,11.929
27068,0.826,35.953,23.837,30.417,23.258,4.782,6.918,11.848
27069,0.823,36.05,23.837,30.427,23.251,4.742,6.878,11.603
27070,0.817,35.629,23.849,30.379,23.244,4.62,6.796,11.438
27071,0.813,35.788,23.825,30.398,23.254,4.7,6.836,11.477
27072,0.82,35.905,23.821,30.398,23.251,4.701,6.837,11.355
27073,0.817,35.963,23.864,30.407,23.247,4.701,6.837,11.191
27074,0.816,35.715,23.767,30.379,23.24,4.66,6.796,11.068
27075,0.823,35.875,23.801,30.417,23.247,4.782,6.877,11.107
27076,0.83,36.021,23.841,30.436,23.265,4.824,6.959,10.985
27077,0.83,36.032,23.857,30.408,23.251,4.702,6.838,10.903
27078,0.833,35.629,23.822,30.407,23.254,4.701,6.877,10.739
27079,0.839,35.74,23.813,30.398,23.254,4.782,6.918,10.657
27080,0.839,35.866,23.817,30.417,23.251,4.742,6.959,10.615
27081,0.843,35.886,23.825,30.388,23.247,4.701,6.878,10.33
27082,0.836,35.762,23.821,30.369,23.244,4.66,6.837,10.205
27083,0.852,35.933,23.794,30.397,23.254,4.7,6.837,10.163
27084,0.853,36.031,23.794,30.398,23.251,4.66,6.958,10.0
27085,0.84,36.032,23.798,30.359,23.24,4.579,6.96,9.958
27086,0.839,35.725,23.852,30.369,23.247,4.659,7.041,9.835
27087,0.843,35.875,23.829,30.407,23.261,4.944,7.204,9.834
27088,0.839,36.021,23.849,30.398,23.247,4.744,7.165,9.672
27089,0.823,35.677,23.798,30.398,23.251,4.783,7.165,9.589
27090,0.83,35.721,23.817,30.388,23.247,4.702,7.206,9.507
27091,0.826,35.885,23.829,30.379,23.258,4.782,7.247,9.384
27092,0.826,35.982,23.864,30.398,23.251,4.783,7.288,9.261
27093,0.82,35.609,23.81,30.35,23.24,4.62,7.085,9.137
27094,0.813,35.769,23.798,30.378,23.247,4.7,7.245,9.095
27095,0.833,35.885,23.786,30.369,23.251,4.66,7.166,9.014
27096,0.839,35.954,23.813,30.359,23.244,4.619,7.206,8.81
27097,0.843,35.523,23.821,30.349,23.247,4.659,7.165,8.889
27098,0.843,35.681,23.825,30.388,23.254,4.863,7.368,8.93
27099,0.866,35.846,23.821,30.417,23.254,4.824,7.33,8.728
27100,0.856,35.886,23.837,30.379,23.247,4.702,7.329,8.685
27101,0.856,35.685,23.821,30.369,23.251,4.742,7.37,8.684
27102,0.869,35.827,23.817,30.378,23.254,4.742,7.452,8.603
27103,0.869,35.943,23.856,30.378,23.247,4.742,7.371,8.521
27104,0.863,35.973,23.794,30.34,23.233,4.62,7.289,8.398
27105,0.853,35.619,23.809,30.378,23.244,4.659,7.329,8.356
27106,0.849,35.74,23.817,30.35,23.251,4.741,7.329,8.275
27107,0.849,35.866,23.817,30.34,23.244,4.701,7.289,8.193
27108,0.833,35.896,23.798,30.349,23.244,4.701,7.288,8.151
27109,0.839,35.676,23.825,30.359,23.254,4.742,7.491,8.273
27110,0.852,35.836,23.821,30.388,23.258,4.823,7.453,8.152
27111,0.843,35.915,23.806,30.35,23.254,4.743,7.371,8.028
27112,0.839,36.011,23.86,30.34,23.251,4.783,7.452,8.027
27113,0.849,35.619,23.829,30.349,23.258,4.783,7.371,8.027
27114,0.843,35.759,23.814,30.378,23.254,4.783,7.37,7.987
27115,0.846,35.847,23.778,30.34,23.24,4.702,7.208,7.702
27116,0.846,35.608,23.836,30.33,23.251,4.742,7.287,7.78
27117,0.856,35.625,23.806,30.34,23.247,4.701,7.247,7.781
27118,0.859,35.759,23.825,30.349,23.247,4.742,7.247,7.659
27119,0.866,35.837,23.798,30.321,23.24,4.661,7.288,7.658
27120,0.866,35.55,23.817,30.33,23.247,4.782,7.329,7.739
27121,0.885,35.72,23.817,30.378,23.261,4.864,7.41,7.781
27122,0.879,35.808,23.849,30.321,23.244,4.743,7.249,7.578
27123,0.882,35.905,23.841,30.34,23.247,4.742,7.288,7.575
27124,0.876,35.57,23.825,30.349,23.258,4.742,7.288,7.575
27125,0.885,35.72,23.841,30.34,23.254,4.783,7.329,7.575
27126,0.872,35.818,23.841,30.33,23.251,4.702,7.167,7.413
27127,0.863,35.857,23.81,30.292,23.237,4.62,7.246,7.493
27128,0.856,35.484,23.817,30.32,23.251,4.741,7.288,7.412
27129,0.849,35.643,23.79,30.32,23.251,4.661,7.288,7.289
27130,0.856,35.75,23.786,30.32,23.244,4.619,7.247,7.329
27131,0.859,35.828,23.79,30.311,23.251,4.659,7.288,7.248
27132,0.849,35.541,23.872,30.349,23.258,4.822,7.491,7.45
27133,0.859,35.701,23.83,30.34,23.251,4.783,7.331,7.29
27134,0.856,35.798,23.81,30.33,23.247,4.783,7.329,7.247
27135,0.862,35.838,23.817,30.311,23.251,4.742,7.329,7.328
27136,0.882,35.531,23.841,30.32,23.251,4.864,7.37,7.289
27137,0.879,35.682,23.829,30.301,23.251,4.743,7.289,7.166
27138,0.869,35.769,23.798,30.282,23.237,4.62,7.247,7.165
27139,0.876,35.809,23.813,30.32,23.247,4.7,7.288,7.124
27140,0.882,35.704,23.813,30.311,23.244,4.701,7.207,7.124
27141,0.885,35.827,23.802,30.311,23.244,4.66,7.206,7.083
27142,0.892,35.924,23.825,30.263,23.251,4.66,7.125,7.002
27143,0.886,35.705,23.786,30.301,23.254,4.863,7.287,7.245
27144,0.905,35.53,23.829,30.33,23.258,4.824,7.288,7.044
27145,0.882,35.614,23.81,30.301,23.251,4.743,7.207,7.082
27146,0.882,35.721,23.86,30.32,23.244,4.742,7.206,7.123
27147,0.882,35.463,23.837,30.301,23.251,4.783,7.206,7.083
27148,0.879,35.575,23.806,30.301,23.254,4.824,7.165,7.042
27149,0.872,35.692,23.821,30.282,23.237,4.621,6.962,6.879
27150,0.859,35.77,23.813,30.282,23.247,4.741,7.082,6.959
27151,0.866,35.521,23.813,30.282,23.254,4.742,7.042,6.96
27152,0.866,35.634,23.86,30.272,23.24,4.742,7.123,6.878
27153,0.866,35.75,23.802,30.262,23.247,4.701,7.043,6.959
27154,0.866,35.876,23.809,30.301,23.265,4.863,7.245,7.082
27155,0.885,35.484,23.837,30.32,23.254,4.784,7.125,6.92
27156,0.879,35.585,23.849,30.282,23.247,4.783,7.002,6.959
27157,0.892,35.73,23.845,30.282,23.254,4.783,7.041,6.919
27158,0.895,35.799,23.806,30.291,23.251,4.742,7.123,6.878
27159,0.902,35.54,23.833,30.301,23.258,4.742,7.083,6.918
27160,0.899,35.634,23.825,30.253,23.244,4.661,6.961,6.756
27161,0.892,35.779,23.798,30.281,23.247,4.741,7.082,6.876
27162,0.908,35.838,23.825,30.262,23.251,4.823,7.002,6.796
27163,0.905,35.397,23.794,30.262,23.244,4.702,7.041,6.714
27164,0.902,35.546,23.805,30.243,23.247,4.66,7.001,6.713
27165,0.895,35.663,23.794,30.272,23.251,4.822,7.123,6.835
27166,0.908,35.731,23.852,30.301,23.265,4.824,7.165,6.796
27167,0.905,35.511,23.841,30.272,23.248,4.743,7.124,6.714
27168,0.886,35.643,23.81,30.262,23.251,4.742,7.124,6.754
27169,0.889,35.779,23.841,30.262,23.251,4.783,7.124,6.754
27170,0.892,36.01,23.786,30.262,23.254,4.742,7.043,6.714
27171,0.886,35.6,23.797,30.243,23.244,4.661,6.96,6.51
27172,0.869,35.692,23.841,30.224,23.244,4.7,7.041,6.67
27173,0.882,35.817,23.771,30.252,23.251,4.742,7.082,6.672
27174,0.885,35.454,23.797,30.233,23.251,4.701,7.042,6.631
27175,0.882,35.47,23.786,30.224,23.247,4.701,6.96,6.55
27176,0.895,35.595,23.84,30.233,23.247,4.66,7.041,6.63
27177,0.902,35.73,23.825,30.252,23.258,4.822,7.286,6.753
27178,0.918,35.482,23.813,30.243,23.247,4.702,7.085,6.592
27179,0.909,35.614,23.809,30.243,23.244,4.742,7.083,6.671
27180,0.918,35.74,23.794,30.243,23.251,4.783,7.083,6.591
27181,0.912,35.828,23.829,30.243,23.254,4.742,7.083,6.631
27182,0.925,35.397,23.841,30.233,23.258,4.823,7.083,6.631
27183,0.922,35.527,23.782,30.185,23.244,4.58,6.961,6.428
27184,0.912,35.662,23.813,30.223,23.247,4.7,7.082,6.548
27185,0.908,35.74,23.763,30.224,23.247,4.742,7.083,6.508
27186,0.905,35.962,23.864,30.195,23.254,4.742,7.042,6.508
27187,0.899,36.089,23.814,30.185,23.244,4.701,7.042,6.508
27188,0.902,36.224,23.841,30.214,23.251,4.742,7.123,6.63
27189,0.915,36.321,23.829,30.243,23.261,4.864,7.124,6.59
27190,0.909,35.105,23.771,30.205,23.247,4.784,7.124,6.549
27191,0.899,35.265,23.801,30.204,23.247,4.742,7.165,6.549
27192,0.902,35.391,23.841,30.214,23.254,4.823,7.124,6.63
27193,0.905,35.431,23.81,30.223,23.251,4.783,7.165,6.59
27194,0.895,35.556,23.798,30.204,23.247,4.62,7.002,6.468
27195,0.899,35.644,23.794,30.156,23.24,4.741,7.163,6.507
27196,0.918,35.798,23.848,30.204,23.251,4.701,7.124,6.549
27197,0.915,35.799,23.822,30.204,23.244,4.66,7.124,6.508
27198,0.918,35.377,23.782,30.185,23.244,4.7,7.083,6.508
27199,0.915,35.507,23.762,30.185,23.251,4.701,7.164,6.508
27200,0.931,35.624,23.821,30.214,23.261,4.904,7.287,6.711
27201,0.935,35.424,23.821,30.185,23.251,4.662,7.166,6.632
27202,0.938,35.326,23.845,30.194,23.251,4.822,7.206,6.509
27203,0.941,35.449,23.857,30.185,23.251,4.743,7.206,6.549
27204,0.945,35.575,23.837,30.194,23.251,4.742,7.287,6.549
27205,0.938,35.308,23.821,30.166,23.251,4.62,7.125,6.468
27206,0.925,35.392,23.798,30.156,23.244,4.7,7.165,6.507
27207,0.935,35.546,23.852,30.165,23.247,4.701,7.246,6.508
27208,0.931,35.643,23.818,30.165,23.251,4.701,7.166,6.467
27209,0.928,35.309,23.798,30.165,23.244,4.579,7.246,6.467
27210,0.931,35.43,23.786,30.156,23.244,4.659,7.206,6.386
27211,0.928,35.604,23.813,30.204,23.261,4.904,7.409,6.547
27212,0.931,35.682,23.864,30.166,23.251,4.744,7.289,6.508
27213,0.918,35.29,23.798,30.175,23.244,4.823,7.288,6.549
27214,0.931,35.42,23.801,30.185,23.251,4.783,7.329,6.468
27215,0.941,35.565,23.833,30.166,23.254,4.783,7.329,6.507
27216,0.951,35.634,23.853,30.156,23.247,4.702,7.329,6.345
27217,0.935,35.328,23.814,30.137,23.244,4.579,7.207,6.384
27218,0.945,35.478,23.79,30.146,23.251,4.7,7.328,6.385
27219,0.964,35.604,23.805,30.137,23.244,4.701,7.248,6.385
27220,0.958,35.654,23.766,30.136,23.24,4.701,7.206,6.385
27221,0.961,35.338,23.786,30.146,23.244,4.742,7.247,6.466
27222,0.984,35.507,23.864,30.165,23.258,4.823,7.41,6.589
27223,0.987,35.633,23.779,30.156,23.251,4.702,7.249,6.468
27224,0.987,35.654,23.793,30.137,23.258,4.701,7.247,6.386
27225,0.978,35.357,23.821,30.136,23.251,4.742,7.288,6.466
27226,0.977,35.498,23.88,30.146,23.251,4.783,7.329,6.467
27227,0.971,35.605,23.83,30.156,23.251,4.702,7.289,6.386
27228,0.958,35.615,23.782,30.108,23.237,4.579,7.207,6.344
27229,0.964,35.462,23.821,30.127,23.251,4.659,7.287,6.343
27230,0.964,35.585,23.813,30.136,23.247,4.7,7.166,6.343
27231,0.961,35.692,23.806,30.108,23.237,4.701,7.124,6.343
27232,0.958,35.309,23.825,30.117,23.237,4.62,7.165,6.384
27233,0.968,35.401,23.794,30.165,23.258,4.822,7.328,6.547
27234,0.974,35.556,23.801,30.146,23.254,4.743,7.248,6.427
27235,0.974,35.624,23.774,30.117,23.254,4.701,7.166,6.344
27236,0.984,35.337,23.844,30.127,23.251,4.742,7.165,6.384
27237,0.997,35.469,23.81,30.136,23.251,4.701,7.206,6.385
27238,1.007,35.595,23.833,30.127,23.258,4.782,7.084,6.303
27239,0.991,35.673,23.829,30.069,23.241,4.58,7.042,6.262
27240,0.991,35.395,23.81,30.107,23.247,4.7,7.123,6.384
27241,1.007,35.527,23.813,30.117,23.244,4.66,7.043,6.303
27242,1.014,35.653,23.837,30.107,23.244,4.66,7.001,6.302
27243,1.02,35.731,23.821,30.088,23.244,4.619,7.041,6.302
27244,1.033,35.425,23.802,30.098,23.258,4.781,7.123,6.465
27245,1.033,35.575,23.844,30.126,23.258,4.742,7.043,6.345
27246,1.024,35.653,23.857,30.108,23.251,4.661,7.082,6.303
27247,1.017,35.731,23.818,30.107,23.251,4.66,7.042,6.384
27248,1.017,35.626,23.833,30.107,23.251,4.741,7.042,6.425
27249,1.02,35.778,23.814,30.107,23.251,4.661,7.042,6.344
27250,1.017,35.857,23.79,30.079,23.233,4.66,6.92,6.181
27251,1.017,35.896,23.805,30.088,23.251,4.7,6.959,6.301
27252,1.02,35.513,23.825,30.088,23.251,4.701,6.878,6.343
27253,1.027,35.624,23.786,30.078,23.244,4.66,6.877,6.221
27254,1.02,35.74,23.778,30.088,23.24,4.7,6.918,6.302
27255,1.03,36.039,23.77,30.098,23.261,4.823,7.0,6.506
27256,1.056,35.725,23.809,30.107,23.251,4.661,6.96,6.264
27257,1.05,35.818,23.821,30.079,23.254,4.741,6.919,6.424
27258,1.063,35.924,23.841,30.098,23.247,4.742,7.0,6.426
27259,1.066,35.743,23.806,30.088,23.254,4.783,6.96,6.385
27260,1.076,35.77,23.798,30.107,23.254,4.702,6.878,6.344
27261,1.07,35.885,23.774,30.069,23.24,4.579,6.755,6.221
27262,1.086,35.973,23.832,30.059,23.251,4.659,6.917,6.302
27263,1.089,35.686,23.775,30.059,23.244,4.7,6.878,6.18
27264,1.096,35.798,23.801,30.049,23.247,4.66,6.796,6.179
27265,1.083,35.914,23.802,30.068,23.244,4.619,6.877,6.261
27266,1.083,36.021,23.821,30.059,23.251,4.741,7.04,6.343
27267,1.096,35.926,23.81,30.107,23.258,4.742,7.042,6.303
27268,1.092,36.04,23.794,30.069,23.254,4.701,7.042,6.343
27269,1.086,36.166,23.825,30.069,23.251,4.742,7.123,6.343
27270,1.079,36.235,23.774,30.069,23.251,4.701,7.165,6.303
27271,1.089,36.005,23.793,30.069,23.251,4.66,7.165,6.302
27272,1.089,36.137,23.868,30.059,23.247,4.619,6.962,6.221
27273,1.079,36.225,23.748,30.049,23.244,4.781,7.204,6.302
27274,1.089,36.331,23.785,30.059,23.247,4.661,7.125,6.302
27275,1.086,36.351,23.821,30.059,23.247,4.7,7.083,6.221
27276,1.102,36.486,23.856,30.03,23.247,4.66,7.083,6.22
27277,1.112,36.612,23.825,30.04,23.24,4.66,7.164,6.302
27278,1.141,36.671,23.817,30.097,23.265,4.822,7.328,6.302
27279,1.122,36.134,23.817,30.059,23.251,4.743,7.167,6.302
27280,1.125,36.263,23.755,30.059,23.251,4.742,7.206,6.302
27281,1.135,36.399,23.789,30.069,23.261,4.783,7.206,6.302
27282,1.151,36.409,23.86,30.059,23.258,4.742,7.206,6.262
27283,1.142,36.553,23.771,30.049,23.247,4.62,6.962,6.221
27284,1.138,36.651,23.797,30.04,23.24,4.7,7.122,6.302
27285,1.135,36.786,23.805,30.04,23.244,4.701,7.083,6.18
27286,1.135,36.653,23.841,30.04,23.244,4.66,7.123,6.261
27287,1.129,36.556,23.818,30.04,23.247,4.66,7.043,6.139
27288,1.122,36.66,23.794,30.03,23.251,4.66,7.123,6.26
27289,1.135,36.805,23.829,30.078,23.258,4.863,7.287,6.384
27290,1.135,36.605,23.81,30.04,23.244,4.784,7.166,6.303
27291,1.145,36.709,23.809,30.049,23.244,4.742,7.206,6.221
27292,1.132,36.834,23.817,30.049,23.247,4.783,7.287,6.261
27293,1.145,36.941,23.809,30.04,23.251,4.783,7.207,6.302
27294,1.145,36.731,23.802,30.04,23.251,4.702,7.206,6.221
27295,1.145,36.835,23.805,30.011,23.237,4.62,7.125,6.139
27296,1.158,36.97,23.848,30.02,23.247,4.741,7.205,6.219
27297,1.161,37.019,23.822,30.03,23.251,4.661,7.165,6.18
27298,1.165,36.828,23.778,30.011,23.251,4.66,7.206,6.139
27299,1.168,36.951,23.79,30.011,23.247,4.7,7.247,6.138
27300,1.171,37.105,23.821,30.039,23.254,4.863,7.45,6.341
27301,1.191,37.193,23.79,30.078,23.254,4.784,7.371,6.14
27302,1.188,37.031,23.833,30.021,23.254,4.742,7.37,6.179
27303,1.191,37.173,23.806,30.049,23.258,4.742,7.411,6.179
27304,1.191,37.299,23.794,30.03,23.251,4.783,7.452,6.179
27305,1.185,37.339,23.864,30.04,23.251,4.783,7.493,6.22
27306,1.181,37.081,23.88,29.992,23.237,4.661,7.371,6.098
27307,1.162,37.193,23.822,30.03,23.244,4.7,7.37,6.178
27308,1.165,37.319,23.81,30.001,23.244,4.742,7.37,6.139
27309,1.161,37.349,23.809,30.02,23.24,4.701,7.37,6.057
27310,1.161,37.282,23.802,30.001,23.244,4.701,7.411,6.137
27311,1.155,37.406,23.794,30.03,23.247,4.782,7.452,6.26
27312,1.155,37.551,23.837,30.059,23.261,4.864,7.534,6.221
27313,1.152,37.696,23.767,30.03,23.251,4.743,7.453,6.18
27314,1.145,37.314,23.793,30.03,23.251,4.701,7.371,6.179
27315,1.152,37.435,23.798,30.02,23.254,4.782,7.452,6.179
27316,1.155,37.523,23.868,30.03,23.247,4.824,7.452,6.179
27317,1.165,38.195,23.826,30.02,23.244,4.743,7.33,6.139
27318,1.148,38.384,23.79,29.982,23.24,4.579,7.248,6.138
27319,1.158,38.51,23.805,30.01,23.251,4.7,7.369,6.138
27320,1.152,38.607,23.821,30.011,23.247,4.742,7.289,6.057
27321,1.152,36.901,23.774,30.011,23.24,4.661,7.288,6.056
27322,1.148,36.98,23.817,29.982,23.24,4.66,7.369,6.097
27323,1.152,37.125,23.794,30.049,23.265,4.944,7.37,6.219
27324,1.158,37.241,23.774,30.011,23.251,4.744,7.289,6.098
27325,1.122,37.732,23.825,29.991,23.247,4.783,7.247,6.056
27326,1.116,37.88,23.841,30.01,23.251,4.742,7.328,6.137
27327,1.115,38.006,23.841,30.02,23.251,4.823,7.289,6.098
27328,1.096,38.065,23.806,30.02,23.247,4.783,7.207,6.097
27329,1.083,37.395,23.837,29.992,23.24,4.58,7.084,5.975
27330,1.063,37.522,23.802,29.991,23.251,4.74,7.245,6.137
27331,1.06,37.658,23.805,30.001,23.244,4.742,7.247,6.057
27332,1.047,37.717,23.825,29.991,23.244,4.701,7.125,6.097
27333,1.037,37.65,23.778,29.991,23.244,4.701,7.083,6.016
27334,1.027,37.812,23.793,30.01,23.251,4.823,7.245,6.218
27335,1.04,37.958,23.774,30.039,23.261,4.824,7.206,6.139
27336,1.03,37.94,23.829,29.992,23.254,4.743,7.287,6.138
27337,1.024,37.633,23.821,30.01,23.251,4.783,7.166,6.138
27338,1.023,37.735,23.81,30.011,23.254,4.742,7.165,6.179
27339,1.023,37.871,23.829,29.991,23.247,4.823,7.124,6.179
27340,1.017,37.863,23.782,30.001,23.244,4.58,7.043,6.017
27341,1.007,37.815,23.797,29.972,23.247,4.781,7.082,6.096
27342,1.017,37.958,23.848,29.981,23.244,4.783,7.042,6.016
27343,1.001,38.065,23.74,29.972,23.244,4.742,7.042,6.056
27344,0.987,37.749,23.774,29.972,23.24,4.579,7.001,5.975
27345,0.974,37.66,23.786,29.962,23.251,4.7,7.082,6.137
27346,0.971,37.822,23.848,30.029,23.265,4.863,7.123,6.219
27347,0.964,37.92,23.786,30.03,23.244,4.743,7.043,6.139
27348,0.948,37.777,23.797,29.982,23.251,4.742,7.001,6.138
27349,0.941,37.9,23.798,29.991,23.251,4.783,7.041,6.138
27350,0.919,38.016,23.762,30.03,23.254,4.864,7.042,6.179
27351,0.931,38.113,23.793,29.972,23.247,4.743,6.96,6.057
27352,0.905,37.654,23.825,29.972,23.251,4.783,7.041,6.178
27353,0.902,37.822,23.794,29.991,23.247,4.742,6.96,6.179
27354,0.902,37.939,23.786,29.982,23.251,4.783,6.878,6.139
27355,0.895,38.007,23.77,29.953,23.244,4.702,6.877,6.057
27356,0.899,37.682,23.825,29.962,23.247,4.823,6.918,6.219
27357,0.912,37.87,23.802,30.01,23.261,4.905,7.0,6.18
27358,0.908,37.949,23.774,29.972,23.247,4.744,6.96,6.179
27359,0.889,38.026,23.793,29.972,23.258,4.783,6.96,6.22
27360,0.899,37.72,23.762,29.991,23.254,4.783,6.919,6.18
27361,0.895,37.871,23.809,29.991,23.251,4.742,6.959,6.261
27362,0.899,37.987,23.813,29.953,23.244,4.62,6.716,6.058
27363,0.882,37.998,23.767,29.953,23.244,4.781,6.794,6.137
27364,0.892,37.634,23.809,29.953,23.247,4.702,6.877,6.179
27365,0.882,37.745,23.79,29.962,23.244,4.701,6.837,6.139
27366,0.869,37.842,23.852,29.953,23.244,4.66,6.796,6.098
27367,0.863,37.872,23.771,29.953,23.244,4.66,6.755,6.219
27368,0.859,37.824,23.766,30.0,23.258,4.863,6.957,6.302
27369,0.856,37.92,23.793,29.972,23.251,4.743,6.716,6.221
27370,0.853,38.016,23.755,29.962,23.247,4.742,6.713,6.18
27371,0.84,37.969,23.801,29.953,23.254,4.783,6.754,6.261
27372,0.833,37.758,23.829,29.972,23.258,4.783,6.795,6.262
27373,0.833,37.89,23.798,29.972,23.251,4.742,6.714,6.221
27374,0.82,37.949,23.794,29.934,23.237,4.579,6.632,6.139
27375,0.836,37.633,23.801,29.962,23.251,4.7,6.753,6.179
27376,0.836,37.697,23.837,29.953,23.251,4.66,6.673,6.22
27377,0.843,37.794,23.739,29.943,23.247,4.66,6.591,6.18
27378,0.836,37.9,23.762,29.943,23.247,4.66,6.671,6.22
27379,0.846,37.671,23.793,29.972,23.261,4.863,6.835,6.302
27380,0.856,37.832,23.801,29.972,23.254,4.702,6.714,6.302
27381,0.846,37.91,23.786,29.953,23.254,4.742,6.713,6.302
27382,0.849,37.988,23.821,29.933,23.251,4.783,6.672,6.262
27383,0.856,37.557,23.829,29.971,23.258,4.824,6.713,6.262
27384,0.859,37.696,23.771,29.953,23.254,4.743,6.672,6.221
27385,0.846,37.784,23.832,29.924,23.237,4.579,6.509,6.098
27386,0.833,37.862,23.833,29.952,23.251,4.74,6.589,6.219
27387,0.836,37.642,23.81,29.933,23.244,4.701,6.631,6.22
27388,0.83,37.764,23.798,29.943,23.251,4.742,6.509,6.18
27389,0.817,37.871,23.782,29.924,23.244,4.783,6.508,6.179
27390,0.813,37.92,23.801,29.943,23.258,4.824,6.67,6.261
27391,0.833,37.652,23.817,29.972,23.265,4.783,6.631,6.221
27392,0.813,37.726,23.794,29.953,23.258,4.742,6.672,6.22
27393,0.816,37.852,23.805,29.943,23.251,4.783,6.591,6.261
27394,0.807,37.91,23.774,29.962,23.247,4.783,6.631,6.221
27395,0.82,37.681,23.782,29.943,23.258,4.864,6.631,6.22
27396,0.833,37.774,23.821,29.924,23.244,4.702,6.468,6.098
27397,0.813,37.833,23.813,29.904,23.247,4.742,6.589,6.138
27398,0.829,38.227,23.821,29.942,23.251,4.742,6.509,6.179
27399,0.833,37.559,23.802,29.933,23.244,4.742,6.589,6.098
27400,0.833,37.687,23.805,29.924,23.247,4.661,6.509,6.056
27401,0.836,37.784,23.782,29.933,23.247,4.7,6.67,6.178
27402,0.846,37.67,23.848,29.952,23.261,4.823,6.835,6.261
27403,0.843,37.726,23.825,29.933,23.251,4.743,6.755,6.221
27404,0.839,37.832,23.771,29.924,23.247,4.783,6.795,6.139
27405,0.839,37.92,23.832,29.943,23.254,4.742,6.877,6.26
27406,0.833,37.46,23.837,29.943,23.254,4.905,6.918,6.221
27407,0.833,37.59,23.806,29.962,23.254,4.744,6.919,6.18
27408,0.826,37.697,23.805,29.895,23.24,4.661,6.878,6.057
27409,0.807,37.784,23.805,29.952,23.251,4.782,6.959,6.097
27410,0.813,37.43,23.786,29.914,23.244,4.742,6.96,6.097
27411,0.813,37.59,23.786,29.923,23.24,4.742,6.878,6.138
27412,0.807,37.706,23.809,29.923,23.247,4.701,7.0,6.138
27413,0.803,37.784,23.751,29.943,23.251,4.823,7.123,6.26
27414,0.826,37.497,23.793,29.952,23.258,4.824,7.043,6.18
27415,0.81,37.581,23.778,29.924,23.247,4.783,7.001,6.139
27416,0.823,37.716,23.817,29.933,23.251,4.824,7.041,6.138
27417,0.83,37.756,23.794,29.924,23.251,4.865,7.042,6.138
27418,0.836,37.449,23.805,29.943,23.251,4.784,7.042,6.219
27419,0.826,37.561,23.79,29.924,23.233,4.661,6.92,6.017
27420,0.83,37.658,23.801,29.914,23.251,4.741,7.041,6.137
27421,0.836,37.726,23.77,29.943,23.251,4.742,7.001,6.057
27422,0.852,37.478,23.813,29.905,23.251,4.701,7.001,6.056
27423,0.836,37.628,23.786,29.895,23.244,4.701,7.001,5.975
27424,0.846,37.745,23.79,29.933,23.254,4.782,7.123,6.177
27425,0.853,37.794,23.813,29.943,23.265,4.864,7.124,6.139
27426,0.836,37.507,23.79,29.924,23.251,4.784,7.043,6.138
27427,0.833,37.648,23.809,29.933,23.247,4.824,7.001,6.179
27428,0.83,37.774,23.821,29.914,23.251,4.824,7.001,6.098
27429,0.826,37.583,23.798,29.914,23.251,4.824,7.041,6.178
27430,0.826,37.466,23.801,29.933,23.254,4.661,6.92,6.017
27431,0.81,37.571,23.782,29.895,23.24,4.7,6.959,6.096
27432,0.813,37.697,23.805,29.914,23.247,4.782,6.96,6.097
27433,0.81,37.525,23.794,29.914,23.247,4.661,6.96,6.056
27434,0.807,37.629,23.809,29.904,23.244,4.782,6.878,6.056
27435,0.813,37.726,23.794,29.904,23.247,4.742,6.918,6.137
27436,0.826,37.852,23.856,29.933,23.261,4.905,7.122,6.219
27437,0.839,37.335,23.825,29.924,23.247,4.784,6.88,6.139
27438,0.833,37.435,23.759,29.914,23.251,4.824,6.918,6.138
27439,0.843,37.571,23.793,29.923,23.251,4.824,6.878,6.179
27440,0.839,37.658,23.801,29.923,23.258,4.824,7.0,6.139
27441,0.852,37.419,23.794,29.933,23.251,4.783,6.879,6.098
27442,0.843,37.522,23.805,29.866,23.244,4.62,6.796,6.016
27443,0.853,37.677,23.809,29.923,23.251,4.781,6.877,6.137
27444,0.853,37.746,23.802,29.904,23.251,4.742,6.877,6.016
27445,0.849,37.382,23.833,29.885,23.247,4.742,6.796,6.056
27446,0.84,37.512,23.841,29.885,23.247,4.701,6.795,6.056
27447,0.849,37.638,23.786,29.923,23.258,4.863,6.877,6.178
27448,0.846,37.745,23.797,29.943,23.261,4.865,6.837,6.098
27449,0.83,37.506,23.801,29.905,23.251,4.784,6.877,6.138
27450,0.826,37.638,23.766,29.904,23.254,4.742,6.877,6.138
27451,0.83,37.745,23.797,29.923,23.258,4.864,6.796,6.057
27452,0.83,37.794,23.817,29.914,23.258,4.865,6.836,6.137
27453,0.813,37.344,23.767,29.895,23.247,4.702,6.714,6.016
27454,0.81,37.464,23.809,29.914,23.247,4.742,6.794,6.137
27455,0.839,37.58,23.782,29.895,23.247,4.783,6.714,6.138
27456,0.836,37.668,23.848,29.885,23.247,4.783,6.713,6.016
27457,0.839,37.448,23.779,29.875,23.244,4.742,6.672,5.974
27458,0.843,37.59,23.793,29.894,23.251,4.864,6.875,6.177
27459,0.856,37.725,23.805,29.942,23.265,4.906,6.837,6.098
27460,0.849,37.324,23.774,29.905,23.244,4.825,6.796,6.097
27461,0.846,37.387,23.766,29.904,23.258,4.824,6.755,6.138
27462,0.862,37.503,23.805,29.885,23.247,4.783,6.795,6.098
27463,0.862,37.59,23.802,29.894,23.254,4.783,6.836,6.097
27464,0.862,37.371,23.798,29.885,23.244,4.702,6.714,5.975
27465,0.846,37.493,23.848,29.856,23.244,4.782,6.754,6.096
27466,0.843,37.629,23.849,29.884,23.254,4.783,6.673,6.097
27467,0.843,37.707,23.786,29.894,23.247,4.702,6.713,6.056
27468,0.833,37.391,23.813,29.866,23.24,4.742,6.713,6.015
27469,0.82,37.522,23.798,29.865,23.244,4.742,6.672,6.096
27470,0.833,37.677,23.755,29.913,23.261,4.864,6.835,6.138
27471,0.849,37.755,23.797,29.895,23.251,4.824,6.714,6.057
27472,0.823,37.276,23.833,29.894,23.251,4.783,6.754,6.056
27473,0.826,37.415,23.775,29.894,23.251,4.824,6.795,6.097
27474,0.823,37.561,23.786,29.914,23.258,4.783,6.795,6.178
27475,0.826,37.601,23.782,29.904,23.247,4.783,6.673,6.139
27476,0.839,37.371,23.84,29.856,23.24,4.702,6.672,6.057
27477,0.839,37.522,23.755,29.884,23.247,4.823,6.794,6.097
27478,0.843,37.658,23.774,29.885,23.251,4.743,6.755,6.016
27479,0.846,37.678,23.79,29.875,23.247,4.823,6.714,5.974
27480,0.853,37.257,23.794,29.865,23.247,4.743,6.672,6.055
27481,0.856,37.406,23.786,29.894,23.261,4.864,6.835,6.259
27482,0.866,37.522,23.794,29.914,23.261,4.824,6.714,6.099
27483,0.862,37.543,23.801,29.876,23.251,4.783,6.754,6.097
27484,0.866,37.361,23.778,29.865,23.254,4.864,6.714,6.097
27485,0.859,37.503,23.833,29.875,23.254,4.743,6.754,6.178
27486,0.853,37.6,23.86,29.885,23.254,4.823,6.795,6.057
27487,0.846,37.428,23.802,29.856,23.244,4.743,6.633,5.893
27488,0.846,37.417,23.829,29.837,23.244,4.783,6.794,6.095
27489,0.84,37.542,23.798,29.875,23.251,4.742,6.795,6.097
27490,0.83,37.639,23.759,29.865,23.247,4.742,6.714,6.016
27491,0.83,37.179,23.785,29.837,23.247,4.742,6.672,6.096
27492,0.826,37.28,23.813,29.856,23.24,4.783,6.835,6.26
27493,0.846,37.435,23.794,29.894,23.258,4.864,6.958,6.221
27494,0.833,37.523,23.79,29.875,23.251,4.743,6.878,6.18
27495,0.833,37.217,23.786,29.875,23.247,4.783,6.837,6.179
27496,0.839,37.338,23.821,29.875,23.251,4.783,6.877,6.179
27497,0.846,37.464,23.798,29.885,23.251,4.824,6.918,6.179
27498,0.849,37.542,23.809,29.866,23.244,4.743,6.796,6.098
27499,0.843,37.035,23.778,29.856,23.244,4.742,6.877,6.178
27500,0.853,37.212,23.797,29.865,23.251,4.783,6.837,6.139
27501,0.856,37.319,23.778,29.875,23.244,4.742,6.837,6.138
27502,0.862,37.368,23.809,29.856,23.244,4.783,6.755,6.057
27503,0.859,37.205,23.802,29.856,23.247,4.783,6.836,6.178
27504,0.862,37.367,23.77,29.894,23.265,4.905,6.958,6.22
27505,0.859,37.474,23.786,29.866,23.251,4.825,6.797,6.22
27506,0.843,37.504,23.84,29.865,23.251,4.824,6.877,6.22
27507,0.846,37.149,23.79,29.865,23.247,4.783,6.877,6.22
27508,0.846,37.27,23.798,29.875,23.261,4.783,6.877,6.18
27509,0.84,37.396,23.759,29.865,23.251,4.824,6.796,6.139
27510,0.826,37.369,23.778,29.837,23.237,4.702,6.795,6.098
27511,0.82,37.244,23.77,29.865,23.251,4.782,6.836,6.178
27512,0.823,37.358,23.817,29.856,23.247,4.702,6.877,6.179
27513,0.826,37.455,23.798,29.856,23.244,4.701,6.715,6.179
27514,0.813,37.321,23.739,29.856,23.244,4.701,6.794,6.179
27515,0.82,37.157,23.785,29.875,23.254,4.863,6.958,6.22
27516,0.839,37.299,23.844,29.894,23.254,4.865,6.878,6.18
27517,0.833,37.377,23.794,29.856,23.251,4.824,6.959,6.179
27518,0.843,37.033,23.801,29.856,23.24,4.824,7.0,6.179
27519,0.849,37.135,23.786,29.856,23.258,4.783,6.96,6.179
27520,0.846,37.251,23.809,29.875,23.251,4.824,7.041,6.179
27521,0.856,37.339,23.774,29.856,23.244,4.783,6.879,6.057
27522,0.84,37.109,23.836,29.827,23.244,4.742,6.918,6.178
27523,0.852,37.26,23.786,29.846,23.251,4.823,7.041,6.098
27524,0.856,37.387,23.77,29.837,23.244,4.743,7.001,6.097
27525,0.846,37.455,23.793,29.836,23.244,4.742,7.041,6.056
27526,0.84,36.928,23.801,29.836,23.251,4.783,7.123,6.178
27527,0.839,37.076,23.763,29.884,23.265,4.905,7.287,6.301
27528,0.843,37.212,23.758,29.866,23.251,4.784,7.125,6.18
27529,0.826,37.271,23.782,29.837,23.251,4.783,7.165,6.098
27530,0.826,37.099,23.786,29.836,23.254,4.905,7.165,6.178
27531,0.826,37.212,23.774,29.865,23.251,4.825,7.287,6.139
27532,0.826,37.348,23.832,29.856,23.254,4.824,7.288,6.179
27533,0.82,37.378,23.771,29.827,23.237,4.661,7.085,6.057
27534,0.807,37.1,23.786,29.846,23.247,4.782,7.245,6.137
27535,0.823,37.222,23.829,29.837,23.254,4.783,7.206,6.057
27536,0.826,37.329,23.821,29.827,23.247,4.742,7.206,6.097
27537,0.82,37.358,23.817,29.836,23.244,4.701,7.165,6.138
27538,0.83,37.023,23.767,29.865,23.258,4.945,7.49,6.301
27539,0.846,37.221,23.778,29.885,23.254,4.825,7.29,6.18
27540,0.833,37.31,23.786,29.904,23.251,4.783,7.288,6.179
27541,0.836,37.598,23.762,29.847,23.251,4.783,7.247,6.139
27542,0.846,37.083,23.84,29.837,23.258,4.824,7.328,6.219
27543,0.856,37.231,23.806,29.894,23.254,4.824,7.329,6.18
27544,0.849,37.3,23.778,29.818,23.237,4.702,7.085,5.976
27545,0.833,36.927,23.801,29.827,23.244,4.823,7.245,6.096
27546,0.833,36.98,23.864,29.827,23.247,4.743,7.247,6.097
27547,0.826,37.096,23.744,29.846,23.251,4.742,7.206,6.056
27548,0.817,37.174,23.742,29.827,23.244,4.742,7.165,6.056
27549,0.807,37.05,23.781,29.846,23.244,4.783,7.246,6.178
27550,0.82,37.231,23.786,29.865,23.265,4.946,7.328,6.22
27551,0.807,37.31,23.77,29.837,23.248,4.785,7.289,6.098
27552,0.807,37.397,23.817,29.846,23.251,4.824,7.247,6.138
27553,0.813,36.889,23.786,29.856,23.247,4.824,7.288,6.138
27554,0.807,37.018,23.786,29.856,23.251,4.783,7.207,6.179
27555,0.813,37.144,23.825,29.808,23.237,4.702,7.043,5.935
27556,0.81,37.174,23.81,29.817,23.244,4.823,7.164,6.014
27557,0.816,36.945,23.845,29.827,23.247,4.702,7.206,6.096
27558,0.826,37.077,23.782,29.827,23.24,4.701,7.125,6.016
27559,0.823,37.193,23.778,29.817,23.24,4.782,7.124,6.015
27560,0.826,37.252,23.731,29.836,23.247,4.783,7.165,6.137
27561,0.836,37.099,23.781,29.865,23.265,4.946,7.165,6.26
27562,0.849,37.203,23.829,29.837,23.244,4.744,7.124,6.099
27563,0.84,37.309,23.696,29.817,23.251,4.783,7.205,6.138
27564,0.846,37.368,23.758,29.836,23.258,4.864,7.165,6.179
27565,0.83,36.966,23.797,29.836,23.254,4.784,7.246,6.22
27566,0.83,37.067,23.833,29.836,23.254,4.742,7.125,6.098
27567,0.823,37.154,23.79,29.798,23.244,4.742,7.124,6.056
27568,0.813,37.203,23.786,29.836,23.251,4.742,7.165,6.178
27569,0.813,36.945,23.805,29.817,23.251,4.742,7.165,6.057
27570,0.81,37.096,23.798,29.827,23.24,4.783,7.165,6.056
27571,0.803,37.193,23.751,29.827,23.251,4.742,7.206,6.137
27572,0.81,37.06,23.84,29.855,23.258,4.864,7.328,6.219
27573,0.816,37.001,23.767,29.846,23.254,4.824,7.248,6.098
27574,0.794,37.135,23.75,29.827,23.251,4.743,7.206,6.138
27575,0.797,37.222,23.789,29.827,23.244,4.783,7.206,6.138
27576,0.82,36.964,23.801,29.827,23.251,4.783,7.287,6.138
27577,0.82,37.077,23.805,29.846,23.254,4.742,7.166,6.098
27578,0.813,37.183,23.774,29.779,23.237,4.62,7.206,6.097
27579,0.826,37.29,23.809,29.836,23.251,4.7,7.247,6.138
27580,0.83,36.898,23.794,29.827,23.251,4.701,7.206,6.098
27581,0.833,37.019,23.759,29.817,23.244,4.742,7.165,6.016
27582,0.836,37.116,23.797,29.798,23.247,4.783,7.165,6.096
27583,0.839,37.26,23.805,29.836,23.258,4.864,7.368,6.219
27584,0.846,36.888,23.809,29.836,23.251,4.824,7.208,6.139
27585,0.83,37.018,23.798,29.817,23.251,4.824,7.206,6.138
27586,0.82,37.125,23.821,29.827,23.247,4.783,7.287,6.138
27587,0.82,37.213,23.778,29.875,23.254,4.824,7.288,6.138
27588,0.813,36.878,23.79,29.827,23.251,4.743,7.166,6.016
27589,0.81,36.999,23.747,29.779,23.24,4.701,7.084,6.015
27590,0.8,37.106,23.785,29.817,23.254,4.823,7.164,5.974
27591,0.8,37.184,23.774,29.817,23.251,4.783,7.165,5.974
27592,0.79,36.906,23.817,29.807,23.247,4.783,7.124,5.974
27593,0.79,37.047,23.802,29.807,23.244,4.742,7.165,6.015
27594,0.793,37.183,23.798,29.846,23.261,4.864,7.328,6.178
27595,0.803,37.223,23.821,29.817,23.254,4.784,7.167,6.098
27596,0.807,36.945,23.806,29.817,23.251,4.742,7.165,6.056
27597,0.807,37.096,23.77,29.817,23.251,4.783,7.165,6.097
27598,0.813,37.193,23.766,29.817,23.254,4.824,7.246,6.097
27599,0.816,37.175,23.77,29.836,23.254,4.783,7.166,6.016
27600,0.816,36.954,23.786,29.788,23.24,4.661,7.043,5.934
27601,0.826,37.067,23.766,29.798,23.251,4.822,7.123,6.014
27602,0.823,37.174,23.778,29.807,23.251,4.783,7.124,6.096
27603,0.826,36.849,23.758,29.798,23.251,4.661,7.083,6.016
27604,0.826,36.903,23.782,29.788,23.24,4.7,7.083,6.015
27605,0.826,37.038,23.852,29.798,23.251,4.823,7.123,6.096
27606,0.826,37.164,23.806,29.846,23.261,4.905,7.165,6.138
27607,0.813,36.801,23.786,29.827,23.247,4.744,7.084,6.098
27608,0.81,36.912,23.755,29.817,23.251,4.783,7.083,6.097
27609,0.794,37.038,23.793,29.807,23.254,4.783,7.083,6.056
27610,0.806,37.145,23.743,29.817,23.254,4.824,7.083,6.097
27611,0.807,36.858,23.762,29.807,23.251,4.743,7.083,5.975
27612,0.794,36.941,23.809,29.779,23.237,4.701,6.961,6.015
27613,0.797,37.096,23.739,29.807,23.254,4.742,7.041,6.137
27614,0.8,37.164,23.774,29.807,23.254,4.783,7.001,6.057
27615,0.79,36.906,23.793,29.798,23.24,4.702,7.001,6.015
27616,0.793,37.038,23.837,29.788,23.247,4.701,7.041,6.056
27617,0.813,37.202,23.771,29.836,23.265,4.863,7.204,6.178
27618,0.816,37.252,23.766,29.817,23.251,4.662,7.043,6.057
27619,0.816,36.859,23.797,29.807,23.247,4.822,6.96,6.056
27620,0.82,36.999,23.79,29.807,23.254,4.783,7.041,6.056
27621,0.833,37.106,23.794,29.807,23.254,4.864,7.001,6.178
27622,0.83,37.145,23.77,29.798,23.254,4.702,6.919,6.017
27623,0.826,36.848,23.758,29.769,23.24,4.62,6.878,6.015
27624,0.83,36.999,23.789,29.788,23.251,4.781,6.959,5.974
27625,0.823,37.096,23.848,29.798,23.251,4.661,6.96,5.974
27626,0.813,37.404,23.779,29.798,23.244,4.7,7.041,5.974
27627,0.807,36.947,23.797,29.798,23.244,4.66,7.042,5.974
27628,0.807,37.086,23.794,29.817,23.251,4.822,7.204,6.177
27629,0.816,37.231,23.801,29.836,23.254,4.865,7.084,6.098
27630,0.8,36.888,23.723,29.817,23.247,4.743,7.083,6.138
27631,0.813,36.884,23.77,29.817,23.254,4.701,7.164,6.138
27632,0.794,37.018,23.832,29.807,23.251,4.823,7.246,6.138
27633,0.793,37.116,23.689,29.817,23.258,4.783,7.247,6.138
27634,0.79,36.829,23.757,29.788,23.241,4.661,7.044,5.976
27635,0.793,36.922,23.778,29.798,23.247,4.782,7.164,6.177
27636,0.81,37.067,23.817,29.798,23.251,4.742,7.165,6.057
27637,0.803,37.126,23.786,29.807,23.24,4.661,7.124,6.015
27638,0.807,36.858,23.786,29.798,23.24,4.66,7.124,5.974
27639,0.813,36.989,23.817,29.807,23.251,4.782,7.246,6.137
27640,0.826,37.154,23.817,29.846,23.261,4.864,7.247,6.179
27641,0.823,37.203,23.767,29.808,23.251,4.702,7.206,6.098
27642,0.826,36.696,23.797,29.807,23.251,4.701,7.165,6.097
27643,0.826,36.834,23.794,29.807,23.254,4.742,7.287,6.138
27644,0.83,36.98,23.786,29.817,23.251,4.783,7.247,6.138
27645,0.82,37.019,23.833,29.798,23.244,4.742,7.166,6.138
27646,0.807,36.732,23.759,29.778,23.244,4.701,7.124,6.098
27647,0.81,36.911,23.801,29.797,23.247,4.701,7.165,6.056
27648,0.807,37.019,23.802,29.798,23.247,4.701,7.124,6.097
27649,0.8,37.068,23.794,29.788,23.247,4.66,7.083,6.056
27650,0.794,36.838,23.77,29.769,23.251,4.7,7.123,6.178
27651,0.803,36.999,23.739,29.817,23.261,4.863,7.246,6.301
27652,0.807,37.106,23.813,29.817,23.251,4.824,7.084,6.18
27653,0.787,37.117,23.774,29.798,23.247,4.743,7.083,6.22
27654,0.787,36.771,23.735,29.807,23.254,4.742,7.083,6.261
27655,0.797,36.902,23.777,29.798,23.254,4.742,7.123,6.221
27656,0.813,36.99,23.805,29.807,23.254,4.701,7.083,6.139
27657,0.807,36.885,23.79,29.769,23.24,4.66,6.92,6.098
27658,0.813,36.817,23.77,29.797,23.247,4.7,7.041,6.178
27659,0.813,36.941,23.789,29.798,23.247,4.701,7.001,6.179
27660,0.816,37.048,23.794,29.778,23.244,4.62,7.001,6.139
27661,0.816,36.771,23.778,29.778,23.244,4.7,7.041,6.179
27662,0.82,36.873,23.774,29.817,23.258,4.863,7.245,6.342
27663,0.83,37.028,23.778,29.817,23.251,4.784,7.125,6.181
27664,0.826,37.097,23.774,29.788,23.251,4.702,7.083,6.139
27665,0.823,36.877,23.797,29.798,23.254,4.742,7.123,6.219
27666,0.817,37.018,23.762,29.807,23.258,4.783,7.165,6.261
27667,0.813,37.154,23.774,29.807,23.254,4.742,7.165,6.18
27668,0.807,37.194,23.762,29.779,23.244,4.62,7.084,6.017
27669,0.787,36.475,23.77,29.797,23.244,4.781,7.164,6.137
27670,0.797,36.659,23.692,29.798,23.251,4.661,7.165,6.138
27671,0.79,36.786,23.757,29.788,23.247,4.66,7.124,6.057
27672,0.78,36.835,23.797,29.769,23.244,4.66,7.165,6.137
27673,0.784,36.702,23.755,29.788,23.244,4.7,7.246,6.26
27674,0.8,36.892,23.778,29.836,23.258,4.904,7.206,6.343
27675,0.797,36.951,23.786,29.798,23.247,4.703,7.206,6.181
27676,0.797,37.01,23.821,29.798,23.251,4.742,7.165,6.22
27677,0.807,36.655,23.724,29.798,23.254,4.742,7.206,6.18
27678,0.807,36.776,23.777,29.817,23.258,4.701,7.165,6.179
27679,0.816,36.902,23.762,29.788,23.244,4.62,7.084,6.057
27680,0.81,36.904,23.75,29.759,23.244,4.7,7.083,6.219
27681,0.813,36.731,23.782,29.797,23.251,4.701,7.164,6.18
27682,0.813,36.835,23.77,29.778,23.247,4.66,7.002,6.139
27683,0.813,36.96,23.778,29.778,23.24,4.66,6.96,6.057
27684,0.813,37.086,23.77,29.769,23.244,4.7,7.041,6.097
27685,0.816,36.656,23.825,29.826,23.265,4.823,7.204,6.3
27686,0.816,36.786,23.798,29.788,23.248,4.661,7.084,6.18
27687,0.813,36.883,23.786,29.798,23.251,4.741,7.083,6.139
27688,0.807,36.702,23.786,29.807,23.251,4.742,7.123,6.179
27689,0.797,36.786,23.77,29.807,23.247,4.783,7.083,6.179
27690,0.794,36.902,23.789,29.798,23.251,4.702,7.083,6.057
27691,0.784,36.98,23.762,29.759,23.24,4.538,7.002,6.056
27692,0.78,36.578,23.789,29.816,23.244,4.699,7.163,6.137
27693,0.793,36.728,23.801,29.779,23.247,4.742,7.043,6.138
27694,0.784,36.835,23.778,29.797,23.24,4.661,7.123,6.179
27695,0.787,36.893,23.801,29.759,23.247,4.66,7.165,6.139
27696,0.797,36.635,23.786,29.797,23.254,4.822,7.287,6.26
27697,0.807,36.815,23.778,29.817,23.254,4.783,7.207,6.058
27698,0.807,36.903,23.774,29.788,23.251,4.742,7.206,6.137
27699,0.81,36.98,23.766,29.807,23.254,4.783,7.287,6.138
27700,0.816,36.54,23.77,29.807,23.251,4.742,7.166,6.179
27701,0.833,36.679,23.758,29.807,23.254,4.742,7.246,6.057
27702,0.817,36.757,23.805,29.759,23.244,4.661,7.044,5.934
27703,0.807,36.825,23.766,29.769,23.251,4.741,7.164,6.055
27704,0.82,36.596,23.747,29.778,23.244,4.661,7.124,6.056
27705,0.813,36.728,23.801,29.778,23.247,4.66,7.083,6.015
27706,0.813,36.844,23.809,29.769,23.244,4.7,7.002,6.015
27707,0.803,36.874,23.798,29.788,23.244,4.701,7.041,6.178
27708,0.81,36.616,23.794,29.817,23.258,4.904,7.245,6.179
27709,0.807,36.747,23.77,29.807,23.254,4.703,7.084,6.017
27710,0.79,36.825,23.766,29.779,23.247,4.782,7.083,6.015
27711,0.79,36.864,23.747,29.769,23.254,4.824,7.083,6.096
27712,0.797,36.558,23.793,29.807,23.251,4.783,7.083,6.138
27713,0.794,36.689,23.805,29.798,23.247,4.742,7.123,6.057
27714,0.774,36.767,23.763,29.769,23.233,4.539,6.921,6.015
27715,0.787,36.586,23.813,29.778,23.254,4.74,7.122,6.096
27716,0.797,36.565,23.774,29.788,23.247,4.661,7.083,6.056
27717,0.8,36.689,23.758,29.798,23.247,4.66,7.123,5.975
27718,0.797,36.806,23.758,29.788,23.244,4.66,7.205,6.015
27719,0.8,36.462,23.766,29.778,23.251,4.7,7.328,6.137
27720,0.82,36.592,23.809,29.836,23.258,4.904,7.492,6.138
27721,0.813,36.718,23.786,29.798,23.251,4.703,7.494,6.138
27722,0.82,36.796,23.77,29.788,23.244,4.701,7.575,6.016
27723,0.826,36.356,23.75,29.769,23.254,4.701,7.657,6.137
27724,0.82,36.495,23.789,29.807,23.254,4.742,7.78,6.138
27725,0.81,36.631,23.817,29.798,23.254,4.742,7.74,6.098
27726,0.8,36.661,23.763,29.769,23.24,4.539,7.699,5.975
27727,0.797,36.393,23.774,29.788,23.251,4.74,7.861,6.055
27728,0.797,36.553,23.77,29.769,23.247,4.742,7.782,6.015
27729,0.794,36.66,23.789,29.778,23.251,4.661,7.781,6.056
27730,0.787,36.757,23.766,29.797,23.244,4.7,7.781,6.015
27731,0.793,36.519,23.758,29.778,23.258,4.823,8.025,6.218
27732,0.803,36.689,23.836,29.817,23.265,4.783,7.987,6.139
27733,0.787,36.796,23.755,29.807,23.248,4.742,7.946,6.098
27734,0.79,36.855,23.754,29.807,23.244,4.701,7.986,6.097
27735,0.79,36.472,23.774,29.798,23.251,4.782,7.864,6.138
27736,0.8,36.592,23.825,29.798,23.258,4.824,7.944,6.098
27737,0.8,36.699,23.739,29.778,23.251,4.621,7.783,6.016
27738,0.787,36.681,23.758,29.769,23.244,4.659,7.862,6.056
27739,0.81,36.355,23.778,29.778,23.251,4.7,7.822,6.056
27740,0.81,36.476,23.774,29.778,23.251,4.66,7.741,6.056
27741,0.807,36.573,23.782,29.769,23.237,4.7,7.699,6.056
27742,0.816,36.603,23.766,29.749,23.244,4.66,7.78,6.097
27743,0.816,36.536,23.75,29.797,23.265,4.904,7.903,6.219
27744,0.823,36.67,23.77,29.798,23.248,4.744,7.742,6.058
27745,0.813,36.738,23.805,29.798,23.254,4.783,7.781,6.137
27746,0.794,36.346,23.786,29.788,23.244,4.783,7.659,6.138
27747,0.793,36.409,23.758,29.788,23.251,4.783,7.698,6.219
27748,0.8,36.534,23.746,29.788,23.254,4.742,7.699,6.058
27749,0.79,36.622,23.778,29.75,23.237,4.661,7.618,6.097
27750,0.793,36.239,23.782,29.778,23.244,4.7,7.617,6.138
27751,0.793,36.389,23.774,29.778,23.247,4.66,7.576,6.057
27752,0.777,36.496,23.774,29.75,23.24,4.66,7.535,6.097
27753,0.777,36.583,23.758,29.768,23.247,4.7,7.616,6.178
27754,0.787,36.373,23.785,29.807,23.265,4.863,7.657,6.179
27755,0.787,36.496,23.77,29.788,23.251,4.662,7.576,6.139
27756,0.8,36.602,23.75,29.788,23.254,4.741,7.494,6.179
27757,0.787,36.69,23.782,29.798,23.251,4.701,7.534,6.179
27758,0.797,36.249,23.758,29.778,23.254,4.782,7.494,6.22
27759,0.803,36.398,23.793,29.769,23.244,4.702,7.412,6.098
27760,0.797,36.496,23.774,29.749,23.247,4.66,7.411,6.178
27761,0.803,36.573,23.766,29.778,23.244,4.782,7.371,6.179
27762,0.82,36.296,23.801,29.769,23.251,4.702,7.37,6.179
27763,0.813,36.447,23.774,29.769,23.247,4.62,7.248,6.139
27764,0.82,36.554,23.758,29.759,23.244,4.659,7.328,6.098
27765,0.81,36.612,23.789,29.807,23.254,4.822,7.451,6.26
27766,0.807,36.297,23.798,29.788,23.251,4.743,7.33,6.18
27767,0.803,36.428,23.778,29.798,23.244,4.701,7.289,6.139
27768,0.797,36.515,23.743,29.778,23.254,4.742,7.288,6.138
27769,0.79,36.89,23.762,29.778,23.258,4.783,7.369,6.179
27770,0.79,36.347,23.774,29.778,23.244,4.783,7.289,6.057
27771,0.78,36.428,23.774,29.75,23.233,4.62,7.207,6.056
27772,0.784,36.515,23.786,29.759,23.251,4.781,7.328,6.137
27773,0.78,36.305,23.794,29.759,23.251,4.702,7.289,6.138
27774,0.774,36.313,23.79,29.759,23.251,4.66,7.166,6.057
27775,0.78,36.437,23.825,29.759,23.244,4.66,7.287,6.097
27776,0.777,36.544,23.778,29.769,23.251,4.782,7.369,6.219
27777,0.81,36.229,23.801,29.817,23.258,4.864,7.289,6.139
27778,0.803,36.321,23.743,29.788,23.247,4.702,7.288,6.098
27779,0.807,36.437,23.738,29.778,23.251,4.701,7.288,6.138
27780,0.807,36.515,23.785,29.778,23.254,4.782,7.288,6.138
27781,0.816,36.228,23.786,29.797,23.251,4.742,7.288,6.179
27782,0.813,36.35,23.782,29.759,23.247,4.701,7.125,5.895
27783,0.807,36.447,23.77,29.759,23.24,4.701,7.205,6.054
27784,0.82,36.544,23.754,29.769,23.251,4.742,7.287,6.056
27785,0.817,36.162,23.821,29.778,23.247,4.661,7.288,6.056
27786,0.8,36.292,23.747,29.759,23.244,4.741,7.247,5.975
27787,0.803,36.418,23.766,29.769,23.244,4.701,7.369,6.096
27788,0.803,36.506,23.77,29.817,23.261,4.823,7.452,6.178
27789,0.8,36.228,23.762,29.779,23.244,4.783,7.412,6.057
27790,0.794,36.36,23.77,29.788,23.251,4.742,7.289,6.097
27791,0.784,36.476,23.762,29.769,23.254,4.742,7.369,6.097
27792,0.784,36.516,23.731,29.797,23.251,4.742,7.37,6.138
27793,0.787,36.305,23.766,29.788,23.251,4.823,7.33,6.057
27794,0.774,36.408,23.731,29.74,23.24,4.621,7.207,5.934
27795,0.777,36.515,23.793,29.778,23.251,4.741,7.328,6.014
27796,0.803,36.526,23.762,29.788,23.244,4.701,7.37,5.974
27797,0.794,36.142,23.782,29.769,23.247,4.742,7.289,6.015
27798,0.793,36.253,23.77,29.778,23.247,4.62,7.247,5.974
27799,0.803,36.37,23.774,29.778,23.251,4.781,7.41,6.177
27800,0.813,36.313,23.786,29.817,23.261,4.864,7.493,6.139
27801,0.81,36.274,23.758,29.769,23.247,4.743,7.331,6.057
27802,0.816,36.36,23.793,29.759,23.251,4.742,7.329,6.097
27803,0.826,36.476,23.778,29.778,23.254,4.742,7.37,6.097
27804,0.826,36.008,23.747,29.797,23.254,4.783,7.289,6.097
27805,0.826,36.089,23.813,29.778,23.247,4.702,7.247,6.016
27806,0.804,36.186,23.798,29.75,23.244,4.66,7.247,6.056
27807,0.803,36.331,23.677,29.797,23.247,4.741,7.288,5.975
27808,0.803,36.102,23.773,29.75,23.244,4.701,7.247,5.974
27809,0.79,36.224,23.747,29.759,23.244,4.66,7.288,5.974
27810,0.784,36.36,23.758,29.769,23.244,4.7,7.288,5.974
27811,0.784,36.457,23.754,29.778,23.258,4.782,7.41,6.137
27812,0.8,36.084,23.785,29.797,23.261,4.824,7.33,6.057
27813,0.781,36.176,23.774,29.788,23.244,4.743,7.248,6.097
27814,0.784,36.311,23.735,29.778,23.251,4.783,7.288,6.056
27815,0.79,36.361,23.801,29.788,23.254,4.783,7.369,6.097
27816,0.803,36.102,23.798,29.788,23.251,4.783,7.37,6.097
27817,0.807,36.234,23.79,29.769,23.237,4.62,7.167,5.894
27818,0.81,36.312,23.762,29.769,23.247,4.7,7.287,6.054
27819,0.82,36.399,23.774,29.788,23.251,4.701,7.247,6.015
27820,0.81,36.199,23.778,29.769,23.247,4.66,7.247,6.015
27821,0.813,36.331,23.778,29.759,23.244,4.7,7.288,6.015
27822,0.816,36.418,23.727,29.759,23.251,4.742,7.288,6.015
27823,0.839,36.515,23.785,29.797,23.254,4.905,7.369,6.137
27824,0.846,36.113,23.778,29.778,23.247,4.744,7.289,6.016
27825,0.836,36.224,23.805,29.769,23.251,4.783,7.247,6.096
27826,0.826,36.35,23.763,29.778,23.254,4.742,7.288,5.975
27827,0.833,36.428,23.754,29.788,23.251,4.742,7.207,6.137
27828,0.843,36.151,23.801,29.778,23.254,4.742,7.247,5.976
27829,0.836,36.254,23.798,29.74,23.24,4.661,7.084,5.933
27830,0.833,36.379,23.77,29.768,23.251,4.741,7.123,5.974
27831,0.839,36.083,23.782,29.769,23.244,4.701,7.124,5.974
27832,0.839,36.138,23.727,29.778,23.244,4.701,7.043,5.933
27833,0.839,36.273,23.758,29.769,23.244,4.66,7.042,5.892
27834,0.846,36.389,23.785,29.788,23.254,4.822,7.123,6.176
27835,0.866,36.103,23.797,29.788,23.261,4.783,7.083,6.057
27836,0.866,36.205,23.735,29.778,23.251,4.702,7.042,5.975
27837,0.879,36.35,23.738,29.769,23.251,4.742,7.123,6.055
27838,0.876,36.419,23.75,29.778,23.254,4.783,7.083,6.056
27839,0.885,35.959,23.766,29.788,23.254,4.742,7.002,6.056
27840,0.885,36.089,23.782,29.769,23.247,4.661,6.919,5.853
27841,0.869,36.167,23.766,29.759,23.247,4.7,6.959,6.013
27842,0.892,36.273,23.762,29.759,23.247,4.701,7.0,5.974
27843,0.886,36.073,23.762,29.749,23.247,4.701,6.919,5.933
27844,0.872,36.195,23.739,29.759,23.247,4.701,6.959,5.892
27845,0.876,36.302,23.82,29.749,23.247,4.742,6.919,6.014
27846,0.876,36.38,23.79,29.807,23.261,4.864,7.122,6.096
27847,0.892,36.035,23.77,29.769,23.251,4.743,7.043,5.975
27848,0.879,36.147,23.735,29.759,23.254,4.783,6.96,5.974
27849,0.876,36.263,23.731,29.769,23.247,4.824,7.0,5.974
27850,0.882,36.322,23.762,29.797,23.254,4.743,6.96,6.055
27851,0.892,36.073,23.786,29.778,23.251,4.742,6.919,5.975
27852,0.886,36.176,23.743,29.74,23.244,4.661,6.919,6.015
27853,0.892,36.302,23.766,29.768,23.247,4.741,6.919,6.015
27854,0.889,36.351,23.77,29.769,23.244,4.742,6.878,6.015
27855,0.879,35.987,23.825,29.749,23.244,4.661,6.837,5.934
27856,0.879,36.108,23.759,29.759,23.244,4.66,6.918,5.974
27857,0.889,36.253,23.746,29.778,23.258,4.863,7.0,6.137
27858,0.908,36.12,23.75,29.788,23.251,4.784,6.96,5.976
27859,0.908,36.138,23.758,29.788,23.254,4.783,7.0,6.055
27860,0.908,36.253,23.778,29.769,23.251,4.702,7.001,5.975
27861,0.915,36.37,23.751,29.797,23.251,4.782,7.041,6.055
27862,0.918,35.863,23.754,29.778,23.251,4.783,6.92,5.934
27863,0.912,35.963,23.754,29.74,23.237,4.661,6.919,5.892
27864,0.918,36.108,23.746,29.768,23.244,4.782,7.041,5.933
27865,0.909,36.205,23.832,29.769,23.244,4.661,7.001,5.974
27866,0.899,35.88,23.786,29.769,23.244,4.7,6.919,5.974
27867,0.892,36.021,23.786,29.759,23.24,4.66,7.0,5.974
27868,0.892,36.166,23.774,29.797,23.258,4.822,7.204,6.096
27869,0.899,36.283,23.758,29.778,23.254,4.783,7.043,5.975
27870,0.879,35.9,23.782,29.769,23.251,4.783,7.042,5.974
27871,0.882,36.05,23.747,29.778,23.254,4.742,7.082,5.974
27872,0.879,36.176,23.762,29.778,23.254,4.783,7.042,6.015
27873,0.872,36.235,23.774,29.797,23.251,4.742,7.001,5.974
27874,0.859,35.9,23.715,29.75,23.237,4.701,6.919,5.852
27875,0.856,36.011,23.797,29.768,23.247,4.782,7.041,5.973
27876,0.862,36.156,23.774,29.759,23.247,4.742,7.001,5.933
27877,0.859,36.215,23.766,29.759,23.251,4.742,7.001,5.974
27878,0.853,35.967,23.747,29.759,23.24,4.661,6.96,5.974
27879,0.859,36.108,23.774,29.769,23.251,4.822,7.082,6.055
27880,0.859,36.253,23.805,29.807,23.261,4.905,7.083,5.975
27881,0.853,36.255,23.77,29.779,23.251,4.744,7.083,5.974
27882,0.853,35.957,23.715,29.759,23.251,4.742,7.002,5.974
27883,0.856,36.108,23.742,29.778,23.254,4.742,7.123,6.015
27884,0.856,36.205,23.785,29.769,23.254,4.783,7.043,5.934
27885,0.836,36.053,23.782,29.749,23.24,4.702,6.96,5.811
27886,0.81,35.85,23.704,29.749,23.244,4.66,7.041,5.972
27887,0.813,36.011,23.762,29.778,23.247,4.741,7.001,5.893
27888,0.807,36.089,23.789,29.769,23.244,4.742,7.001,5.892
27889,0.794,35.917,23.774,29.769,23.244,4.742,6.96,5.811
27890,0.79,36.031,23.754,29.769,23.247,4.742,7.0,5.972
27891,0.797,36.185,23.758,29.817,23.261,4.823,7.123,6.015
27892,0.787,36.254,23.782,29.779,23.247,4.743,6.961,6.015
27893,0.777,35.718,23.774,29.778,23.244,4.823,7.041,6.015
27894,0.777,35.846,23.751,29.788,23.251,4.783,6.96,6.015
27895,0.761,35.953,23.793,29.788,23.251,4.864,7.041,6.015
27896,0.783,36.041,23.786,29.778,23.251,4.784,6.96,5.934
27897,0.767,35.907,23.762,29.788,23.24,4.58,6.838,5.811
27898,0.774,35.992,23.746,29.759,23.251,4.7,6.999,5.972
27899,0.777,36.118,23.789,29.769,23.244,4.742,6.838,5.893
27900,0.767,36.196,23.774,29.759,23.244,4.742,6.918,5.851
27901,0.77,35.832,23.774,29.759,23.24,4.701,6.919,5.851
27902,0.774,35.972,23.739,29.778,23.254,4.782,7.122,5.973
27903,0.793,36.137,23.774,29.797,23.261,4.783,6.961,5.933
27904,0.787,36.148,23.758,29.769,23.251,4.742,7.0,5.974
27905,0.78,35.832,23.762,29.769,23.251,4.823,7.001,5.974
27906,0.767,35.982,23.68,29.769,23.251,4.783,6.96,6.015
27907,0.764,36.108,23.742,29.769,23.254,4.824,7.041,5.974
27908,0.757,36.109,23.738,29.749,23.244,4.661,6.839,5.811
27909,0.738,35.841,23.774,29.759,23.244,4.66,6.999,5.972
27910,0.734,36.011,23.774,29.759,23.251,4.7,7.041,5.974
27911,0.725,36.099,23.778,29.759,23.254,4.782,6.96,5.974
27912,0.708,36.368,23.7,29.769,23.237,4.742,6.96,5.974
27913,0.715,35.786,23.758,29.759,23.247,4.742,6.96,6.096
27914,0.715,35.924,23.809,29.797,23.261,4.864,7.204,6.097
27915,0.734,36.05,23.786,29.778,23.247,4.784,7.043,6.016
27916,0.734,35.888,23.7,29.759,23.247,4.742,7.042,6.015
27917,0.734,35.963,23.75,29.788,23.251,4.742,7.042,6.096
27918,0.747,36.089,23.762,29.769,23.247,4.823,7.123,6.056
27919,0.751,36.215,23.797,29.797,23.247,4.824,7.083,5.975
27920,0.751,35.736,23.735,29.759,23.24,4.661,6.92,5.893
27921,0.738,35.827,23.766,29.769,23.244,4.782,7.041,6.014
27922,0.751,35.972,23.774,29.769,23.247,4.702,7.001,5.974
27923,0.757,36.06,23.754,29.759,23.247,4.701,7.001,5.933
27924,0.757,35.735,23.785,29.73,23.244,4.66,6.919,5.974
27925,0.748,35.856,23.797,29.759,23.244,4.782,7.081,6.137
27926,0.757,36.059,23.786,29.816,23.258,4.905,7.123,6.057
27927,0.748,36.118,23.774,29.788,23.254,4.784,7.043,6.056
27928,0.741,35.755,23.751,29.778,23.247,4.783,6.96,6.056
27929,0.738,35.895,23.778,29.769,23.251,4.783,7.082,6.097
27930,0.738,36.011,23.762,29.778,23.258,4.783,7.042,6.016
27931,0.738,36.08,23.789,29.759,23.244,4.742,7.001,5.974
27932,0.718,35.678,23.731,29.73,23.237,4.62,6.96,5.974
27933,0.731,35.904,23.75,29.768,23.244,4.741,7.041,6.096
27934,0.725,35.983,23.782,29.759,23.244,4.701,7.001,6.016
27935,0.721,36.022,23.77,29.73,23.247,4.701,7.001,6.015
27936,0.731,35.667,23.743,29.749,23.247,4.66,7.001,6.015
27937,0.738,35.817,23.742,29.768,23.251,4.822,7.163,6.137
27938,0.747,35.953,23.762,29.797,23.265,4.783,7.124,6.057
27939,0.751,35.964,23.766,29.75,23.248,4.742,7.124,6.056
27940,0.761,35.801,23.754,29.768,23.244,4.742,7.124,6.015
27941,0.761,35.934,23.809,29.769,23.258,4.742,7.165,6.096
27942,0.754,36.04,23.645,29.788,23.254,4.783,7.165,6.097
27943,0.757,35.802,23.749,29.75,23.244,4.742,7.043,5.975
27944,0.757,35.694,23.789,29.73,23.247,4.701,7.042,6.015
27945,0.761,35.837,23.766,29.739,23.254,4.742,7.123,5.974
27946,0.751,35.944,23.774,29.787,23.247,4.701,7.083,5.974
27947,0.748,35.695,23.735,29.75,23.24,4.701,7.042,5.974
27948,0.741,35.808,23.75,29.759,23.244,4.782,7.123,6.055
27949,0.747,35.962,23.793,29.797,23.258,4.864,7.287,6.137
27950,0.747,36.05,23.751,29.778,23.251,4.824,7.125,6.057
27951,0.734,35.658,23.739,29.75,23.251,4.783,7.124,6.015
27952,0.741,35.788,23.766,29.768,23.251,4.824,7.205,6.137
27953,0.738,35.934,23.766,29.769,23.254,4.783,7.206,6.057
27954,0.747,36.021,23.731,29.769,23.251,4.702,7.084,5.934
27955,0.731,36.013,23.789,29.73,23.244,4.742,7.042,5.974
27956,0.751,36.185,23.809,29.768,23.251,4.823,7.164,6.055
27957,0.748,36.302,23.77,29.797,23.244,4.743,7.084,6.056
27958,0.747,36.361,23.75,29.75,23.247,4.742,7.042,5.975
27959,0.751,35.46,23.746,29.749,23.244,4.783,7.123,6.096
27960,0.767,35.633,23.785,29.797,23.251,4.905,7.246,6.178
27961,0.767,35.769,23.774,29.769,23.251,4.744,7.125,6.098
27962,0.774,35.809,23.708,29.749,23.254,4.783,7.083,6.056
27963,0.774,35.723,23.742,29.768,23.254,4.824,7.123,6.097
27964,0.78,35.837,23.758,29.769,23.254,4.824,7.165,6.097
27965,0.774,35.963,23.793,29.769,23.254,4.743,7.165,6.056
27966,0.758,35.983,23.696,29.73,23.244,4.701,6.962,5.934
27967,0.754,35.686,23.746,29.759,23.251,4.782,7.041,6.014
27968,0.751,35.846,23.797,29.749,23.247,4.702,6.96,6.015
27969,0.751,35.925,23.79,29.749,23.244,4.66,6.96,5.893
27970,0.761,35.925,23.786,29.749,23.244,4.66,6.919,5.973
27971,0.777,35.628,23.778,29.768,23.254,4.782,7.041,6.218
27972,0.806,35.817,23.727,29.797,23.261,4.864,7.001,6.017
27973,0.816,35.895,23.762,29.75,23.244,4.784,7.041,6.056
27974,0.849,35.618,23.754,29.759,23.247,4.824,7.042,6.056
27975,0.885,35.702,23.793,29.759,23.251,4.783,7.042,6.097
27976,0.911,35.846,23.696,29.769,23.254,4.824,7.001,6.016
27977,0.951,35.934,23.758,29.749,23.251,4.743,6.96,5.974
27978,0.948,35.638,23.746,29.74,23.244,4.701,7.0,6.055
27979,0.974,35.817,23.774,29.759,23.251,4.701,7.041,6.056
27980,0.99,35.924,23.778,29.74,23.244,4.66,7.001,6.056
27981,1.007,36.012,23.747,29.749,23.24,4.7,7.001,6.097
27982,1.02,35.466,23.781,29.74,23.244,4.742,7.041,6.097
27983,1.066,35.662,23.758,29.778,23.265,4.905,7.286,6.178
27984,1.102,35.808,23.77,29.769,23.248,4.744,7.044,6.139
27985,1.132,35.847,23.801,29.759,23.251,4.823,7.164,6.138
27986,1.168,35.714,23.731,29.759,23.254,4.783,7.165,6.179
27987,1.214,35.856,23.766,29.769,23.254,4.783,7.165,6.139
27988,1.269,35.963,23.735,29.778,23.251,4.783,7.165,6.138
27989,1.302,36.002,23.777,29.73,23.24,4.58,7.084,6.057
27990,1.325,35.667,23.77,29.749,23.247,4.74,7.245,6.178
27991,1.342,35.817,23.743,29.749,23.247,4.742,7.206,6.22
27992,1.342,35.934,23.75,29.749,23.251,4.742,7.165,6.18
27993,1.336,35.964,23.754,29.74,23.247,4.661,7.124,6.179
27994,1.329,35.58,23.754,29.73,23.251,4.822,7.246,6.342
27995,1.391,35.749,23.785,29.787,23.261,4.905,7.288,6.425
27996,1.395,35.847,23.755,29.75,23.251,4.825,7.207,6.344
27997,1.378,36.04,23.762,29.749,23.251,4.743,7.206,6.425
27998,1.352,35.591,23.731,29.778,23.254,4.823,7.247,6.426
27999,1.346,35.73,23.766,29.778,23.251,4.824,7.206,6.466
28000,1.342,35.837,23.754,29.75,23.244,4.702,7.125,6.345
28001,1.306,35.579,23.774,29.73,23.244,4.742,7.124,6.425
28002,1.273,35.605,23.731,29.759,23.251,4.742,7.165,6.507
28003,1.228,35.74,23.762,29.749,23.244,4.701,7.124,6.508
28004,1.169,35.808,23.762,29.759,23.244,4.701,7.083,6.63
28005,1.096,35.55,23.809,29.749,23.247,4.742,7.123,6.712
28006,1.06,35.691,23.739,29.778,23.265,4.945,7.246,7.038
28007,1.014,35.827,23.758,29.769,23.251,4.785,7.166,7.082
28008,0.952,35.896,23.746,29.759,23.254,4.742,7.124,7.408
28009,0.883,35.455,23.727,29.759,23.254,4.783,7.124,7.615
28010,0.827,35.604,23.754,29.759,23.258,4.824,7.124,7.861
28011,0.787,35.73,23.762,29.769,23.251,4.743,7.124,8.148
28012,0.732,35.78,23.723,29.74,23.24,4.62,6.961,8.354
28013,0.695,35.406,23.75,29.749,23.251,4.741,7.122,8.681
28014,0.675,35.556,23.746,29.768,23.244,4.701,7.002,8.807
28015,0.639,35.663,23.813,29.74,23.251,4.742,6.879,9.052
28016,0.633,35.74,23.747,29.749,23.247,4.701,6.959,9.257
28017,0.61,35.569,23.77,29.749,23.251,4.782,7.082,9.585
28018,0.616,35.749,23.766,29.797,23.265,4.864,7.042,9.669
28019,0.623,35.808,23.747,29.75,23.251,4.743,6.92,9.67
28020,0.642,35.867,23.758,29.749,23.251,4.783,6.959,9.792
28021,0.685,35.589,23.778,29.759,23.251,4.742,6.96,9.996
28022,0.737,35.74,23.719,29.769,23.254,4.783,6.96,9.999
28023,0.767,35.837,23.75,29.759,23.247,4.702,6.878,9.999
28024,0.777,35.829,23.774,29.73,23.244,4.701,6.918,10.243
28025,0.806,35.416,23.782,29.759,23.251,4.782,6.919,10.408
28026,0.803,35.556,23.727,29.749,23.247,4.742,6.837,10.613
28027,0.823,35.682,23.738,29.74,23.244,4.661,6.918,10.94
28028,0.83,35.674,23.777,29.74,23.251,4.782,6.959,11.268
28029,0.839,35.693,23.793,29.778,23.261,4.946,7.163,11.638
28030,0.836,35.817,23.774,29.759,23.254,4.744,7.002,11.763
28031,0.826,35.895,23.762,29.759,23.251,4.783,7.041,11.968
28032,0.82,35.484,23.731,29.778,23.247,4.864,7.082,12.214
28033,0.817,35.614,23.738,29.769,23.251,4.784,7.123,12.379
28034,0.82,35.74,23.77,29.769,23.251,4.702,7.124,12.462
28035,0.807,35.78,23.793,29.74,23.244,4.66,7.043,12.422
28036,0.82,35.396,23.712,29.759,23.24,4.741,7.164,12.584
28037,0.82,35.527,23.75,29.759,23.251,4.661,7.084,12.545
28038,0.826,35.643,23.766,29.749,23.24,4.741,7.123,12.464
28039,0.83,35.731,23.754,29.759,23.24,4.661,7.124,12.544
28040,0.839,35.425,23.778,29.769,23.261,4.904,7.327,12.586
28041,0.852,35.604,23.782,29.778,23.254,4.865,7.167,12.342
28042,0.846,35.721,23.696,29.788,23.251,4.784,7.206,12.258
28043,0.846,35.789,23.761,29.75,23.247,4.742,7.247,12.176
28044,0.846,35.512,23.793,29.759,23.251,4.823,7.206,12.053
28045,0.843,35.672,23.774,29.759,23.258,4.702,7.206,11.971
28046,0.833,35.76,23.739,29.797,23.244,4.62,7.125,11.645
28047,0.823,35.809,23.742,29.759,23.247,4.781,7.124,11.723
28048,0.826,35.378,23.793,29.74,23.244,4.702,7.043,11.561
28049,0.81,35.536,23.755,29.749,23.247,4.66,7.123,11.478
28050,0.816,35.634,23.766,29.73,23.244,4.7,7.083,11.396
28051,0.807,35.692,23.766,29.749,23.258,4.823,7.245,11.354
28052,0.813,35.472,23.735,29.778,23.254,4.743,7.125,11.191
28053,0.81,35.576,23.738,29.759,23.251,4.783,7.083,11.027
28054,0.807,35.653,23.77,29.769,23.254,4.783,7.123,10.903
28055,0.813,35.923,23.789,29.759,23.251,4.742,7.124,10.902
28056,0.826,35.571,23.68,29.769,23.251,4.701,7.083,10.618
28057,0.823,35.653,23.738,29.721,23.24,4.579,6.961,10.533
28058,0.826,35.76,23.777,29.759,23.247,4.7,7.082,10.451
28059,0.839,35.425,23.782,29.759,23.251,4.782,7.042,10.288
28060,0.833,35.45,23.778,29.759,23.24,4.661,6.92,10.164
28061,0.839,35.585,23.778,29.721,23.24,4.66,7.0,10.082
28062,0.852,35.711,23.79,29.768,23.258,4.822,7.123,10.081
28063,0.856,35.396,23.751,29.759,23.247,4.661,7.043,9.959
28064,0.853,35.498,23.801,29.749,23.251,4.741,6.96,9.835
28065,0.849,35.624,23.739,29.768,23.251,4.823,7.0,9.712
28066,0.84,35.711,23.746,29.769,23.258,4.702,7.082,9.711
28067,0.843,35.424,23.75,29.749,23.258,4.701,6.88,9.508
28068,0.83,35.517,23.739,29.73,23.241,4.66,6.877,9.343
28069,0.83,35.681,23.777,29.739,23.251,4.741,6.918,9.301
28070,0.836,35.741,23.778,29.74,23.251,4.701,6.959,9.178
28071,0.826,35.348,23.747,29.73,23.244,4.62,6.919,9.055
28072,0.82,35.45,23.723,29.739,23.251,4.619,6.919,9.054
28073,0.82,35.623,23.742,29.778,23.261,4.863,7.081,9.135
28074,0.833,35.702,23.766,29.778,23.251,4.743,6.88,8.892
28075,0.826,35.444,23.793,29.759,23.251,4.783,6.959,8.809
28076,0.833,35.585,23.692,29.759,23.251,4.783,6.96,8.808
28077,0.836,35.73,23.754,29.769,23.247,4.783,6.919,8.726
28078,0.836,35.77,23.715,29.769,23.254,4.742,6.837,8.644
28079,0.846,35.358,23.746,29.74,23.244,4.579,6.755,8.399
28080,0.84,35.459,23.75,29.73,23.244,4.659,6.836,8.478
28081,0.856,35.604,23.805,29.759,23.251,4.7,6.837,8.438
28082,0.866,35.625,23.77,29.797,23.247,4.66,6.877,8.357
28083,0.862,42.635,23.715,29.731,23.244,4.66,6.755,8.234
28084,0.862,42.734,23.785,29.759,23.251,4.7,6.795,8.273
28085,0.866,42.811,23.77,29.778,23.265,4.823,6.958,8.233
28086,0.853,35.572,23.754,29.769,23.248,4.661,6.838,8.111
28087,0.84,32.105,23.739,29.759,23.251,4.741,6.796,8.109
28088,0.836,32.31,23.75,29.769,23.258,4.661,6.836,8.069
28089,0.846,32.475,23.766,29.769,23.251,4.741,6.755,7.987
28090,0.84,36.313,23.766,29.749,23.244,4.661,6.673,7.824
28091,0.833,36.725,23.762,29.73,23.24,4.66,6.753,7.863
28092,0.83,36.863,23.723,29.768,23.251,4.7,6.714,7.863
28093,0.833,36.942,23.734,29.759,23.244,4.701,6.713,7.782
28094,0.836,34.641,23.797,29.74,23.244,4.66,6.713,7.659
28095,0.833,34.733,23.782,29.749,23.251,4.741,6.754,7.739
28096,0.859,34.926,23.727,29.778,23.261,4.905,6.836,7.781
28097,0.859,35.004,23.727,29.759,23.247,4.744,6.755,7.659
28098,0.856,35.523,23.738,29.749,23.251,4.701,6.754,7.617
28099,0.862,35.682,23.774,29.759,23.251,4.701,6.754,7.617
28100,0.866,35.808,23.751,29.759,23.254,4.782,6.795,7.454
28101,0.866,35.867,23.793,29.749,23.247,4.661,6.714,7.452
28102,0.859,35.11,23.743,29.72,23.24,4.66,6.713,7.452
28103,0.866,35.275,23.742,29.749,23.247,4.66,6.794,7.452
28104,0.872,35.391,23.797,29.759,23.254,4.66,6.714,7.29
28105,0.872,35.441,23.755,29.73,23.244,4.66,6.713,7.247
28106,0.856,35.316,23.762,29.739,23.258,4.741,6.835,7.288
28107,0.862,35.469,23.766,29.778,23.258,4.864,6.958,7.369
28108,0.862,35.576,23.77,29.75,23.251,4.702,6.797,7.248
28109,0.853,35.615,23.762,29.74,23.254,4.701,6.836,7.206
28110,0.859,35.289,23.735,29.759,23.247,4.742,6.796,7.247
28111,0.853,35.449,23.77,29.759,23.254,4.742,6.795,7.288
28112,0.846,35.556,23.754,29.759,23.251,4.661,6.755,7.085
28113,0.84,35.49,23.735,29.721,23.24,4.619,6.714,7.083
28114,0.843,35.221,23.774,29.739,23.247,4.741,6.754,7.123
28115,0.853,35.362,23.766,29.749,23.251,4.661,6.714,7.124
28116,0.856,35.479,23.657,29.749,23.237,4.66,6.754,6.961
28117,0.853,35.173,23.71,29.74,23.244,4.66,6.795,7.082
28118,0.869,35.256,23.781,29.778,23.258,4.863,6.917,7.205
28119,0.889,35.43,23.77,29.778,23.258,4.702,6.756,7.043
28120,0.885,35.508,23.743,29.75,23.244,4.742,6.795,7.042
28121,0.882,35.279,23.77,29.768,23.254,4.823,6.795,7.042
28122,0.889,35.411,23.77,29.759,23.251,4.743,6.836,7.001
28123,0.892,35.546,23.723,29.759,23.251,4.701,6.837,6.879
28124,0.892,35.605,23.777,29.701,23.237,4.579,6.674,6.837
28125,0.876,35.088,23.712,29.749,23.244,4.659,6.713,6.918
28126,0.885,35.255,23.758,29.749,23.247,4.7,6.713,6.878
28127,0.879,35.391,23.754,29.74,23.244,4.701,6.713,6.837
28128,0.879,35.431,23.797,29.74,23.24,4.701,6.713,6.796
28129,0.869,35.23,23.786,29.74,23.247,4.782,6.835,6.999
28130,0.869,35.41,23.762,29.787,23.261,4.824,6.837,7.001
28131,0.863,35.498,23.789,29.75,23.244,4.824,6.714,6.838
28132,0.846,35.557,23.692,29.759,23.251,4.702,6.754,6.918
28133,0.856,35.174,23.73,29.759,23.254,4.782,6.795,6.919
28134,0.856,35.314,23.785,29.749,23.254,4.783,6.755,6.878
28135,0.856,35.421,23.735,29.74,23.244,4.62,6.673,6.755
28136,0.859,35.441,23.738,29.787,23.247,4.7,6.672,6.795
28137,0.862,35.201,23.727,29.75,23.24,4.701,6.794,6.795
28138,0.872,35.343,23.762,29.72,23.244,4.579,6.714,6.714
28139,0.872,35.45,23.774,29.739,23.244,4.659,6.754,6.713
28140,0.885,35.681,23.762,29.74,23.251,4.741,6.876,6.916
28141,0.898,35.261,23.832,29.768,23.265,4.823,6.959,6.837
28142,0.899,35.362,23.739,29.749,23.244,4.743,6.838,6.755
28143,0.899,35.459,23.746,29.74,23.244,4.742,6.877,6.795
28144,0.892,35.211,23.77,29.74,23.254,4.783,6.837,6.755
28145,0.895,35.247,23.754,29.749,23.258,4.661,6.958,6.795
28146,0.882,35.391,23.743,29.74,23.247,4.66,6.797,6.592
28147,0.869,35.441,23.711,29.72,23.24,4.7,6.836,6.712
28148,0.882,35.153,23.801,29.739,23.244,4.701,6.877,6.672
28149,0.869,35.256,23.766,29.749,23.247,4.66,6.877,6.631
28150,0.876,35.391,23.77,29.73,23.24,4.619,6.877,6.631
28151,0.872,35.488,23.754,29.73,23.247,4.7,6.918,6.672
28152,0.869,35.144,23.77,29.807,23.258,4.863,7.081,6.835
28153,0.872,35.227,23.727,29.759,23.244,4.743,7.002,6.714
28154,0.872,35.333,23.785,29.759,23.244,4.701,7.001,6.713
28155,0.872,35.421,23.751,29.769,23.251,4.782,7.001,6.754
28156,0.892,35.134,23.746,29.807,23.258,4.742,6.96,6.632
28157,0.895,35.284,23.742,29.721,23.244,4.62,6.919,6.55
28158,0.886,35.363,23.735,29.739,23.251,4.741,7.0,6.549
28159,0.898,35.488,23.75,29.74,23.247,4.742,6.96,6.549
28160,0.905,35.096,23.758,29.73,23.247,4.701,7.041,6.59
28161,0.905,35.227,23.782,29.72,23.244,4.62,6.96,6.509
28162,0.908,35.362,23.633,29.739,23.251,4.741,7.041,6.67
28163,0.925,35.411,23.745,29.787,23.258,4.864,7.123,6.631
28164,0.918,35.067,23.785,29.731,23.254,4.784,7.043,6.55
28165,0.918,35.188,23.77,29.73,23.244,4.742,7.082,6.508
28166,0.902,35.323,23.743,29.797,23.254,4.742,7.083,6.549
28167,0.912,35.354,23.707,29.74,23.254,4.783,7.042,6.63
28168,0.908,35.162,23.746,29.74,23.251,4.661,6.96,6.468
28169,0.886,35.266,23.77,29.72,23.244,4.7,7.0,6.467
28170,0.892,35.401,23.766,29.739,23.254,4.742,7.001,6.467
28171,0.892,35.239,23.77,29.72,23.251,4.742,6.96,6.426
28172,0.886,35.094,23.7,29.739,23.24,4.661,7.0,6.426
28173,0.879,35.217,23.711,29.749,23.247,4.741,6.96,6.426
28174,0.885,35.362,23.789,29.778,23.254,4.864,7.163,6.629
28175,0.898,35.277,23.778,29.74,23.251,4.702,7.043,6.468
28176,0.905,35.372,23.649,29.768,23.251,4.742,7.001,6.507
28177,0.902,35.498,23.722,29.759,23.254,4.742,7.041,6.508
28178,0.918,35.585,23.719,29.759,23.258,4.783,7.082,6.427
28179,0.922,34.944,23.746,29.749,23.251,4.824,7.042,6.385
28180,0.918,35.052,23.739,29.72,23.24,4.621,6.879,6.385
28181,0.918,35.197,23.746,29.749,23.247,4.741,6.918,6.385
28182,0.935,35.285,23.758,29.73,23.244,4.742,7.0,6.344
28183,0.928,35.075,23.739,29.72,23.244,4.661,6.919,6.303
28184,0.938,35.236,23.785,29.73,23.244,4.66,6.878,6.384
28185,0.945,35.353,23.762,29.759,23.258,4.904,7.162,6.547
28186,0.938,35.478,23.75,29.759,23.251,4.744,6.962,6.427
28187,0.925,35.058,23.731,29.74,23.247,4.701,7.041,6.385
28188,0.931,35.178,23.738,29.749,23.251,4.742,7.082,6.466
28189,0.928,35.314,23.738,29.74,23.261,4.783,7.083,6.467
28190,0.922,35.373,23.742,29.749,23.254,4.824,7.083,6.386
28191,0.915,35.095,23.738,29.73,23.24,4.621,6.88,6.263
28192,0.905,35.217,23.762,29.749,23.251,4.741,6.959,6.465
28193,0.918,35.352,23.727,29.759,23.244,4.742,6.919,6.386
28194,0.918,35.392,23.727,29.74,23.244,4.701,6.919,6.344
28195,0.915,35.095,23.77,29.73,23.247,4.701,6.878,6.343
28196,0.928,35.246,23.754,29.749,23.247,4.782,7.0,6.506
28197,0.941,35.41,23.774,29.788,23.265,4.824,7.001,6.467
28198,0.935,35.594,23.731,29.731,23.251,4.783,6.879,6.507
28199,0.941,35.193,23.758,29.739,23.251,4.864,6.918,6.467
28200,0.945,35.343,23.739,29.759,23.258,4.743,6.919,6.467
28201,0.948,35.44,23.797,29.759,23.251,4.783,6.959,6.386
28202,0.964,35.163,23.751,29.701,23.244,4.742,6.797,6.222
28203,0.961,35.17,23.719,29.758,23.247,4.742,6.877,6.302
28204,0.964,35.352,23.781,29.721,23.247,4.742,6.877,6.343
28205,0.961,35.411,23.739,29.72,23.244,4.742,6.918,6.343
28206,0.961,35.143,23.742,29.72,23.244,4.783,6.878,6.303
28207,0.958,35.237,23.762,29.759,23.244,4.824,7.04,6.465
28208,0.968,35.42,23.813,29.778,23.261,4.865,7.001,6.426
28209,0.964,35.489,23.794,29.73,23.254,4.743,6.919,6.344
28210,0.961,35.125,23.759,29.739,23.244,4.823,6.959,6.343
28211,0.961,35.275,23.774,29.73,23.251,4.824,6.96,6.384
28212,0.958,35.43,23.774,29.816,23.261,4.824,7.0,6.466
28213,0.961,35.489,23.715,29.74,23.247,4.743,6.879,6.304
28214,0.955,35.24,23.758,29.72,23.244,4.742,6.959,6.384
28215,0.958,35.381,23.731,29.739,23.244,4.823,6.919,6.385
28216,0.971,35.508,23.738,29.73,23.244,4.743,6.878,6.303
28217,0.964,35.566,23.738,29.73,23.24,4.661,6.877,6.262
28218,0.971,35.212,23.785,29.73,23.251,4.741,6.877,6.343
28219,0.987,35.391,23.786,29.778,23.258,4.864,7.081,6.547
28220,1.007,35.508,23.743,29.759,23.254,4.824,6.92,6.346
28221,1.001,35.518,23.778,29.74,23.254,4.865,6.919,6.384
28222,1.013,35.24,23.758,29.74,23.254,4.784,7.0,6.344
28223,1.02,35.391,23.735,29.74,23.254,4.783,6.879,6.384
28224,1.02,35.488,23.801,29.749,23.254,4.742,6.877,6.263
28225,1.01,35.489,23.708,29.711,23.244,4.661,6.755,6.262
28226,1.014,35.547,23.73,29.749,23.247,4.741,6.876,6.302
28227,1.014,35.682,23.723,29.749,23.244,4.661,6.877,6.302
28228,1.01,35.769,23.785,29.73,23.244,4.66,6.755,6.262
28229,0.997,35.559,23.786,29.72,23.24,4.741,6.836,6.262
28230,1.007,35.548,23.751,29.759,23.258,4.823,6.958,6.465
28231,1.023,35.711,23.817,29.769,23.258,4.824,6.797,6.304
28232,1.001,35.779,23.759,29.749,23.251,4.783,6.836,6.384
28233,1.02,35.627,23.735,29.74,23.258,4.783,6.918,6.344
28234,1.017,35.73,23.801,29.759,23.254,4.824,6.837,6.343
28235,1.023,35.847,23.723,29.749,23.254,4.824,6.837,6.343
28236,1.036,35.944,23.73,29.72,23.244,4.621,6.714,6.14
28237,1.037,35.619,23.738,29.72,23.244,4.7,6.835,6.341
28238,1.043,35.778,23.731,29.739,23.251,4.742,6.796,6.262
28239,1.053,35.914,23.742,29.74,23.244,4.701,6.795,6.221
28240,1.053,35.973,23.727,29.73,23.244,4.701,6.714,6.22
28241,1.066,35.926,23.785,29.72,23.244,4.782,6.835,6.342
28242,1.066,36.098,23.739,29.778,23.261,4.946,6.877,6.384
28243,1.092,36.205,23.723,29.75,23.244,4.785,6.796,6.222
28244,1.089,36.283,23.797,29.74,23.254,4.783,6.795,6.302
28245,1.102,35.986,23.759,29.74,23.254,4.783,6.836,6.302
28246,1.083,36.156,23.77,29.749,23.247,4.783,6.837,6.343
28247,1.076,36.254,23.735,29.74,23.244,4.661,6.714,6.14
28248,1.063,36.245,23.746,29.73,23.244,4.782,6.754,6.26
28249,1.079,36.072,23.758,29.749,23.251,4.742,6.714,6.302
28250,1.073,36.195,23.731,29.74,23.251,4.701,6.672,6.18
28251,1.076,36.302,23.777,29.73,23.247,4.742,6.753,6.179
28252,1.073,36.341,23.77,29.749,23.254,4.823,6.836,6.383
28253,1.089,37.981,23.731,29.778,23.261,4.865,6.837,6.303
28254,1.083,38.046,23.801,29.73,23.254,4.784,6.837,6.302
28255,1.079,38.142,23.739,29.759,23.247,4.742,6.837,6.343
28256,1.099,37.175,23.746,29.749,23.254,4.823,6.877,6.262
28257,1.102,35.794,23.723,29.749,23.251,4.743,6.837,6.221
28258,1.112,35.914,23.766,29.711,23.24,4.579,6.674,6.22
28259,1.115,36.011,23.766,29.749,23.251,4.781,6.835,6.22
28260,1.115,36.76,23.739,29.74,23.251,4.783,6.755,6.261
28261,1.122,36.96,23.781,29.749,23.251,4.661,6.754,6.221
28262,1.132,37.096,23.754,29.73,23.244,4.7,6.754,6.22
28263,1.132,37.203,23.731,29.749,23.251,4.823,6.917,6.383
28264,1.158,36.715,23.789,29.749,23.254,4.743,6.919,6.303
28265,1.142,36.806,23.696,29.759,23.251,4.783,6.837,6.302
28266,1.135,36.922,23.742,29.749,23.254,4.742,6.877,6.302
28267,1.132,37.0,23.735,29.74,23.254,4.823,6.877,6.343
28268,1.135,36.905,23.758,29.759,23.251,4.865,6.796,6.262
28269,1.122,37.038,23.75,29.721,23.244,4.743,6.673,6.139
28270,1.122,37.154,23.711,29.73,23.247,4.742,6.753,6.219
28271,1.122,37.203,23.793,29.72,23.251,4.742,6.754,6.22
28272,1.122,36.926,23.762,29.739,23.247,4.661,6.714,6.22
28273,1.112,37.067,23.715,29.73,23.247,4.741,6.672,6.261
28274,1.125,37.174,23.789,29.759,23.251,4.783,6.875,6.384
28275,1.138,37.271,23.708,29.778,23.258,4.783,6.877,6.303
28276,1.142,37.099,23.738,29.74,23.254,4.783,6.755,6.302
28277,1.155,37.212,23.727,29.759,23.247,4.783,6.754,6.343
28278,1.145,37.309,23.785,29.74,23.251,4.824,6.795,6.221
28279,1.161,37.339,23.77,29.768,23.251,4.783,6.877,6.302
28280,1.161,37.282,23.735,29.721,23.244,4.661,6.674,6.14
28281,1.168,37.377,23.785,29.73,23.247,4.741,6.794,6.219
28282,1.181,37.522,23.739,29.749,23.251,4.742,6.714,6.22
28283,1.171,37.821,23.723,29.701,23.247,4.742,6.754,6.18
28284,1.175,37.363,23.758,29.73,23.244,4.661,6.754,6.22
28285,1.181,37.503,23.711,29.759,23.251,4.822,6.876,6.383
28286,1.188,37.648,23.765,29.769,23.261,4.783,6.837,6.181
28287,1.168,37.458,23.731,29.749,23.251,4.702,6.837,6.22
28288,1.165,37.484,23.785,29.749,23.251,4.742,6.877,6.22
28289,1.168,37.629,23.762,29.759,23.254,4.823,6.877,6.22
28290,1.162,37.726,23.75,29.759,23.261,4.824,7.0,6.18
28291,1.152,37.487,23.789,29.73,23.244,4.58,6.919,6.057
28292,1.145,37.59,23.716,29.739,23.247,4.74,6.959,6.259
28293,1.135,37.725,23.723,29.74,23.251,4.823,7.041,6.18
28294,1.135,37.804,23.754,29.73,23.251,4.743,6.96,6.139
28295,1.132,37.536,23.715,29.73,23.247,4.701,7.0,6.138
28296,1.138,37.677,23.734,29.739,23.251,4.782,7.123,6.301
28297,1.151,37.832,23.754,29.778,23.258,4.864,7.205,6.18
28298,1.139,37.853,23.793,29.74,23.247,4.784,7.125,6.139
28299,1.138,37.603,23.759,29.749,23.247,4.864,7.205,6.138
28300,1.138,37.735,23.758,29.768,23.254,4.824,7.165,6.138
28301,1.145,37.852,23.793,29.74,23.258,4.824,7.206,6.179
28302,1.148,37.901,23.747,29.74,23.244,4.621,7.043,5.976
28303,1.126,37.757,23.707,29.711,23.251,4.822,7.123,6.096
28304,1.132,37.89,23.762,29.739,23.251,4.702,7.124,6.097
28305,1.119,37.997,23.676,29.72,23.247,4.701,7.043,6.097
28306,1.109,38.046,23.687,29.739,23.244,4.701,7.123,6.016
28307,1.096,37.759,23.73,29.72,23.254,4.701,7.246,6.137
28308,1.099,37.919,23.824,29.759,23.261,4.904,7.328,6.219
28309,1.079,38.007,23.771,29.711,23.254,4.784,7.289,6.139
28310,1.047,38.036,23.766,29.739,23.251,4.824,7.329,6.138
28311,1.046,37.855,23.793,29.749,23.251,4.824,7.37,6.179
28312,1.033,37.977,23.743,29.749,23.258,4.865,7.411,6.179
28313,1.027,38.075,23.727,29.749,23.251,4.743,7.371,6.057
28314,1.007,37.951,23.754,29.711,23.237,4.742,7.33,6.097
28315,1.01,37.911,23.703,29.739,23.254,4.742,7.329,6.097
28316,1.01,38.026,23.699,29.72,23.247,4.701,7.289,6.056
28317,1.004,38.104,23.695,29.73,23.244,4.701,7.369,6.097
28318,1.004,37.836,23.758,29.701,23.244,4.701,7.37,6.138
28319,0.997,37.958,23.731,29.758,23.265,4.863,7.533,6.26
28320,1.004,38.122,23.746,29.759,23.251,4.784,7.412,6.139
28321,0.997,38.172,23.774,29.749,23.251,4.742,7.411,6.057
28322,0.987,37.808,23.774,29.74,23.251,4.783,7.411,6.137
28323,0.991,37.958,23.723,29.74,23.261,4.702,7.493,6.098
28324,0.978,38.065,23.746,29.74,23.247,4.823,7.412,6.016
28325,0.964,38.123,23.672,29.73,23.237,4.58,7.289,5.974
28326,0.945,37.827,23.707,29.739,23.251,4.781,7.41,6.015
28327,0.948,37.968,23.707,29.73,23.251,4.661,7.33,6.015
28328,0.928,38.074,23.773,29.72,23.24,4.741,7.329,6.015
28329,0.918,38.152,23.735,29.711,23.24,4.742,7.289,5.974
28330,0.905,37.779,23.723,29.73,23.254,4.823,7.451,6.177
28331,0.915,37.977,23.797,29.749,23.265,4.824,7.412,6.098
28332,0.899,38.055,23.751,29.749,23.251,4.824,7.33,6.097
28333,0.886,38.114,23.727,29.759,23.247,4.824,7.329,6.056
28334,0.879,37.894,23.789,29.74,23.258,4.824,7.37,6.137
28335,0.879,38.026,23.704,29.759,23.251,4.824,7.33,6.057
28336,0.876,38.152,23.722,29.73,23.244,4.743,7.207,5.893
28337,0.869,38.124,23.703,29.73,23.244,4.783,7.247,5.973
28338,0.885,37.884,23.738,29.759,23.251,4.783,7.288,5.974
28339,0.879,37.997,23.715,29.749,23.247,4.661,7.288,6.055
28340,0.879,38.113,23.73,29.74,23.244,4.66,7.288,5.975
28341,0.866,38.22,23.75,29.74,23.244,4.782,7.329,6.096
28342,0.882,37.856,23.754,29.768,23.261,4.905,7.41,6.097
28343,0.879,37.977,23.723,29.73,23.244,4.784,7.33,6.016
28344,0.869,38.084,23.75,29.73,23.247,4.824,7.289,6.096
28345,0.869,37.865,23.719,29.759,23.251,4.783,7.41,6.056
28346,0.866,37.939,23.727,29.759,23.261,4.824,7.411,6.097
28347,0.853,38.065,23.707,29.749,23.244,4.661,7.208,5.975
28348,0.836,38.104,23.734,29.72,23.251,4.741,7.287,6.015
28349,0.82,37.846,23.738,29.739,23.247,4.701,7.329,5.974
28350,0.817,37.977,23.742,29.74,23.251,4.701,7.289,5.974
28351,0.803,38.065,23.774,29.701,23.247,4.701,7.247,5.974
28352,0.803,38.181,23.747,29.749,23.251,4.823,7.41,6.218
28353,0.813,37.846,23.746,29.768,23.261,4.905,7.452,6.18
28354,0.807,37.939,23.742,29.749,23.247,4.784,7.371,6.057
28355,0.8,38.045,23.711,29.749,23.251,4.783,7.37,6.137
28356,0.813,38.133,23.73,29.749,23.247,4.824,7.411,6.098
28357,0.816,37.951,23.731,29.749,23.251,4.783,7.452,6.056
28358,0.816,38.036,23.754,29.72,23.244,4.702,7.249,5.975
28359,0.813,38.142,23.754,29.739,23.247,4.823,7.369,6.096
28360,0.82,38.22,23.774,29.759,23.24,4.661,7.37,6.097
28361,0.826,37.761,23.754,29.73,23.247,4.741,7.33,5.975
28362,0.82,37.881,23.754,29.73,23.24,4.661,7.41,5.974
28363,0.833,37.987,23.711,29.739,23.247,4.741,7.452,6.096
28364,0.843,38.075,23.797,29.778,23.261,4.864,7.452,6.138
28365,0.82,37.759,23.755,29.797,23.254,4.743,7.452,6.057
28366,0.82,37.89,23.739,29.759,23.251,4.823,7.452,6.137
28367,0.813,37.997,23.754,29.74,23.258,4.783,7.493,6.098
28368,0.81,38.017,23.75,29.749,23.251,4.824,7.453,6.097
28369,0.797,37.854,23.766,29.73,23.244,4.661,7.29,6.016
28370,0.784,37.949,23.735,29.73,23.244,4.741,7.451,6.015
28371,0.784,38.065,23.774,29.739,23.247,4.742,7.371,6.015
28372,0.784,37.836,23.758,29.74,23.244,4.783,7.33,6.056
28373,0.767,37.805,23.711,29.72,23.24,4.661,7.329,5.975
28374,0.774,37.929,23.769,29.749,23.251,4.782,7.492,6.137
28375,0.79,38.065,23.715,29.797,23.261,4.905,7.494,6.098
28376,0.784,37.778,23.75,29.731,23.251,4.825,7.412,6.056
28377,0.78,37.871,23.746,29.739,23.247,4.824,7.371,6.056
28378,0.793,37.997,23.801,29.749,23.251,4.783,7.452,6.015
28379,0.797,38.104,23.778,29.759,23.251,4.824,7.371,6.096
28380,0.8,37.654,23.754,29.749,23.24,4.743,7.289,6.016
28381,0.79,37.755,23.746,29.72,23.24,4.742,7.288,6.056
28382,0.803,37.919,23.735,29.739,23.244,4.823,7.329,6.015
28383,0.81,37.969,23.735,29.74,23.244,4.743,7.289,5.893
28384,0.81,37.633,23.75,29.73,23.244,4.701,7.329,6.014
28385,0.81,37.793,23.719,29.768,23.244,4.742,7.37,5.974
28386,0.8,37.948,23.715,29.769,23.261,4.945,7.614,6.177
28387,0.803,37.998,23.711,29.74,23.251,4.703,7.535,6.057
28388,0.8,37.768,23.742,29.759,23.254,4.782,7.534,6.015
28389,0.79,37.929,23.77,29.749,23.254,4.824,7.575,6.137
28390,0.793,38.036,23.758,29.768,23.254,4.824,7.657,6.057
28391,0.8,38.066,23.789,29.73,23.254,4.743,7.698,6.015
28392,0.777,37.644,23.723,29.72,23.24,4.661,7.618,5.974
28393,0.764,37.784,23.734,29.749,23.251,4.741,7.779,6.055
28394,0.777,37.862,23.777,29.74,23.251,4.823,7.74,5.934
28395,0.767,37.901,23.692,29.73,23.244,4.702,7.781,5.933
28396,0.77,37.777,23.707,29.739,23.244,4.66,7.822,5.933
28397,0.783,37.91,23.691,29.749,23.261,4.822,7.985,6.096
28398,0.8,38.045,23.738,29.778,23.254,4.783,7.946,5.975
28399,0.79,37.912,23.723,29.759,23.254,4.824,7.945,6.096
28400,0.8,37.71,23.746,29.759,23.251,4.743,7.864,6.056
28401,0.8,37.832,23.774,29.74,23.254,4.783,7.944,6.097
28402,0.803,37.929,23.743,29.759,23.258,4.742,7.905,5.975
28403,0.8,37.595,23.727,29.73,23.244,4.661,7.742,5.893
28404,0.797,37.678,23.77,29.739,23.251,4.741,7.903,5.973
28405,0.81,37.793,23.731,29.74,23.251,4.701,7.823,5.974
28406,0.794,37.891,23.715,29.72,23.244,4.701,7.781,6.015
28407,0.79,37.594,23.687,29.739,23.244,4.701,7.822,5.974
28408,0.793,37.735,23.734,29.759,23.261,4.823,7.944,6.177
28409,0.797,37.9,23.735,29.769,23.258,4.783,7.864,6.017
28410,0.781,37.949,23.727,29.749,23.244,4.783,7.782,6.056
28411,0.784,37.604,23.793,29.749,23.251,4.824,7.781,6.056
28412,0.777,37.726,23.747,29.74,23.251,4.783,7.862,6.137
28413,0.784,37.852,23.739,29.759,23.261,4.783,7.741,6.057
28414,0.78,37.91,23.758,29.73,23.247,4.702,7.618,5.893
28415,0.764,37.671,23.696,29.749,23.251,4.782,7.739,6.014
28416,0.78,37.813,23.722,29.73,23.251,4.742,7.659,5.974
28417,0.787,37.92,23.68,29.739,23.251,4.742,7.617,5.974
28418,0.78,37.94,23.738,29.72,23.244,4.661,7.657,5.974
28419,0.797,37.681,23.715,29.759,23.254,4.863,7.78,6.137
28420,0.807,37.87,23.762,29.778,23.261,4.865,7.822,6.138
28421,0.8,37.92,23.746,29.73,23.251,4.702,7.781,6.016
28422,0.8,37.978,23.754,29.749,23.251,4.782,7.822,6.056
28423,0.81,37.681,23.743,29.74,23.254,4.824,7.863,6.056
28424,0.813,37.813,23.762,29.74,23.254,4.905,7.863,6.015
28425,0.82,37.92,23.75,29.72,23.24,4.662,7.66,5.893
28426,0.797,38.208,23.707,29.739,23.247,4.782,7.942,5.973
28427,0.8,37.722,23.75,29.73,23.251,4.742,7.864,6.015
28428,0.803,37.832,23.7,29.73,23.247,4.742,7.822,6.015
28429,0.79,37.929,23.711,29.739,23.24,4.701,7.822,5.934
28430,0.784,37.738,23.726,29.74,23.251,4.823,7.944,6.136
28431,0.787,37.784,23.762,29.778,23.268,4.865,8.026,6.057
28432,0.78,37.91,23.719,29.778,23.251,4.702,7.905,6.056
28433,0.784,37.997,23.711,29.74,23.251,4.742,7.945,6.097
28434,0.787,37.605,23.758,29.74,23.251,4.823,7.945,6.138
28435,0.79,37.735,23.731,29.759,23.254,4.824,7.986,6.057
28436,0.79,37.832,23.715,29.74,23.237,4.702,7.783,5.893
28437,0.78,37.91,23.699,29.73,23.251,4.742,7.862,6.054
28438,0.793,37.604,23.715,29.73,23.244,4.742,7.904,6.015
28439,0.797,37.735,23.734,29.73,23.244,4.701,7.782,6.015
28440,0.803,37.842,23.735,29.73,23.24,4.66,7.74,5.934
28441,0.81,37.901,23.754,29.73,23.24,4.741,7.862,6.136
28442,0.82,37.633,23.77,29.768,23.265,4.905,7.944,6.098
28443,0.82,37.716,23.715,29.74,23.244,4.784,7.864,6.016
28444,0.817,37.823,23.769,29.72,23.244,4.702,7.782,6.015
28445,0.82,37.881,23.762,29.787,23.251,4.701,7.862,6.056
28446,0.81,37.671,23.715,29.75,23.254,4.863,7.863,6.137
28447,0.813,37.793,23.746,29.749,23.247,4.702,7.7,5.976
28448,0.79,37.862,23.75,29.711,23.247,4.742,7.74,5.974
28449,0.8,37.949,23.77,29.739,23.247,4.742,7.74,6.015
28450,0.79,37.719,23.735,29.711,23.244,4.701,7.699,6.015
28451,0.79,37.813,23.758,29.72,23.244,4.66,7.658,6.015
28452,0.797,37.939,23.75,29.749,23.244,4.741,7.82,6.178
28453,0.803,37.997,23.731,29.768,23.261,4.864,7.822,6.22
28454,0.8,37.71,23.746,29.74,23.254,4.784,7.7,6.18
28455,0.787,37.823,23.606,29.768,23.251,4.742,7.699,6.098
28456,0.79,37.929,23.698,29.74,23.251,4.742,7.74,6.138
28457,0.803,37.719,23.734,29.759,23.261,4.864,7.699,6.179
28458,0.807,37.65,23.731,29.73,23.251,4.743,7.577,6.057
28459,0.803,37.736,23.738,29.73,23.244,4.742,7.738,6.137
28460,0.816,37.861,23.738,29.749,23.247,4.742,7.699,6.098
28461,0.807,37.613,23.766,29.749,23.251,4.742,7.658,6.138
28462,0.807,37.707,23.747,29.701,23.24,4.701,7.698,6.098
28463,0.81,37.832,23.707,29.739,23.247,4.782,7.74,6.3
28464,0.826,37.948,23.773,29.768,23.254,4.905,7.781,6.18
28465,0.813,37.509,23.669,29.749,23.254,4.744,7.659,6.139
28466,0.803,37.658,23.722,29.749,23.251,4.783,7.698,6.219
28467,0.803,37.755,23.734,29.74,23.251,4.824,7.699,6.18
28468,0.803,37.833,23.809,29.73,23.258,4.824,7.699,6.179
28469,0.794,37.584,23.743,29.72,23.244,4.661,7.536,6.057
28470,0.79,37.725,23.707,29.73,23.244,4.782,7.575,6.137
28471,0.787,37.842,23.758,29.739,23.258,4.742,7.575,6.138
28472,0.784,37.901,23.743,29.72,23.247,4.701,7.575,6.098
28473,0.777,37.623,23.703,29.711,23.244,4.62,7.494,6.097
28474,0.777,37.716,23.758,29.73,23.254,4.7,7.575,6.219
28475,0.771,37.871,23.719,29.787,23.261,4.863,7.616,6.302
28476,0.8,37.92,23.715,29.75,23.251,4.702,7.535,6.221
28477,0.797,37.499,23.738,29.74,23.254,4.742,7.534,6.098
28478,0.807,37.629,23.75,29.74,23.254,4.783,7.494,6.219
28479,0.81,37.774,23.762,29.759,23.251,4.742,7.575,6.18
28480,0.807,37.775,23.727,29.73,23.247,4.661,7.413,6.098
28481,0.797,37.536,23.699,29.72,23.244,4.7,7.371,6.138
28482,0.803,37.706,23.73,29.73,23.24,4.742,7.37,6.179
28483,0.813,37.784,23.692,29.72,23.247,4.661,7.37,6.057
28484,0.816,37.804,23.722,29.72,23.24,4.66,7.37,6.056
28485,0.813,37.497,23.746,29.73,23.251,4.741,7.452,6.178
28486,0.813,37.667,23.699,29.778,23.265,4.864,7.534,6.261
28487,0.807,37.755,23.758,29.74,23.248,4.743,7.494,6.18
28488,0.807,38.264,23.711,29.749,23.251,4.783,7.494,6.139
28489,0.794,38.461,23.746,29.74,23.261,4.783,7.534,6.179
28490,0.793,38.568,23.727,29.749,23.254,4.783,7.534,6.179
28491,0.793,38.656,23.746,29.74,23.244,4.742,7.372,6.098
28492,0.78,37.065,23.739,29.701,23.244,4.661,7.37,6.097
28493,0.774,37.154,23.746,29.739,23.251,4.7,7.452,6.178
28494,0.78,37.29,23.766,29.73,23.251,4.701,7.452,6.098
28495,0.771,37.387,23.739,29.778,23.244,4.66,7.371,6.138
28496,0.78,37.484,23.707,29.73,23.244,4.7,7.37,6.179
28497,0.79,37.638,23.75,29.778,23.258,4.863,7.573,6.301
28498,0.803,37.793,23.758,29.769,23.251,4.784,7.454,6.18
28499,0.8,37.843,23.739,29.73,23.251,4.742,7.452,6.22
28500,0.807,37.325,23.692,29.749,23.251,4.783,7.452,6.18
28501,0.813,37.454,23.761,29.74,23.254,4.824,7.493,6.22
28502,0.813,37.58,23.754,29.74,23.258,4.743,7.453,6.22
28503,0.803,37.639,23.731,29.701,23.241,4.62,7.371,6.017
28504,0.803,37.333,23.77,29.73,23.254,4.7,7.452,6.178
28505,0.81,37.483,23.739,29.749,23.247,4.66,7.452,6.139
28506,0.8,37.581,23.719,29.73,23.247,4.7,7.371,6.138
28507,0.79,37.62,23.738,29.73,23.244,4.66,7.37,6.098
28508,0.8,37.438,23.758,29.759,23.254,4.782,7.614,6.26
28509,0.81,37.618,23.743,29.749,23.258,4.742,7.454,6.139
28510,0.787,37.697,23.723,29.73,23.251,4.742,7.452,6.098
28511,0.787,37.87,23.734,29.739,23.254,4.783,7.452,6.219
28512,0.787,37.287,23.723,29.768,23.258,4.824,7.452,6.18
28513,0.777,37.425,23.754,29.749,23.251,4.743,7.534,6.179
28514,0.774,37.484,23.735,29.711,23.244,4.701,7.331,6.057
28515,0.764,37.379,23.727,29.739,23.247,4.742,7.451,6.219
28516,0.78,37.426,23.719,29.74,23.247,4.701,7.412,6.139
28517,0.79,37.532,23.766,29.73,23.244,4.701,7.33,6.098
28518,0.78,37.639,23.731,29.72,23.24,4.66,7.329,6.056
28519,0.787,37.189,23.738,29.72,23.251,4.741,7.41,6.219
28520,0.8,37.367,23.731,29.768,23.261,4.742,7.452,6.22
28521,0.8,37.426,23.734,29.73,23.244,4.701,7.371,6.098
28522,0.803,37.513,23.738,29.749,23.254,4.782,7.411,6.219
28523,0.813,37.226,23.75,29.74,23.251,4.742,7.411,6.139
28524,0.81,37.357,23.762,29.759,23.254,4.823,7.33,6.138
28525,0.813,37.474,23.715,29.721,23.24,4.661,7.207,6.057
28526,0.777,37.523,23.726,29.739,23.251,4.7,7.287,6.137
28527,0.78,37.332,23.727,29.74,23.254,4.742,7.288,6.138
28528,0.79,37.474,23.703,29.72,23.244,4.742,7.207,6.138
28529,0.777,37.561,23.746,29.72,23.247,4.742,7.247,6.057
28530,0.784,37.629,23.727,29.749,23.251,4.823,7.369,6.3
28531,0.784,37.246,23.715,29.759,23.258,4.743,7.33,6.14
28532,0.774,37.358,23.711,29.74,23.247,4.783,7.37,6.138
28533,0.774,37.474,23.73,29.749,23.251,4.783,7.289,6.219
28534,0.774,37.513,23.719,29.749,23.251,4.742,7.329,6.22
28535,0.777,37.255,23.699,29.759,23.251,4.783,7.329,6.18
28536,0.78,37.386,23.699,29.711,23.237,4.62,7.126,6.057
28537,0.771,37.465,23.73,29.72,23.247,4.741,7.287,6.178
28538,0.77,37.513,23.731,29.739,23.254,4.742,7.247,6.179
28539,0.787,37.284,23.711,29.72,23.244,4.661,7.206,6.179
28540,0.784,37.425,23.734,29.72,23.244,4.66,7.206,6.098
28541,0.78,37.522,23.742,29.749,23.251,4.741,7.287,6.219
28542,0.797,37.418,23.723,29.778,23.261,4.864,7.329,6.261
28543,0.794,37.235,23.742,29.73,23.251,4.743,7.289,6.18
28544,0.797,37.358,23.711,29.73,23.254,4.823,7.288,6.179
28545,0.794,37.464,23.719,29.749,23.254,4.743,7.207,6.22
28546,0.784,37.168,23.727,29.74,23.258,4.783,7.247,6.22
28547,0.784,37.232,23.766,29.72,23.247,4.661,7.206,6.058
28548,0.767,37.329,23.723,29.701,23.247,4.7,7.206,6.097
28549,0.764,37.454,23.73,29.73,23.247,4.742,7.206,6.219
28550,0.764,37.139,23.727,29.739,23.247,4.661,7.165,6.098
28551,0.761,37.251,23.703,29.711,23.244,4.66,7.165,6.138
28552,0.754,37.396,23.726,29.73,23.254,4.822,7.328,6.26
28553,0.761,37.493,23.746,29.787,23.265,4.824,7.37,6.302
28554,0.754,37.12,23.715,29.74,23.251,4.702,7.289,6.221
28555,0.761,37.28,23.719,29.74,23.254,4.782,7.329,6.22
28556,0.757,37.406,23.703,29.749,23.247,4.783,7.329,6.22
28557,0.764,37.465,23.742,29.73,23.254,4.783,7.248,6.18
28558,0.767,37.082,23.754,29.701,23.244,4.661,7.125,6.098
28559,0.767,37.212,23.727,29.73,23.251,4.782,7.165,6.26
28560,0.777,37.338,23.742,29.739,23.247,4.742,7.165,6.18
28561,0.777,37.368,23.77,29.73,23.244,4.701,7.165,6.098
28562,0.777,37.157,23.735,29.72,23.244,4.66,7.124,6.178
28563,0.777,37.28,23.723,29.739,23.254,4.782,7.205,6.261
28564,0.787,37.416,23.762,29.768,23.265,4.864,7.247,6.262
28565,0.797,37.407,23.645,29.749,23.251,4.743,7.166,6.139
28566,0.781,37.254,23.691,29.73,23.251,4.742,7.124,6.219
28567,0.777,37.377,23.726,29.739,23.254,4.742,7.205,6.22
28568,0.784,37.464,23.75,29.749,23.254,4.783,7.206,6.18
28569,0.764,37.657,23.742,29.701,23.251,4.661,7.043,6.017
28570,0.751,37.122,23.719,29.701,23.24,4.7,7.082,6.096
28571,0.757,37.27,23.719,29.72,23.251,4.701,7.042,6.178
28572,0.754,37.367,23.719,29.73,23.247,4.66,7.123,6.179
28573,0.751,37.09,23.699,29.711,23.24,4.66,7.043,6.098
28574,0.744,37.116,23.722,29.72,23.244,4.66,7.164,6.219
28575,0.76,37.299,23.723,29.759,23.258,4.822,7.328,6.22
28576,0.767,37.387,23.695,29.74,23.244,4.743,7.085,6.22
28577,0.767,37.043,23.73,29.711,23.254,4.742,7.123,6.18
28578,0.761,37.173,23.719,29.739,23.251,4.783,7.124,6.261
28579,0.764,37.309,23.734,29.72,23.254,4.783,7.124,6.302
28580,0.774,37.387,23.719,29.739,23.247,4.742,7.083,6.18
28581,0.767,37.023,23.715,29.701,23.244,4.661,6.961,6.057
28582,0.783,37.202,23.723,29.72,23.251,4.66,7.082,6.219
28583,0.787,37.309,23.727,29.73,23.247,4.66,7.042,6.098
28584,0.774,37.368,23.734,29.72,23.237,4.66,7.001,6.097
28585,0.784,36.985,23.672,29.73,23.24,4.7,7.041,6.138
28586,0.777,37.163,23.734,29.759,23.254,4.863,7.204,6.26
28587,0.784,37.28,23.746,29.74,23.254,4.743,7.043,6.139
28588,0.767,37.32,23.707,29.749,23.258,4.742,7.042,6.138
28589,0.761,37.052,23.734,29.72,23.254,4.742,7.123,6.179
28590,0.757,37.193,23.707,29.739,23.251,4.742,7.165,6.179
28591,0.757,37.328,23.715,29.759,23.251,4.742,7.084,6.017
28592,0.754,37.358,23.715,29.692,23.244,4.661,6.88,5.974
28593,0.735,36.994,23.746,29.739,23.251,4.741,7.04,6.137
28594,0.754,37.135,23.739,29.74,23.247,4.701,7.042,6.138
28595,0.748,37.242,23.711,29.73,23.247,4.701,7.001,6.057
28596,0.757,37.233,23.707,29.711,23.244,4.66,6.96,6.097
28597,0.764,37.147,23.754,29.73,23.254,4.822,7.122,6.178
28598,0.774,37.309,23.743,29.759,23.258,4.783,7.043,6.057
28599,0.764,37.368,23.715,29.73,23.247,4.742,7.042,6.137
28600,0.77,37.148,23.691,29.749,23.247,4.742,7.042,6.098
28601,0.774,37.079,23.711,29.73,23.258,4.742,7.001,6.178
28602,0.787,37.222,23.738,29.759,23.258,4.742,7.082,6.098
28603,0.78,37.281,23.703,29.711,23.244,4.579,6.92,5.894
28604,0.767,36.763,23.726,29.72,23.251,4.7,7.0,6.095
28605,0.787,36.883,23.703,29.73,23.251,4.62,7.001,6.056
28606,0.761,36.98,23.715,29.711,23.247,4.7,6.96,6.015
28607,0.751,37.067,23.734,29.711,23.24,4.701,6.919,5.974
28608,0.757,37.02,23.738,29.73,23.254,4.742,7.122,6.177
28609,0.767,37.212,23.738,29.759,23.261,4.864,7.124,6.179
28610,0.757,37.309,23.699,29.74,23.251,4.702,7.002,6.057
28611,0.757,37.387,23.722,29.74,23.247,4.742,7.041,6.097
28612,0.757,36.947,23.703,29.73,23.254,4.701,7.082,6.097
28613,0.744,37.096,23.722,29.749,23.251,4.742,7.042,6.097
28614,0.741,37.193,23.684,29.73,23.254,4.661,7.042,5.975
28615,0.728,37.242,23.691,29.711,23.24,4.7,7.001,6.055
28616,0.751,37.022,23.695,29.73,23.247,4.701,7.041,5.975
28617,0.754,37.135,23.734,29.73,23.254,4.66,7.001,6.015
28618,0.757,37.251,23.746,29.73,23.237,4.66,6.96,6.015
28619,0.754,37.291,23.719,29.72,23.247,4.66,7.082,6.096
28620,0.77,37.023,23.734,29.759,23.265,4.822,7.164,6.219
28621,0.774,37.164,23.719,29.749,23.251,4.702,7.084,6.098
28622,0.774,37.271,23.727,29.74,23.251,4.782,7.083,6.097
28623,0.78,37.291,23.758,29.73,23.251,4.702,7.123,6.097
28624,0.777,36.984,23.715,29.73,23.247,4.742,7.124,6.097
28625,0.787,37.134,23.723,29.739,23.251,4.742,7.124,6.056
28626,0.764,37.203,23.684,29.711,23.244,4.579,7.043,5.975
28627,0.751,37.204,23.761,29.73,23.251,4.74,7.286,6.055
28628,0.757,36.955,23.692,29.73,23.247,4.701,7.329,6.097
28629,0.748,37.105,23.703,29.72,23.247,4.66,7.329,6.097
28630,0.747,37.193,23.738,29.72,23.244,4.7,7.37,6.097
28631,0.747,36.945,23.656,29.739,23.258,4.742,7.573,6.178
28632,0.76,37.086,23.714,29.768,23.261,4.783,7.657,6.179
28633,0.748,37.164,23.738,29.749,23.251,4.742,7.617,6.057
28634,0.738,37.242,23.68,29.74,23.258,4.742,7.657,6.137
28635,0.741,36.907,23.714,29.749,23.247,4.701,7.698,6.179
28636,0.751,37.028,23.687,29.74,23.251,4.742,7.658,6.098
28637,0.748,37.135,23.73,29.73,23.24,4.62,7.536,6.016
28638,0.741,37.184,23.699,29.701,23.244,4.659,7.616,6.137
28639,0.757,36.858,23.715,29.739,23.251,4.7,7.698,6.138
28640,0.757,36.989,23.723,29.74,23.247,4.66,7.699,6.057
28641,0.761,37.096,23.738,29.72,23.244,4.66,7.699,5.975
28642,0.761,37.174,23.727,29.739,23.251,4.7,7.821,6.137
28643,0.783,37.021,23.738,29.74,23.258,4.823,7.944,6.26
28644,0.774,37.144,23.727,29.73,23.244,4.743,7.864,6.058
28645,0.774,37.261,23.738,29.739,23.247,4.661,7.863,6.056
28646,0.764,37.3,23.703,29.74,23.251,4.741,7.944,6.097
28647,0.757,36.898,23.738,29.749,23.254,4.783,7.986,6.138
28648,0.77,37.028,23.735,29.73,23.254,4.702,7.864,6.098
28649,0.748,37.097,23.668,29.72,23.237,4.579,7.822,6.056
28650,0.741,37.164,23.722,29.749,23.254,4.822,7.944,6.097
28651,0.741,36.945,23.676,29.73,23.244,4.702,7.864,6.016
28652,0.747,37.057,23.703,29.72,23.244,4.62,7.863,6.015
28653,0.741,37.164,23.719,29.72,23.24,4.781,7.904,6.056
28654,0.747,37.453,23.691,29.778,23.261,4.905,8.067,6.178
28655,0.738,36.919,23.726,29.759,23.244,4.744,7.906,6.057
28656,0.738,37.019,23.703,29.74,23.244,4.701,7.863,6.097
28657,0.744,37.116,23.73,29.74,23.254,4.742,7.863,6.138
28658,0.764,36.944,23.692,29.749,23.251,4.823,7.863,6.138
28659,0.761,36.971,23.718,29.74,23.251,4.702,7.741,6.057
28660,0.754,37.058,23.711,29.72,23.24,4.66,7.781,6.137
28661,0.767,37.183,23.691,29.739,23.251,4.66,7.781,6.057
28662,0.767,36.791,23.715,29.73,23.251,4.66,7.7,6.056
28663,0.767,36.893,23.719,29.72,23.247,4.619,7.658,6.015
28664,0.77,37.019,23.711,29.739,23.244,4.781,7.82,6.137
28665,0.774,37.154,23.742,29.778,23.261,4.864,7.822,6.138
28666,0.754,36.791,23.715,29.74,23.251,4.743,7.741,6.179
28667,0.761,36.912,23.746,29.749,23.251,4.661,7.74,6.139
28668,0.754,37.009,23.676,29.759,23.254,4.7,7.74,6.138
28669,0.744,37.096,23.703,29.759,23.261,4.823,7.659,6.138
28670,0.747,36.877,23.691,29.73,23.251,4.661,7.576,6.016
28671,0.731,36.97,23.66,29.72,23.247,4.7,7.616,6.056
28672,0.744,37.125,23.722,29.749,23.247,4.742,7.617,6.097
28673,0.734,37.184,23.73,29.74,23.244,4.661,7.576,6.097
28674,0.738,36.753,23.707,29.72,23.237,4.66,7.535,6.138
28675,0.731,36.892,23.715,29.73,23.251,4.7,7.575,6.179
28676,0.754,37.038,23.695,29.778,23.265,4.823,7.657,6.179
28677,0.764,37.068,23.758,29.75,23.248,4.743,7.536,6.098
28678,0.754,36.752,23.672,29.749,23.254,4.661,7.453,6.138
28679,0.761,36.902,23.707,29.74,23.247,4.782,7.493,6.138
28680,0.761,37.028,23.723,29.749,23.254,4.742,7.534,6.219
28681,0.764,37.039,23.621,29.759,23.251,4.742,7.412,6.098
28682,0.754,36.771,23.679,29.721,23.24,4.661,7.371,6.056
28683,0.767,36.912,23.746,29.72,23.244,4.741,7.37,6.178
28684,0.767,37.028,23.692,29.739,23.24,4.661,7.33,6.098
28685,0.767,36.905,23.722,29.72,23.237,4.7,7.329,6.056
28686,0.754,36.808,23.707,29.73,23.251,4.701,7.289,6.137
28687,0.754,36.979,23.773,29.768,23.254,4.823,7.491,6.26
28688,0.764,37.096,23.719,29.759,23.258,4.824,7.331,6.139
28689,0.744,36.723,23.742,29.759,23.251,4.702,7.329,6.138
28690,0.747,36.825,23.754,29.74,23.247,4.782,7.289,6.179
28691,0.744,36.951,23.743,29.759,23.254,4.742,7.288,6.179
28692,0.741,37.048,23.746,29.759,23.251,4.742,7.288,6.139
28693,0.731,36.656,23.688,29.721,23.237,4.579,7.085,6.138
28694,0.734,36.805,23.707,29.739,23.254,4.659,7.245,6.219
28695,0.734,36.941,23.707,29.74,23.244,4.66,7.206,6.18
28696,0.751,37.009,23.68,29.74,23.251,4.619,7.125,6.098
28697,0.735,36.646,23.711,29.72,23.247,4.619,7.205,6.138
28698,0.738,36.805,23.758,29.749,23.258,4.781,7.328,6.219
28699,0.76,36.941,23.735,29.759,23.254,4.702,7.167,6.22
28700,0.757,36.99,23.711,29.73,23.251,4.66,7.246,6.22
28701,0.761,36.617,23.723,29.797,23.251,4.782,7.125,6.139
28702,0.764,36.766,23.695,29.75,23.251,4.742,7.124,6.179
28703,0.774,36.873,23.758,29.73,23.254,4.701,7.165,6.139
28704,0.767,36.913,23.707,29.759,23.244,4.579,7.002,5.976
28705,0.774,36.616,23.668,29.74,23.247,4.659,7.082,6.137
28706,0.761,36.786,23.722,29.74,23.244,4.66,7.042,6.138
28707,0.754,36.864,23.766,29.73,23.24,4.66,7.042,6.138
28708,0.748,36.894,23.719,29.739,23.247,4.7,7.082,6.138
28709,0.747,36.683,23.707,29.768,23.254,4.863,7.286,6.341
28710,0.76,36.844,23.711,29.759,23.258,4.702,7.085,6.14
28711,0.744,36.903,23.695,29.759,23.251,4.66,7.164,6.138
28712,0.744,37.076,23.715,29.759,23.254,4.7,7.206,6.138
28713,0.744,36.598,23.715,29.769,23.258,4.742,7.247,6.219
28714,0.734,36.728,23.703,29.74,23.254,4.701,7.206,6.139
28715,0.734,36.844,23.691,29.72,23.237,4.66,7.125,6.057
28716,0.741,36.548,23.66,29.739,23.251,4.66,7.246,6.137
28717,0.754,36.612,23.706,29.73,23.244,4.619,7.166,6.179
28718,0.757,36.757,23.723,29.73,23.247,4.659,7.165,6.098
28719,0.754,36.825,23.723,29.73,23.247,4.7,7.165,6.056
28720,0.761,36.586,23.711,29.749,23.254,4.742,7.287,6.259
28721,0.777,36.728,23.715,29.768,23.251,4.742,7.207,6.139
28722,0.777,36.816,23.695,29.749,23.251,4.701,7.247,6.219
28723,0.774,36.903,23.734,29.749,23.247,4.66,7.247,6.18
28724,0.764,36.53,23.692,29.759,23.258,4.741,7.166,6.179
28725,0.777,36.679,23.695,29.74,23.258,4.701,7.165,6.139
28726,0.764,36.786,23.683,29.72,23.241,4.579,7.084,6.016
28727,0.761,36.835,23.691,29.739,23.251,4.7,7.123,6.096
28728,0.761,36.519,23.66,29.74,23.244,4.701,7.124,6.056
28729,0.757,36.66,23.683,29.73,23.251,4.579,7.043,6.056
28730,0.738,36.767,23.679,29.73,23.24,4.659,7.082,6.056
28731,0.738,36.835,23.683,29.739,23.258,4.7,7.164,6.219
28732,0.754,36.558,23.691,29.768,23.265,4.782,7.165,6.18
28733,0.735,36.67,23.742,29.749,23.248,4.702,7.124,6.179
28734,0.738,36.767,23.715,29.759,23.251,4.742,7.124,6.179
28735,0.731,36.825,23.73,29.759,23.247,4.661,7.124,6.179
28736,0.744,36.558,23.731,29.749,23.251,4.66,7.124,6.179
28737,0.741,36.689,23.711,29.749,23.244,4.579,6.961,5.935
28738,0.731,36.758,23.695,29.73,23.254,4.659,7.041,6.096
28739,0.757,36.816,23.691,29.739,23.247,4.66,7.001,6.097
28740,0.761,36.385,23.672,29.73,23.247,4.66,7.041,6.056
28741,0.757,36.486,23.683,29.73,23.247,4.66,6.96,6.056
28742,0.764,36.621,23.687,29.739,23.247,4.741,7.082,6.137
28743,0.777,36.575,23.761,29.778,23.258,4.823,7.205,6.179
28744,0.771,36.574,23.704,29.75,23.254,4.743,7.043,6.057
28745,0.777,36.728,23.722,29.74,23.251,4.661,7.001,6.056
28746,0.767,36.816,23.738,29.749,23.247,4.7,7.082,6.137
28747,0.77,36.27,23.758,29.768,23.254,4.742,7.083,6.138
28748,0.757,36.36,23.664,29.721,23.244,4.62,6.92,6.016
28749,0.738,36.476,23.652,29.72,23.247,4.7,7.041,6.096
28750,0.744,36.583,23.71,29.739,23.247,4.62,6.96,6.097
28751,0.741,36.478,23.691,29.74,23.247,4.659,7.0,6.016
28752,0.738,36.592,23.695,29.72,23.24,4.66,6.96,6.015
28753,0.731,36.728,23.754,29.739,23.254,4.741,7.0,6.218
28754,0.747,36.835,23.719,29.807,23.265,4.823,7.082,6.18
28755,0.741,36.385,23.703,29.759,23.248,4.702,7.002,6.098
28756,0.741,36.505,23.722,29.759,23.247,4.742,6.96,6.138
28757,0.747,36.631,23.75,29.749,23.251,4.742,6.96,6.138
28758,0.744,36.709,23.742,29.74,23.254,4.783,7.041,6.179
28759,0.751,36.403,23.688,29.73,23.24,4.539,6.839,5.976
28760,0.748,36.525,23.726,29.739,23.247,4.699,6.918,6.096
28761,0.764,36.66,23.641,29.749,23.251,4.66,6.919,6.097
28762,0.761,36.7,23.687,29.74,23.24,4.7,6.796,6.097
28763,0.761,36.441,23.746,29.72,23.244,4.66,6.795,6.016
28764,0.774,36.563,23.68,29.749,23.244,4.741,6.877,6.218
28765,0.787,36.747,23.734,29.778,23.265,4.823,6.918,6.139
28766,0.761,36.749,23.692,29.759,23.258,4.783,6.878,6.138
28767,0.761,36.403,23.738,29.73,23.254,4.742,6.796,6.098
28768,0.761,36.525,23.707,29.749,23.254,4.823,6.836,6.178
28769,0.754,36.641,23.687,29.759,23.254,4.702,6.837,6.139
28770,0.751,36.575,23.695,29.721,23.247,4.579,6.674,6.016
28771,0.741,36.344,23.617,29.72,23.251,4.7,6.794,6.096
28772,0.747,36.495,23.679,29.73,23.254,4.742,6.755,6.097
28773,0.734,36.564,23.734,29.73,23.247,4.62,6.754,6.097
28774,0.731,36.363,23.629,29.759,23.244,4.619,6.714,6.056
28775,0.725,36.447,23.679,29.749,23.251,4.659,6.794,6.219
28776,0.744,36.602,23.703,29.778,23.268,4.863,6.836,6.139
28777,0.747,36.69,23.722,29.74,23.251,4.743,6.796,6.138
28778,0.757,36.345,23.715,29.749,23.254,4.742,6.755,6.179
28779,0.767,36.505,23.703,29.759,23.251,4.701,6.714,6.139
28780,0.761,36.621,23.722,29.759,23.254,4.742,6.835,6.179
28781,0.761,36.69,23.652,29.749,23.251,4.661,6.674,5.976
28782,0.754,36.269,23.683,29.73,23.247,4.7,6.753,6.137
28783,0.774,36.418,23.75,29.739,23.254,4.701,6.795,6.098
28784,0.764,36.553,23.668,29.72,23.247,4.62,6.673,6.097
28785,0.77,36.603,23.714,29.739,23.244,4.659,6.713,6.016
28786,0.757,36.316,23.707,29.72,23.254,4.7,6.794,6.218
28787,0.761,36.485,23.762,29.768,23.265,4.863,6.958,6.22
28788,0.764,36.593,23.711,29.74,23.254,4.702,6.878,6.18
28789,0.748,36.651,23.703,29.74,23.247,4.742,6.796,6.057
28790,0.751,36.211,23.695,29.72,23.254,4.783,6.877,6.178
28791,0.748,36.34,23.644,29.768,23.254,4.742,6.918,6.139
28792,0.747,36.486,23.679,29.73,23.254,4.661,6.837,6.057
28793,0.728,36.468,23.742,29.73,23.244,4.66,6.958,6.137
28794,0.741,36.343,23.672,29.739,23.244,4.7,7.0,6.057
28795,0.731,36.486,23.703,29.73,23.237,4.701,6.96,6.056
28796,0.741,36.593,23.683,29.72,23.244,4.579,6.919,6.015
28797,0.747,36.91,23.757,29.739,23.247,4.7,7.041,6.137
28798,0.764,36.338,23.743,29.797,23.261,4.823,7.204,6.219
28799,0.757,36.438,23.692,29.731,23.251,4.702,7.084,6.058
28800,0.767,36.535,23.695,29.759,23.251,4.701,7.083,6.097
28801,0.761,36.267,23.676,29.769,23.251,4.742,7.164,6.097
28802,0.767,36.283,23.71,29.769,23.258,4.742,7.206,6.138
28803,0.77,36.418,23.73,29.73,23.251,4.742,7.043,6.057
28804,0.761,36.477,23.68,29.711,23.24,4.579,7.123,6.056
28805,0.774,36.18,23.73,29.73,23.251,4.781,7.246,6.137
28806,0.761,36.273,23.688,29.73,23.254,4.702,7.125,6.016
28807,0.764,36.399,23.738,29.711,23.244,4.701,7.165,6.015
28808,0.741,36.467,23.692,29.72,23.244,4.701,7.206,6.137
28809,0.751,36.17,23.703,29.768,23.261,4.823,7.409,6.219
28810,0.757,36.292,23.726,29.74,23.251,4.661,7.208,6.098
28811,0.744,36.418,23.672,29.759,23.251,4.741,7.287,6.097
28812,0.747,36.506,23.691,29.74,23.247,4.742,7.288,6.138
28813,0.747,36.219,23.722,29.74,23.258,4.742,7.288,6.179
28814,0.744,36.379,23.645,29.759,23.247,4.742,7.207,6.017
28815,0.741,36.467,23.691,29.701,23.237,4.579,7.125,6.056
28816,0.747,36.525,23.703,29.749,23.251,4.74,7.205,6.015
28817,0.754,36.152,23.734,29.72,23.251,4.62,7.165,6.096
28818,0.748,36.282,23.684,29.739,23.244,4.659,7.124,6.056
28819,0.751,36.399,23.668,29.72,23.244,4.66,7.083,6.137
28820,0.761,36.457,23.703,29.768,23.254,4.863,7.327,6.219
28821,0.783,36.276,23.738,29.807,23.251,4.743,7.248,6.139
28822,0.777,36.379,23.703,29.74,23.247,4.742,7.288,6.138
28823,0.777,36.476,23.726,29.749,23.254,4.783,7.207,6.138
28824,0.777,36.525,23.738,29.788,23.247,4.742,7.206,6.138
28825,0.79,36.382,23.692,29.759,23.247,4.742,7.084,6.098
28826,0.764,36.505,23.715,29.721,23.237,4.661,7.002,6.016
28827,0.751,36.593,23.738,29.73,23.251,4.66,7.082,6.096
28828,0.761,36.325,23.692,29.749,23.244,4.66,7.083,6.138
28829,0.754,36.121,23.691,29.74,23.244,4.66,7.042,6.098
28830,0.751,36.253,23.668,29.74,23.24,4.619,7.042,6.138
28831,0.751,36.37,23.66,29.749,23.254,4.741,7.123,6.219
28832,0.77,36.141,23.714,29.768,23.261,4.823,7.165,6.139
28833,0.761,36.196,23.734,29.759,23.251,4.702,7.124,6.138
28834,0.78,36.331,23.676,29.749,23.254,4.66,7.083,6.138
28835,0.777,36.418,23.714,29.749,23.251,4.741,7.083,6.219
28836,0.793,36.026,23.711,29.74,23.258,4.742,7.083,6.261
28837,0.803,36.166,23.765,29.72,23.244,4.62,6.92,6.017
28838,0.787,36.263,23.708,29.72,23.244,4.659,6.959,6.178
28839,0.81,36.37,23.699,29.749,23.247,4.782,7.0,6.179
28840,0.826,36.093,23.683,29.72,23.247,4.661,7.001,6.098
28841,0.817,36.215,23.636,29.73,23.24,4.66,6.919,6.097
28842,0.833,36.331,23.687,29.739,23.244,4.66,7.0,6.3
28843,0.839,36.428,23.742,29.759,23.268,4.822,7.082,6.262
28844,0.852,36.036,23.676,29.73,23.248,4.702,7.002,6.18
28845,0.846,36.166,23.675,29.749,23.254,4.742,6.96,6.179
28846,0.849,36.292,23.683,29.749,23.254,4.701,7.0,6.301
28847,0.84,36.36,23.8,29.74,23.251,4.701,6.96,6.262
28848,0.836,36.054,23.681,29.749,23.251,4.742,6.919,6.099
28849,0.817,36.147,23.656,29.72,23.24,4.661,6.837,6.138
28850,0.816,36.301,23.699,29.749,23.254,4.741,6.958,6.138
28851,0.81,36.322,23.668,29.768,23.244,4.661,6.878,6.098
28852,0.803,36.14,23.671,29.74,23.244,4.741,6.796,6.056
28853,0.813,36.244,23.718,29.73,23.251,4.742,6.877,6.259
28854,0.816,36.389,23.606,29.797,23.265,4.905,7.081,6.302
28855,0.816,36.486,23.671,29.75,23.251,4.703,6.92,6.18
28856,0.829,36.046,23.718,29.73,23.251,4.782,6.919,6.179
28857,0.843,36.185,23.738,29.739,23.254,4.824,6.878,6.22
28858,0.859,36.283,23.715,29.749,23.251,4.783,7.0,6.261
28859,0.866,36.054,23.73,29.749,23.258,4.783,6.919,6.139
28860,0.859,36.118,23.699,29.72,23.241,4.702,6.919,6.219
28861,0.866,36.253,23.66,29.759,23.251,4.823,7.0,6.139
28862,0.872,36.341,23.683,29.759,23.247,4.702,6.96,6.179
28863,0.866,36.035,23.73,29.74,23.244,4.66,6.96,6.057
28864,0.859,36.166,23.664,29.73,23.24,4.741,6.96,6.178
28865,0.866,36.311,23.675,29.759,23.258,4.864,7.163,6.261
28866,0.856,36.418,23.707,29.769,23.251,4.784,7.124,6.139
28867,0.849,35.959,23.765,29.749,23.244,4.783,7.043,6.219
28868,0.849,36.098,23.653,29.768,23.258,4.824,7.123,6.22
28869,0.859,36.243,23.699,29.759,23.251,4.946,7.287,6.18
28870,0.859,36.312,23.703,29.74,23.254,4.866,7.288,6.057
28871,0.846,35.939,23.68,29.711,23.237,4.743,7.207,6.015
28872,0.849,36.069,23.683,29.73,23.247,4.823,7.369,6.056
28873,0.849,36.205,23.711,29.739,23.251,4.783,7.411,6.097
28874,0.84,36.264,23.703,29.74,23.251,4.783,7.452,6.097
28875,0.826,36.005,23.672,29.73,23.244,4.824,7.412,6.138
28876,0.852,36.156,23.695,29.759,23.254,4.946,7.615,6.26
28877,0.853,36.273,23.738,29.778,23.258,4.907,7.576,6.221
28878,0.843,36.322,23.692,29.74,23.251,4.906,7.575,6.139
28879,0.836,35.968,23.695,29.74,23.251,4.825,7.575,6.138
28880,0.839,36.098,23.707,29.749,23.251,4.865,7.575,6.219
28881,0.83,36.224,23.629,29.759,23.251,4.906,7.616,6.22
28882,0.83,36.235,23.671,29.73,23.24,4.662,7.454,6.017
28883,0.826,35.919,23.707,29.711,23.244,4.822,7.493,6.137
28884,0.826,36.079,23.633,29.73,23.251,4.865,7.494,6.098
28885,0.826,36.167,23.667,29.739,23.251,4.784,7.494,6.178
28886,0.817,36.014,23.667,29.72,23.244,4.864,7.534,6.057
28887,0.794,36.012,23.738,29.72,23.251,4.865,7.575,6.178
28888,0.797,36.166,23.664,29.797,23.261,4.987,7.657,6.22
28889,0.79,36.273,23.679,29.75,23.251,4.866,7.536,6.18
28890,0.774,35.852,23.675,29.749,23.254,4.865,7.575,6.22
28891,0.767,35.972,23.691,29.797,23.254,4.865,7.535,6.261
28892,0.777,36.118,23.703,29.759,23.251,4.906,7.616,6.221
28893,0.758,36.215,23.73,29.759,23.244,4.865,7.454,6.139
28894,0.741,35.89,23.703,29.73,23.244,4.784,7.493,6.138
28895,0.731,36.05,23.668,29.739,23.244,4.824,7.453,6.098
28896,0.741,36.176,23.714,29.73,23.244,4.783,7.452,6.138
28897,0.744,36.244,23.719,29.72,23.247,4.783,7.371,6.138
28898,0.741,35.919,23.668,29.739,23.244,4.824,7.452,6.179
28899,0.764,36.079,23.695,29.778,23.258,4.987,7.534,6.342
28900,0.761,36.224,23.687,29.75,23.251,4.866,7.412,6.14
28901,0.751,36.283,23.668,29.768,23.258,4.865,7.33,6.219
28902,0.748,35.9,23.687,29.74,23.251,4.824,7.37,6.18
28903,0.751,36.04,23.746,29.749,23.251,4.905,7.37,6.22
28904,0.757,36.128,23.602,29.797,23.251,4.825,7.248,6.139
28905,0.741,36.167,23.675,29.702,23.24,4.743,7.247,6.057
28906,0.741,35.957,23.71,29.73,23.247,4.823,7.288,6.137
28907,0.725,36.098,23.726,29.749,23.251,4.824,7.247,6.138
28908,0.711,36.215,23.637,29.73,23.244,4.702,7.166,6.138
28909,0.715,36.206,23.714,29.72,23.24,4.823,7.165,6.138
28910,0.715,35.938,23.676,29.768,23.258,4.905,7.328,6.26
28911,0.721,36.079,23.707,29.778,23.254,4.784,7.207,6.18
28912,0.711,36.167,23.699,29.75,23.251,4.824,7.206,6.139
28913,0.702,36.014,23.746,29.749,23.251,4.824,7.165,6.179
28914,0.711,35.84,23.727,29.807,23.251,4.865,7.206,6.22
28915,0.702,35.963,23.68,29.759,23.258,4.824,7.084,6.261
28916,0.708,36.041,23.718,29.721,23.237,4.702,7.002,6.099
28917,0.695,35.802,23.734,29.739,23.247,4.823,7.082,6.097
28918,0.701,35.914,23.711,29.749,23.247,4.824,7.042,6.056
28919,0.708,36.04,23.672,29.74,23.251,4.783,7.001,6.056
28920,0.705,36.128,23.675,29.73,23.24,4.824,7.001,6.056
28921,0.711,35.755,23.695,29.797,23.251,4.905,7.163,6.3
28922,0.741,35.933,23.676,29.778,23.254,4.865,7.043,6.18
28923,0.734,36.021,23.734,29.721,23.251,4.824,7.042,6.179
28924,0.731,36.099,23.707,29.797,23.244,4.824,7.042,6.179
28925,0.721,35.745,23.683,29.759,23.254,4.946,7.042,6.22
28926,0.728,35.875,23.75,29.769,23.251,4.907,7.082,6.22
28927,0.721,36.002,23.739,29.73,23.244,4.662,6.839,6.098
28928,0.705,36.07,23.696,29.73,23.244,4.863,6.958,6.178
28929,0.698,35.792,23.629,29.73,23.254,4.784,6.919,6.098
28930,0.698,35.934,23.671,29.72,23.247,4.824,6.919,6.138
28931,0.695,36.04,23.679,29.787,23.244,4.743,6.919,6.138
28932,0.698,36.118,23.648,29.74,23.24,4.783,7.0,6.179
28933,0.692,35.803,23.73,29.778,23.261,4.946,7.123,6.383
28934,0.698,35.972,23.672,29.778,23.251,4.866,7.002,6.222
28935,0.692,36.06,23.66,29.769,23.254,4.865,7.001,6.22
28936,0.698,36.09,23.706,29.74,23.258,4.906,6.96,6.261
28937,0.711,35.773,23.734,29.759,23.251,4.825,7.0,6.221
28938,0.715,35.914,23.742,29.74,23.251,4.824,6.919,6.139
28939,0.702,35.973,23.699,29.72,23.24,4.743,6.878,6.138
28940,0.718,36.348,23.703,29.749,23.251,4.864,6.959,6.179
28941,0.705,35.882,23.641,29.749,23.251,4.784,6.919,6.139
28942,0.718,36.021,23.679,29.73,23.244,4.783,6.837,6.179
28943,0.721,36.108,23.699,29.73,23.24,4.783,6.958,6.139
28944,0.708,35.735,23.719,29.759,23.258,4.905,7.122,6.26
28945,0.747,35.77,23.684,29.769,23.251,4.825,7.002,6.139
28946,0.728,35.866,23.691,29.74,23.254,4.783,6.96,6.179
28947,0.718,35.963,23.746,29.749,23.251,4.824,6.96,6.179
28948,0.711,35.743,23.637,29.749,23.247,4.824,6.96,6.139
28949,0.711,35.885,23.675,29.749,23.251,4.865,6.96,6.219
28950,0.705,35.973,23.722,29.72,23.244,4.702,6.797,6.017
28951,0.702,36.079,23.695,29.768,23.251,4.823,6.877,6.096
28952,0.708,35.716,23.676,29.74,23.254,4.783,6.959,6.26
28953,0.705,35.837,23.691,29.72,23.254,4.702,6.878,6.139
28954,0.698,35.953,23.551,29.749,23.244,4.701,6.959,6.179
28955,0.698,36.05,23.678,29.749,23.254,4.823,7.122,6.342
28956,0.718,35.831,23.711,29.759,23.254,4.783,7.002,6.181
28957,0.711,35.943,23.719,29.74,23.254,4.824,7.123,6.22
28958,0.721,36.06,23.695,29.74,23.258,4.824,7.124,6.22
28959,0.731,36.118,23.676,29.768,23.254,4.865,7.165,6.261
28960,0.741,35.707,23.699,29.759,23.254,4.824,7.124,6.099
28961,0.728,35.827,23.703,29.721,23.24,4.661,7.043,6.056
28962,0.728,35.953,23.668,29.739,23.244,4.741,7.123,6.219
28963,0.741,36.002,23.71,29.73,23.247,4.783,7.124,6.058
28964,0.744,35.734,23.703,29.72,23.247,4.742,7.205,6.137
28965,0.741,35.885,23.668,29.73,23.247,4.742,7.165,6.138
28966,0.741,36.04,23.726,29.768,23.261,4.905,7.328,6.26
28967,0.741,36.07,23.699,29.778,23.258,4.825,7.167,6.221
28968,0.728,35.649,23.672,29.74,23.251,4.824,7.206,6.18
28969,0.721,35.807,23.656,29.749,23.258,4.824,7.247,6.22
28970,0.715,35.905,23.675,29.749,23.254,4.905,7.288,6.261
28971,0.702,35.81,23.714,29.749,23.258,4.784,7.247,6.18
28972,0.701,35.771,23.645,29.72,23.241,4.742,7.044,6.098
28973,0.701,35.914,23.706,29.739,23.251,4.823,7.164,6.178
28974,0.698,36.011,23.652,29.759,23.254,4.783,7.206,6.261
28975,0.701,35.6,23.683,29.73,23.244,4.783,7.084,6.139
28976,0.724,35.701,23.691,29.72,23.24,4.742,7.083,6.138
28977,0.757,35.837,23.718,29.749,23.265,4.864,7.286,6.341
28978,0.79,35.953,23.664,29.768,23.258,4.824,7.166,6.262
28979,0.813,35.657,23.699,29.74,23.251,4.824,7.165,6.262
28980,0.842,35.798,23.672,29.74,23.247,4.824,7.124,6.262
28981,0.869,35.934,23.652,29.768,23.258,4.824,7.165,6.302
28982,0.902,36.012,23.66,29.759,23.258,4.905,7.124,6.262
28983,0.931,35.619,23.722,29.73,23.244,4.662,6.921,6.18
28984,0.948,35.74,23.66,29.73,23.251,4.822,7.041,6.179
28985,0.951,35.885,23.679,29.72,23.251,4.783,7.042,6.261
28986,0.961,35.954,23.695,29.739,23.251,4.742,7.001,6.18
28987,0.971,35.59,23.683,29.73,23.247,4.742,6.96,6.22
28988,0.987,35.74,23.648,29.73,23.251,4.823,7.163,6.302
28989,1.02,35.885,23.675,29.778,23.265,5.027,7.124,6.343
28990,1.04,35.934,23.652,29.74,23.251,4.785,7.083,6.221
28991,1.082,35.676,23.648,29.749,23.254,4.824,7.164,6.22
28992,1.135,35.836,23.667,29.749,23.251,4.824,7.165,6.261
28993,1.19,35.944,23.722,29.759,23.254,4.865,7.124,6.384
28994,1.233,35.954,23.668,29.759,23.251,4.784,7.043,6.222
28995,1.26,35.657,23.683,29.711,23.244,4.824,7.042,6.261
28996,1.306,35.798,23.703,29.739,23.251,4.824,7.164,6.262
28997,1.306,35.905,23.726,29.73,23.251,4.824,7.084,6.221
28998,1.3,35.925,23.688,29.739,23.244,4.743,6.961,6.261
28999,1.303,35.657,23.683,29.74,23.251,4.783,7.122,6.384
29000,1.342,35.827,23.722,29.787,23.258,4.946,7.205,6.466
29001,1.362,35.924,23.688,29.817,23.251,4.785,7.084,6.345
29002,1.365,35.638,23.664,29.76,23.254,4.824,7.042,6.384
29003,1.346,35.702,23.734,29.74,23.251,4.905,7.123,6.425
29004,1.326,35.856,23.699,29.787,23.254,4.825,7.002,6.426
29005,1.316,35.944,23.699,29.74,23.247,4.783,6.96,6.263
29006,1.29,35.542,23.683,29.72,23.237,4.742,6.96,6.343
29007,1.264,35.701,23.742,29.749,23.251,4.783,7.041,6.425
29008,1.202,35.808,23.653,29.74,23.244,4.783,6.96,6.385
29009,1.146,35.895,23.691,29.73,23.247,4.742,6.96,6.507
29010,1.083,35.522,23.711,29.739,23.247,4.823,6.878,6.67
29011,1.031,35.691,23.609,29.768,23.261,4.946,7.121,6.997
29012,0.994,35.837,23.682,29.759,23.251,4.825,6.961,6.96
29013,0.929,35.857,23.73,29.74,23.244,4.783,6.96,7.326
29014,0.873,35.608,23.567,29.768,23.258,4.783,7.0,7.532
29015,0.814,35.73,23.663,29.759,23.254,4.905,7.001,7.86
29016,0.761,35.866,23.695,29.759,23.251,4.825,6.919,7.985
29017,0.722,35.896,23.73,29.701,23.24,4.661,6.796,8.23
29018,0.685,35.503,23.617,29.739,23.251,4.782,6.877,8.599
29019,0.675,35.691,23.69,29.74,23.244,4.742,6.837,8.806
29020,0.636,35.798,23.703,29.749,23.244,4.742,6.837,8.93
29021,0.61,35.828,23.687,29.74,23.244,4.701,6.877,9.175
29022,0.593,37.027,23.675,29.749,23.258,4.823,7.04,9.584
29023,0.603,37.183,23.718,29.759,23.251,4.824,6.96,9.507
29024,0.593,37.252,23.719,29.74,23.244,4.783,6.96,9.628
29025,0.606,37.281,23.664,29.74,23.254,4.824,6.919,9.71
29026,0.635,34.865,23.722,29.749,23.251,4.783,6.919,9.914
29027,0.672,35.013,23.738,29.74,23.247,4.824,6.878,9.876
29028,0.701,35.13,23.692,29.72,23.24,4.621,6.715,9.835
29029,0.718,35.543,23.668,29.749,23.251,4.741,6.835,10.078
29030,0.747,35.758,23.695,29.74,23.247,4.742,6.796,10.203
29031,0.757,35.895,23.652,29.74,23.251,4.783,6.795,10.407
29032,0.774,35.973,23.656,29.72,23.247,4.661,6.755,10.613
29033,0.784,35.341,23.695,29.749,23.251,4.822,6.795,10.94
29034,0.793,35.497,23.617,29.797,23.261,4.905,6.917,11.146
29035,0.8,35.595,23.655,29.74,23.247,4.825,6.837,11.393
29036,0.79,35.701,23.667,29.74,23.247,4.783,6.877,11.639
29037,0.8,36.124,23.734,29.768,23.247,4.824,6.918,11.804
29038,0.813,36.282,23.645,29.759,23.258,4.783,6.878,12.009
29039,0.813,36.408,23.695,29.749,23.247,4.742,6.755,11.93
29040,0.803,36.438,23.676,29.74,23.244,4.701,6.836,12.254
29041,0.807,35.039,23.687,29.74,23.251,4.823,6.796,12.257
29042,0.816,35.178,23.668,29.74,23.247,4.783,6.836,12.339
29043,0.816,35.275,23.707,29.72,23.244,4.702,6.714,12.258
29044,0.81,35.363,23.691,29.768,23.247,4.742,6.794,12.257
29045,0.81,35.584,23.664,29.769,23.258,4.905,6.958,12.339
29046,0.823,35.749,23.703,29.759,23.254,4.784,6.878,12.217
29047,0.8,35.837,23.73,29.749,23.251,4.742,6.837,12.135
29048,0.79,35.896,23.621,29.759,23.247,4.864,6.837,12.053
29049,0.8,35.378,23.667,29.749,23.258,4.824,6.877,11.971
29050,0.794,35.527,23.675,29.749,23.251,4.824,6.837,11.767
29051,0.784,35.624,23.679,29.759,23.24,4.661,6.796,11.602
29052,0.79,35.673,23.687,29.759,23.251,4.741,6.795,11.6
29053,0.78,35.491,23.734,29.73,23.244,4.701,6.714,11.56
29054,0.777,35.633,23.598,29.739,23.244,4.66,6.713,11.397
29055,0.774,35.75,23.659,29.749,23.244,4.782,6.794,11.314
29056,0.78,35.626,23.714,29.768,23.265,4.905,6.917,11.353
29057,0.81,35.433,23.726,29.749,23.248,4.784,6.715,11.151
29058,0.8,35.546,23.586,29.759,23.251,4.742,6.794,11.026
29059,0.807,35.634,23.678,29.759,23.247,4.864,6.795,10.903
29060,0.816,35.385,23.671,29.749,23.258,4.824,6.836,10.902
29061,0.82,35.498,23.695,29.749,23.251,4.743,6.755,10.618
29062,0.8,35.614,23.656,29.72,23.237,4.701,6.714,10.574
29063,0.816,35.721,23.699,29.739,23.254,4.742,6.672,10.411
29064,0.816,35.453,23.722,29.74,23.251,4.742,6.753,10.287
29065,0.813,35.594,23.684,29.74,23.247,4.661,6.754,10.205
29066,0.803,35.711,23.714,29.749,23.247,4.7,6.714,10.082
29067,0.807,35.818,23.699,29.759,23.254,4.863,6.835,10.162
29068,0.82,35.32,23.726,29.816,23.251,4.784,6.755,10.041
29069,0.794,35.43,23.676,29.74,23.251,4.824,6.795,9.796
29070,0.793,35.556,23.668,29.749,23.251,4.783,6.755,9.712
29071,0.793,35.634,23.679,29.749,23.254,4.742,6.795,9.67
29072,0.803,35.491,23.671,29.759,23.254,4.823,6.795,9.507
29073,0.794,35.585,23.722,29.721,23.24,4.621,6.673,9.384
29074,0.787,35.73,23.711,29.73,23.247,4.781,6.753,9.423
29075,0.787,35.78,23.66,29.739,23.244,4.702,6.754,9.261
29076,0.797,35.348,23.726,29.73,23.247,4.66,6.714,9.137
29077,0.797,35.498,23.695,29.73,23.244,4.619,6.672,9.095
29078,0.803,35.605,23.679,29.749,23.247,4.781,6.794,9.176
29079,0.826,35.692,23.656,29.788,23.258,4.824,6.755,8.933
29080,0.813,35.415,23.628,29.74,23.247,4.743,6.795,8.89
29081,0.813,35.556,23.663,29.74,23.254,4.783,6.755,8.89
29082,0.829,35.663,23.66,29.74,23.247,4.742,6.754,8.809
29083,0.833,35.98,23.687,29.74,23.254,4.783,6.795,8.686
29084,0.833,35.437,23.683,29.74,23.244,4.661,6.633,8.481
29085,0.82,35.537,23.664,29.711,23.247,4.741,6.672,8.479
29086,0.82,35.672,23.742,29.72,23.251,4.823,6.631,8.52
29087,0.817,35.347,23.645,29.749,23.244,4.743,6.631,8.439
29088,0.81,35.373,23.675,29.72,23.244,4.701,6.672,8.275
29089,0.81,35.507,23.699,29.749,23.251,4.782,6.672,8.355
29090,0.807,35.643,23.695,29.759,23.261,4.905,6.794,8.397
29091,0.81,35.318,23.605,29.74,23.247,4.744,6.714,8.194
29092,0.807,35.421,23.651,29.74,23.247,4.742,6.713,8.151
29093,0.807,35.546,23.714,29.74,23.251,4.783,6.713,8.15
29094,0.8,35.634,23.707,29.778,23.254,4.742,6.754,8.11
29095,0.8,35.337,23.633,29.759,23.251,4.742,6.714,8.028
29096,0.807,35.43,23.694,29.721,23.24,4.661,6.672,7.987
29097,0.813,35.575,23.715,29.739,23.247,4.741,6.794,7.905
29098,0.803,35.663,23.676,29.759,23.244,4.742,6.795,7.904
29099,0.813,35.251,23.683,29.721,23.24,4.661,6.755,7.782
29100,0.826,35.381,23.687,29.72,23.24,4.66,6.754,7.781
29101,0.826,35.536,23.718,29.749,23.265,4.904,6.917,7.944
29102,0.839,35.624,23.672,29.768,23.251,4.784,6.959,7.742
29103,0.83,35.318,23.707,29.73,23.244,4.742,6.96,7.74
29104,0.839,35.478,23.683,29.759,23.251,4.783,6.96,7.618
29105,0.856,35.585,23.664,29.759,23.254,4.783,7.082,7.698
29106,0.843,35.653,23.742,29.759,23.258,4.824,7.002,7.618
29107,0.839,35.213,23.692,29.721,23.237,4.621,6.838,7.576
29108,0.83,35.333,23.695,29.749,23.247,4.7,6.877,7.535
29109,0.813,35.478,23.64,29.74,23.247,4.701,6.959,7.494
29110,0.81,35.499,23.683,29.74,23.247,4.742,6.919,7.371
29111,0.823,35.327,23.664,29.72,23.251,4.661,7.041,7.33
29112,0.817,35.469,23.667,29.749,23.251,4.782,7.042,7.492
29113,0.826,35.604,23.726,29.778,23.261,4.824,7.042,7.453
29114,0.823,35.452,23.68,29.769,23.251,4.702,7.001,7.412
29115,0.82,35.374,23.644,29.74,23.251,4.742,7.082,7.371
29116,0.826,35.517,23.683,29.74,23.247,4.823,7.042,7.37
29117,0.833,35.624,23.707,29.749,23.261,4.783,7.082,7.289
29118,0.843,35.222,23.695,29.73,23.241,4.702,6.92,7.085
29119,0.826,35.266,23.676,29.72,23.251,4.66,7.041,7.205
29120,0.843,35.439,23.699,29.739,23.247,4.741,7.001,7.206
29121,0.833,35.537,23.68,29.74,23.247,4.742,6.96,7.125
29122,0.839,35.26,23.644,29.73,23.244,4.661,6.96,7.083
29123,0.849,35.382,23.691,29.739,23.247,4.741,7.041,7.164
29124,0.866,35.536,23.683,29.759,23.265,4.905,7.123,7.206
29125,0.866,35.634,23.668,29.74,23.248,4.744,7.002,7.003
29126,0.846,35.51,23.722,29.74,23.258,4.783,7.082,7.123
29127,0.846,35.662,23.691,29.74,23.258,4.783,7.042,7.165
29128,0.843,35.788,23.707,29.749,23.258,4.783,7.042,7.124
29129,0.843,35.838,23.656,29.749,23.254,4.742,6.92,6.961
29130,0.826,35.129,23.652,29.72,23.247,4.661,6.919,6.96
29131,0.833,35.313,23.679,29.73,23.247,4.782,6.959,6.878
29132,0.836,35.43,23.652,29.739,23.244,4.661,6.96,6.837
29133,0.836,35.45,23.679,29.73,23.24,4.7,6.96,6.918
29134,0.826,35.278,23.664,29.72,23.247,4.701,7.0,6.919
29135,0.833,35.43,23.66,29.778,23.258,4.863,7.163,7.041
29136,0.839,35.546,23.679,29.75,23.251,4.743,7.043,6.879
29137,0.839,35.567,23.679,29.74,23.251,4.783,7.042,6.877
29138,0.846,35.222,23.691,29.749,23.254,4.783,7.082,6.877
29139,0.859,35.352,23.672,29.749,23.254,4.824,7.083,6.877
29140,0.866,35.478,23.683,29.749,23.251,4.743,7.002,6.796
29141,0.849,35.461,23.66,29.701,23.24,4.62,7.001,6.795
29142,0.859,35.173,23.683,29.739,23.254,4.741,7.082,6.795
29143,0.862,35.294,23.722,29.72,23.244,4.742,7.002,6.714
29144,0.862,35.392,23.695,29.711,23.24,4.701,7.082,6.713
29145,0.866,35.172,23.668,29.73,23.244,4.742,7.042,6.835
29146,0.869,35.247,23.699,29.778,23.254,4.905,7.204,6.877
29147,0.866,35.372,23.722,29.74,23.251,4.744,7.043,6.796
29148,0.856,35.507,23.629,29.759,23.251,4.742,7.082,6.795
29149,0.853,35.221,23.62,29.74,23.251,4.823,7.123,6.795
29150,0.849,35.372,23.675,29.749,23.254,4.702,7.165,6.755
29151,0.846,35.498,23.66,29.749,23.254,4.701,7.002,6.632
29152,0.843,35.547,23.66,29.72,23.251,4.701,7.123,6.794
29153,0.846,35.097,23.687,29.739,23.244,4.742,7.124,6.795
29154,0.846,35.227,23.675,29.74,23.251,4.701,7.165,6.755
29155,0.843,35.353,23.683,29.72,23.244,4.66,7.124,6.673
29156,0.846,35.411,23.703,29.73,23.254,4.822,7.246,6.794
29157,0.879,35.239,23.695,29.768,23.265,4.824,7.288,6.755
29158,0.866,35.362,23.691,29.74,23.251,4.702,7.288,6.714
29159,0.869,35.479,23.664,29.749,23.254,4.701,7.288,6.754
29160,0.879,35.547,23.671,29.768,23.254,4.782,7.329,6.714
29161,0.879,35.231,23.652,29.759,23.254,4.742,7.289,6.754
29162,0.872,35.353,23.652,29.711,23.24,4.661,7.166,6.592
29163,0.876,35.44,23.687,29.73,23.247,4.741,7.287,6.631
29164,0.882,35.518,23.687,29.73,23.244,4.701,7.247,6.55
29165,0.889,35.883,23.656,29.72,23.247,4.66,7.247,6.549
29166,0.872,36.002,23.722,29.72,23.251,4.741,7.288,6.63
29167,0.872,36.118,23.75,29.739,23.254,4.823,7.532,6.794
29168,0.892,36.234,23.715,29.759,23.254,4.783,7.412,6.673
29169,0.876,34.864,23.66,29.74,23.247,4.783,7.371,6.631
29170,0.866,35.004,23.683,29.749,23.251,4.742,7.411,6.55
29171,0.869,35.13,23.668,29.749,23.254,4.783,7.411,6.671
29172,0.876,35.217,23.699,29.74,23.251,4.783,7.371,6.55
29173,0.866,35.295,23.656,29.711,23.237,4.58,7.289,6.549
29174,0.866,35.44,23.679,29.739,23.247,4.74,7.369,6.59
29175,0.866,35.527,23.687,29.74,23.247,4.701,7.289,6.509
29176,0.866,35.097,23.715,29.711,23.244,4.742,7.329,6.467
29177,0.879,35.207,23.695,29.72,23.247,4.661,7.329,6.548
29178,0.876,35.381,23.683,29.749,23.265,4.822,7.492,6.671
29179,0.898,35.479,23.707,29.768,23.258,4.743,7.371,6.631
29180,0.889,35.019,23.699,29.749,23.251,4.823,7.37,6.59
29181,0.905,35.159,23.672,29.74,23.251,4.783,7.37,6.549
29182,0.912,35.285,23.648,29.749,23.251,4.824,7.411,6.63
29183,0.915,35.372,23.695,29.73,23.251,4.783,7.371,6.468
29184,0.909,35.124,23.668,29.711,23.24,4.62,7.208,6.386
29185,0.905,35.256,23.632,29.73,23.247,4.741,7.287,6.466
29186,0.905,35.401,23.687,29.73,23.244,4.701,7.288,6.386
29187,0.905,35.46,23.687,29.73,23.251,4.742,7.247,6.425
29188,0.892,35.01,23.675,29.73,23.247,4.742,7.206,6.426
29189,0.902,35.159,23.668,29.72,23.254,4.783,7.328,6.548
29190,0.908,35.313,23.671,29.787,23.258,4.824,7.207,6.386
29191,0.889,35.334,23.687,29.731,23.251,4.824,7.287,6.466
29192,0.895,35.162,23.648,29.72,23.251,4.743,7.247,6.467
29193,0.902,35.294,23.671,29.73,23.251,4.742,7.206,6.507
29194,0.899,35.42,23.675,29.749,23.254,4.823,7.165,6.427
29195,0.882,35.431,23.644,29.73,23.24,4.58,7.043,6.304
29196,0.892,35.077,23.706,29.73,23.254,4.7,7.164,6.384
29197,0.908,35.226,23.656,29.739,23.251,4.742,7.165,6.344
29198,0.908,35.343,23.663,29.72,23.244,4.701,7.124,6.303
29199,0.912,35.315,23.691,29.72,23.244,4.62,7.083,6.343
29200,0.922,35.286,23.672,29.749,23.251,4.863,7.286,6.506
29201,0.935,35.449,23.699,29.768,23.261,4.784,7.288,6.427
29202,0.931,35.518,23.66,29.74,23.251,4.742,7.247,6.426
29203,0.941,35.116,23.66,29.73,23.251,4.823,7.288,6.385
29204,0.948,35.217,23.683,29.739,23.247,4.743,7.288,6.385
29205,0.945,35.362,23.66,29.749,23.251,4.701,7.288,6.344
29206,0.935,35.431,23.714,29.72,23.24,4.62,7.166,6.181
29207,0.931,35.009,23.641,29.73,23.247,4.659,7.246,6.301
29208,0.938,35.168,23.663,29.739,23.244,4.66,7.206,6.262
29209,0.932,35.294,23.695,29.72,23.247,4.66,7.206,6.302
29210,0.931,35.363,23.656,29.72,23.24,4.66,7.206,6.302
29211,0.922,35.133,23.679,29.73,23.251,4.782,7.287,6.465
29212,0.948,35.313,23.707,29.778,23.261,4.824,7.329,6.345
29213,0.932,35.392,23.633,29.73,23.251,4.702,7.248,6.384
29214,0.935,35.479,23.667,29.739,23.251,4.701,7.247,6.344
29215,0.931,35.182,23.675,29.74,23.251,4.742,7.288,6.425
29216,0.925,35.314,23.742,29.759,23.258,4.742,7.247,6.385
29217,0.944,35.43,23.614,29.73,23.244,4.62,7.206,6.222
29218,0.945,35.45,23.636,29.73,23.244,4.741,7.247,6.383
29219,0.964,35.23,23.667,29.739,23.251,4.701,7.288,6.344
29220,0.958,35.372,23.695,29.72,23.247,4.66,7.247,6.303
29221,0.968,35.488,23.695,29.73,23.24,4.66,7.288,6.262
29222,0.968,35.499,23.668,29.73,23.244,4.7,7.329,6.384
29223,0.984,35.365,23.679,29.749,23.265,4.904,7.41,6.385
29224,0.987,35.507,23.671,29.749,23.248,4.784,7.33,6.344
29225,0.991,35.595,23.671,29.749,23.247,4.742,7.329,6.303
29226,0.987,35.855,23.707,29.74,23.254,4.742,7.37,6.384
29227,0.981,35.34,23.664,29.74,23.251,4.783,7.37,6.344
29228,0.987,35.469,23.667,29.73,23.244,4.702,7.208,6.14
29229,0.971,35.537,23.66,29.72,23.247,4.742,7.287,6.341
29230,0.981,35.442,23.66,29.739,23.251,4.742,7.288,6.262
29231,0.984,35.518,23.687,29.73,23.244,4.701,7.288,6.302
29232,0.984,35.643,23.672,29.711,23.24,4.66,7.207,6.221
29233,0.968,35.74,23.671,29.739,23.251,4.7,7.328,6.342
29234,0.984,35.482,23.679,29.787,23.265,4.904,7.492,6.425
29235,0.991,35.604,23.699,29.759,23.248,4.703,7.412,6.304
29236,0.987,35.711,23.687,29.749,23.244,4.742,7.411,6.221
29237,1.0,35.818,23.625,29.749,23.265,4.742,7.371,6.342
29238,1.01,35.598,23.655,29.749,23.258,4.742,7.492,6.221
29239,1.017,35.73,23.636,29.74,23.247,4.701,7.371,6.22
29240,1.023,35.818,23.663,29.711,23.244,4.742,7.37,6.22
29241,1.03,35.934,23.66,29.72,23.251,4.742,7.533,6.261
29242,1.03,35.628,23.667,29.739,23.247,4.742,7.453,6.221
29243,1.04,35.75,23.679,29.711,23.24,4.661,7.534,6.18
29244,1.046,35.895,23.632,29.72,23.251,4.741,7.534,6.22
29245,1.056,35.973,23.679,29.749,23.258,4.823,7.697,6.383
29246,1.05,35.792,23.73,29.73,23.244,4.743,7.618,6.222
29247,1.046,35.924,23.66,29.739,23.251,4.823,7.617,6.302
29248,1.056,36.04,23.687,29.749,23.247,4.824,7.657,6.302
29249,1.056,36.08,23.675,29.74,23.254,4.824,7.617,6.302
29250,1.053,35.908,23.675,29.74,23.244,4.743,7.495,6.14
29251,1.04,36.021,23.648,29.701,23.247,4.701,7.616,6.219
29252,1.056,36.147,23.667,29.739,23.254,4.782,7.576,6.261
29253,1.053,36.167,23.66,29.73,23.251,4.783,7.535,6.18
29254,1.043,36.091,23.656,29.73,23.24,4.661,7.575,6.22
29255,1.05,36.224,23.683,29.749,23.251,4.7,7.575,6.302
29256,1.066,36.36,23.738,29.778,23.258,4.782,7.738,6.302
29257,1.066,40.782,23.66,29.75,23.247,4.783,7.537,6.262
29258,1.076,42.495,23.695,29.759,23.251,4.783,7.575,6.221
29259,1.083,42.56,23.683,29.759,23.258,4.783,7.657,6.302
29260,1.086,42.608,23.691,29.74,23.251,4.783,7.536,6.302
29261,1.096,34.17,23.672,29.701,23.244,4.58,7.331,6.18
29262,1.092,33.586,23.664,29.72,23.254,4.74,7.451,6.179
29263,1.109,33.773,23.667,29.73,23.244,4.742,7.452,6.22
29264,1.106,33.909,23.644,29.72,23.244,4.661,7.371,6.18
29265,1.115,37.334,23.636,29.711,23.251,4.66,7.452,6.22
29266,1.109,37.57,23.667,29.739,23.258,4.863,7.493,6.342
29267,1.115,37.725,23.699,29.759,23.258,4.824,7.453,6.181
29268,1.112,37.765,23.719,29.74,23.247,4.743,7.371,6.22
29269,1.109,36.107,23.68,29.749,23.251,4.783,7.411,6.22
29270,1.109,36.234,23.703,29.74,23.251,4.742,7.493,6.261
29271,1.109,36.398,23.683,29.74,23.251,4.783,7.453,6.262
29272,1.102,36.438,23.683,29.73,23.24,4.661,7.29,6.139
29273,1.096,36.851,23.617,29.73,23.251,4.7,7.451,6.26
29274,1.106,37.028,23.647,29.73,23.244,4.782,7.371,6.262
29275,1.099,37.116,23.663,29.73,23.244,4.783,7.289,6.262
29276,1.102,37.165,23.664,29.73,23.244,4.742,7.369,6.221
29277,1.112,36.772,23.617,29.739,23.254,4.823,7.452,6.302
29278,1.132,36.95,23.706,29.759,23.261,4.743,7.412,6.18
29279,1.135,37.019,23.668,29.74,23.251,4.783,7.33,6.22
29280,1.138,37.068,23.675,29.74,23.251,4.783,7.41,6.302
29281,1.148,37.097,23.668,29.74,23.258,4.742,7.371,6.262
29282,1.155,37.232,23.675,29.768,23.251,4.783,7.37,6.18
29283,1.155,37.3,23.679,29.721,23.244,4.661,7.167,6.139
29284,1.148,37.32,23.664,29.72,23.254,4.741,7.287,6.138
29285,1.155,37.071,23.652,29.73,23.251,4.783,7.288,6.098
29286,1.155,37.193,23.683,29.73,23.247,4.702,7.207,6.178
29287,1.142,37.28,23.668,29.711,23.247,4.742,7.247,6.139
29288,1.145,37.224,23.675,29.739,23.254,4.783,7.328,6.382
29289,1.155,37.357,23.668,29.768,23.261,4.824,7.329,6.181
29290,1.135,37.445,23.664,29.73,23.251,4.743,7.207,6.22
29291,1.142,37.551,23.675,29.749,23.251,4.742,7.287,6.18
29292,1.142,37.255,23.691,29.73,23.251,4.701,7.288,6.301
29293,1.142,37.396,23.609,29.768,23.258,4.823,7.247,6.262
29294,1.132,37.474,23.651,29.721,23.247,4.661,7.084,6.058
29295,1.129,37.542,23.695,29.73,23.247,4.741,7.164,6.259
29296,1.129,37.418,23.691,29.749,23.247,4.701,7.165,6.18
29297,1.135,37.561,23.648,29.73,23.247,4.701,7.124,6.22
29298,1.138,37.648,23.632,29.72,23.247,4.742,7.124,6.22
29299,1.142,37.745,23.667,29.739,23.258,4.823,7.287,6.342
29300,1.155,37.468,23.664,29.768,23.258,4.824,7.166,6.303
29301,1.148,37.58,23.679,29.721,23.247,4.743,7.084,6.302
29302,1.142,37.668,23.679,29.749,23.251,4.701,7.205,6.302
29303,1.145,37.717,23.656,29.74,23.254,4.823,7.165,6.302
29304,1.142,37.573,23.691,29.749,23.254,4.824,7.165,6.221
29305,1.135,37.649,23.676,29.692,23.237,4.58,7.002,6.139
29306,1.129,37.755,23.703,29.73,23.247,4.74,7.082,6.26
29307,1.109,37.813,23.637,29.73,23.24,4.783,7.042,6.18
29308,1.102,37.632,23.636,29.72,23.247,4.742,7.042,6.22
29309,1.093,37.755,23.644,29.711,23.24,4.701,7.123,6.261
29310,1.092,37.881,23.663,29.739,23.261,4.904,7.287,6.343
29311,1.092,38.064,23.691,29.749,23.251,4.744,7.085,6.221
29312,1.063,37.759,23.668,29.74,23.254,4.742,7.123,6.261
29313,1.053,37.881,23.64,29.749,23.251,4.783,7.124,6.221
29314,1.05,37.987,23.663,29.74,23.254,4.742,7.083,6.261
29315,1.053,37.729,23.691,29.749,23.258,4.823,7.164,6.18
29316,1.04,37.688,23.699,29.72,23.237,4.621,7.002,6.098
29317,1.037,37.813,23.59,29.739,23.247,4.741,7.123,6.138
29318,1.033,37.939,23.643,29.72,23.251,4.742,7.124,6.179
29319,1.027,37.729,23.656,29.711,23.251,4.701,7.043,6.098
29320,1.023,37.852,23.648,29.72,23.244,4.742,7.123,6.138
29321,1.02,37.968,23.656,29.739,23.247,4.823,7.287,6.382
29322,1.036,38.094,23.691,29.778,23.258,4.743,7.207,6.222
29323,1.014,37.692,23.648,29.73,23.254,4.742,7.165,6.18
29324,1.017,37.822,23.659,29.73,23.254,4.783,7.206,6.139
29325,1.007,37.939,23.675,29.72,23.258,4.783,7.247,6.219
29326,1.004,38.026,23.71,29.73,23.258,4.783,7.206,6.22
29327,0.974,37.691,23.672,29.72,23.247,4.58,7.043,6.098
29328,0.955,37.832,23.648,29.72,23.247,4.7,7.204,6.138
29329,0.958,37.948,23.663,29.749,23.247,4.742,7.206,6.138
29330,0.951,38.007,23.656,29.73,23.251,4.742,7.206,6.098
29331,0.922,37.826,23.683,29.701,23.24,4.661,7.165,6.097
29332,0.922,37.968,23.668,29.72,23.251,4.741,7.206,6.26
29333,0.922,38.113,23.687,29.778,23.261,4.823,7.287,6.262
29334,0.909,38.143,23.668,29.73,23.254,4.743,7.166,6.221
29335,0.899,37.808,23.652,29.749,23.254,4.783,7.206,6.261
29336,0.895,37.91,23.738,29.749,23.251,4.824,7.247,6.302
29337,0.899,38.045,23.672,29.749,23.254,4.824,7.247,6.221
29338,0.889,38.056,23.675,29.73,23.254,4.743,7.044,6.098
29339,0.879,37.788,23.656,29.701,23.24,4.701,7.042,6.219
29340,0.889,37.948,23.667,29.73,23.247,4.742,7.082,6.18
29341,0.895,38.055,23.656,29.72,23.247,4.701,7.002,6.179
29342,0.886,37.884,23.671,29.711,23.24,4.742,7.041,6.098
29343,0.872,37.767,23.601,29.739,23.247,4.783,7.042,6.178
29344,0.892,37.909,23.632,29.759,23.261,4.905,7.164,6.301
29345,0.882,37.997,23.691,29.74,23.251,4.784,7.084,6.14
29346,0.869,37.912,23.679,29.72,23.251,4.783,7.042,6.179
29347,0.843,38.026,23.683,29.759,23.251,4.783,7.123,6.179
29348,0.853,38.161,23.66,29.73,23.258,4.824,7.124,6.22
29349,0.849,38.239,23.664,29.749,23.251,4.783,7.083,6.139
29350,0.827,37.674,23.667,29.701,23.237,4.702,7.042,6.138
29351,0.826,37.803,23.683,29.739,23.251,4.782,7.123,6.138
29352,0.826,37.929,23.668,29.74,23.247,4.742,7.124,6.179
29353,0.804,37.988,23.644,29.73,23.251,4.661,7.083,6.179
29354,0.807,37.71,23.64,29.73,23.251,4.741,7.205,6.261
29355,0.807,37.88,23.679,29.768,23.265,4.905,7.287,6.424
29356,0.816,37.987,23.691,29.74,23.251,4.784,7.207,6.222
29357,0.813,38.027,23.633,29.72,23.247,4.783,7.206,6.22
29358,0.816,37.797,23.675,29.749,23.251,4.864,7.206,6.22
29359,0.826,37.938,23.668,29.749,23.254,4.824,7.287,6.302
29360,0.82,38.045,23.683,29.72,23.251,4.702,7.166,6.14
29361,0.807,38.046,23.636,29.72,23.244,4.701,7.124,6.219
29362,0.816,37.692,23.698,29.72,23.251,4.701,7.165,6.18
29363,0.826,37.813,23.644,29.73,23.251,4.742,7.124,6.179
29364,0.82,37.929,23.648,29.73,23.24,4.661,7.124,6.179
29365,0.813,37.94,23.679,29.711,23.244,4.7,7.124,6.22
29366,0.813,37.777,23.683,29.739,23.272,4.945,7.287,6.261
29367,0.807,37.919,23.629,29.74,23.251,4.703,7.085,6.139
29368,0.794,38.016,23.659,29.74,23.254,4.742,7.164,6.219
29369,0.79,38.2,23.679,29.73,23.254,4.783,7.084,6.22
29370,0.793,37.77,23.683,29.759,23.251,4.824,7.123,6.22
29371,0.79,37.919,23.668,29.73,23.254,4.743,7.002,6.139
29372,0.767,37.959,23.683,29.72,23.24,4.62,6.919,6.138
29373,0.78,37.729,23.648,29.739,23.251,4.781,7.041,6.179
29374,0.767,37.736,23.644,29.749,23.247,4.742,7.042,6.179
29375,0.761,37.871,23.675,29.72,23.244,4.701,6.96,6.098
29376,0.757,37.949,23.675,29.72,23.247,4.742,7.0,6.178
29377,0.78,37.681,23.613,29.759,23.258,4.823,7.204,6.261
29378,0.793,37.841,23.647,29.759,23.258,4.824,7.043,6.221
29379,0.784,37.929,23.632,29.749,23.244,4.783,7.123,6.139
29380,0.784,38.026,23.675,29.74,23.247,4.742,7.043,6.219
29381,0.787,37.586,23.668,29.759,23.251,4.823,7.082,6.261
29382,0.797,37.735,23.707,29.749,23.254,4.743,7.042,6.139
29383,0.794,37.804,23.617,29.701,23.24,4.701,7.001,5.976
29384,0.787,37.881,23.651,29.72,23.251,4.701,7.123,6.137
29385,0.8,37.652,23.702,29.73,23.247,4.701,7.043,6.057
29386,0.8,37.774,23.691,29.72,23.244,4.701,7.001,6.137
29387,0.774,37.89,23.59,29.73,23.244,4.62,7.001,6.057
29388,0.777,37.968,23.612,29.739,23.258,4.863,7.163,6.259
29389,0.784,37.614,23.69,29.768,23.258,4.824,7.124,6.18
29390,0.764,37.726,23.664,29.73,23.254,4.743,7.124,6.22
29391,0.777,37.842,23.66,29.739,23.251,4.864,7.083,6.098
29392,0.764,37.872,23.695,29.74,23.251,4.784,7.164,6.219
29393,0.767,37.738,23.617,29.749,23.258,4.783,7.124,6.18
29394,0.761,37.832,23.636,29.74,23.244,4.661,6.961,6.098
29395,0.757,37.891,23.691,29.73,23.247,4.741,7.122,6.138
29396,0.764,37.93,23.687,29.739,23.251,4.701,7.083,6.138
29397,0.774,37.623,23.566,29.749,23.247,4.701,7.083,6.098
29398,0.777,37.745,23.627,29.73,23.24,4.66,7.042,6.138
29399,0.771,37.861,23.659,29.73,23.251,4.741,7.204,6.219
29400,0.793,37.719,23.675,29.778,23.261,4.864,7.247,6.22
29401,0.8,37.669,23.66,29.74,23.247,4.702,7.084,6.18
29402,0.787,37.803,23.675,29.759,23.254,4.742,7.123,6.139
29403,0.79,37.862,23.632,29.74,23.251,4.742,7.205,6.138
29404,0.797,37.594,23.679,29.749,23.258,4.823,7.206,6.138
29405,0.79,37.697,23.703,29.74,23.251,4.661,7.084,5.976
29406,0.777,37.775,23.691,29.72,23.244,4.66,7.164,6.137
29407,0.787,37.89,23.64,29.759,23.251,4.782,7.206,6.138
29408,0.777,37.613,23.628,29.721,23.247,4.742,7.043,6.057
29409,0.767,37.735,23.667,29.73,23.244,4.701,7.042,6.056
29410,0.774,37.861,23.679,29.73,23.254,4.823,7.204,6.219
29411,0.774,37.968,23.664,29.759,23.272,4.865,7.165,6.18
29412,0.767,37.624,23.687,29.73,23.248,4.784,7.084,6.139
29413,0.764,37.764,23.613,29.749,23.251,4.783,7.123,6.219
29414,0.761,37.89,23.671,29.759,23.254,4.824,7.124,6.18
29415,0.77,37.949,23.668,29.749,23.254,4.865,7.124,6.179
29416,0.761,37.48,23.66,29.72,23.247,4.702,6.961,6.098
29417,0.77,37.571,23.593,29.73,23.244,4.701,7.082,6.138
29418,0.77,37.716,23.639,29.739,23.251,4.742,7.042,6.138
29419,0.78,37.756,23.659,29.73,23.247,4.742,7.001,6.098
29420,0.774,37.622,23.648,29.739,23.251,4.742,6.96,6.097
29421,0.78,37.755,23.667,29.72,23.247,4.783,7.041,6.178
29422,0.787,37.89,23.718,29.768,23.258,4.905,7.082,6.301
29423,0.8,37.92,23.656,29.778,23.247,4.744,7.002,6.099
29424,0.8,37.566,23.652,29.73,23.254,4.701,7.041,6.138
29425,0.807,37.716,23.683,29.739,23.254,4.742,7.042,6.098
29426,0.803,37.813,23.652,29.759,23.261,4.823,7.082,6.138
29427,0.787,37.824,23.66,29.759,23.254,4.743,6.961,6.098
29428,0.774,37.642,23.632,29.701,23.244,4.661,6.797,6.056
29429,0.774,37.755,23.659,29.739,23.251,4.741,7.039,6.015
29430,0.767,37.861,23.66,29.74,23.244,4.742,7.042,6.137
29431,0.764,37.508,23.66,29.73,23.24,4.742,7.001,6.057
29432,0.764,37.562,23.636,29.73,23.244,4.742,7.041,6.015
29433,0.767,37.687,23.636,29.749,23.258,4.905,7.286,6.3
29434,0.777,37.822,23.64,29.768,23.254,4.784,7.044,6.099
29435,0.761,37.517,23.644,29.749,23.247,4.742,7.123,6.138
29436,0.764,37.648,23.695,29.749,23.247,4.742,7.205,6.098
29437,0.777,37.764,23.637,29.749,23.251,4.783,7.165,6.097
29438,0.767,37.842,23.659,29.768,23.254,4.783,7.084,6.097
29439,0.774,37.488,23.652,29.711,23.237,4.62,7.002,6.016
29440,0.777,37.609,23.671,29.739,23.251,4.7,7.041,6.137
29441,0.79,37.754,23.66,29.74,23.251,4.742,7.123,6.098
29442,0.784,37.794,23.675,29.74,23.244,4.701,7.124,6.056
29443,0.79,37.555,23.664,29.73,23.24,4.742,7.124,6.056
29444,0.8,37.716,23.628,29.749,23.254,4.864,7.287,6.178
29445,0.813,37.842,23.694,29.74,23.258,4.784,7.125,6.098
29446,0.803,37.853,23.633,29.749,23.251,4.702,7.165,6.056
29447,0.794,37.498,23.648,29.749,23.251,4.782,7.165,6.137
29448,0.803,37.648,23.613,29.749,23.251,4.783,7.206,6.138
29449,0.794,37.764,23.64,29.749,23.254,4.742,7.206,6.057
29450,0.784,37.785,23.663,29.711,23.244,4.661,7.043,5.975
29451,0.774,37.545,23.66,29.739,23.254,4.7,7.204,6.055
29452,0.78,37.696,23.66,29.73,23.251,4.782,7.206,6.056
29453,0.767,37.775,23.628,29.72,23.244,4.661,7.165,6.056
29454,0.761,38.149,23.648,29.739,23.244,4.741,7.246,6.097
29455,0.777,37.674,23.659,29.768,23.261,4.905,7.369,6.219
29456,0.784,37.813,23.675,29.759,23.258,4.703,7.289,6.139
29457,0.777,37.881,23.648,29.749,23.251,4.782,7.288,6.138
29458,0.784,37.613,23.644,29.749,23.251,4.783,7.329,6.179
29459,0.787,37.611,23.632,29.749,23.254,4.783,7.329,6.261
29460,0.803,37.716,23.659,29.73,23.254,4.702,7.289,6.058
29461,0.784,37.784,23.66,29.739,23.247,4.701,7.288,6.097
29462,0.803,37.516,23.679,29.74,23.251,4.66,7.288,6.138
29463,0.813,37.629,23.644,29.73,23.244,4.741,7.288,6.098
29464,0.807,37.755,23.652,29.72,23.24,4.661,7.288,6.097
29465,0.8,37.823,23.679,29.72,23.251,4.782,7.369,6.138
29466,0.82,37.392,23.648,29.759,23.265,4.986,7.492,6.219
29467,0.803,37.522,23.652,29.749,23.251,4.744,7.371,6.18
29468,0.8,37.629,23.593,29.759,23.254,4.783,7.411,6.22
29469,0.79,37.716,23.628,29.759,23.251,4.864,7.452,6.139
29470,0.784,37.64,23.636,29.759,23.254,4.824,7.452,6.179
29471,0.793,37.755,23.667,29.74,23.247,4.661,7.33,6.057
29472,0.774,37.842,23.66,29.72,23.244,4.66,7.451,6.178
29473,0.777,37.91,23.636,29.749,23.247,4.822,7.371,6.179
29474,0.777,37.403,23.648,29.749,23.244,4.661,7.37,6.179
29475,0.771,37.503,23.64,29.74,23.251,4.741,7.37,6.139
29476,0.774,37.61,23.71,29.74,23.247,4.701,7.37,6.26
29477,0.787,37.687,23.668,29.778,23.265,4.904,7.492,6.221
29478,0.793,37.544,23.636,29.75,23.244,4.784,7.371,6.18
29479,0.797,37.667,23.613,29.749,23.258,4.783,7.33,6.261
29480,0.794,37.784,23.624,29.759,23.254,4.742,7.329,6.262
29481,0.793,37.795,23.648,29.759,23.258,4.783,7.37,6.262
29482,0.8,37.401,23.691,29.74,23.247,4.742,7.208,6.139
29483,0.8,37.513,23.636,29.73,23.247,4.661,7.287,6.138
29484,0.813,37.638,23.655,29.739,23.251,4.782,7.207,6.138
29485,0.807,37.563,23.683,29.72,23.251,4.702,7.247,6.138
29486,0.807,37.524,23.656,29.739,23.244,4.701,7.166,6.138
29487,0.787,37.667,23.64,29.74,23.251,4.782,7.328,6.26
29488,0.8,37.813,23.687,29.778,23.265,4.864,7.329,6.262
29489,0.79,37.469,23.648,29.73,23.251,4.743,7.167,6.262
29490,0.78,37.561,23.667,29.759,23.254,4.823,7.206,6.262
29491,0.79,37.687,23.66,29.759,23.251,4.743,7.247,6.221
29492,0.784,37.774,23.667,29.74,23.254,4.742,7.247,6.261
29493,0.767,37.315,23.648,29.759,23.244,4.742,7.166,6.058
29494,0.767,37.425,23.628,29.74,23.251,4.742,7.246,6.178
29495,0.777,37.57,23.659,29.749,23.251,4.742,7.166,6.261
29496,0.774,37.629,23.683,29.74,23.247,4.661,7.124,6.18
29497,0.771,37.275,23.613,29.74,23.24,4.7,7.083,6.017
29498,0.774,37.415,23.663,29.759,23.254,4.742,7.205,6.137
29499,0.8,37.561,23.687,29.788,23.261,4.945,7.369,6.301
29500,0.8,37.62,23.664,29.759,23.251,4.744,7.208,6.221
29501,0.794,37.313,23.664,29.769,23.254,4.783,7.206,6.261
29502,0.79,37.435,23.687,29.769,23.251,4.824,7.165,6.262
29503,0.819,37.561,23.675,29.778,23.254,4.824,7.246,6.18
29504,0.81,37.61,23.648,29.759,23.251,4.702,7.166,6.098
29505,0.8,37.246,23.659,29.721,23.24,4.66,7.165,6.097
29506,0.8,37.425,23.617,29.749,23.247,4.782,7.165,6.219
29507,0.794,37.522,23.64,29.759,23.247,4.702,7.206,6.139
29508,0.784,37.543,23.628,29.749,23.244,4.742,7.206,6.098
29509,0.79,37.303,23.667,29.749,23.251,4.701,7.165,6.178
29510,0.784,37.454,23.683,29.778,23.258,4.904,7.368,6.301
29511,0.79,37.58,23.672,29.778,23.251,4.784,7.289,6.099
29512,0.787,37.639,23.668,29.759,23.251,4.824,7.288,6.219
29513,0.774,37.352,23.621,29.759,23.254,4.824,7.288,6.18
29514,0.771,37.512,23.651,29.778,23.258,4.783,7.329,6.22
29515,0.774,37.61,23.66,29.788,23.251,4.824,7.329,6.18
29516,0.767,37.294,23.64,29.74,23.247,4.621,7.085,6.098
29517,0.78,37.358,23.589,29.759,23.251,4.741,7.205,6.138
29518,0.784,37.512,23.616,29.769,23.244,4.742,7.206,6.179
29519,0.787,37.59,23.698,29.759,23.244,4.701,7.287,6.057
29520,0.79,37.15,23.676,29.721,23.24,4.742,7.166,6.097
29521,0.787,37.299,23.66,29.768,23.258,4.823,7.328,6.341
29522,0.813,37.435,23.703,29.797,23.254,4.783,7.248,6.1
29523,0.803,37.484,23.656,29.759,23.251,4.742,7.288,6.097
29524,0.807,37.216,23.644,29.769,23.251,4.783,7.288,6.138
29525,0.803,37.348,23.698,29.769,23.254,4.783,7.288,6.26
29526,0.8,37.455,23.601,29.778,23.254,4.742,7.329,6.099
29527,0.79,37.513,23.624,29.769,23.247,4.62,7.207,5.975
29528,0.777,37.073,23.62,29.74,23.251,4.781,7.287,6.137
29529,0.79,37.241,23.671,29.778,23.247,4.742,7.288,6.098
29530,0.774,37.338,23.687,29.769,23.244,4.742,7.329,6.056
29531,0.767,37.387,23.672,29.74,23.247,4.62,7.248,6.097
29532,0.757,37.302,23.668,29.759,23.251,4.781,7.45,6.219
29533,0.767,37.464,23.621,29.816,23.265,4.864,7.493,6.261
29534,0.764,37.58,23.651,29.779,23.258,4.784,7.453,6.18
29535,0.757,37.582,23.628,29.778,23.251,4.783,7.452,6.179
29536,0.754,37.112,23.667,29.769,23.254,4.742,7.452,6.139
29537,0.777,37.232,23.586,29.797,23.254,4.823,7.452,6.138
29538,0.774,37.348,23.592,29.778,23.247,4.702,7.249,5.976
29539,0.764,37.349,23.632,29.759,23.251,4.823,7.369,6.096
29540,0.787,37.186,23.644,29.769,23.247,4.824,7.411,6.138
29541,0.787,37.328,23.652,29.769,23.251,4.743,7.371,6.098
29542,0.79,37.426,23.702,29.769,23.24,4.742,7.37,6.056
29543,0.793,37.216,23.656,29.759,23.251,4.783,7.411,6.137
29544,0.797,37.252,23.648,29.807,23.261,4.986,7.533,6.179
29545,0.797,37.367,23.687,29.779,23.251,4.785,7.453,6.057
29546,0.787,37.455,23.629,29.788,23.251,4.783,7.371,6.137
29547,0.787,37.063,23.651,29.798,23.251,4.783,7.411,6.138
29548,0.787,37.174,23.609,29.798,23.254,4.905,7.411,6.219
29549,0.777,37.29,23.663,29.788,23.251,4.784,7.33,6.058
29550,0.767,37.358,23.613,29.75,23.24,4.742,7.289,6.056
29551,0.767,37.167,23.624,29.788,23.251,4.783,7.329,6.097
29552,0.764,37.299,23.706,29.798,23.247,4.864,7.289,6.097
29553,0.761,37.425,23.644,29.798,23.251,4.784,7.329,6.097
29554,0.761,37.465,23.632,29.778,23.254,4.864,7.41,6.178
29555,0.764,37.513,23.71,29.817,23.261,4.987,7.574,6.22
29556,0.777,37.667,23.66,29.798,23.251,4.866,7.494,6.18
29557,0.774,37.765,23.656,29.798,23.254,4.865,7.534,6.179
29558,0.767,37.823,23.632,29.798,23.251,4.865,7.453,6.139
29559,0.777,36.817,23.652,29.807,23.254,4.865,7.615,6.138
29560,0.79,36.941,23.636,29.798,23.251,4.784,7.495,6.057
29561,0.774,37.048,23.624,29.769,23.24,4.742,7.534,6.137
29562,0.777,37.116,23.698,29.778,23.247,4.823,7.494,6.098
29563,0.787,37.05,23.652,29.778,23.244,4.743,7.494,6.056
29564,0.787,37.193,23.636,29.759,23.24,4.742,7.453,6.056
29565,0.79,37.309,23.667,29.769,23.254,4.823,7.534,6.137
29566,0.793,37.349,23.652,29.826,23.261,5.027,7.616,6.179
29567,0.78,37.013,23.66,29.788,23.251,4.785,7.535,6.098
29568,0.78,37.144,23.632,29.807,23.254,4.824,7.534,6.178
29569,0.771,37.232,23.691,29.788,23.251,4.824,7.534,6.139
29570,0.761,37.223,23.66,29.798,23.254,4.865,7.534,6.179
29571,0.757,37.137,23.652,29.769,23.247,4.784,7.412,5.976
29572,0.748,37.213,23.671,29.769,23.244,4.783,7.452,6.096
29573,0.754,37.357,23.668,29.797,23.247,4.742,7.452,6.138
29574,0.757,37.014,23.632,29.778,23.247,4.783,7.452,6.057
29575,0.741,37.048,23.691,29.788,23.244,4.702,7.33,6.097
29576,0.747,37.183,23.629,29.798,23.247,4.823,7.451,6.219
29577,0.764,37.328,23.663,29.846,23.261,4.946,7.534,6.22
29578,0.757,36.994,23.648,29.798,23.251,4.825,7.453,6.098
29579,0.77,37.125,23.648,29.817,23.251,4.865,7.33,6.138
29580,0.774,37.261,23.675,29.807,23.251,4.865,7.41,6.219
29581,0.777,37.348,23.648,29.817,23.254,4.865,7.371,6.18
29582,0.777,37.042,23.679,29.798,23.244,4.784,7.167,6.057
29583,0.767,37.135,23.535,29.817,23.244,4.702,7.328,6.056
29584,0.787,37.309,23.627,29.807,23.247,4.782,7.289,6.137
29585,0.777,37.358,23.694,29.788,23.247,4.742,7.247,6.098
29586,0.78,36.985,23.637,29.788,23.247,4.661,7.166,6.097
29587,0.764,37.154,23.659,29.798,23.247,4.822,7.287,6.219
29588,0.774,37.299,23.664,29.836,23.265,4.987,7.329,6.261
29589,0.774,37.32,23.667,29.798,23.251,4.866,7.289,6.139
29590,0.758,37.023,23.675,29.817,23.251,4.824,7.288,6.179
29591,0.764,37.164,23.668,29.817,23.258,4.824,7.247,6.139
29592,0.757,37.29,23.679,29.807,23.254,4.865,7.288,6.219
29593,0.744,37.301,23.66,29.798,23.244,4.662,7.085,6.098
29594,0.731,37.186,23.609,29.798,23.244,4.782,7.205,6.178
29595,0.744,37.338,23.675,29.817,23.247,4.824,7.206,6.22
29596,0.754,37.445,23.601,29.798,23.254,4.824,7.125,6.22
29597,0.754,37.724,23.62,29.788,23.247,4.702,7.124,6.18
29598,0.764,36.921,23.644,29.817,23.251,4.823,7.205,6.301
29599,0.774,37.095,23.663,29.855,23.254,4.824,7.206,6.221
29600,0.774,37.174,23.679,29.837,23.251,4.824,7.165,6.261
29601,0.774,37.031,23.66,29.827,23.254,4.824,7.165,6.18
29602,0.774,37.097,23.664,29.817,23.251,4.824,7.124,6.261
29603,0.787,37.222,23.671,29.817,23.251,4.824,7.124,6.221
29604,0.79,37.29,23.609,29.807,23.244,4.661,7.002,6.098
29605,0.774,36.812,23.659,29.798,23.247,4.741,7.082,6.178
29606,0.784,36.96,23.609,29.826,23.251,4.742,7.042,6.098
29607,0.771,37.086,23.608,29.827,23.247,4.701,7.001,6.138
29608,0.764,37.164,23.612,29.808,23.251,4.823,7.041,6.098
29609,0.761,36.964,23.675,29.817,23.251,4.743,7.082,6.382
29610,0.77,37.153,23.695,29.865,23.261,4.945,7.164,6.222
29611,0.757,37.261,23.66,29.827,23.251,4.785,7.084,6.261
29612,0.761,37.319,23.687,29.836,23.254,4.742,7.123,6.18
29613,0.754,36.869,23.664,29.827,23.258,4.864,7.124,6.22
29614,0.757,36.999,23.621,29.836,23.254,4.906,7.124,6.302
29615,0.744,37.106,23.69,29.817,23.244,4.703,7.002,6.018
29616,0.741,37.136,23.578,29.817,23.247,4.742,7.163,6.218
29617,0.754,37.021,23.616,29.836,23.251,4.742,7.084,6.098
29618,0.754,37.135,23.632,29.827,23.244,4.783,7.123,6.178
29619,0.751,37.251,23.62,29.827,23.244,4.783,7.043,6.098
29620,0.767,37.262,23.655,29.817,23.244,4.824,7.123,6.178
29621,0.777,36.84,23.648,29.855,23.261,4.946,7.205,6.261
29622,0.787,36.98,23.691,29.827,23.258,4.825,7.206,6.139
29623,0.784,37.067,23.64,29.827,23.251,4.824,7.084,6.219
29624,0.777,37.107,23.636,29.836,23.251,4.824,7.164,6.22
29625,0.777,36.973,23.687,29.836,23.258,4.905,7.206,6.18
29626,0.777,37.096,23.597,29.836,23.251,4.784,7.125,6.057
29627,0.758,37.184,23.604,29.808,23.24,4.702,7.287,6.137
29628,0.77,37.002,23.628,29.846,23.251,4.823,7.288,6.179
29629,0.761,36.905,23.624,29.827,23.251,4.783,7.288,6.098
29630,0.748,37.019,23.628,29.817,23.244,4.783,7.247,6.016
29631,0.747,37.106,23.605,29.827,23.244,4.742,7.328,6.096
29632,0.747,36.877,23.663,29.875,23.261,4.986,7.532,6.3
29633,0.754,37.018,23.621,29.865,23.254,4.785,7.372,6.18
29634,0.744,37.097,23.636,29.846,23.247,4.824,7.452,6.179
29635,0.747,37.193,23.675,29.856,23.247,4.905,7.452,6.179
29636,0.744,36.897,23.679,29.856,23.254,4.825,7.452,6.22
29637,0.764,37.028,23.57,29.856,23.247,4.865,7.412,6.139
29638,0.748,37.125,23.604,29.808,23.24,4.662,7.33,6.138
29639,0.76,37.213,23.636,29.846,23.247,4.822,7.41,6.098
29640,0.764,36.878,23.648,29.846,23.251,4.783,7.452,6.056
29641,0.764,37.009,23.62,29.827,23.251,4.742,7.371,6.097
29642,0.767,37.106,23.69,29.836,23.251,4.783,7.492,6.178
29643,0.787,37.212,23.648,29.865,23.265,4.905,7.616,6.22
29644,0.79,36.868,23.64,29.856,23.251,4.784,7.495,6.139
29645,0.774,36.98,23.675,29.846,23.251,4.783,7.575,6.057
29646,0.78,37.106,23.613,29.865,23.247,4.864,7.575,6.178
29647,0.771,37.165,23.636,29.846,23.251,4.824,7.535,6.22
29648,0.77,37.184,23.628,29.875,23.254,4.865,7.534,6.098
29649,0.751,37.271,23.644,29.846,23.234,4.743,7.372,6.097
29650,0.751,37.406,23.616,29.846,23.244,4.823,7.411,6.138
29651,0.751,37.446,23.624,29.837,23.251,4.824,7.452,6.138
29652,0.748,36.727,23.671,29.846,23.244,4.783,7.371,6.057
29653,0.734,36.873,23.625,29.856,23.251,4.824,7.452,6.219
29654,0.747,37.028,23.644,29.884,23.258,4.987,7.534,6.261
29655,0.757,37.058,23.656,29.846,23.247,4.826,7.372,6.18
29656,0.741,36.857,23.636,29.856,23.251,4.865,7.411,6.139
29657,0.754,36.98,23.64,29.865,23.254,4.784,7.371,6.138
29658,0.761,37.086,23.632,29.885,23.254,4.864,7.37,6.179
29659,0.757,36.752,23.675,29.856,23.251,4.743,7.248,6.098
29660,0.754,36.787,23.648,29.827,23.244,4.701,7.328,6.097
29661,0.77,36.941,23.632,29.865,23.254,4.863,7.329,6.138
29662,0.767,37.029,23.667,29.856,23.251,4.743,7.289,6.138
29663,0.774,36.78,23.648,29.846,23.244,4.701,7.207,6.138
29664,0.767,36.902,23.628,29.846,23.251,4.823,7.287,6.179
29665,0.78,37.038,23.691,29.894,23.268,4.987,7.451,6.261
29666,0.787,37.116,23.547,29.894,23.254,4.826,7.371,6.099
29667,0.767,36.762,23.604,29.866,23.251,4.783,7.289,6.178
29668,0.761,36.902,23.647,29.875,23.258,4.824,7.288,6.179
29669,0.761,37.038,23.663,29.885,23.251,4.905,7.369,6.179
29670,0.754,37.106,23.64,29.856,23.251,4.744,7.208,5.976
29671,0.735,36.695,23.632,29.846,23.247,4.742,7.247,6.137
29672,0.741,36.863,23.655,29.865,23.247,4.783,7.288,6.016
29673,0.738,36.961,23.613,29.875,23.244,4.783,7.207,6.137
29674,0.734,37.01,23.628,29.856,23.251,4.742,7.206,6.098
29675,0.734,36.837,23.632,29.865,23.251,4.783,7.287,6.219
29676,0.744,37.028,23.679,29.913,23.261,4.946,7.41,6.22
29677,0.764,37.135,23.609,29.895,23.247,4.785,7.249,6.098
29678,0.751,37.136,23.659,29.875,23.254,4.783,7.247,6.097
29679,0.757,36.685,23.679,29.875,23.254,4.783,7.288,6.178
29680,0.77,36.834,23.683,29.894,23.261,4.946,7.288,6.098
29681,0.77,36.941,23.652,29.875,23.251,4.744,7.125,6.016
29682,0.757,37.0,23.652,29.856,23.237,4.742,7.205,6.096
29683,0.787,36.818,23.66,29.875,23.251,4.783,7.165,6.138
29684,0.771,36.96,23.64,29.865,23.251,4.783,7.206,6.098
29685,0.774,37.048,23.667,29.865,23.247,4.742,7.043,6.016
29686,0.774,36.771,23.628,29.923,23.254,4.742,7.164,6.178
29687,0.764,36.797,23.601,29.914,23.261,4.905,7.287,6.301
29688,0.764,36.922,23.643,29.876,23.251,4.825,7.125,6.14
29689,0.761,37.0,23.64,29.875,23.254,4.783,7.246,6.179
29690,0.751,36.559,23.679,29.894,23.251,4.824,7.206,6.179
29691,0.748,36.68,23.668,29.885,23.258,4.865,7.206,6.22
29692,0.76,36.834,23.679,29.885,23.251,4.743,7.125,6.058
29693,0.735,36.884,23.558,29.875,23.237,4.701,7.002,6.056
29694,0.738,36.644,23.6,29.904,23.251,4.782,7.163,6.097
29695,0.744,36.767,23.651,29.885,23.251,4.742,7.084,6.138
29696,0.734,36.873,23.632,29.885,23.244,4.823,7.083,6.057
29697,0.747,36.942,23.636,29.933,23.244,4.743,7.164,6.056
29698,0.757,36.626,23.613,29.904,23.265,4.864,7.287,6.219
29699,0.757,36.795,23.675,29.914,23.258,4.743,7.166,6.139
29700,0.754,36.883,23.656,29.895,23.251,4.823,7.165,6.098
29701,0.761,36.961,23.663,29.894,23.251,4.743,7.206,6.138
29702,0.764,36.597,23.667,29.914,23.251,4.823,7.247,6.179
29703,0.77,36.747,23.648,29.885,23.251,4.743,7.125,5.976
29704,0.767,36.835,23.624,29.856,23.244,4.701,7.083,6.015
29705,0.777,36.893,23.679,29.904,23.251,4.742,7.164,6.096
29706,0.774,36.635,23.636,29.952,23.251,4.783,7.084,6.138
29707,0.761,36.757,23.605,29.876,23.247,4.702,7.002,6.016
29708,0.757,36.854,23.608,29.894,23.247,4.782,7.123,6.096
29709,0.757,36.893,23.616,29.904,23.261,4.864,7.287,6.178
29710,0.761,36.606,23.644,29.914,23.258,4.784,7.085,6.098
29711,0.748,36.699,23.616,29.885,23.251,4.783,7.164,6.138
29712,0.747,36.815,23.702,29.904,23.247,4.783,7.124,6.098
29713,0.744,36.711,23.652,29.914,23.254,4.824,7.165,6.178
29714,0.734,36.585,23.624,29.923,23.247,4.783,7.084,6.179
29715,0.731,36.699,23.659,29.895,23.244,4.62,6.92,6.017
29716,0.731,36.777,23.585,29.885,23.247,4.741,7.041,6.137
29717,0.754,36.528,23.635,29.894,23.254,4.701,6.96,6.057
29718,0.757,36.631,23.632,29.885,23.247,4.742,6.96,6.015
29719,0.735,36.728,23.616,29.875,23.247,4.742,7.0,6.096
29720,0.751,36.835,23.651,29.904,23.254,4.823,7.123,6.138
29721,0.774,36.481,23.632,29.942,23.261,4.905,7.124,6.219
29722,0.774,36.564,23.675,29.895,23.247,4.825,7.165,6.22
29723,0.78,36.708,23.648,29.914,23.251,4.824,7.165,6.18
29724,0.784,36.787,23.648,29.914,23.258,4.783,7.206,6.179
29725,0.784,36.519,23.687,29.914,23.251,4.783,7.165,6.139
29726,0.767,36.66,23.621,29.904,23.247,4.742,7.043,6.057
29727,0.754,36.757,23.616,29.904,23.24,4.783,7.123,6.137
29728,0.757,36.835,23.628,29.914,23.251,4.824,7.165,6.138
29729,0.751,36.481,23.62,29.904,23.244,4.743,7.165,6.098
29730,0.751,36.621,23.62,29.885,23.244,4.701,7.124,6.056
29731,0.731,36.728,23.632,29.904,23.244,4.823,7.246,6.178
29732,0.751,36.825,23.679,29.933,23.261,4.905,7.288,6.139
29733,0.741,36.414,23.64,29.924,23.251,4.744,7.207,6.179
29734,0.734,36.544,23.628,29.933,23.247,4.783,7.287,6.179
29735,0.731,36.651,23.667,29.914,23.251,4.824,7.247,6.22
29736,0.731,36.7,23.636,29.923,23.254,4.743,7.288,6.302
29737,0.751,36.556,23.636,29.895,23.244,4.701,7.166,6.058
29738,0.731,36.67,23.62,29.914,23.254,4.782,7.246,6.178
29739,0.751,36.786,23.675,29.914,23.251,4.783,7.247,6.179
29740,0.748,36.96,23.656,29.904,23.244,4.742,7.247,6.098
29741,0.751,36.31,23.656,29.895,23.244,4.661,7.166,6.138
29742,0.751,36.428,23.636,29.904,23.251,4.782,7.287,6.179
29743,0.764,36.573,23.675,29.933,23.258,4.864,7.41,6.179
29744,0.77,36.45,23.632,29.904,23.254,4.743,7.33,6.179
29745,0.761,36.487,23.648,29.923,23.251,4.823,7.289,6.098
29746,0.761,36.621,23.64,29.962,23.254,4.824,7.329,6.138
29747,0.748,36.728,23.616,29.924,23.254,4.783,7.37,6.179
29748,0.754,36.384,23.667,29.923,23.251,4.824,7.248,6.098
29749,0.741,36.457,23.648,29.904,23.237,4.702,7.166,6.056
29750,0.738,36.611,23.628,29.923,23.244,4.823,7.287,6.097
29751,0.751,36.699,23.648,29.923,23.247,4.743,7.247,6.097
29752,0.735,36.297,23.663,29.914,23.24,4.742,7.247,6.056
29753,0.718,36.428,23.66,29.943,23.251,4.783,7.247,6.259
29754,0.747,36.602,23.628,29.962,23.254,4.905,7.369,6.221
29755,0.738,36.642,23.651,29.914,23.251,4.784,7.248,6.139
29756,0.725,36.335,23.632,29.933,23.247,4.824,7.288,6.179
29757,0.754,36.476,23.632,29.943,23.251,4.824,7.247,6.22
29758,0.748,36.612,23.628,29.943,23.254,4.824,7.328,6.22
29759,0.747,36.651,23.64,29.924,23.244,4.702,7.167,6.058
29760,0.738,36.239,23.62,29.914,23.244,4.782,7.246,6.097
29761,0.757,36.398,23.663,29.923,23.251,4.742,7.206,6.178
29762,0.761,36.515,23.66,29.914,23.247,4.742,7.165,6.139
29763,0.754,36.554,23.644,29.914,23.244,4.701,7.165,6.057
29764,0.761,36.354,23.605,29.914,23.251,4.782,7.246,6.178
29765,0.77,36.476,23.663,29.952,23.265,4.864,7.369,6.22
29766,0.77,36.602,23.527,29.933,23.251,4.784,7.289,6.139
29767,0.751,36.622,23.608,29.924,23.251,4.783,7.247,6.179
29768,0.754,36.364,23.643,29.933,23.254,4.742,7.206,6.179
29769,0.744,36.476,23.675,29.943,23.254,4.905,7.247,6.22
29770,0.741,36.602,23.668,29.943,23.251,4.744,7.166,6.139
29771,0.728,36.344,23.628,29.924,23.24,4.62,7.084,6.138
29772,0.734,36.323,23.648,29.923,23.254,4.781,7.164,6.098
29773,0.734,36.457,23.652,29.923,23.258,4.824,7.084,6.178
29774,0.731,36.554,23.628,29.933,23.244,4.702,7.123,6.179
29775,0.734,36.248,23.667,29.924,23.244,4.742,7.083,6.139
29776,0.734,36.379,23.535,29.962,23.258,4.864,7.164,6.301
29777,0.76,36.534,23.619,29.953,23.251,4.784,7.165,6.14
29778,0.744,36.574,23.624,29.933,23.251,4.742,7.165,6.219
29779,0.747,36.267,23.62,29.943,23.251,4.783,7.124,6.261
29780,0.747,36.389,23.616,29.933,23.251,4.783,7.124,6.221
29781,0.764,36.524,23.628,29.952,23.247,4.742,7.083,6.139
29782,0.761,36.593,23.655,29.905,23.24,4.62,6.961,6.098
29783,0.761,36.172,23.636,29.942,23.251,4.7,7.0,6.097
29784,0.774,36.33,23.605,29.943,23.247,4.701,7.082,6.056
29785,0.761,36.428,23.655,29.933,23.244,4.66,7.042,6.097
29786,0.748,36.487,23.613,29.914,23.251,4.7,7.042,6.138
29787,0.757,36.314,23.604,29.952,23.254,4.823,7.164,6.301
29788,0.77,36.485,23.612,29.972,23.258,4.824,7.124,6.262
29789,0.751,36.564,23.64,29.953,23.251,4.743,7.124,6.18
29790,0.748,36.612,23.667,29.953,23.247,4.783,7.165,6.139
29791,0.734,36.201,23.656,29.962,23.254,4.824,7.124,6.179
29792,0.734,36.321,23.66,29.953,23.254,4.783,7.124,6.179
29793,0.738,36.447,23.648,29.933,23.251,4.702,7.043,6.098
29794,0.715,36.439,23.62,29.914,23.244,4.742,7.082,6.178
29795,0.728,36.266,23.659,29.952,23.251,4.742,7.123,6.179
29796,0.725,36.408,23.636,30.0,23.251,4.661,7.043,6.139
29797,0.734,36.505,23.62,29.943,23.244,4.7,7.082,6.138
29798,0.741,36.439,23.647,29.924,23.247,4.701,7.083,6.26
29799,0.738,36.199,23.605,29.971,23.254,4.823,7.286,6.343
29800,0.764,36.331,23.628,29.962,23.251,4.743,7.207,6.221
29801,0.751,36.447,23.612,29.962,23.251,4.701,7.206,6.261
29802,0.754,36.161,23.683,29.953,23.251,4.782,7.287,6.262
29803,0.767,36.244,23.672,29.962,23.251,4.783,7.41,6.262
29804,0.78,36.37,23.632,29.962,23.251,4.742,7.33,6.221
29805,0.764,36.438,23.663,29.914,23.24,4.62,7.207,6.098
29806,0.757,36.132,23.57,29.952,23.251,4.741,7.369,6.138
29807,0.757,36.282,23.627,29.953,23.254,4.742,7.452,6.138
29808,0.751,36.399,23.616,29.943,23.24,4.742,7.371,6.179
29809,0.741,36.467,23.651,29.924,23.24,4.701,7.37,6.22
29810,0.747,36.065,23.644,29.971,23.251,4.823,7.614,6.302
29811,0.751,36.243,23.62,29.991,23.258,4.783,7.495,6.14
29812,0.741,36.331,23.655,29.953,23.254,4.783,7.534,6.219
29813,0.734,36.428,23.652,29.962,23.251,4.702,7.494,6.302
29814,0.738,36.141,23.636,29.981,23.254,4.823,7.494,6.221
29815,0.734,36.263,23.679,29.972,23.251,4.743,7.494,6.22
29816,0.731,36.37,23.535,29.953,23.237,4.579,7.371,6.017
29817,0.731,36.428,23.623,29.953,23.247,4.7,7.452,6.178
29818,0.747,36.17,23.632,29.953,23.244,4.66,7.452,6.179
29819,0.744,36.311,23.624,29.933,23.247,4.7,7.412,6.098
29820,0.747,36.418,23.648,29.952,23.247,4.701,7.493,6.016
29821,0.747,36.467,23.628,29.962,23.247,4.782,7.534,6.137
29822,0.76,36.142,23.667,30.001,23.265,4.905,7.616,6.301
29823,0.754,36.273,23.66,29.953,23.251,4.703,7.454,6.14
29824,0.767,36.36,23.621,29.962,23.251,4.66,7.534,6.138
29825,0.774,36.668,23.647,29.981,23.247,4.782,7.494,6.301
29826,0.767,36.096,23.632,30.01,23.258,4.824,7.453,6.14
29827,0.764,36.205,23.64,29.944,23.251,4.702,7.371,6.057
29828,0.748,36.273,23.616,29.952,23.24,4.701,7.452,6.097
29829,0.747,36.159,23.675,29.962,23.251,4.742,7.412,6.178
29830,0.747,36.206,23.675,29.962,23.247,4.783,7.371,6.098
29831,0.741,36.292,23.644,29.953,23.24,4.661,7.33,6.056
29832,0.734,36.408,23.628,29.953,23.258,4.741,7.329,6.219
29833,0.747,35.959,23.636,30.0,23.258,4.905,7.492,6.261
29834,0.741,36.041,23.636,29.982,23.251,4.784,7.371,6.139
29835,0.734,36.147,23.636,29.972,23.251,4.864,7.37,6.219
29836,0.738,36.244,23.624,29.981,23.258,4.865,7.411,6.18
29837,0.751,36.034,23.616,29.962,23.247,4.906,7.371,6.179
29838,0.754,36.166,23.644,29.962,23.258,4.906,7.289,6.017
29839,0.751,36.263,23.644,29.943,23.237,4.825,7.207,6.015
29840,0.761,36.36,23.636,29.981,23.251,4.865,7.287,6.096
29841,0.764,35.978,23.644,29.962,23.247,4.784,7.288,6.097
29842,0.77,36.098,23.656,29.962,23.24,4.824,7.247,6.097
29843,0.777,36.224,23.601,29.962,23.244,4.783,7.125,6.016
29844,0.774,36.302,23.636,29.972,23.265,4.986,7.408,6.218
29845,0.784,36.035,23.644,29.991,23.251,4.866,7.289,6.139
29846,0.771,36.156,23.628,29.972,23.254,4.946,7.288,6.098
29847,0.767,36.292,23.609,29.991,23.251,4.907,7.369,6.097
29848,0.761,36.332,23.632,29.991,23.247,4.906,7.411,6.178
29849,0.764,35.996,23.644,29.982,23.251,4.987,7.411,6.139
29850,0.757,36.089,23.62,29.953,23.237,4.744,7.208,5.976
29851,0.761,36.205,23.651,29.972,23.244,4.945,7.328,6.096
29852,0.774,36.245,23.671,29.972,23.244,4.866,7.289,6.138
29853,0.774,35.967,23.621,29.962,23.247,4.865,7.369,6.057
29854,0.758,36.07,23.608,29.972,23.244,4.824,7.37,6.137
29855,0.78,36.214,23.667,30.01,23.258,4.987,7.573,6.26
29856,0.78,36.168,23.667,30.001,23.251,4.907,7.413,6.099
29857,0.8,36.072,23.609,29.991,23.244,4.825,7.33,6.138
29858,0.797,36.195,23.589,29.991,23.247,4.946,7.37,6.179
29859,0.81,36.312,23.628,30.01,23.251,4.907,7.452,6.179
29860,0.826,35.968,23.605,29.982,23.251,4.865,7.33,6.139
29861,0.817,36.022,23.6,29.982,23.24,4.743,7.329,6.219
29862,0.842,36.147,23.659,29.991,23.251,4.823,7.329,6.139
29863,0.839,36.244,23.613,29.991,23.251,4.905,7.289,6.098
29864,0.839,35.909,23.636,29.962,23.251,4.865,7.247,6.056
29865,0.833,36.04,23.648,29.981,23.244,4.906,7.328,6.219
29866,0.846,36.205,23.667,30.077,23.261,4.987,7.492,6.261
29867,0.833,36.283,23.609,29.992,23.251,4.866,7.331,6.221
29868,0.82,35.986,23.601,30.001,23.254,4.906,7.37,6.098
29869,0.817,36.146,23.628,30.011,23.251,4.947,7.289,6.219
29870,0.816,36.263,23.616,30.02,23.258,4.866,7.369,6.139
29871,0.816,36.351,23.632,30.03,23.254,4.865,7.248,6.057
29872,0.813,35.958,23.62,29.972,23.244,4.784,7.206,6.056
29873,0.816,36.146,23.612,30.001,23.244,4.824,7.247,6.097
29874,0.813,36.263,23.636,30.001,23.247,4.865,7.166,6.138
29875,0.82,36.293,23.616,30.001,23.247,4.865,7.124,6.138
29876,0.826,35.833,23.632,29.982,23.244,4.824,7.165,6.138
29877,0.856,35.982,23.632,30.029,23.261,5.027,7.287,6.301
29878,0.859,36.089,23.632,30.011,23.254,4.826,7.207,6.14
29879,0.862,36.1,23.636,30.011,23.247,4.865,7.165,6.179
29880,0.866,35.946,23.628,30.011,23.254,4.946,7.165,6.179
29881,0.853,36.088,23.648,30.011,23.251,4.907,7.165,6.22
29882,0.859,36.195,23.675,30.011,23.251,4.865,7.043,6.139
29883,0.846,36.321,23.605,30.001,23.244,4.743,7.001,6.098
29884,0.859,35.948,23.628,30.011,23.244,4.905,7.041,6.138
29885,0.859,36.079,23.648,30.001,23.247,4.865,7.042,6.138
29886,0.869,36.176,23.605,30.058,23.247,4.824,6.96,6.098
29887,0.866,35.88,23.624,29.992,23.247,4.783,7.0,6.178
29888,0.869,35.973,23.62,30.02,23.265,5.027,7.163,6.22
29889,0.876,36.108,23.694,30.03,23.251,4.907,6.962,6.139
29890,0.853,36.186,23.637,30.03,23.258,4.947,7.041,6.138
29891,0.859,35.803,23.64,30.001,23.251,4.907,7.123,6.179
29892,0.853,35.943,23.609,30.039,23.258,4.865,7.083,6.22
29893,0.853,36.088,23.628,30.011,23.251,4.784,7.123,6.098
29894,0.836,36.119,23.644,29.991,23.237,4.702,7.043,6.138
29895,0.826,35.86,23.613,30.03,23.244,4.863,7.164,6.179
29896,0.826,36.011,23.632,30.02,23.247,4.865,7.165,6.139
29897,0.817,36.118,23.609,30.001,23.247,4.824,7.165,6.057
29898,0.8,36.177,23.667,30.011,23.24,4.824,7.165,6.178
29899,0.826,35.794,23.648,30.03,23.258,4.987,7.368,6.342
29900,0.836,35.953,23.632,30.03,23.251,4.826,7.289,6.181
29901,0.82,36.041,23.624,30.02,23.251,4.865,7.288,6.22
29902,0.817,36.099,23.605,30.039,23.251,4.865,7.288,6.22
29903,0.826,35.85,23.628,30.04,23.258,4.865,7.329,6.261
29904,0.82,35.992,23.651,30.02,23.258,4.906,7.37,6.221
29905,0.81,36.07,23.593,30.011,23.241,4.744,7.208,6.139
29906,0.8,36.128,23.624,30.03,23.244,4.823,7.369,6.219
29907,0.8,35.793,23.593,30.03,23.247,4.865,7.33,6.261
29908,0.777,35.943,23.675,30.02,23.251,4.743,7.329,6.139
29909,0.774,36.05,23.644,30.011,23.237,4.783,7.329,6.179
29910,0.774,36.08,23.648,30.03,23.251,4.905,7.532,6.383
29911,0.777,35.831,23.663,30.068,23.254,4.906,7.372,6.263
29912,0.754,35.934,23.64,30.021,23.247,4.947,7.411,6.221
29913,0.751,36.05,23.64,30.03,23.247,4.907,7.452,6.22
29914,0.738,35.85,23.601,30.049,23.254,4.906,7.452,6.302
29915,0.747,35.819,23.651,30.049,23.247,4.947,7.452,6.302
29916,0.741,35.972,23.589,30.059,23.244,4.703,7.29,6.18
29917,0.728,36.022,23.604,30.04,23.251,4.782,7.329,6.22
29918,0.747,35.667,23.651,30.03,23.251,4.824,7.41,6.22
29919,0.741,35.769,23.644,30.04,23.244,4.743,7.33,6.18
29920,0.738,35.895,23.636,30.03,23.244,4.783,7.329,6.139
29921,0.741,36.002,23.628,30.049,23.251,4.864,7.451,6.301
29922,0.747,35.773,23.628,30.078,23.265,4.987,7.574,6.343
29923,0.741,35.914,23.62,30.069,23.251,4.826,7.454,6.303
29924,0.747,36.011,23.628,30.059,23.244,4.865,7.452,6.262
29925,0.744,36.089,23.601,30.049,23.254,4.824,7.534,6.302
29926,0.747,35.745,23.616,30.068,23.258,4.865,7.616,6.262
29927,0.731,35.875,23.616,30.04,23.244,4.865,7.535,6.221
29928,0.712,35.925,23.659,30.03,23.237,4.784,7.534,6.302
29929,0.721,36.04,23.632,30.04,23.247,4.864,7.575,6.221
29930,0.724,35.84,23.62,30.03,23.244,4.743,7.535,6.261
29931,0.708,35.982,23.616,30.03,23.244,4.742,7.534,6.221
29932,0.708,36.079,23.64,30.059,23.251,4.783,7.575,6.302
29933,0.702,36.176,23.644,30.088,23.258,4.986,7.616,6.465
29934,0.698,35.621,23.616,30.059,23.251,4.866,7.535,6.345
29935,0.698,35.759,23.636,30.069,23.247,4.824,7.575,6.303
29936,0.692,35.885,23.613,30.069,23.258,4.824,7.616,6.343
29937,0.701,35.925,23.565,30.097,23.258,4.824,7.535,6.425
29938,0.711,35.791,23.627,30.069,23.247,4.783,7.534,6.263
29939,0.702,35.895,23.593,30.03,23.237,4.702,7.453,6.302
29940,0.711,36.05,23.632,30.068,23.247,4.823,7.534,6.343
29941,0.721,35.984,23.624,30.069,23.251,4.702,7.453,6.303
29942,0.728,35.82,23.609,30.05,23.24,4.66,7.412,6.262
29943,0.725,35.924,23.624,30.049,23.247,4.741,7.452,6.343
29944,0.728,36.069,23.612,30.088,23.261,4.905,7.574,6.506
29945,0.741,35.86,23.636,30.088,23.254,4.784,7.413,6.386
29946,0.741,35.925,23.624,30.078,23.251,4.783,7.452,6.385
29947,0.725,36.06,23.605,30.078,23.251,4.824,7.412,6.303
29948,0.728,36.147,23.632,30.059,23.251,4.824,7.493,6.343
29949,0.715,35.486,23.612,30.088,23.247,4.743,7.412,6.425
29950,0.695,35.624,23.628,30.05,23.24,4.661,7.289,6.304
29951,0.695,35.759,23.616,30.059,23.247,4.782,7.369,6.343
29952,0.692,35.847,23.62,30.078,23.254,4.824,7.411,6.343
29953,0.688,35.618,23.62,30.059,23.251,4.824,7.33,6.221
29954,0.688,35.759,23.628,30.059,23.247,4.743,7.329,6.342
29955,0.698,35.885,23.655,30.107,23.251,4.905,7.492,6.547
29956,0.708,36.002,23.644,30.098,23.251,4.825,7.371,6.386
29957,0.708,35.523,23.62,30.079,23.251,4.824,7.289,6.303
29958,0.702,35.691,23.636,30.078,23.251,4.783,7.329,6.384
29959,0.714,35.817,23.616,30.107,23.244,4.824,7.37,6.466
29960,0.715,35.886,23.632,30.088,23.251,4.824,7.37,6.304
29961,0.708,35.618,23.609,30.04,23.237,4.783,7.248,6.302
29962,0.721,35.75,23.671,30.088,23.251,4.783,7.328,6.302
29963,0.715,35.866,23.621,30.069,23.247,4.742,7.289,6.343
29964,0.724,35.906,23.62,30.069,23.24,4.661,7.207,6.262
29965,0.715,35.695,23.659,30.069,23.247,4.782,7.247,6.302
29966,0.721,35.856,23.636,30.174,23.261,4.946,7.328,6.506
29967,0.721,35.982,23.609,30.099,23.251,4.744,7.329,6.345
29968,0.718,36.29,23.616,30.107,23.251,4.742,7.248,6.343
29969,0.721,35.66,23.663,30.088,23.251,4.823,7.247,6.384
29970,0.715,35.798,23.66,30.107,23.251,4.824,7.288,6.385
29971,0.708,35.943,23.644,30.107,23.247,4.865,7.288,6.303
29972,0.702,35.667,23.628,30.059,23.24,4.662,7.207,6.302
29973,0.705,35.721,23.609,30.097,23.251,4.782,7.287,6.302
29974,0.698,35.847,23.632,30.107,23.247,4.742,7.207,6.302
29975,0.698,35.934,23.64,30.098,23.244,4.742,7.287,6.262
29976,0.708,35.628,23.624,30.088,23.251,4.742,7.329,6.221
29977,0.711,35.759,23.62,30.107,23.258,4.905,7.492,6.505
29978,0.728,35.885,23.616,30.117,23.254,4.825,7.371,6.345
29979,0.718,35.963,23.608,30.107,23.251,4.783,7.37,6.303
29980,0.734,35.552,23.62,30.117,23.251,4.742,7.452,6.343
29981,0.734,35.701,23.62,30.088,23.251,4.823,7.452,6.384
29982,0.734,35.837,23.612,30.117,23.251,4.865,7.371,6.222
29983,0.734,35.905,23.608,30.088,23.24,4.702,7.289,6.139
29984,0.741,35.484,23.651,30.117,23.251,4.823,7.41,6.301
29985,0.734,35.633,23.617,30.107,23.247,4.783,7.411,6.221
29986,0.744,35.769,23.597,30.098,23.247,4.702,7.33,6.22
29987,0.738,35.818,23.616,30.088,23.237,4.701,7.451,6.302
29988,0.731,35.541,23.636,30.126,23.254,4.782,7.656,6.506
29989,0.744,35.701,23.644,30.146,23.258,4.783,7.576,6.345
29990,0.715,35.798,23.605,30.108,23.251,4.783,7.575,6.343
29991,0.715,35.866,23.632,30.098,23.251,4.824,7.575,6.384
29992,0.718,35.589,23.585,30.107,23.254,4.865,7.657,6.385
29993,0.724,35.73,23.612,30.136,23.247,4.743,7.617,6.425
29994,0.718,35.808,23.647,30.089,23.244,4.661,7.535,6.263
29995,0.728,35.828,23.562,30.117,23.254,4.863,7.616,6.424
29996,0.751,35.617,23.608,30.117,23.244,4.702,7.617,6.385
29997,0.79,35.75,23.608,30.088,23.251,4.742,7.617,6.263
29998,0.819,35.828,23.659,30.098,23.24,4.701,7.576,6.384
29999,0.859,35.646,23.66,30.117,23.254,4.823,7.698,6.547
30000,0.898,35.587,23.652,30.155,23.268,4.865,7.658,6.427
30001,0.902,35.673,23.652,30.118,23.248,4.784,7.658,6.466
30002,0.928,35.789,23.609,30.127,23.251,4.783,7.576,6.507
30003,0.944,35.521,23.616,30.127,23.251,4.742,7.535,6.467
30004,0.958,35.624,23.647,30.127,23.251,4.864,7.616,6.426
30005,0.981,35.73,23.593,30.108,23.244,4.662,7.413,6.263
30006,1.01,35.818,23.608,30.117,23.244,4.782,7.493,6.343
30007,1.03,35.435,23.62,30.117,23.247,4.742,7.534,6.425
30008,1.05,35.566,23.636,30.117,23.244,4.783,7.534,6.426
30009,1.102,35.692,23.655,30.107,23.247,4.742,7.453,6.385
30010,1.148,35.789,23.621,30.127,23.251,4.783,7.534,6.547
30011,1.207,35.55,23.644,30.165,23.268,4.905,7.616,6.549
30012,1.25,35.663,23.648,30.127,23.251,4.865,7.535,6.468
30013,1.292,35.788,23.632,30.136,23.258,4.865,7.494,6.589
30014,1.312,35.857,23.644,30.136,23.258,4.824,7.453,6.59
30015,1.342,35.484,23.62,30.146,23.254,4.824,7.493,6.631
30016,1.349,35.614,23.612,30.127,23.237,4.702,7.29,6.509
30017,1.358,35.711,23.573,30.108,23.251,4.742,7.329,6.589
30018,1.385,35.779,23.659,30.136,23.247,4.742,7.289,6.631
30019,1.401,35.473,23.578,30.127,23.251,4.742,7.247,6.631
30020,1.427,35.595,23.588,30.117,23.247,4.742,7.206,6.59
30021,1.424,35.721,23.6,30.146,23.251,4.742,7.287,6.712
30022,1.428,35.789,23.597,30.175,23.265,4.945,7.329,6.754
30023,1.405,35.512,23.628,30.156,23.251,4.785,7.289,6.714
30024,1.398,35.624,23.644,30.137,23.254,4.742,7.247,6.672
30025,1.382,35.74,23.585,30.146,23.254,4.823,7.206,6.713
30026,1.339,35.856,23.596,30.156,23.258,4.824,7.247,6.754
30027,1.261,35.512,23.604,30.127,23.244,4.743,7.044,6.632
30028,1.198,35.605,23.636,30.117,23.244,4.701,7.204,6.834
30029,1.159,35.74,23.609,30.146,23.247,4.782,7.125,6.958
30030,1.077,35.463,23.616,30.137,23.251,4.661,7.043,7.0
30031,1.004,35.508,23.585,30.127,23.24,4.66,7.042,7.163
30032,0.942,35.633,23.671,30.117,23.251,4.782,7.123,7.49
30033,0.873,35.779,23.656,30.184,23.261,4.946,7.246,7.819
30034,0.781,35.435,23.621,30.146,23.254,4.744,7.125,7.985
30035,0.715,35.546,23.659,30.137,23.251,4.823,7.124,8.271
30036,0.659,35.682,23.632,30.223,23.254,4.783,7.124,8.558
30037,0.626,35.789,23.612,30.166,23.254,4.864,7.124,8.927
30038,0.584,35.397,23.616,30.146,23.251,4.784,7.002,9.012
30039,0.551,35.479,23.612,30.117,23.244,4.702,7.001,9.257
30040,0.537,35.652,23.597,30.155,23.247,4.742,7.001,9.463
30041,0.518,35.731,23.604,30.146,23.247,4.742,7.041,9.668
30042,0.521,35.396,23.628,30.137,23.244,4.701,7.001,9.711
30043,0.544,35.536,23.609,30.136,23.24,4.742,7.041,9.955
30044,0.599,35.672,23.64,30.165,23.254,4.905,7.164,10.12
30045,0.635,35.798,23.652,30.156,23.251,4.825,7.124,10.081
30046,0.655,35.445,23.605,30.165,23.254,4.783,7.083,10.203
30047,0.678,35.575,23.64,30.165,23.254,4.824,7.083,10.367
30048,0.714,35.682,23.644,30.156,23.251,4.783,7.042,10.571
30049,0.741,35.76,23.597,30.175,23.254,4.824,7.042,10.777
30050,0.747,35.511,23.585,30.146,23.24,4.621,7.001,10.738
30051,0.76,35.662,23.592,30.175,23.251,4.781,7.041,11.104
30052,0.774,35.76,23.593,30.156,23.251,4.742,7.082,11.23
30053,0.777,35.799,23.596,30.146,23.247,4.661,7.002,11.475
30054,0.767,35.406,23.62,30.156,23.244,4.7,7.001,11.802
30055,0.777,35.527,23.624,30.194,23.261,4.985,7.204,12.09
30056,0.784,35.672,23.62,30.175,23.251,4.826,7.043,12.134
30057,0.78,35.434,23.612,30.175,23.258,4.743,7.082,12.297
30058,0.787,35.422,23.644,30.175,23.254,4.701,7.042,12.38
30059,0.797,35.565,23.628,30.175,23.251,4.823,7.123,12.543
30060,0.8,35.663,23.62,30.166,23.247,4.743,7.002,12.423
30061,0.79,35.405,23.597,30.137,23.244,4.661,6.96,12.422
30062,0.79,35.537,23.585,30.156,23.251,4.782,7.082,12.544
30063,0.806,35.643,23.589,30.156,23.251,4.702,7.002,12.504
30064,0.797,35.74,23.635,30.156,23.251,4.66,7.082,12.382
30065,0.794,35.262,23.597,30.156,23.244,4.741,7.083,12.34
30066,0.803,35.439,23.608,30.185,23.254,4.823,7.286,12.421
30067,0.807,35.594,23.62,30.194,23.254,4.824,7.166,12.178
30068,0.787,35.634,23.655,30.185,23.254,4.743,7.084,12.094
30069,0.797,35.328,23.605,30.175,23.247,4.783,7.123,12.012
30070,0.784,35.469,23.589,30.194,23.251,4.824,7.165,11.889
30071,0.777,35.614,23.635,30.195,23.254,4.783,7.124,11.847
30072,0.774,35.654,23.562,30.166,23.244,4.62,7.002,11.603
30073,0.771,35.251,23.588,30.156,23.247,4.7,7.041,11.56
30074,0.77,35.41,23.651,30.165,23.254,4.701,7.042,11.478
30075,0.77,35.527,23.527,30.185,23.251,4.701,7.001,11.396
30076,0.774,35.576,23.553,30.175,23.244,4.66,7.001,11.314
30077,0.78,35.452,23.62,30.204,23.254,4.782,7.163,11.353
30078,0.8,35.604,23.659,30.214,23.265,4.783,7.084,11.151
30079,0.794,35.692,23.636,30.195,23.244,4.742,7.042,11.067
30080,0.8,35.712,23.632,30.195,23.251,4.783,7.001,10.944
30081,0.784,35.348,23.644,30.195,23.247,4.783,7.082,10.862
30082,0.81,35.488,23.601,30.204,23.247,4.783,7.042,10.78
30083,0.803,35.576,23.608,30.175,23.24,4.62,6.879,10.494
30084,0.807,35.471,23.651,30.185,23.247,4.741,6.959,10.532
30085,0.816,35.345,23.581,30.185,23.251,4.661,7.0,10.37
30086,0.816,35.478,23.612,30.175,23.251,4.7,7.001,10.206
30087,0.8,35.576,23.612,30.146,23.244,4.701,7.001,10.082
30088,0.794,35.356,23.667,30.194,23.251,4.782,7.163,10.162
30089,0.81,35.498,23.667,30.223,23.261,4.864,7.165,10.041
30090,0.8,35.614,23.613,30.185,23.244,4.743,7.084,9.918
30091,0.797,35.682,23.628,30.185,23.258,4.783,7.083,9.794
30092,0.787,35.271,23.62,30.204,23.251,4.742,7.123,9.671
30093,0.806,35.43,23.62,30.204,23.254,4.783,7.205,9.548
30094,0.784,35.527,23.628,30.175,23.251,4.661,7.084,9.344
30095,0.784,35.576,23.601,30.175,23.244,4.7,7.042,9.382
30096,0.787,35.337,23.639,30.204,23.251,4.742,7.042,9.382
30097,0.78,35.478,23.589,30.195,23.251,4.701,7.042,9.179
30098,0.793,35.595,23.643,30.185,23.24,4.62,7.042,9.055
30099,0.8,35.663,23.585,30.185,23.247,4.7,7.164,9.095
30100,0.816,35.232,23.616,30.242,23.258,4.823,7.206,9.054
30101,0.82,35.343,23.608,30.185,23.251,4.743,7.125,8.932
30102,0.81,35.488,23.608,30.233,23.251,4.783,7.124,8.809
30103,0.813,35.518,23.585,30.204,23.251,4.742,7.124,8.848
30104,0.826,35.355,23.647,30.214,23.251,4.742,7.124,8.686
30105,0.82,35.488,23.527,30.204,23.244,4.701,7.002,8.562
30106,0.807,35.595,23.576,30.175,23.247,4.62,7.082,8.602
30107,0.816,35.653,23.62,30.204,23.254,4.7,7.002,8.48
30108,0.81,35.28,23.671,30.185,23.251,4.701,7.041,8.316
30109,0.797,35.411,23.601,30.194,23.251,4.579,6.96,8.315
30110,0.8,35.527,23.628,30.204,23.247,4.7,7.041,8.274
30111,0.807,35.912,23.616,30.262,23.258,4.863,7.204,8.314
30112,0.807,35.455,23.62,30.186,23.244,4.743,7.043,8.112
30113,0.803,35.585,23.624,30.223,23.251,4.823,7.042,8.15
30114,0.803,35.682,23.616,30.224,23.251,4.743,7.123,8.191
30115,0.803,35.271,23.624,30.233,23.258,4.742,7.124,8.029
30116,0.797,35.276,23.624,30.195,23.247,4.62,7.002,7.946
30117,0.794,35.353,23.585,30.185,23.244,4.7,7.001,7.945
30118,0.806,35.488,23.6,30.223,23.251,4.66,7.082,7.945
30119,0.81,35.317,23.581,30.185,23.247,4.66,6.961,7.823
30120,0.81,35.44,23.585,30.185,23.24,4.66,7.041,7.7
30121,0.82,35.556,23.608,30.204,23.247,4.782,7.123,7.821
30122,0.83,35.701,23.62,30.223,23.254,4.864,7.165,7.822
30123,0.833,35.06,23.605,30.224,23.247,4.743,7.084,7.781
30124,0.83,35.188,23.624,30.224,23.251,4.823,7.083,7.7
30125,0.843,35.343,23.62,30.243,23.254,4.783,7.083,7.699
30126,0.843,35.411,23.632,30.224,23.251,4.742,7.083,7.618
30127,0.83,35.345,23.632,30.204,23.251,4.742,7.002,7.454
30128,0.81,35.469,23.659,30.195,23.251,4.661,7.041,7.534
30129,0.823,35.633,23.582,30.233,23.251,4.741,7.001,7.412
30130,0.8,35.654,23.589,30.195,23.247,4.742,6.96,7.411
30131,0.807,35.213,23.577,30.204,23.244,4.701,6.96,7.411
30132,0.807,35.333,23.6,30.223,23.251,4.66,7.082,7.452
30133,0.813,35.497,23.636,30.243,23.258,4.944,7.205,7.534
30134,0.823,35.547,23.616,30.224,23.258,4.744,7.003,7.372
30135,0.807,35.212,23.601,30.214,23.247,4.783,7.041,7.411
30136,0.803,35.391,23.612,30.223,23.251,4.783,7.082,7.371
30137,0.82,35.479,23.632,30.224,23.247,4.783,7.002,7.33
30138,0.833,35.518,23.652,30.224,23.251,4.742,6.919,7.126
30139,0.817,35.212,23.581,30.185,23.24,4.701,6.837,7.165
30140,0.836,35.391,23.608,30.233,23.247,4.701,6.877,7.165
30141,0.843,35.469,23.604,30.214,23.251,4.742,6.796,7.124
30142,0.836,35.24,23.612,30.223,23.244,4.701,6.877,7.124
30143,0.846,35.151,23.581,30.233,23.237,4.742,6.877,7.165
30144,0.856,35.285,23.659,30.252,23.261,4.945,7.081,7.246
30145,0.856,35.401,23.613,30.233,23.254,4.744,6.88,7.125
30146,0.849,35.182,23.581,30.224,23.254,4.823,6.837,7.083
30147,0.843,35.314,23.647,30.252,23.247,4.783,6.918,7.083
30148,0.843,35.44,23.656,30.233,23.251,4.864,6.959,7.083
30149,0.846,35.546,23.648,30.233,23.254,4.784,6.878,7.002
30150,0.83,35.106,23.609,30.195,23.24,4.62,6.755,6.879
30151,0.826,35.255,23.612,30.223,23.251,4.781,6.836,6.959
30152,0.833,35.391,23.573,30.233,23.247,4.783,6.877,6.919
30153,0.823,35.46,23.581,30.214,23.244,4.702,6.877,6.919
30154,0.817,35.173,23.631,30.223,23.251,4.742,6.877,6.919
30155,0.816,35.342,23.609,30.262,23.261,4.945,7.121,7.081
30156,0.82,35.507,23.601,30.234,23.254,4.785,6.921,6.92
30157,0.826,35.518,23.62,30.233,23.251,4.783,6.878,6.837
30158,0.836,35.145,23.636,30.243,23.247,4.864,6.959,6.918
30159,0.839,35.304,23.628,30.233,23.254,4.824,7.041,6.919
30160,0.856,35.43,23.609,30.262,23.247,4.783,6.839,6.837
30161,0.846,35.441,23.608,30.195,23.233,4.661,6.837,6.755
30162,0.853,35.096,23.616,30.242,23.251,4.782,6.918,6.836
30163,0.856,35.246,23.558,30.233,23.247,4.783,6.919,6.837
30164,0.859,35.353,23.643,30.204,23.247,4.702,6.878,6.674
30165,0.853,35.354,23.515,30.223,23.244,4.701,6.959,6.672
30166,0.869,35.21,23.588,30.262,23.254,4.823,7.082,6.875
30167,0.866,35.391,23.62,30.253,23.254,4.824,7.002,6.796
30168,0.846,35.45,23.628,30.253,23.251,4.824,7.082,6.714
30169,0.849,35.479,23.636,30.253,23.251,4.824,7.002,6.754
30170,0.853,35.173,23.616,30.262,23.247,4.865,7.001,6.754
30171,0.846,35.314,23.62,30.262,23.254,4.865,7.001,6.714
30172,0.83,35.382,23.581,30.205,23.244,4.702,6.919,6.632
30173,0.836,35.172,23.589,30.233,23.251,4.782,6.959,6.672
30174,0.83,35.247,23.639,30.233,23.244,4.702,6.96,6.713
30175,0.839,35.353,23.589,30.233,23.237,4.701,6.919,6.672
30176,0.83,35.459,23.589,30.224,23.244,4.701,6.919,6.55
30177,0.836,35.086,23.55,30.243,23.247,4.904,7.041,6.712
30178,0.865,35.265,23.635,30.262,23.261,4.825,7.001,6.672
30179,0.849,35.343,23.566,30.272,23.254,4.702,6.96,6.631
30180,0.859,35.44,23.573,30.243,23.244,4.782,7.0,6.59
30181,0.869,35.067,23.596,30.252,23.251,4.783,6.96,6.631
30182,0.866,35.217,23.597,30.329,23.254,4.783,7.041,6.631
30183,0.872,35.343,23.585,30.253,23.251,4.783,6.839,6.509
30184,0.863,35.363,23.647,30.224,23.244,4.824,6.918,6.549
30185,0.872,35.018,23.632,30.3,23.254,4.743,7.041,6.549
30186,0.876,35.159,23.585,30.234,23.247,4.742,6.92,6.59
30187,0.866,35.256,23.592,30.233,23.244,4.783,6.959,6.468
30188,0.866,35.343,23.667,30.233,23.251,4.824,7.0,6.589
30189,0.869,35.152,23.632,30.281,23.265,4.946,7.123,6.631
30190,0.859,35.256,23.62,30.262,23.258,4.785,7.002,6.631
30191,0.856,35.382,23.624,30.243,23.247,4.783,7.041,6.59
30192,0.859,35.412,23.569,30.243,23.258,4.783,7.042,6.631
30193,0.856,35.143,23.604,30.272,23.258,4.783,7.123,6.55
30194,0.853,35.275,23.624,30.253,23.247,4.661,6.839,6.508
30195,0.843,35.363,23.581,30.243,23.247,4.782,6.958,6.549
30196,0.849,35.45,23.612,30.243,23.251,4.783,6.96,6.508
30197,0.856,35.086,23.601,30.233,23.244,4.783,6.919,6.467
30198,0.862,35.207,23.651,30.243,23.251,4.742,6.837,6.467
30199,0.859,35.324,23.562,30.252,23.244,4.783,6.958,6.548
30200,0.882,35.2,23.604,30.31,23.261,4.905,7.082,6.63
30201,0.889,35.199,23.62,30.253,23.247,4.784,6.92,6.468
30202,0.885,35.343,23.628,30.272,23.247,4.742,6.919,6.467
30203,0.885,35.43,23.597,30.262,23.254,4.864,6.959,6.589
30204,0.898,35.201,23.608,30.262,23.254,4.824,6.919,6.468
30205,0.889,35.343,23.612,30.253,23.244,4.702,6.796,6.345
30206,0.882,35.43,23.597,30.243,23.247,4.782,6.917,6.466
30207,0.885,35.556,23.632,30.262,23.254,4.783,6.878,6.345
30208,0.879,34.944,23.632,30.243,23.251,4.742,6.796,6.384
30209,0.876,35.081,23.593,30.243,23.247,4.701,6.714,6.344
30210,0.876,35.198,23.604,30.272,23.247,4.782,6.794,6.425
30211,0.882,35.314,23.636,30.291,23.258,4.905,6.877,6.507
30212,0.889,34.999,23.585,30.263,23.244,4.744,6.796,6.427
30213,0.879,35.149,23.589,30.262,23.251,4.742,6.836,6.426
30214,0.882,35.265,23.62,30.262,23.251,4.783,6.796,6.385
30215,0.882,35.343,23.597,30.272,23.251,4.824,6.836,6.466
30216,0.872,34.97,23.62,30.262,23.251,4.743,6.796,6.345
30217,0.876,35.081,23.585,30.243,23.237,4.661,6.755,6.303
30218,0.885,35.207,23.671,30.262,23.254,4.741,6.795,6.384
30219,0.895,35.256,23.597,30.262,23.247,4.742,6.836,6.385
30220,0.895,34.931,23.577,30.262,23.247,4.661,6.877,6.303
30221,0.899,35.081,23.6,30.243,23.247,4.66,6.918,6.384
30222,0.912,35.217,23.589,30.281,23.261,4.904,7.122,6.507
30223,0.922,35.257,23.589,30.262,23.251,4.703,7.043,6.386
30224,0.922,35.065,23.616,30.272,23.251,4.823,7.123,6.385
30225,0.918,35.236,23.62,30.253,23.254,4.865,7.083,6.466
30226,0.922,35.333,23.608,30.272,23.251,4.824,7.205,6.345
30227,0.925,35.21,23.636,30.272,23.251,4.783,7.084,6.262
30228,0.912,35.055,23.628,30.224,23.24,4.702,7.042,6.221
30229,0.915,35.217,23.628,30.262,23.244,4.701,7.164,6.302
30230,0.909,35.314,23.612,30.262,23.254,4.66,7.165,6.262
30231,0.912,35.008,23.62,30.262,23.247,4.741,7.124,6.221
30232,0.905,35.101,23.55,30.262,23.244,4.701,7.124,6.261
30233,0.905,35.255,23.577,30.262,23.251,4.823,7.287,6.465
30234,0.912,35.372,23.639,30.31,23.261,4.865,7.329,6.345
30235,0.915,35.047,23.55,30.272,23.251,4.702,7.289,6.303
30236,0.909,35.178,23.604,30.272,23.247,4.701,7.288,6.384
30237,0.921,35.304,23.612,30.282,23.251,4.823,7.247,6.344
30238,0.941,35.392,23.651,30.282,23.258,4.783,7.288,6.343
30239,0.938,35.038,23.648,30.262,23.244,4.661,7.085,6.221
30240,0.925,35.14,23.624,30.262,23.247,4.66,7.205,6.302
30241,0.938,35.323,23.636,30.262,23.251,4.7,7.206,6.302
30242,0.951,35.392,23.542,30.262,23.247,4.701,7.125,6.302
30243,0.958,35.067,23.6,30.262,23.244,4.701,7.124,6.262
30244,0.964,35.188,23.636,30.253,23.254,4.742,7.165,6.302
30245,0.977,35.371,23.562,30.301,23.265,4.823,7.287,6.425
30246,0.974,35.402,23.584,30.263,23.251,4.743,7.207,6.263
30247,0.971,35.297,23.585,30.262,23.247,4.783,7.125,6.343
30248,0.971,35.44,23.671,30.281,23.251,4.742,7.165,6.303
30249,0.981,35.556,23.547,30.301,23.258,4.742,7.165,6.302
30250,0.968,35.596,23.588,30.253,23.247,4.661,7.002,6.221
30251,0.951,35.193,23.604,30.253,23.244,4.66,7.123,6.302
30252,0.958,35.343,23.604,30.281,23.254,4.782,7.124,6.302
30253,0.958,35.459,23.573,30.262,23.244,4.702,7.043,6.262
30254,0.961,35.748,23.6,30.253,23.247,4.701,7.123,6.302
30255,0.964,35.367,23.597,30.348,23.258,4.823,7.205,6.465
30256,0.974,35.536,23.597,30.301,23.251,4.824,7.125,6.345
30257,0.977,35.605,23.597,30.253,23.254,4.743,7.124,6.384
30258,0.984,35.366,23.632,30.272,23.247,4.783,7.165,6.385
30259,0.987,35.431,23.605,30.282,23.251,4.742,7.084,6.425
30260,1.004,35.556,23.612,30.282,23.254,4.701,7.042,6.385
30261,0.997,35.653,23.604,30.262,23.247,4.66,7.042,6.303
30262,1.004,35.424,23.616,30.262,23.251,4.782,7.042,6.302
30263,1.014,35.546,23.589,30.272,23.244,4.702,7.001,6.302
30264,1.014,35.653,23.62,30.262,23.244,4.66,6.96,6.262
30265,1.023,35.76,23.612,30.262,23.244,4.7,7.0,6.262
30266,1.03,35.588,23.585,30.291,23.261,4.863,7.163,6.465
30267,1.04,35.749,23.604,30.272,23.251,4.743,7.002,6.304
30268,1.027,35.818,23.6,30.262,23.254,4.783,7.001,6.343
30269,1.03,35.934,23.581,30.281,23.254,4.702,7.041,6.425
30270,1.02,35.686,23.62,30.282,23.254,4.782,7.123,6.385
30271,1.033,35.837,23.597,30.272,23.251,4.742,6.961,6.303
30272,1.027,35.915,23.526,30.243,23.24,4.661,6.878,6.262
30273,1.027,35.992,23.592,30.262,23.251,4.741,6.959,6.343
30274,1.023,35.859,23.6,30.262,23.244,4.701,6.919,6.303
30275,1.017,36.011,23.558,30.272,23.244,4.66,6.878,6.221
30276,1.017,36.108,23.588,30.272,23.251,4.66,6.959,6.302
30277,1.033,36.186,23.62,30.282,23.254,4.863,7.122,6.425
30278,1.053,36.024,23.636,30.272,23.251,4.662,6.961,6.304
30279,1.053,36.166,23.597,30.282,23.251,4.741,7.0,6.302
30280,1.063,36.244,23.604,30.282,23.254,4.823,7.123,6.343
30281,1.069,36.274,23.585,30.282,23.251,4.783,7.083,6.384
30282,1.079,36.197,23.577,30.291,23.251,4.702,7.042,6.263
30283,1.076,36.283,23.565,30.243,23.237,4.579,6.96,6.18
30284,1.089,36.389,23.635,30.281,23.254,4.7,7.0,6.301
30285,1.089,36.352,23.562,30.253,23.247,4.742,7.041,6.221
30286,1.089,36.351,23.6,30.253,23.244,4.62,7.082,6.22
30287,1.089,36.467,23.612,30.243,23.247,4.741,7.083,6.22
30288,1.083,36.592,23.616,30.272,23.258,4.864,7.205,6.464
30289,1.096,36.44,23.569,30.301,23.251,4.784,7.125,6.304
30290,1.083,36.496,23.6,30.263,23.254,4.742,7.165,6.262
30291,1.089,36.641,23.593,30.272,23.251,4.742,7.124,6.343
30292,1.086,36.738,23.596,30.291,23.251,4.864,7.205,6.303
30293,1.089,36.499,23.604,30.291,23.254,4.784,7.206,6.221
30294,1.079,36.602,23.636,30.263,23.237,4.661,7.084,6.139
30295,1.076,36.738,23.581,30.272,23.247,4.741,7.164,6.219
30296,1.086,36.835,23.573,30.282,23.247,4.742,7.165,6.22
30297,1.092,36.692,23.624,30.262,23.247,4.701,7.084,6.139
30298,1.089,36.815,23.651,30.243,23.24,4.701,7.164,6.138
30299,1.109,36.97,23.589,30.291,23.254,4.823,7.287,6.341
30300,1.125,37.067,23.593,30.291,23.254,4.783,7.166,6.181
30301,1.116,36.771,23.604,30.272,23.258,4.824,7.206,6.261
30302,1.115,36.902,23.597,30.282,23.251,4.824,7.287,6.221
30303,1.125,37.019,23.585,30.291,23.254,4.824,7.288,6.22
30304,1.129,37.049,23.624,30.272,23.251,4.824,7.207,6.22
30305,1.129,37.001,23.616,30.262,23.237,4.702,7.084,6.058
30306,1.125,37.135,23.585,30.253,23.247,4.823,7.205,6.219
30307,1.125,37.242,23.628,30.272,23.244,4.824,7.165,6.139
30308,1.119,37.252,23.636,30.262,23.244,4.702,7.084,6.138
30309,1.115,36.993,23.605,30.262,23.24,4.701,7.123,6.219
30310,1.096,37.135,23.55,30.291,23.258,4.863,7.327,6.22
30311,1.119,37.261,23.6,30.301,23.258,4.784,7.207,6.18
30312,1.109,37.339,23.6,30.272,23.254,4.783,7.206,6.139
30313,1.109,37.253,23.558,30.253,23.251,4.824,7.206,6.26
30314,1.096,37.348,23.631,30.281,23.251,4.824,7.247,6.262
30315,1.096,37.464,23.609,30.282,23.254,4.865,7.288,6.221
30316,1.096,37.178,23.554,30.262,23.247,4.662,7.004,6.058
30317,1.096,37.242,23.631,30.272,23.247,4.822,7.123,6.219
30318,1.122,37.406,23.628,30.262,23.24,4.783,7.246,6.22
30319,1.112,37.474,23.62,30.272,23.244,4.742,7.125,6.18
30320,1.119,37.322,23.616,30.243,23.244,4.701,7.083,6.179
30321,1.115,37.445,23.589,30.272,23.254,4.782,7.286,6.342
30322,1.128,37.59,23.62,30.32,23.258,4.905,7.247,6.303
30323,1.122,37.658,23.569,30.272,23.254,4.784,7.247,6.302
30324,1.109,37.429,23.635,30.272,23.258,4.824,7.206,6.221
30325,1.112,37.551,23.613,30.262,23.247,4.824,7.247,6.302
30326,1.109,37.696,23.577,30.291,23.254,4.865,7.288,6.18
30327,1.099,37.755,23.628,30.263,23.244,4.702,7.166,6.098
30328,1.083,37.459,23.612,30.262,23.247,4.782,7.328,6.219
30329,1.076,37.638,23.62,30.272,23.251,4.742,7.329,6.22
30330,1.063,37.745,23.589,30.262,23.247,4.701,7.289,6.22
30331,1.05,37.794,23.589,30.262,23.247,4.742,7.288,6.18
30332,1.037,37.555,23.62,30.262,23.254,4.823,7.369,6.179
30333,1.04,37.716,23.573,30.291,23.258,4.987,7.452,6.261
30334,1.03,37.803,23.612,30.263,23.247,4.866,7.371,6.262
30335,1.017,37.814,23.608,30.281,23.251,4.824,7.37,6.221
30336,1.004,37.68,23.565,30.282,23.251,4.824,7.411,6.302
30337,1.01,37.822,23.635,30.272,23.254,4.824,7.452,6.262
30338,1.01,37.891,23.601,30.272,23.254,4.743,7.33,6.18
30339,0.994,38.131,23.589,30.224,23.24,4.661,7.289,6.139
30340,0.991,37.654,23.6,30.271,23.251,4.782,7.329,6.179
30341,0.994,37.764,23.597,30.272,23.24,4.783,7.289,6.22
30342,0.987,37.871,23.6,30.243,23.247,4.742,7.329,6.18
30343,0.974,37.728,23.554,30.243,23.244,4.823,7.329,6.22
30344,0.977,37.794,23.631,30.281,23.261,4.905,7.41,6.302
30345,0.977,37.948,23.601,30.291,23.254,4.825,7.371,6.14
30346,0.971,38.007,23.577,30.263,23.254,4.865,7.452,6.138
30347,0.951,37.672,23.628,30.262,23.244,4.824,7.412,6.179
30348,0.945,37.774,23.624,30.262,23.254,4.824,7.411,6.301
30349,0.932,37.91,23.624,30.272,23.258,4.783,7.289,6.18
30350,0.912,37.949,23.589,30.234,23.244,4.702,7.288,6.098
30351,0.895,37.537,23.585,30.252,23.254,4.782,7.288,6.178
30352,0.892,37.687,23.577,30.262,23.247,4.783,7.288,6.22
30353,0.886,37.774,23.573,30.262,23.251,4.783,7.207,6.058
30354,0.872,37.852,23.647,30.262,23.24,4.824,7.287,6.219
30355,0.872,37.699,23.593,30.301,23.265,4.946,7.369,6.302
30356,0.869,37.832,23.577,30.272,23.251,4.825,7.208,6.221
30357,0.869,37.891,23.612,30.262,23.254,4.865,7.206,6.18
30358,0.863,37.959,23.597,30.262,23.254,4.865,7.287,6.179
30359,0.869,37.739,23.538,30.281,23.254,4.906,7.329,6.22
30360,0.869,37.88,23.584,30.253,23.244,4.744,7.085,6.098
30361,0.853,37.949,23.557,30.262,23.251,4.661,7.205,6.097
30362,0.859,38.017,23.608,30.262,23.251,4.822,7.206,6.138
30363,0.862,40.367,23.565,30.272,23.251,4.743,7.125,6.098
30364,0.859,40.477,23.616,30.262,23.244,4.783,7.083,6.056
30365,0.846,40.564,23.597,30.243,23.244,4.824,7.205,6.097
30366,0.862,40.594,23.608,30.281,23.258,4.946,7.287,6.219
30367,0.859,36.49,23.647,30.282,23.244,4.825,7.166,6.139
30368,0.836,36.554,23.617,30.262,23.251,4.824,7.124,6.179
30369,0.826,36.699,23.605,30.262,23.251,4.824,7.205,6.139
30370,0.82,37.602,23.558,30.262,23.258,4.905,7.206,6.179
30371,0.823,38.196,23.569,30.253,23.251,4.825,7.125,6.098
30372,0.8,38.297,23.538,30.224,23.24,4.661,7.043,6.138
30373,0.807,38.423,23.584,30.243,23.254,4.7,7.123,6.138
30374,0.794,37.494,23.639,30.252,23.251,4.782,7.124,6.179
30375,0.79,37.494,23.554,30.253,23.244,4.783,7.124,6.139
30376,0.78,37.629,23.577,30.243,23.244,4.742,7.124,6.219
30377,0.787,37.726,23.612,30.262,23.261,4.864,7.246,6.302
30378,0.803,37.794,23.632,30.272,23.251,4.824,7.166,6.18
30379,0.787,37.9,23.562,30.272,23.251,4.865,7.165,6.139
30380,0.79,38.007,23.561,30.262,23.254,4.784,7.165,6.138
30381,0.793,38.094,23.569,30.272,23.251,4.864,7.206,6.219
30382,0.797,37.52,23.588,30.262,23.254,4.865,7.125,6.139
30383,0.787,37.629,23.546,30.224,23.24,4.662,6.961,6.057
30384,0.8,37.755,23.616,30.243,23.251,4.741,7.041,6.137
30385,0.8,37.833,23.605,30.243,23.247,4.701,7.042,6.057
30386,0.807,37.651,23.585,30.233,23.244,4.701,7.042,5.975
30387,0.79,37.784,23.624,30.233,23.244,4.742,6.96,6.177
30388,0.787,37.89,23.64,30.262,23.254,4.864,7.204,6.22
30389,0.787,37.987,23.511,30.291,23.254,4.784,7.043,6.139
30390,0.774,37.595,23.584,30.272,23.251,4.783,7.042,6.138
30391,0.761,37.735,23.612,30.253,23.254,4.864,7.001,6.179
30392,0.757,37.842,23.523,30.262,23.251,4.824,7.041,6.179
30393,0.774,37.891,23.553,30.262,23.254,4.824,7.001,6.179
30394,0.754,37.613,23.627,30.243,23.24,4.743,6.838,6.017
30395,0.751,37.764,23.542,30.262,23.251,4.823,6.918,6.178
30396,0.754,37.871,23.573,30.253,23.254,4.783,6.878,6.139
30397,0.761,38.016,23.6,30.233,23.244,4.783,6.837,6.098
30398,0.767,37.528,23.624,30.224,23.24,4.742,6.877,6.138
30399,0.757,37.648,23.577,30.262,23.258,4.783,6.959,6.26
30400,0.78,37.784,23.604,30.281,23.265,4.905,6.96,6.18
30401,0.777,37.526,23.604,30.243,23.251,4.744,6.919,6.139
30402,0.787,37.61,23.608,30.262,23.251,4.823,6.959,6.138
30403,0.787,37.735,23.562,30.243,23.254,4.783,6.878,6.219
30404,0.793,37.823,23.631,30.262,23.251,4.864,6.959,6.139
30405,0.793,37.526,23.605,30.224,23.244,4.702,6.756,6.098
30406,0.78,37.619,23.554,30.224,23.251,4.701,6.876,6.138
30407,0.787,37.774,23.596,30.243,23.247,4.742,6.837,6.138
30408,0.774,37.842,23.6,30.252,23.247,4.783,6.918,6.138
30409,0.774,37.431,23.554,30.243,23.247,4.702,6.878,6.138
30410,0.764,37.561,23.565,30.243,23.254,4.823,7.0,6.26
30411,0.774,37.725,23.596,30.281,23.261,4.905,7.082,6.221
30412,0.767,37.794,23.581,30.291,23.251,4.825,7.083,6.18
30413,0.754,37.507,23.573,30.243,23.251,4.865,7.042,6.179
30414,0.757,37.648,23.635,30.252,23.258,4.824,7.164,6.179
30415,0.754,37.774,23.605,30.281,23.254,4.824,7.084,6.139
30416,0.754,37.814,23.589,30.243,23.254,4.743,7.002,6.016
30417,0.748,37.498,23.6,30.214,23.244,4.701,7.082,6.096
30418,0.764,37.657,23.636,30.252,23.247,4.782,7.123,6.097
30419,0.77,37.765,23.531,30.253,23.244,4.742,7.083,6.138
30420,0.777,37.814,23.553,30.233,23.251,4.661,7.123,6.138
30421,0.774,37.469,23.608,30.233,23.244,4.741,7.083,6.098
30422,0.793,37.648,23.585,30.262,23.268,4.945,7.205,6.3
30423,0.793,37.764,23.581,30.243,23.251,4.825,7.084,6.221
30424,0.793,37.737,23.6,30.243,23.251,4.824,7.123,6.139
30425,0.797,37.449,23.581,30.243,23.251,4.905,7.165,6.179
30426,0.8,37.561,23.612,30.252,23.261,4.865,7.206,6.179
30427,0.784,37.677,23.597,30.233,23.251,4.824,7.084,6.098
30428,0.777,37.467,23.6,30.214,23.237,4.743,7.083,6.178
30429,0.777,37.475,23.612,30.233,23.251,4.742,7.123,6.22
30430,0.784,37.6,23.597,30.243,23.247,4.783,7.124,6.18
30431,0.774,37.687,23.585,30.224,23.251,4.661,7.083,6.098
30432,0.771,37.372,23.569,30.214,23.244,4.7,7.123,6.178
30433,0.774,37.512,23.577,30.262,23.261,4.904,7.287,6.383
30434,0.774,37.638,23.628,30.253,23.251,4.784,7.207,6.141
30435,0.767,37.707,23.601,30.243,23.251,4.824,7.165,6.219
30436,0.757,37.458,23.589,30.243,23.251,4.824,7.124,6.302
30437,0.777,37.58,23.624,30.243,23.254,4.865,7.083,6.221
30438,0.787,37.697,23.628,30.224,23.247,4.743,7.042,6.139
30439,0.771,37.736,23.585,30.204,23.24,4.661,7.042,6.138
30440,0.79,37.353,23.577,30.214,23.244,4.782,7.082,6.301
30441,0.787,37.483,23.581,30.223,23.254,4.742,7.083,6.18
30442,0.787,37.6,23.487,30.224,23.247,4.742,7.042,6.22
30443,0.784,37.649,23.572,30.214,23.247,4.742,7.123,6.261
30444,0.806,37.467,23.62,30.233,23.261,4.905,7.327,6.343
30445,0.816,37.609,23.593,30.233,23.254,4.784,7.126,6.221
30446,0.803,37.697,23.596,30.214,23.258,4.783,7.124,6.22
30447,0.807,37.727,23.6,30.214,23.251,4.824,7.205,6.22
30448,0.8,37.334,23.636,30.223,23.258,4.783,7.247,6.22
30449,0.794,37.454,23.531,30.233,23.251,4.783,7.166,6.18
30450,0.78,37.532,23.557,30.204,23.244,4.661,7.124,6.139
30451,0.774,37.581,23.565,30.233,23.251,4.822,7.165,6.26
30452,0.784,37.399,23.565,30.224,23.247,4.865,7.206,6.18
30453,0.774,37.532,23.569,30.204,23.247,4.702,7.125,6.139
30454,0.777,37.61,23.612,30.214,23.244,4.782,7.205,6.219
30455,0.777,37.591,23.604,30.31,23.261,4.986,7.369,6.424
30456,0.78,37.457,23.554,30.234,23.247,4.785,7.086,6.304
30457,0.78,37.542,23.631,30.204,23.251,4.824,7.164,6.302
30458,0.787,37.639,23.659,30.214,23.251,4.824,7.165,6.302
30459,0.787,37.333,23.531,30.243,23.254,4.865,7.165,6.343
30460,0.8,37.406,23.569,30.205,23.244,4.784,7.084,6.14
30461,0.787,37.503,23.557,30.204,23.24,4.742,7.083,6.26
30462,0.793,37.629,23.581,30.204,23.244,4.783,7.083,6.302
30463,0.803,37.314,23.581,30.195,23.244,4.702,7.083,6.18
30464,0.8,37.416,23.585,30.175,23.24,4.742,6.961,6.098
30465,0.807,37.532,23.604,30.194,23.247,4.742,7.082,6.219
30466,0.82,37.667,23.581,30.242,23.265,4.986,7.245,6.342
30467,0.82,37.343,23.663,30.195,23.251,4.785,7.125,6.221
30468,0.797,37.464,23.601,30.223,23.247,4.824,7.043,6.261
30469,0.79,37.6,23.604,30.224,23.251,4.783,7.042,6.221
30470,0.784,37.649,23.585,30.224,23.254,4.864,7.042,6.302
30471,0.78,37.304,23.585,30.214,23.247,4.784,7.042,6.221
30472,0.777,37.416,23.569,30.166,23.247,4.702,6.96,6.18
30473,0.777,37.551,23.569,30.194,23.254,4.823,6.878,6.261
30474,0.774,37.6,23.612,30.204,23.247,4.824,6.918,6.18
30475,0.761,37.275,23.597,30.195,23.244,4.702,6.919,6.139
30476,0.754,37.396,23.55,30.185,23.244,4.742,6.919,6.219
30477,0.774,37.522,23.608,30.214,23.254,4.905,7.081,6.383
30478,0.797,37.581,23.647,30.214,23.251,4.865,6.961,6.222
30479,0.79,37.409,23.636,30.204,23.251,4.824,6.96,6.22
30480,0.787,37.541,23.609,30.195,23.251,4.824,7.041,6.22
30481,0.787,37.639,23.585,30.204,23.254,4.824,7.082,6.261
30482,0.793,37.994,23.589,30.214,23.254,4.824,6.961,6.18
30483,0.8,37.336,23.553,30.185,23.234,4.702,6.797,6.057
30484,0.803,37.435,23.588,30.185,23.251,4.782,6.958,6.178
30485,0.807,37.58,23.577,30.175,23.244,4.783,6.96,6.139
30486,0.807,37.332,23.542,30.175,23.244,4.742,6.96,6.138
30487,0.8,37.358,23.608,30.185,23.244,4.701,6.96,6.219
30488,0.784,37.493,23.597,30.204,23.261,4.863,7.122,6.342
30489,0.8,37.629,23.612,30.233,23.258,4.865,6.961,6.221
30490,0.79,37.198,23.554,30.176,23.251,4.743,7.082,6.18
30491,0.793,37.328,23.62,30.185,23.254,4.823,7.042,6.261
30492,0.784,37.445,23.608,30.194,23.251,4.824,6.96,6.221
30493,0.787,37.551,23.569,30.195,23.254,4.865,7.041,6.18
30494,0.777,37.332,23.62,30.166,23.24,4.662,6.839,6.057
30495,0.758,37.435,23.597,30.185,23.244,4.822,6.999,6.137
30496,0.764,37.59,23.569,30.194,23.247,4.743,6.96,6.179
30497,0.774,37.649,23.549,30.175,23.247,4.742,6.838,6.139
30498,0.784,37.227,23.608,30.166,23.247,4.742,6.918,6.057
30499,0.78,37.377,23.546,30.194,23.254,4.823,6.959,6.3
30500,0.8,37.541,23.588,30.214,23.265,4.865,7.0,6.18
30501,0.8,37.581,23.596,30.195,23.248,4.824,6.96,6.179
30502,0.797,37.179,23.581,30.185,23.251,4.783,6.878,6.22
30503,0.8,37.319,23.596,30.185,23.258,4.824,6.877,6.302
30504,0.803,37.416,23.581,30.194,23.251,4.865,6.877,6.302
30505,0.81,37.484,23.573,30.175,23.251,4.702,6.755,6.14
30506,0.803,37.159,23.565,30.166,23.24,4.782,6.795,6.138
30507,0.803,37.309,23.608,30.175,23.254,4.824,6.836,6.138
30508,0.784,37.397,23.612,30.175,23.251,4.783,6.796,6.219
30509,0.787,37.417,23.565,30.156,23.244,4.702,6.755,6.098
30510,0.784,37.283,23.561,30.175,23.251,4.782,6.876,6.219
30511,0.793,37.444,23.6,30.194,23.261,4.905,6.918,6.22
30512,0.78,37.523,23.581,30.185,23.251,4.825,6.878,6.22
30513,0.777,37.322,23.577,30.166,23.251,4.824,6.877,6.22
30514,0.774,37.215,23.596,30.175,23.247,4.865,6.918,6.22
30515,0.78,37.357,23.597,30.194,23.251,4.865,6.878,6.22
30516,0.774,37.435,23.573,30.175,23.244,4.702,6.715,6.098
30517,0.767,37.149,23.592,30.146,23.244,4.742,6.876,6.178
30518,0.777,37.29,23.596,30.156,23.254,4.823,6.837,6.139
30519,0.771,37.406,23.55,30.165,23.247,4.743,6.837,6.138
30520,0.78,37.484,23.573,30.165,23.247,4.661,6.837,6.138
30521,0.784,37.015,23.569,30.156,23.251,4.822,6.918,6.26
30522,0.8,37.202,23.604,30.204,23.261,4.905,7.0,6.302
30523,0.8,37.3,23.569,30.175,23.251,4.825,6.96,6.18
30524,0.8,37.368,23.585,30.166,23.251,4.824,6.96,6.179
30525,0.803,37.081,23.585,30.156,23.254,4.783,6.96,6.179
30526,0.803,37.222,23.561,30.175,23.254,4.824,7.041,6.139
30527,0.797,37.329,23.62,30.156,23.251,4.702,6.96,6.138
30528,0.777,37.368,23.585,30.137,23.251,4.742,7.0,6.098
30529,0.793,37.042,23.581,30.156,23.251,4.742,7.041,6.178
30530,0.78,37.164,23.561,30.146,23.247,4.742,7.082,6.098
30531,0.774,37.261,23.542,30.146,23.244,4.701,7.042,6.016
30532,0.767,37.31,23.576,30.146,23.251,4.701,6.96,6.096
30533,0.78,37.751,23.581,30.165,23.258,4.863,7.244,6.341
30534,0.78,37.9,23.585,30.165,23.251,4.824,7.084,6.221
30535,0.767,37.988,23.589,30.165,23.254,4.743,7.083,6.18
30536,0.764,38.027,23.557,30.165,23.254,4.783,7.123,6.261
30537,0.77,36.618,23.627,30.146,23.254,4.742,7.083,6.221
30538,0.783,36.766,23.597,30.156,23.251,4.742,7.083,6.139
30539,0.771,36.854,23.554,30.146,23.237,4.661,6.961,6.098
30540,0.774,37.172,23.596,30.175,23.251,4.741,6.96,6.219
30541,0.787,37.232,23.569,30.137,23.251,4.701,7.0,6.18
30542,0.78,37.348,23.585,30.146,23.244,4.782,7.041,6.139
30543,0.774,37.445,23.565,30.127,23.24,4.702,7.042,6.219
30544,0.79,36.909,23.616,30.156,23.258,4.823,7.204,6.383
30545,0.8,36.942,23.616,30.175,23.254,4.783,7.043,6.181
30546,0.79,37.038,23.573,30.137,23.247,4.783,7.123,6.22
30547,0.797,37.135,23.62,30.146,23.247,4.783,7.083,6.261
30548,0.784,37.078,23.608,30.146,23.247,4.742,7.083,6.262
30549,0.777,37.231,23.573,30.194,23.254,4.783,7.083,6.262
30550,0.774,37.329,23.565,30.108,23.24,4.661,6.88,6.099
30551,0.767,37.416,23.565,30.155,23.244,4.782,7.04,6.219
30552,0.774,36.87,23.584,30.137,23.251,4.742,7.001,6.22
30553,0.771,36.989,23.55,30.117,23.247,4.742,7.041,6.18
30554,0.754,37.106,23.584,30.136,23.244,4.742,7.123,6.301
30555,0.761,37.212,23.608,30.165,23.265,4.905,7.205,6.302
30556,0.761,37.003,23.565,30.156,23.251,4.744,7.043,6.262
30557,0.764,37.106,23.616,30.137,23.251,4.783,7.123,6.262
30558,0.78,37.212,23.64,30.136,23.251,4.864,7.165,6.262
30559,0.777,37.309,23.609,30.156,23.251,4.784,7.206,6.221
30560,0.78,36.927,23.597,30.137,23.251,4.702,7.043,6.139
30561,0.777,37.038,23.557,30.089,23.247,4.782,7.123,6.26
30562,0.774,37.145,23.577,30.117,23.251,4.783,7.124,6.139
30563,0.787,37.184,23.588,30.127,23.251,4.783,7.083,6.219
30564,0.784,36.964,23.526,30.108,23.24,4.702,7.083,6.139
30565,0.787,37.096,23.565,30.127,23.247,4.782,7.123,6.219
30566,0.803,37.251,23.588,30.156,23.261,4.905,7.205,6.261
30567,0.79,37.233,23.589,30.137,23.247,4.744,7.125,6.18
30568,0.774,37.003,23.542,30.146,23.251,4.783,7.205,6.22
30569,0.771,37.125,23.584,30.137,23.251,4.783,7.165,6.22
30570,0.777,37.251,23.612,30.136,23.261,4.824,7.124,6.302
30571,0.767,37.051,23.585,30.108,23.247,4.702,6.961,6.099
30572,0.757,37.01,23.557,30.107,23.244,4.782,7.041,6.178
30573,0.764,37.173,23.553,30.107,23.254,4.742,7.001,6.179
30574,0.754,37.242,23.577,30.117,23.247,4.783,7.041,6.139
30575,0.754,36.888,23.581,30.127,23.244,4.661,6.92,6.219
30576,0.744,36.99,23.526,30.117,23.247,4.741,7.081,6.261
30577,0.764,37.154,23.588,30.146,23.261,4.945,7.205,6.343
30578,0.761,37.203,23.6,30.117,23.254,4.785,7.003,6.221
30579,0.767,36.887,23.589,30.127,23.244,4.824,6.96,6.22
30580,0.767,37.038,23.589,30.127,23.258,4.783,7.0,6.18
30581,0.777,37.164,23.581,30.146,23.258,4.824,7.001,6.261
30582,0.78,37.242,23.589,30.117,23.251,4.824,6.919,6.058
30583,0.771,36.926,23.6,30.088,23.244,4.702,6.959,6.219
30584,0.783,37.096,23.534,30.117,23.244,4.782,7.0,6.22
30585,0.784,37.212,23.569,30.107,23.244,4.824,7.041,6.098
30586,0.784,37.261,23.581,30.107,23.237,4.743,6.879,6.056
30587,0.777,36.859,23.596,30.117,23.247,4.823,7.04,6.219
30588,0.777,37.009,23.534,30.155,23.261,4.946,7.245,6.383
30589,0.774,37.125,23.545,30.108,23.251,4.825,7.125,6.181
30590,0.764,37.174,23.58,30.117,23.251,4.824,7.124,6.139
30591,0.77,37.05,23.569,30.107,23.251,4.905,7.205,6.219
30592,0.757,37.202,23.487,30.127,23.254,4.784,7.165,6.261
30593,0.754,37.281,23.545,30.108,23.24,4.661,7.084,6.099
30594,0.738,37.262,23.608,30.088,23.251,4.782,7.205,6.219
30595,0.741,36.85,23.581,30.174,23.251,4.783,7.287,6.22
30596,0.741,36.98,23.553,30.118,23.247,4.742,7.207,6.139
30597,0.744,37.067,23.588,30.098,23.244,4.701,7.165,6.179
30598,0.751,37.107,23.565,30.107,23.254,4.782,7.287,6.301
30599,0.764,37.107,23.538,30.155,23.261,4.905,7.329,6.302
30600,0.764,37.184,23.557,30.108,23.254,4.784,7.289,6.221
30601,0.764,37.29,23.573,30.107,23.247,4.824,7.247,6.261
30602,0.774,36.812,23.596,30.107,23.251,4.783,7.247,6.262
30603,0.784,36.883,23.6,30.107,23.247,4.783,7.288,6.302
30604,0.777,36.999,23.554,30.079,23.244,4.702,7.125,6.058
30605,0.777,37.077,23.577,30.098,23.247,4.782,7.205,6.178
30606,0.787,36.896,23.592,30.088,23.244,4.742,7.247,6.098
30607,0.774,37.019,23.62,30.078,23.251,4.701,7.125,6.219
30608,0.764,37.135,23.503,30.078,23.244,4.66,7.165,6.139
30609,0.77,37.213,23.568,30.107,23.251,4.782,7.246,6.341
30610,0.777,36.926,23.581,30.136,23.261,4.864,7.288,6.221
30611,0.761,37.028,23.569,30.108,23.247,4.784,7.288,6.22
30612,0.757,37.154,23.581,30.155,23.254,4.824,7.288,6.22
30613,0.754,37.222,23.53,30.127,23.251,4.783,7.329,6.302
30614,0.748,36.849,23.619,30.108,23.254,4.783,7.289,6.302
30615,0.741,36.98,23.585,30.146,23.244,4.702,7.125,6.14
30616,0.734,37.096,23.561,30.089,23.251,4.701,7.327,6.26
30617,0.741,37.164,23.6,30.098,23.254,4.823,7.329,6.221
30618,0.747,36.935,23.589,30.088,23.244,4.743,7.207,6.139
30619,0.744,37.076,23.514,30.078,23.244,4.701,7.287,6.26
30620,0.754,37.183,23.549,30.107,23.251,4.904,7.369,6.302
30621,0.774,37.252,23.573,30.127,23.251,4.744,7.248,6.221
30622,0.764,36.917,23.561,30.088,23.251,4.823,7.288,6.22
30623,0.774,37.047,23.584,30.098,23.254,4.743,7.247,6.302
30624,0.774,37.154,23.581,30.088,23.258,4.823,7.288,6.302
30625,0.774,37.481,23.565,30.117,23.251,4.824,7.207,6.262
30626,0.767,36.967,23.588,30.05,23.24,4.661,7.125,6.18
30627,0.761,37.086,23.616,30.078,23.247,4.741,7.327,6.179
30628,0.754,37.193,23.55,30.098,23.247,4.742,7.207,6.139
30629,0.761,36.897,23.557,30.069,23.247,4.742,7.287,6.138
30630,0.751,36.923,23.565,30.069,23.244,4.742,7.369,6.219
30631,0.751,37.057,23.6,30.088,23.258,4.905,7.492,6.342
30632,0.754,37.193,23.577,30.107,23.254,4.825,7.371,6.221
30633,0.748,36.753,23.573,30.088,23.258,4.783,7.37,6.261
30634,0.751,36.864,23.6,30.098,23.258,4.824,7.411,6.302
30635,0.741,36.999,23.581,30.088,23.254,4.865,7.452,6.302
30636,0.744,37.096,23.553,30.088,23.251,4.784,7.452,6.262
30637,0.734,36.867,23.58,30.059,23.24,4.661,7.33,6.139
30638,0.751,37.018,23.612,30.078,23.244,4.782,7.37,6.219
30639,0.751,37.135,23.491,30.088,23.247,4.783,7.452,6.18
30640,0.754,37.203,23.56,30.069,23.244,4.783,7.412,6.22
30641,0.757,36.82,23.581,30.078,23.244,4.742,7.452,6.22
30642,0.764,36.999,23.561,30.088,23.258,4.864,7.615,6.342
30643,0.777,37.144,23.588,30.098,23.247,4.865,7.535,6.221
30644,0.767,37.146,23.553,30.079,23.251,4.784,7.494,6.18
30645,0.774,36.762,23.565,30.069,23.251,4.824,7.575,6.22
30646,0.767,36.883,23.581,30.069,23.254,4.824,7.616,6.22
30647,0.777,37.018,23.592,30.088,23.254,4.824,7.617,6.22
30648,0.758,37.039,23.55,30.059,23.244,4.661,7.535,6.139
30649,0.748,36.924,23.569,30.059,23.251,4.822,7.616,6.219
30650,0.751,37.076,23.569,30.069,23.258,4.824,7.617,6.18
30651,0.744,37.174,23.6,30.059,23.244,4.783,7.617,6.139
30652,0.747,37.223,23.573,30.069,23.254,4.702,7.617,6.138
30653,0.744,36.811,23.592,30.097,23.261,4.863,7.82,6.301
30654,0.747,36.941,23.589,30.088,23.251,4.784,7.659,6.221
30655,0.731,37.019,23.577,30.098,23.254,4.783,7.698,6.18
30656,0.741,36.876,23.561,30.088,23.254,4.864,7.74,6.22
30657,0.747,36.827,23.608,30.078,23.247,4.824,7.74,6.22
30658,0.751,36.97,23.581,30.078,23.251,4.824,7.74,6.098
30659,0.748,37.019,23.55,30.03,23.237,4.702,7.618,6.016
30660,0.757,36.818,23.577,30.068,23.254,4.742,7.698,6.137
30661,0.757,36.922,23.6,30.059,23.251,4.742,7.658,6.138
30662,0.761,37.038,23.597,30.059,23.247,4.742,7.617,6.138
30663,0.764,37.116,23.597,30.059,23.247,4.742,7.739,6.26
30664,0.77,36.743,23.538,30.088,23.265,4.986,7.781,6.18
30665,0.783,36.873,23.58,30.05,23.251,4.704,7.7,6.139
30666,0.78,36.99,23.604,30.049,23.251,4.782,7.658,6.138
30667,0.771,37.067,23.608,30.068,23.254,4.824,7.698,6.219
30668,0.761,36.742,23.562,30.078,23.251,4.824,7.699,6.18
30669,0.761,36.873,23.557,30.05,23.244,4.743,7.577,5.935
30670,0.741,36.951,23.596,30.03,23.247,4.701,7.535,6.096
30671,0.744,37.038,23.608,30.03,23.247,4.782,7.575,6.097
30672,0.747,36.694,23.585,30.049,23.251,4.783,7.535,6.097
30673,0.744,36.806,23.596,30.04,23.247,4.702,7.494,6.056
30674,0.738,36.931,23.522,30.049,23.247,4.823,7.575,6.097
30675,0.751,37.019,23.58,30.078,23.261,4.905,7.698,6.26
30676,0.754,36.78,23.573,30.059,23.251,4.784,7.496,6.18
30677,0.735,36.883,23.604,30.049,23.251,4.824,7.575,6.139
30678,0.747,36.999,23.561,30.059,23.254,4.783,7.535,6.098
30679,0.754,37.039,23.534,30.078,23.251,4.783,7.534,6.138
30680,0.754,36.684,23.565,30.059,23.251,4.824,7.494,6.057
30681,0.757,36.786,23.557,30.03,23.24,4.702,7.412,6.056
30682,0.764,36.922,23.565,30.059,23.258,4.782,7.452,6.137
30683,0.77,36.942,23.561,30.04,23.247,4.742,7.412,6.098
30684,0.767,36.703,23.542,30.03,23.24,4.661,7.411,6.097
30685,0.767,36.825,23.584,30.03,23.251,4.782,7.411,6.016
30686,0.774,36.941,23.596,30.059,23.258,4.905,7.574,6.3
30687,0.777,36.683,23.632,30.059,23.251,4.744,7.454,6.099
30688,0.758,36.738,23.55,30.04,23.247,4.864,7.412,6.178
30689,0.757,36.864,23.545,30.049,23.251,4.743,7.33,6.179
30690,0.757,36.98,23.545,30.049,23.258,4.783,7.41,6.22
30691,0.751,36.636,23.537,30.068,23.251,4.702,7.33,6.139
30692,0.741,36.757,23.533,30.03,23.244,4.782,7.207,6.098
30693,0.741,36.873,23.541,30.03,23.251,4.783,7.328,6.178
30694,0.734,36.961,23.561,30.04,23.251,4.783,7.289,6.179
30695,0.747,36.521,23.573,30.03,23.244,4.702,7.207,6.057
30696,0.734,36.65,23.565,30.03,23.251,4.742,7.247,6.097
30697,0.738,36.776,23.635,30.049,23.258,4.823,7.41,6.26
30698,0.76,36.893,23.573,30.059,23.258,4.783,7.33,6.139
30699,0.748,36.587,23.549,30.04,23.247,4.824,7.289,6.098
30700,0.751,36.699,23.577,30.04,23.251,4.743,7.288,6.138
30701,0.761,36.844,23.557,30.059,23.254,4.783,7.288,6.179
30702,0.761,36.903,23.577,30.049,23.247,4.824,7.288,6.179
30703,0.754,36.578,23.588,30.001,23.237,4.702,7.207,6.057
30704,0.774,36.708,23.518,30.03,23.254,4.742,7.287,6.137
30705,0.777,36.844,23.568,30.03,23.244,4.783,7.207,6.098
30706,0.774,36.855,23.592,30.04,23.24,4.742,7.206,6.016
30707,0.761,36.615,23.573,30.011,23.244,4.701,7.206,6.056
30708,0.754,36.786,23.585,30.106,23.254,4.863,7.328,6.3
30709,0.764,36.922,23.538,30.069,23.258,4.743,7.207,6.099
30710,0.748,37.096,23.561,30.04,23.251,4.783,7.165,6.097
30711,0.744,36.589,23.581,30.02,23.251,4.783,7.124,6.097
30712,0.741,36.747,23.561,30.03,23.251,4.783,7.205,6.138
30713,0.738,36.835,23.553,30.049,23.247,4.824,7.125,6.057
30714,0.731,36.548,23.565,30.011,23.244,4.661,7.002,6.015
30715,0.728,36.564,23.569,30.039,23.254,4.782,7.082,6.015
30716,0.734,36.68,23.534,30.04,23.247,4.742,7.083,6.137
30717,0.734,36.767,23.6,30.011,23.244,4.783,7.042,6.057
30718,0.751,36.451,23.569,29.991,23.24,4.702,7.042,6.056
30719,0.757,36.592,23.581,30.049,23.254,4.945,7.245,6.219
30720,0.767,36.757,23.565,30.04,23.251,4.785,7.084,6.098
30721,0.767,36.825,23.569,30.02,23.254,4.742,7.042,6.056
30722,0.774,36.433,23.577,30.03,23.247,4.783,7.082,6.137
30723,0.774,36.582,23.612,30.03,23.254,4.824,7.042,6.098
30724,0.78,36.699,23.53,30.03,23.251,4.783,7.042,6.016
30725,0.771,36.748,23.545,30.011,23.237,4.702,6.92,5.974
30726,0.774,36.48,23.573,30.02,23.251,4.782,7.041,5.974
30727,0.774,36.612,23.573,30.02,23.251,4.783,6.96,6.015
30728,0.741,36.718,23.546,30.03,23.244,4.702,6.919,5.974
30729,0.747,36.806,23.526,30.011,23.244,4.66,6.919,6.055
30730,0.757,36.481,23.561,30.039,23.261,4.904,7.122,6.137
30731,0.757,36.65,23.592,30.04,23.261,4.744,7.002,6.098
30732,0.754,36.728,23.554,30.011,23.258,4.783,6.96,6.097
30733,0.744,36.787,23.545,30.02,23.251,4.783,6.96,6.056
30734,0.747,36.423,23.549,30.011,23.251,4.864,7.0,6.137
30735,0.744,36.553,23.573,30.03,23.251,4.824,7.001,6.098
30736,0.734,36.641,23.549,30.001,23.24,4.661,6.919,5.975
30737,0.728,36.671,23.596,30.011,23.247,4.7,6.919,6.096
30738,0.741,36.441,23.534,30.011,23.244,4.742,6.959,6.056
30739,0.751,36.573,23.557,30.011,23.244,4.742,6.878,6.015
30740,0.751,36.651,23.569,30.001,23.244,4.783,6.959,6.056
30741,0.761,36.565,23.561,30.03,23.251,4.864,7.041,6.178
30742,0.777,36.488,23.573,30.04,23.251,4.824,7.001,6.098
30743,0.761,36.583,23.62,30.02,23.251,4.743,6.96,6.056
30744,0.767,36.699,23.589,30.03,23.254,4.742,7.041,6.137
30745,0.774,36.345,23.565,30.011,23.251,4.783,7.042,6.179
30746,0.767,36.428,23.588,30.02,23.258,4.742,6.96,6.057
30747,0.764,36.525,23.553,29.972,23.237,4.661,6.878,6.056
30748,0.748,36.65,23.557,30.01,23.251,4.782,7.0,6.056
30749,0.76,36.259,23.534,30.001,23.244,4.742,7.041,6.056
30750,0.751,36.408,23.557,29.991,23.24,4.701,7.001,6.056
30751,0.738,36.525,23.557,29.991,23.244,4.742,6.96,6.015
30752,0.741,36.622,23.577,30.02,23.265,4.905,7.204,6.259
30753,0.751,36.421,23.553,30.011,23.254,4.825,7.003,6.139
30754,0.738,36.534,23.545,30.001,23.254,4.783,7.163,6.138
30755,0.728,36.679,23.557,30.011,23.258,4.824,7.084,6.179
30756,0.734,36.729,23.553,30.001,23.247,4.743,7.123,6.098
30757,0.741,36.336,23.584,30.001,23.251,4.742,7.002,6.138
30758,0.738,36.447,23.518,29.972,23.24,4.701,7.001,6.057
30759,0.744,36.583,23.537,30.01,23.254,4.782,7.041,6.056
30760,0.747,36.632,23.545,29.982,23.24,4.742,7.042,6.015
30761,0.744,36.335,23.569,29.982,23.247,4.701,6.96,6.015
30762,0.744,36.457,23.553,29.991,23.244,4.701,7.0,6.096
30763,0.757,36.602,23.643,30.03,23.261,4.904,7.163,6.178
30764,0.774,36.642,23.577,30.03,23.254,4.784,7.043,6.139
30765,0.764,36.364,23.557,29.992,23.251,4.742,7.001,6.057
30766,0.761,36.476,23.588,29.991,23.258,4.742,7.001,6.137
30767,0.764,36.592,23.565,29.991,23.254,4.823,6.919,6.138
30768,0.751,36.805,23.565,30.01,23.254,4.743,6.959,6.057
30769,0.744,36.327,23.491,29.963,23.24,4.661,6.96,6.097
30770,0.747,36.485,23.517,29.981,23.247,4.782,6.96,6.056
30771,0.738,36.593,23.549,29.991,23.244,4.742,6.96,6.056
30772,0.741,36.363,23.553,29.972,23.244,4.661,6.919,6.056
30773,0.734,36.39,23.577,29.981,23.247,4.782,7.0,6.015
30774,0.741,36.534,23.561,30.01,23.261,4.905,7.123,6.3
30775,0.744,36.67,23.577,30.011,23.251,4.784,7.002,6.14
30776,0.731,36.182,23.553,29.991,23.244,4.783,7.041,6.098
30777,0.741,36.302,23.604,29.991,23.254,4.742,7.082,6.138
30778,0.751,36.418,23.565,30.001,23.258,4.823,7.083,6.179
30779,0.744,36.506,23.565,29.991,23.247,4.783,7.002,6.057
30780,0.741,36.132,23.538,29.962,23.244,4.661,6.879,6.015
30781,0.751,36.263,23.522,29.981,23.254,4.741,6.959,6.137
30782,0.761,36.418,23.541,29.972,23.244,4.783,6.96,6.098
30783,0.754,36.477,23.6,29.981,23.24,4.702,6.919,6.056
30784,0.761,36.266,23.479,29.953,23.237,4.742,6.959,6.097
30785,0.767,36.437,23.564,29.981,23.251,4.864,7.082,6.219
30786,0.783,36.563,23.584,30.01,23.261,4.784,7.083,6.18
30787,0.767,36.603,23.612,29.982,23.244,4.742,7.123,6.139
30788,0.735,36.124,23.589,29.991,23.251,4.864,7.124,6.219
30789,0.754,36.282,23.561,29.991,23.244,4.784,7.165,6.22
30790,0.751,36.399,23.584,30.01,23.254,4.864,7.124,6.22
30791,0.748,36.438,23.577,29.972,23.244,4.702,6.961,6.017
30792,0.728,36.247,23.565,29.972,23.247,4.782,7.122,6.137
30793,0.741,36.398,23.549,29.962,23.254,4.702,7.165,6.138
30794,0.728,36.486,23.498,29.991,23.247,4.742,7.084,6.179
30795,0.725,36.516,23.56,29.962,23.247,4.742,7.123,6.139
30796,0.728,36.315,23.577,29.962,23.251,4.823,7.287,6.26
30797,0.744,36.495,23.62,30.001,23.258,4.946,7.288,6.221
30798,0.744,36.593,23.526,29.982,23.254,4.825,7.166,6.22
30799,0.751,36.325,23.565,29.972,23.247,4.824,7.165,6.18
30800,0.748,36.265,23.584,29.991,23.251,4.824,7.246,6.261
30801,0.757,36.408,23.581,29.982,23.258,4.824,7.206,6.221
30802,0.754,36.496,23.577,29.962,23.241,4.661,7.043,6.098
30803,0.748,36.094,23.542,29.962,23.247,4.741,7.123,6.138
30804,0.767,36.215,23.518,29.962,23.244,4.742,7.205,6.219
30805,0.764,36.36,23.549,29.953,23.244,4.823,7.125,6.18
30806,0.767,36.428,23.561,29.953,23.244,4.743,7.165,6.139
30807,0.761,36.103,23.561,29.953,23.251,4.783,7.287,6.341
30808,0.767,36.282,23.506,30.01,23.261,4.864,7.207,6.262
30809,0.748,36.37,23.568,29.972,23.251,4.784,7.247,6.221
30810,0.751,36.428,23.569,29.972,23.251,4.783,7.206,6.22
30811,0.757,36.122,23.585,29.962,23.254,4.824,7.247,6.261
30812,0.744,36.253,23.589,29.972,23.254,4.824,7.206,6.221
30813,0.747,36.36,23.569,29.953,23.244,4.743,7.043,6.017
30814,0.738,36.409,23.495,29.953,23.247,4.783,7.123,6.218
30815,0.744,36.131,23.533,29.962,23.247,4.783,7.165,6.22
30816,0.731,36.244,23.58,29.972,23.244,4.742,7.124,6.139
30817,0.734,36.36,23.565,29.953,23.24,4.783,7.043,6.138
30818,0.734,36.409,23.526,29.972,23.251,4.824,7.204,6.26
30819,0.764,36.199,23.545,29.972,23.261,4.865,7.206,6.262
30820,0.757,36.283,23.557,29.962,23.247,4.824,7.125,6.18
30821,0.767,36.418,23.6,29.953,23.244,4.824,7.083,6.22
30822,0.767,36.438,23.573,29.972,23.247,4.783,7.042,6.22
30823,0.774,36.036,23.581,29.962,23.251,4.824,7.123,6.22
30824,0.78,36.176,23.507,29.953,23.244,4.702,7.043,6.058
30825,0.764,36.273,23.541,29.943,23.247,4.782,6.96,6.097
30826,0.774,36.293,23.588,29.962,23.247,4.742,7.082,6.219
30827,0.771,36.102,23.557,29.953,23.251,4.783,7.083,6.18
30828,0.754,36.263,23.538,29.943,23.244,4.702,7.042,6.098
30829,0.751,36.341,23.522,29.943,23.244,4.782,7.123,6.219
30830,0.757,36.083,23.584,29.981,23.261,4.946,7.246,6.302
30831,0.757,36.167,23.581,29.953,23.251,4.825,7.125,6.18
30832,0.751,36.283,23.542,29.943,23.247,4.824,7.205,6.179
30833,0.751,36.389,23.6,29.952,23.251,4.743,7.287,6.179
30834,0.738,35.978,23.495,29.972,23.258,4.783,7.166,6.261
30835,0.747,36.127,23.564,29.962,23.251,4.742,7.206,6.221
30836,0.744,36.196,23.584,29.924,23.244,4.661,7.287,6.18
30837,0.747,36.331,23.55,29.952,23.247,4.782,7.329,6.179
30838,0.757,36.016,23.526,29.962,23.247,4.702,7.37,6.057
30839,0.754,36.147,23.529,29.943,23.247,4.701,7.289,6.178
30840,0.751,36.263,23.526,29.914,23.247,4.742,7.369,6.22
30841,0.767,36.379,23.572,29.981,23.261,4.905,7.533,6.302
30842,0.774,35.968,23.569,29.953,23.254,4.744,7.372,6.14
30843,0.774,36.108,23.585,29.962,23.251,4.823,7.37,6.179
30844,0.784,36.215,23.507,29.953,23.247,4.824,7.37,6.179
30845,0.79,36.283,23.549,29.943,23.251,4.865,7.452,6.22
30846,0.797,36.082,23.584,29.962,23.251,4.743,7.371,6.058
30847,0.79,36.205,23.565,29.914,23.237,4.701,7.289,6.097
30848,0.787,36.34,23.487,29.933,23.24,4.742,7.329,6.138
30849,0.787,36.38,23.537,29.943,23.244,4.742,7.329,6.057
30850,0.793,36.007,23.572,29.933,23.251,4.783,7.248,6.056
30851,0.79,36.137,23.573,29.924,23.247,4.742,7.288,6.137
30852,0.813,36.301,23.561,29.962,23.261,4.905,7.451,6.301
30853,0.807,36.629,23.6,29.943,23.251,4.784,7.249,6.14
30854,0.803,36.057,23.468,29.972,23.247,4.783,7.288,6.219
30855,0.803,36.195,23.552,29.953,23.254,4.864,7.288,6.139
30856,0.816,36.292,23.6,29.933,23.254,4.865,7.247,6.26
30857,0.816,36.082,23.561,29.933,23.254,4.743,7.206,6.099
30858,0.813,36.09,23.561,29.952,23.237,4.742,7.165,6.138
30859,0.823,36.234,23.538,29.943,23.254,4.823,7.084,6.098
30860,0.83,36.322,23.541,29.933,23.244,4.824,7.123,6.056
30861,0.833,35.929,23.549,29.914,23.244,4.743,7.083,6.015
30862,0.826,36.031,23.534,29.943,23.247,4.823,7.123,6.137
30863,0.839,36.204,23.569,29.981,23.265,4.946,7.246,6.138
30864,0.839,36.254,23.526,29.934,23.248,4.866,7.125,6.057
30865,0.846,35.861,23.545,29.914,23.251,4.865,7.124,6.137
30866,0.849,36.011,23.58,29.933,23.251,4.824,7.165,6.138
30867,0.84,36.137,23.596,29.924,23.254,4.905,7.165,6.138
30868,0.833,36.177,23.511,29.923,23.24,4.703,7.043,6.057
30869,0.833,35.937,23.525,29.923,23.247,4.823,7.082,6.137
30870,0.836,36.127,23.557,29.933,23.247,4.824,7.042,6.098
30871,0.826,36.225,23.561,29.924,23.251,4.783,7.082,6.056
30872,0.836,36.302,23.553,29.923,23.24,4.783,7.042,6.015
30873,0.839,35.977,23.596,29.933,23.254,4.864,7.164,6.259
30874,0.846,36.146,23.526,29.971,23.261,4.946,7.043,6.139
30875,0.84,36.254,23.537,29.943,23.258,4.907,7.082,6.179
30876,0.839,36.283,23.549,29.943,23.251,4.825,7.083,6.139
30877,0.846,35.986,23.588,29.952,23.251,4.946,7.083,6.219
30878,0.84,36.098,23.581,29.943,23.247,4.907,6.961,6.139
30879,0.846,36.196,23.534,29.905,23.244,4.744,6.838,6.057
30880,0.83,36.225,23.596,29.933,23.251,4.823,6.999,6.137
30881,0.846,36.015,23.573,29.933,23.247,4.824,6.919,6.098
30882,0.853,36.137,23.581,29.914,23.247,4.824,6.959,6.097
30883,0.862,36.244,23.596,29.895,23.24,4.865,6.878,6.097
30884,0.872,36.072,23.577,29.904,23.254,4.946,7.0,6.219
30885,0.892,35.984,23.565,29.962,23.265,4.988,6.96,6.139
30886,0.873,36.07,23.581,29.933,23.251,4.866,6.878,6.138
30887,0.872,36.186,23.522,29.914,23.251,4.906,6.918,6.179
30888,0.859,35.928,23.549,29.933,23.261,4.906,6.919,6.22
30889,0.859,36.031,23.549,29.933,23.254,4.865,6.919,6.18
30890,0.866,36.137,23.553,29.924,23.244,4.824,6.715,6.057
30891,0.836,36.215,23.549,29.895,23.251,4.783,6.794,6.137
30892,0.843,35.813,23.569,29.914,23.251,4.864,6.795,6.138
30893,0.823,35.915,23.553,29.895,23.244,4.906,6.755,6.138
30894,0.813,36.05,23.514,29.904,23.247,4.744,6.754,6.138
30895,0.8,36.138,23.529,29.933,23.247,4.864,6.836,6.301
30896,0.803,35.889,23.557,29.952,23.265,5.028,6.918,6.302
30897,0.807,36.011,23.581,29.924,23.251,4.867,6.796,6.14
30898,0.813,36.137,23.514,29.933,23.251,4.865,6.836,6.179
30899,0.81,36.215,23.568,29.924,23.251,4.906,6.796,6.22
30900,0.813,35.899,23.588,29.933,23.254,4.906,6.836,6.302
30901,0.816,36.05,23.593,29.924,23.247,4.865,6.796,6.14
30902,0.8,36.128,23.577,29.895,23.24,4.824,6.795,6.138
30903,0.8,36.205,23.596,29.914,23.244,4.865,6.795,6.219
30904,0.8,35.861,23.561,29.895,23.244,4.784,6.795,6.18
30905,0.8,35.973,23.522,29.894,23.244,4.783,6.714,6.139
30906,0.787,36.089,23.588,29.904,23.244,4.783,6.835,6.219
30907,0.797,36.167,23.55,29.933,23.265,4.986,6.918,6.302
30908,0.784,35.813,23.518,29.914,23.248,4.826,6.796,6.221
30909,0.774,35.934,23.529,29.923,23.251,4.824,6.836,6.22
30910,0.767,36.05,23.549,29.923,23.251,4.905,6.837,6.22
30911,0.761,36.214,23.569,29.904,23.258,4.947,6.837,6.18
30912,0.761,35.947,23.565,29.904,23.247,4.785,6.714,6.098
30913,0.735,36.06,23.542,29.875,23.24,4.783,6.754,6.219
30914,0.738,36.186,23.526,29.913,23.251,4.783,6.836,6.139
30915,0.731,35.861,23.518,29.895,23.251,4.742,6.837,6.138
30916,0.725,35.905,23.565,29.885,23.244,4.742,6.796,6.179
30917,0.708,36.021,23.588,29.885,23.244,4.742,6.877,6.139
30918,0.737,36.176,23.491,29.933,23.261,4.986,7.081,6.301
30919,0.728,35.746,23.533,29.895,23.251,4.826,6.961,6.262
30920,0.725,35.837,23.526,29.904,23.247,4.905,6.96,6.221
30921,0.731,35.982,23.572,29.923,23.251,4.825,6.96,6.18
30922,0.731,36.07,23.569,29.914,23.247,4.824,7.0,6.261
30923,0.734,35.754,23.612,29.923,23.247,4.783,7.041,6.058
30924,0.741,35.876,23.562,29.876,23.24,4.702,6.96,6.056
30925,0.731,36.002,23.542,29.894,23.244,4.863,7.0,6.015
30926,0.741,36.089,23.6,29.904,23.244,4.824,7.041,6.056
30927,0.734,35.821,23.499,29.895,23.251,4.783,7.001,6.056
30928,0.718,35.953,23.533,29.885,23.244,4.702,7.001,6.056
30929,0.721,36.108,23.537,29.914,23.254,4.823,7.204,6.259
30930,0.721,36.186,23.561,29.923,23.258,4.905,7.125,6.139
30931,0.708,35.832,23.549,29.895,23.244,4.825,7.124,6.179
30932,0.702,35.982,23.541,29.885,23.247,4.824,7.205,6.139
30933,0.688,36.098,23.584,29.914,23.251,4.865,7.206,6.138
30934,0.692,36.138,23.526,29.904,23.247,4.824,7.165,6.138
30935,0.688,35.716,23.529,29.875,23.244,4.702,7.124,6.016
30936,0.682,35.846,23.569,29.894,23.247,4.782,7.287,6.137
30937,0.695,35.953,23.6,29.894,23.251,4.783,7.166,6.098
30938,0.701,36.002,23.518,29.914,23.244,4.783,7.287,6.097
30939,0.701,35.945,23.541,29.885,23.244,4.742,7.207,5.975
30940,0.701,36.088,23.549,29.894,23.244,4.823,7.328,6.177
30941,0.721,36.215,23.592,29.923,23.265,4.905,7.41,6.179
30942,0.724,35.871,23.55,29.885,23.254,4.825,7.33,6.22
30943,0.718,35.762,23.569,29.894,23.247,4.783,7.41,6.139
30944,0.728,35.904,23.581,29.904,23.247,4.824,7.452,6.138
30945,0.728,36.011,23.561,29.904,23.258,4.743,7.371,6.219
30946,0.731,35.754,23.596,29.895,23.251,4.661,7.33,5.976
30947,0.715,35.856,23.476,29.875,23.237,4.619,7.248,5.974
30948,0.715,35.992,23.552,29.894,23.247,4.781,7.328,6.096
30949,0.705,36.079,23.545,29.894,23.247,4.783,7.248,6.138
30950,0.698,35.553,23.557,29.885,23.24,4.742,7.288,6.057
30951,0.698,35.701,23.561,29.885,23.244,4.701,7.288,6.097
30952,0.698,35.837,23.553,29.923,23.265,4.985,7.491,6.26
30953,0.705,35.944,23.588,29.895,23.248,4.744,7.412,6.139
30954,0.692,35.772,23.472,29.904,23.247,4.742,7.33,6.138
30955,0.695,35.953,23.529,29.904,23.258,4.823,7.41,6.138
30956,0.701,36.06,23.58,29.904,23.251,4.743,7.411,6.179
30957,0.701,36.118,23.557,29.895,23.247,4.783,7.33,6.098
30958,0.698,35.688,23.561,29.894,23.237,4.62,7.248,6.056
30959,0.708,35.827,23.514,29.894,23.247,4.781,7.369,6.056
30960,0.708,35.943,23.564,29.894,23.251,4.742,7.37,6.097
30961,0.708,35.983,23.569,29.875,23.251,4.701,7.37,6.097
30962,0.718,35.677,23.522,29.865,23.24,4.742,7.33,6.056
30963,0.728,35.836,23.6,29.904,23.258,4.905,7.451,6.219
30964,0.741,35.972,23.565,29.885,23.254,4.703,7.371,6.098
30965,0.738,35.964,23.538,29.885,23.247,4.782,7.33,6.097
30966,0.734,35.715,23.584,29.885,23.247,4.783,7.329,6.056
30967,0.738,35.875,23.518,29.904,23.254,4.824,7.41,6.097
30968,0.721,35.992,23.557,29.885,23.251,4.743,7.33,6.097
30969,0.715,35.849,23.541,29.856,23.24,4.661,7.207,6.016
30970,0.711,35.646,23.576,29.884,23.251,4.782,7.287,6.015
30971,0.715,35.807,23.585,29.875,23.247,4.742,7.247,6.015
30972,0.705,35.905,23.546,29.875,23.24,4.742,7.247,6.015
30973,0.695,35.685,23.58,29.846,23.244,4.783,7.288,6.015
30974,0.698,35.789,23.581,29.884,23.251,4.783,7.369,6.218
30975,0.718,35.953,23.55,29.923,23.261,4.864,7.452,6.139
30976,0.711,36.012,23.588,29.895,23.251,4.784,7.371,6.098
30977,0.708,35.523,23.511,29.894,23.254,4.783,7.411,6.138
30978,0.721,35.701,23.564,29.914,23.258,4.783,7.493,6.138
30979,0.728,35.808,23.549,29.876,23.261,4.824,7.453,6.098
30980,0.725,35.867,23.561,29.875,23.241,4.702,7.29,6.016
30981,0.724,35.532,23.565,29.875,23.24,4.742,7.451,6.096
30982,0.734,35.701,23.549,29.885,23.251,4.742,7.412,6.016
30983,0.741,35.818,23.604,29.856,23.251,4.783,7.411,6.015
30984,0.741,35.895,23.538,29.923,23.244,4.742,7.289,5.974
30985,0.734,35.561,23.545,29.856,23.24,4.742,7.491,6.096
30986,0.744,35.711,23.608,29.865,23.258,4.864,7.616,6.219
30987,0.751,35.827,23.558,29.885,23.254,4.784,7.413,6.098
30988,0.728,35.867,23.557,29.875,23.254,4.783,7.452,6.138
30989,0.728,35.675,23.514,29.875,23.251,4.824,7.493,6.138
30990,0.725,35.817,23.58,29.885,23.251,4.783,7.534,6.179
30991,0.731,35.943,23.573,29.885,23.254,4.824,7.494,6.057
30992,0.734,35.954,23.553,29.837,23.244,4.621,7.412,5.975
30993,0.754,35.494,23.573,29.865,23.254,4.741,7.411,6.096
30994,0.774,35.662,23.565,29.923,23.247,4.742,7.452,6.097
30995,0.797,35.769,23.542,29.866,23.251,4.701,7.452,6.056
30996,0.829,36.106,23.573,29.865,23.24,4.701,7.371,6.056
30997,0.856,35.668,23.546,29.885,23.251,4.863,7.533,6.219
30998,0.908,35.836,23.534,29.914,23.268,4.946,7.575,6.22
30999,0.915,35.915,23.506,29.866,23.258,4.785,7.413,6.139
31000,0.941,35.59,23.537,29.875,23.254,4.783,7.411,6.138
31001,0.958,35.605,23.537,29.885,23.251,4.864,7.533,6.219
31002,0.971,35.74,23.584,29.885,23.254,4.824,7.494,6.22
31003,0.994,35.837,23.589,29.846,23.24,4.702,7.371,6.017
31004,1.02,35.598,23.565,29.846,23.251,4.742,7.411,6.137
31005,1.053,35.749,23.542,29.856,23.251,4.823,7.33,6.138
31006,1.089,35.866,23.619,29.856,23.244,4.743,7.289,6.138
31007,1.125,35.953,23.538,29.846,23.247,4.701,7.288,6.179
31008,1.171,35.532,23.533,29.865,23.247,4.782,7.41,6.301
31009,1.227,35.71,23.557,29.894,23.261,4.905,7.411,6.302
31010,1.279,35.808,23.538,29.875,23.251,4.784,7.371,6.302
31011,1.296,35.876,23.545,29.865,23.254,4.824,7.289,6.343
31012,1.325,35.493,23.526,29.885,23.247,4.783,7.329,6.384
31013,1.326,35.633,23.576,29.875,23.251,4.864,7.451,6.385
31014,1.319,35.759,23.487,29.885,23.251,4.702,7.29,6.303
31015,1.303,35.799,23.521,29.846,23.244,4.701,7.369,6.425
31016,1.319,35.512,23.619,29.865,23.251,4.742,7.37,6.466
31017,1.352,35.662,23.554,29.865,23.251,4.742,7.33,6.467
31018,1.355,35.75,23.541,29.846,23.244,4.661,7.37,6.426
31019,1.329,35.789,23.502,29.865,23.247,4.782,7.411,6.588
31020,1.303,35.55,23.541,29.885,23.258,4.905,7.655,6.671
31021,1.312,35.691,23.565,29.875,23.251,4.825,7.455,6.631
31022,1.309,35.779,23.534,29.875,23.251,4.702,7.493,6.672
31023,1.283,35.799,23.6,29.865,23.251,4.742,7.453,6.794
31024,1.231,35.54,23.542,29.875,23.254,4.783,7.493,6.755
31025,1.182,35.662,23.534,29.875,23.251,4.783,7.371,6.836
31026,1.113,35.712,23.576,29.846,23.24,4.661,7.37,6.958
31027,1.06,35.683,23.534,29.846,23.247,4.741,7.452,7.082
31028,1.008,35.654,23.553,29.856,23.247,4.701,7.412,7.286
31029,0.961,35.779,23.522,29.846,23.247,4.701,7.371,7.369
31030,0.902,35.866,23.557,29.837,23.244,4.742,7.33,7.655
31031,0.834,35.532,23.577,29.865,23.254,4.823,7.492,8.064
31032,0.784,35.682,23.542,29.865,23.258,4.743,7.412,8.109
31033,0.728,35.779,23.584,29.865,23.251,4.742,7.371,8.394
31034,0.682,35.857,23.534,29.856,23.251,4.701,7.33,8.682
31035,0.656,35.436,23.526,29.875,23.251,4.782,7.41,8.969
31036,0.62,35.566,23.596,29.865,23.254,4.824,7.371,9.053
31037,0.587,35.682,23.503,29.846,23.244,4.661,7.248,9.176
31038,0.57,35.76,23.545,29.875,23.247,4.741,7.247,9.299
31039,0.564,35.502,23.53,29.856,23.247,4.742,7.328,9.544
31040,0.573,35.643,23.533,29.846,23.24,4.701,7.248,9.628
31041,0.586,35.779,23.584,29.817,23.247,4.66,7.247,9.67
31042,0.616,35.838,23.538,29.827,23.251,4.741,7.369,9.873
31043,0.668,35.435,23.608,29.894,23.265,4.864,7.492,10.038
31044,0.714,35.556,23.55,29.856,23.248,4.743,7.371,10.04
31045,0.747,35.663,23.534,29.846,23.251,4.783,7.33,10.202
31046,0.773,35.712,23.584,29.846,23.251,4.742,7.451,10.407
31047,0.79,35.501,23.534,29.856,23.251,4.783,7.371,10.613
31048,0.797,35.643,23.553,29.856,23.244,4.742,7.33,10.737
31049,0.787,35.731,23.518,29.827,23.244,4.701,7.329,11.022
31050,0.81,35.78,23.604,29.855,23.247,4.742,7.329,11.269
31051,0.8,35.416,23.581,29.856,23.247,4.701,7.329,11.434
31052,0.797,35.546,23.565,29.827,23.247,4.742,7.289,11.558
31053,0.794,35.653,23.6,29.836,23.251,4.742,7.288,11.884
31054,0.79,35.788,23.569,29.894,23.261,4.905,7.532,12.172
31055,0.787,35.598,23.545,29.856,23.254,4.784,7.331,12.175
31056,0.787,35.692,23.557,29.846,23.251,4.742,7.37,12.216
31057,0.79,35.798,23.502,29.846,23.251,4.742,7.33,12.298
31058,0.8,35.425,23.568,29.865,23.258,4.823,7.248,12.339
31059,0.803,35.45,23.53,29.837,23.244,4.783,7.166,12.177
31060,0.794,35.566,23.533,29.817,23.244,4.702,7.246,12.216
31061,0.8,35.672,23.569,29.855,23.247,4.742,7.206,12.135
31062,0.8,35.319,23.545,29.837,23.244,4.701,7.206,12.012
31063,0.807,35.421,23.576,29.827,23.244,4.701,7.165,11.97
31064,0.81,35.565,23.542,29.836,23.254,4.782,7.165,11.929
31065,0.823,35.692,23.534,29.875,23.261,4.905,7.368,11.929
31066,0.826,35.415,23.565,29.846,23.251,4.784,7.086,11.726
31067,0.81,35.527,23.518,29.856,23.251,4.783,7.205,11.52
31068,0.8,35.653,23.529,29.846,23.251,4.824,7.125,11.559
31069,0.803,35.74,23.537,29.856,23.251,4.865,7.205,11.478
31070,0.8,35.425,23.537,29.846,23.251,4.784,7.125,11.314
31071,0.787,35.546,23.53,29.817,23.24,4.661,7.043,11.15
31072,0.79,35.682,23.549,29.855,23.251,4.741,7.123,11.067
31073,0.787,35.75,23.573,29.827,23.247,4.742,7.083,10.985
31074,0.787,35.367,23.534,29.855,23.24,4.701,7.083,10.862
31075,0.78,35.488,23.53,29.827,23.247,4.701,7.083,10.82
31076,0.787,35.643,23.565,29.865,23.254,4.863,7.205,10.901
31077,0.797,35.692,23.545,29.846,23.251,4.743,7.125,10.618
31078,0.794,35.424,23.541,29.846,23.258,4.783,7.124,10.574
31079,0.797,35.537,23.494,29.846,23.254,4.824,7.165,10.411
31080,0.8,35.643,23.556,29.846,23.251,4.824,7.206,10.328
31081,0.816,35.712,23.541,29.856,23.254,4.783,7.084,10.165
31082,0.807,35.338,23.522,29.808,23.237,4.58,7.083,10.082
31083,0.803,35.469,23.58,29.836,23.247,4.781,7.164,10.04
31084,0.816,35.576,23.542,29.836,23.247,4.742,7.165,9.836
31085,0.816,35.366,23.534,29.836,23.24,4.661,7.165,9.712
31086,0.807,35.364,23.553,29.827,23.24,4.782,7.165,9.63
31087,0.82,35.507,23.44,29.875,23.258,4.824,7.409,9.71
31088,0.826,35.643,23.54,29.865,23.251,4.783,7.33,9.508
31089,0.807,35.309,23.541,29.827,23.251,4.783,7.329,9.425
31090,0.807,35.43,23.545,29.846,23.247,4.783,7.289,9.302
31091,0.803,35.556,23.569,29.846,23.254,4.783,7.369,9.26
31092,0.8,35.663,23.549,29.837,23.254,4.783,7.37,9.097
31093,0.794,35.395,23.577,29.817,23.237,4.702,7.289,8.892
31094,0.793,35.488,23.432,29.836,23.254,4.782,7.451,8.971
31095,0.787,35.672,23.544,29.827,23.251,4.742,7.452,8.85
31096,0.797,35.731,23.588,29.827,23.244,4.783,7.371,8.767
31097,0.787,35.3,23.538,29.817,23.24,4.702,7.289,8.685
31098,0.806,35.468,23.537,29.836,23.251,4.823,7.491,8.725
31099,0.813,35.623,23.526,29.865,23.265,4.905,7.534,8.603
31100,0.807,35.644,23.529,29.827,23.244,4.744,7.412,8.48
31101,0.82,35.251,23.572,29.827,23.251,4.783,7.411,8.479
31102,0.826,35.41,23.538,29.855,23.251,4.824,7.411,8.398
31103,0.823,35.517,23.541,29.846,23.251,4.783,7.452,8.397
31104,0.83,35.576,23.534,29.837,23.247,4.824,7.371,8.194
31105,0.82,35.337,23.53,29.798,23.24,4.661,7.33,8.11
31106,0.836,35.517,23.565,29.826,23.251,4.741,7.41,8.109
31107,0.83,35.624,23.553,29.836,23.247,4.783,7.33,8.109
31108,0.817,35.644,23.538,29.817,23.24,4.742,7.329,7.987
31109,0.81,35.251,23.533,29.807,23.247,4.783,7.451,7.986
31110,0.823,35.401,23.549,29.855,23.268,4.864,7.615,8.068
31111,0.826,35.537,23.565,29.827,23.251,4.784,7.454,7.906
31112,0.8,35.48,23.545,29.827,23.244,4.783,7.574,7.863
31113,0.797,35.374,23.584,29.836,23.251,4.824,7.413,7.822
31114,0.807,35.507,23.522,29.875,23.258,4.824,7.452,7.781
31115,0.794,35.624,23.541,29.837,23.247,4.824,7.412,7.74
31116,0.8,35.251,23.6,29.817,23.237,4.661,7.289,7.618
31117,0.794,35.334,23.503,29.836,23.247,4.822,7.369,7.657
31118,0.813,35.469,23.56,29.827,23.247,4.743,7.37,7.617
31119,0.816,35.547,23.514,29.817,23.24,4.742,7.37,7.535
31120,0.81,35.25,23.584,29.817,23.244,4.742,7.33,7.494
31121,0.816,35.391,23.581,29.846,23.251,4.905,7.451,7.616
31122,0.842,35.556,23.561,29.865,23.254,4.784,7.412,7.535
31123,0.826,35.605,23.557,29.827,23.251,4.824,7.33,7.453
31124,0.83,35.155,23.549,29.827,23.254,4.783,7.37,7.412
31125,0.846,35.294,23.561,29.827,23.247,4.824,7.37,7.289
31126,0.849,35.43,23.549,29.827,23.247,4.743,7.289,7.41
31127,0.843,35.498,23.53,29.808,23.244,4.701,7.125,7.167
31128,0.817,35.154,23.545,29.817,23.244,4.782,7.327,7.287
31129,0.829,35.294,23.565,29.827,23.251,4.783,7.248,7.166
31130,0.836,35.42,23.557,29.808,23.251,4.742,7.166,7.206
31131,0.826,35.479,23.565,29.817,23.244,4.701,7.165,7.165
31132,0.817,35.25,23.514,29.807,23.251,4.823,7.206,7.124
31133,0.826,35.429,23.584,29.855,23.261,4.946,7.328,7.246
31134,0.826,35.556,23.538,29.817,23.251,4.785,7.248,7.166
31135,0.81,35.567,23.533,29.836,23.247,4.783,7.206,7.124
31136,0.807,35.298,23.58,29.827,23.254,4.864,7.287,7.083
31137,0.813,35.449,23.471,29.846,23.258,4.865,7.207,7.164
31138,0.833,35.556,23.533,29.827,23.244,4.702,7.206,7.002
31139,0.82,35.778,23.522,29.779,23.244,4.701,7.165,6.96
31140,0.833,35.205,23.514,29.817,23.247,4.742,7.246,7.041
31141,0.833,35.333,23.561,29.817,23.251,4.823,7.206,6.92
31142,0.843,35.43,23.553,29.798,23.237,4.743,7.165,6.878
31143,0.836,35.307,23.588,29.807,23.244,4.701,7.165,6.959
31144,0.849,35.42,23.538,29.826,23.258,4.904,7.328,7.082
31145,0.866,35.575,23.553,29.827,23.254,4.744,7.248,6.92
31146,0.853,35.625,23.565,29.808,23.254,4.783,7.206,6.959
31147,0.856,35.04,23.549,29.855,23.251,4.824,7.165,6.96
31148,0.849,35.168,23.537,29.808,23.251,4.743,7.206,6.96
31149,0.846,35.294,23.541,29.817,23.254,4.783,7.206,6.919
31150,0.836,35.372,23.561,29.798,23.24,4.661,7.043,6.756
31151,0.833,35.153,23.538,29.817,23.247,4.7,7.164,6.795
31152,0.833,35.313,23.549,29.798,23.251,4.701,7.206,6.795
31153,0.833,35.411,23.577,29.798,23.244,4.742,7.084,6.714
31154,0.826,35.498,23.546,29.798,23.244,4.701,7.205,6.794
31155,0.836,35.24,23.53,29.817,23.265,4.863,7.369,6.958
31156,0.849,35.42,23.608,29.817,23.254,4.784,7.208,6.797
31157,0.833,35.498,23.522,29.817,23.254,4.824,7.206,6.714
31158,0.843,35.576,23.51,29.798,23.254,4.824,7.287,6.835
31159,0.843,35.107,23.506,29.807,23.251,4.783,7.207,6.796
31160,0.862,35.255,23.576,29.817,23.261,4.824,7.247,6.714
31161,0.849,35.343,23.534,29.779,23.241,4.661,7.125,6.672
31162,0.853,35.411,23.537,29.807,23.247,4.741,7.246,6.713
31163,0.866,35.191,23.494,29.798,23.247,4.661,7.206,6.672
31164,0.859,35.333,23.521,29.798,23.24,4.741,7.206,6.631
31165,0.862,35.44,23.533,29.778,23.244,4.661,7.206,6.59
31166,0.872,35.47,23.533,29.797,23.254,4.904,7.328,6.712
31167,0.882,35.144,23.565,29.836,23.261,4.784,7.289,6.632
31168,0.863,35.246,23.495,29.808,23.251,4.783,7.288,6.712
31169,0.859,35.343,23.541,29.798,23.254,4.824,7.329,6.632
31170,0.866,35.296,23.545,29.817,23.258,4.783,7.289,6.631
31171,0.859,35.315,23.557,29.807,23.254,4.824,7.288,6.672
31172,0.859,35.43,23.569,29.779,23.24,4.661,7.085,6.469
31173,0.84,35.508,23.588,29.769,23.247,4.782,7.245,6.589
31174,0.849,35.135,23.55,29.788,23.254,4.742,7.166,6.631
31175,0.849,35.237,23.518,29.807,23.251,4.701,7.124,6.509
31176,0.853,35.343,23.576,29.788,23.24,4.742,7.165,6.549
31177,0.849,35.44,23.518,29.798,23.251,4.701,7.206,6.63
31178,0.875,35.125,23.541,29.826,23.261,4.823,7.328,6.631
31179,0.869,35.227,23.526,29.817,23.247,4.743,7.207,6.55
31180,0.872,35.324,23.572,29.807,23.254,4.742,7.247,6.549
31181,0.876,35.44,23.565,29.817,23.251,4.783,7.288,6.508
31182,0.885,35.038,23.538,29.798,23.258,4.783,7.207,6.549
31183,0.882,35.188,23.475,29.788,23.251,4.702,7.165,6.427
31184,0.869,35.285,23.49,29.769,23.244,4.62,7.165,6.588
31185,0.889,35.363,23.541,29.797,23.247,4.741,7.124,6.427
31186,0.889,35.162,23.51,29.788,23.247,4.661,7.083,6.385
31187,0.885,35.313,23.545,29.798,23.24,4.741,7.123,6.385
31188,0.885,35.421,23.487,29.778,23.247,4.661,7.124,6.425
31189,0.889,35.479,23.568,29.807,23.258,4.863,7.327,6.629
31190,0.892,35.039,23.545,29.817,23.251,4.743,7.167,6.387
31191,0.879,35.149,23.541,29.798,23.247,4.742,7.124,6.425
31192,0.889,35.265,23.557,29.807,23.247,4.742,7.205,6.426
31193,0.872,35.305,23.561,29.798,23.251,4.783,7.287,6.466
31194,0.882,35.162,23.557,29.807,23.251,4.742,7.166,6.467
31195,0.866,35.275,23.522,29.769,23.244,4.661,7.084,6.304
31196,0.862,35.353,23.557,29.797,23.244,4.741,7.205,6.384
31197,0.853,35.354,23.541,29.807,23.251,4.661,7.165,6.385
31198,0.879,35.085,23.51,29.798,23.244,4.7,7.165,6.303
31199,0.882,35.198,23.545,29.778,23.24,4.66,7.124,6.302
31200,0.892,35.333,23.537,29.797,23.254,4.822,7.287,6.506
31201,0.912,34.98,23.549,29.826,23.258,4.783,7.207,6.386
31202,0.902,35.005,23.553,29.779,23.251,4.783,7.125,6.466
31203,0.899,35.139,23.534,29.778,23.251,4.783,7.246,6.345
31204,0.915,35.265,23.561,29.817,23.251,4.783,7.084,6.303
31205,0.918,35.084,23.549,29.807,23.251,4.824,7.164,6.343
31206,0.922,35.188,23.549,29.779,23.24,4.621,7.002,6.181
31207,0.922,35.304,23.545,29.845,23.247,4.7,7.123,6.301
31208,0.912,35.411,23.518,29.779,23.254,4.701,7.165,6.302
31209,0.902,35.019,23.557,29.778,23.244,4.701,7.043,6.343
31210,0.908,35.149,23.581,29.778,23.247,4.701,7.001,6.221
31211,0.899,35.285,23.561,29.788,23.244,4.823,7.123,6.383
31212,0.905,35.42,23.577,29.826,23.268,4.824,7.246,6.303
31213,0.908,35.096,23.526,29.798,23.251,4.702,7.166,6.384
31214,0.905,35.227,23.541,29.788,23.251,4.823,7.084,6.344
31215,0.902,35.343,23.573,29.798,23.247,4.743,7.123,6.343
31216,0.908,35.411,23.518,29.807,23.254,4.823,7.124,6.343
31217,0.902,35.057,23.522,29.807,23.247,4.702,7.043,6.181
31218,0.912,35.169,23.498,29.759,23.247,4.742,7.042,6.22
31219,0.918,35.323,23.56,29.778,23.251,4.742,7.001,6.22
31220,0.918,35.344,23.569,29.778,23.247,4.701,6.96,6.261
31221,0.925,35.066,23.545,29.769,23.244,4.62,6.96,6.18
31222,0.935,35.217,23.561,29.788,23.24,4.7,6.96,6.22
31223,0.951,35.333,23.534,29.826,23.258,4.904,7.163,6.383
31224,0.958,35.603,23.533,29.817,23.244,4.784,7.084,6.303
31225,0.961,35.117,23.572,29.788,23.251,4.742,7.083,6.262
31226,0.955,35.256,23.518,29.778,23.247,4.701,7.083,6.262
31227,0.964,35.372,23.514,29.797,23.261,4.823,7.042,6.302
31228,0.951,35.066,23.486,29.807,23.251,4.743,7.082,6.221
31229,0.941,35.006,23.533,29.759,23.24,4.701,6.92,6.22
31230,0.948,35.168,23.541,29.797,23.251,4.782,7.0,6.22
31231,0.945,35.266,23.545,29.778,23.251,4.742,7.082,6.18
31232,0.941,35.094,23.526,29.769,23.244,4.661,7.002,6.179
31233,0.938,35.207,23.549,29.769,23.244,4.66,6.96,6.22
31234,0.945,35.362,23.545,29.788,23.254,4.822,7.122,6.342
31235,0.951,35.479,23.537,29.817,23.261,4.783,7.083,6.262
31236,0.945,35.106,23.557,29.779,23.247,4.702,7.042,6.302
31237,0.951,35.275,23.522,29.845,23.251,4.742,7.164,6.262
31238,0.954,35.382,23.494,29.808,23.251,4.742,7.124,6.384
31239,0.971,35.488,23.514,29.788,23.254,4.783,7.124,6.263
31240,0.974,35.135,23.522,29.788,23.247,4.661,6.961,6.139
31241,0.964,35.256,23.526,29.788,23.247,4.741,6.96,6.26
31242,0.977,35.41,23.549,29.798,23.244,4.823,6.96,6.221
31243,0.99,35.46,23.557,29.778,23.247,4.743,7.041,6.18
31244,0.994,35.201,23.541,29.778,23.247,4.701,6.96,6.261
31245,1.01,35.314,23.549,29.769,23.244,4.782,7.0,6.302
31246,1.017,35.469,23.565,29.826,23.258,4.905,7.245,6.302
31247,1.014,35.499,23.557,29.779,23.251,4.744,7.044,6.262
31248,1.001,35.413,23.51,29.769,23.251,4.701,7.082,6.302
31249,1.0,35.546,23.557,29.817,23.254,4.782,7.164,6.262
31250,1.007,35.643,23.522,29.798,23.251,4.742,7.165,6.302
31251,1.004,35.673,23.526,29.798,23.251,4.701,7.043,6.14
31252,0.991,35.415,23.549,29.778,23.244,4.742,7.123,6.219
31253,1.004,35.556,23.506,29.797,23.254,4.742,7.205,6.139
31254,1.0,35.672,23.529,29.778,23.244,4.742,7.206,6.138
31255,0.991,35.578,23.565,29.769,23.244,4.661,7.206,6.138
31256,0.997,35.462,23.534,29.788,23.254,4.822,7.328,6.26
31257,1.013,35.643,23.549,29.836,23.258,4.865,7.451,6.302
31258,1.023,35.721,23.498,29.808,23.247,4.743,7.371,6.262
31259,1.023,35.664,23.545,29.798,23.247,4.783,7.411,6.262
31260,1.027,35.788,23.53,29.798,23.251,4.824,7.452,6.221
31261,1.043,35.924,23.522,29.817,23.251,4.743,7.452,6.22
31262,1.043,36.012,23.533,29.76,23.24,4.742,7.249,6.098
31263,1.033,35.734,23.494,29.778,23.251,4.742,7.328,6.178
31264,1.053,35.904,23.521,29.797,23.244,4.742,7.329,6.179
31265,1.06,35.992,23.545,29.778,23.244,4.783,7.329,6.139
31266,1.056,36.07,23.534,29.759,23.244,4.702,7.329,6.057
31267,1.069,35.773,23.533,29.788,23.244,4.823,7.492,6.137
31268,1.073,35.953,23.522,29.817,23.261,4.905,7.494,6.301
31269,1.069,36.05,23.557,29.798,23.254,4.784,7.453,6.18
31270,1.063,36.099,23.565,29.798,23.247,4.742,7.493,6.22
31271,1.066,36.109,23.557,29.788,23.254,4.823,7.453,6.22
31272,1.069,36.244,23.549,29.798,23.251,4.783,7.534,6.18
31273,1.073,36.379,23.541,29.778,23.251,4.702,7.372,6.098
31274,1.06,36.4,23.526,29.769,23.24,4.66,7.37,6.056
31275,1.073,36.16,23.506,29.788,23.247,4.741,7.37,6.097
31276,1.063,36.311,23.56,29.769,23.247,4.742,7.37,6.097
31277,1.066,36.409,23.53,29.836,23.24,4.661,7.37,6.056
31278,1.082,36.429,23.479,29.76,23.244,4.7,7.33,6.137
31279,1.092,36.362,23.545,29.797,23.254,4.863,7.492,6.341
31280,1.102,36.495,23.545,29.817,23.254,4.743,7.412,6.059
31281,1.106,36.573,23.553,29.788,23.251,4.823,7.33,6.219
31282,1.106,36.833,23.534,29.798,23.251,4.783,7.37,6.18
31283,1.112,36.539,23.51,29.798,23.254,4.824,7.33,6.22
31284,1.122,36.67,23.553,29.798,23.251,4.824,7.37,6.18
31285,1.125,36.738,23.526,29.769,23.237,4.702,7.167,6.098
31286,1.129,36.633,23.553,29.769,23.251,4.701,7.287,6.138
31287,1.132,36.719,23.522,29.769,23.247,4.823,7.288,6.098
31288,1.129,36.854,23.526,29.778,23.244,4.702,7.207,6.097
31289,1.109,36.922,23.557,29.769,23.24,4.742,7.084,6.138
31290,1.115,36.674,23.502,29.788,23.254,4.783,7.327,6.219
31291,1.125,36.834,23.553,29.817,23.258,4.864,7.329,6.22
31292,1.119,36.922,23.522,29.779,23.251,4.743,7.329,6.18
31293,1.122,37.009,23.506,29.778,23.251,4.823,7.37,6.139
31294,1.116,36.876,23.529,29.778,23.261,4.783,7.411,6.219
31295,1.115,37.018,23.557,29.788,23.254,4.783,7.533,6.261
31296,1.109,37.116,23.522,29.769,23.24,4.661,7.412,6.058
31297,1.115,37.193,23.514,29.797,23.247,4.822,7.533,6.219
31298,1.128,37.022,23.494,29.788,23.244,4.743,7.616,6.139
31299,1.129,37.135,23.545,29.759,23.244,4.661,7.617,6.098
31300,1.129,37.27,23.534,29.778,23.244,4.66,7.617,6.138
31301,1.145,37.339,23.553,29.797,23.258,4.822,7.901,6.341
31302,1.158,37.196,23.534,29.807,23.258,4.783,7.782,6.14
31303,1.152,37.28,23.51,29.788,23.251,4.702,7.862,6.179
31304,1.155,37.406,23.537,29.778,23.258,4.823,7.863,6.22
31305,1.168,37.446,23.545,29.788,23.258,4.743,7.944,6.22
31306,1.155,37.168,23.526,29.807,23.258,4.701,7.945,6.139
31307,1.168,37.29,23.502,29.74,23.247,4.66,7.783,6.057
31308,1.142,37.396,23.506,29.768,23.247,4.822,7.781,6.137
31309,1.155,37.407,23.572,29.759,23.247,4.702,7.781,6.179
31310,1.145,37.369,23.534,29.759,23.251,4.701,7.781,6.098
31311,1.129,37.493,23.526,29.769,23.244,4.701,7.7,6.056
31312,1.125,37.6,23.537,29.788,23.247,4.782,7.902,6.259
31313,1.142,37.524,23.565,29.807,23.258,4.824,7.863,6.262
31314,1.129,37.514,23.526,29.788,23.247,4.743,7.782,6.18
31315,1.119,37.629,23.514,29.778,23.254,4.742,7.781,6.22
31316,1.125,37.716,23.564,29.797,23.251,4.783,7.781,6.261
31317,1.119,37.487,23.53,29.846,23.258,4.824,7.781,6.221
31318,1.125,37.59,23.514,29.779,23.244,4.702,7.659,6.139
31319,1.109,37.678,23.514,29.75,23.24,4.66,7.698,6.138
31320,1.115,37.784,23.561,29.759,23.247,4.741,7.74,6.179
31321,1.125,37.612,23.545,29.769,23.244,4.701,7.618,6.139
31322,1.112,37.735,23.545,29.769,23.251,4.701,7.657,6.098
31323,1.115,37.842,23.561,29.807,23.251,4.701,7.658,6.219
31324,1.119,37.939,23.522,29.807,23.261,4.823,7.739,6.342
31325,1.122,37.499,23.58,29.769,23.251,4.743,7.659,6.14
31326,1.102,37.629,23.55,29.788,23.247,4.783,7.698,6.179
31327,1.109,37.764,23.518,29.778,23.251,4.742,7.618,6.179
31328,1.099,37.823,23.529,29.788,23.254,4.742,7.739,6.22
31329,1.089,37.651,23.537,29.778,23.258,4.783,7.618,6.22
31330,1.066,37.784,23.51,29.74,23.241,4.702,7.535,6.139
31331,1.05,37.881,23.514,29.768,23.247,4.742,7.657,6.138
31332,1.05,37.949,23.506,29.778,23.247,4.783,7.536,6.138
31333,1.027,37.662,23.533,29.75,23.24,4.702,7.534,6.057
31334,1.02,37.793,23.494,29.759,23.244,4.742,7.575,6.137
31335,1.01,37.929,23.564,29.797,23.265,4.905,7.657,6.301
31336,1.007,37.969,23.549,29.778,23.258,4.744,7.536,6.221
31337,0.994,37.701,23.561,29.769,23.251,4.742,7.494,6.261
31338,0.997,37.813,23.522,29.778,23.254,4.783,7.534,6.139
31339,1.0,37.92,23.553,29.778,23.258,4.742,7.575,6.26
31340,0.991,37.949,23.545,29.788,23.247,4.742,7.494,6.221
31341,0.978,37.844,23.502,29.75,23.233,4.661,7.453,6.18
31342,0.977,37.977,23.506,29.788,23.251,4.741,7.412,6.139
31343,0.977,38.075,23.533,29.788,23.244,4.783,7.452,6.138
31344,0.974,37.682,23.502,29.75,23.24,4.661,7.452,6.138
31345,0.971,37.717,23.557,29.749,23.244,4.7,7.412,6.098
31346,0.961,37.842,23.522,29.768,23.254,4.782,7.615,6.3
31347,0.971,37.987,23.541,29.788,23.258,4.864,7.535,6.18
31348,0.942,37.787,23.534,29.778,23.251,4.743,7.412,6.22
31349,0.928,37.89,23.553,29.759,23.247,4.742,7.411,6.22
31350,0.922,38.026,23.541,29.797,23.258,4.701,7.452,6.261
31351,0.915,38.113,23.506,29.778,23.254,4.782,7.412,6.221
31352,0.905,37.75,23.471,29.759,23.24,4.661,7.208,6.058
31353,0.882,37.871,23.513,29.769,23.251,4.782,7.287,6.219
31354,0.885,38.006,23.533,29.759,23.247,4.742,7.288,6.139
31355,0.872,38.036,23.537,29.759,23.247,4.742,7.207,6.219
31356,0.863,37.768,23.522,29.749,23.247,4.701,7.206,6.098
31357,0.853,37.9,23.537,29.855,23.254,4.742,7.328,6.341
31358,0.882,38.074,23.526,29.789,23.265,4.823,7.329,6.221
31359,0.872,38.085,23.529,29.778,23.244,4.783,7.167,6.22
31360,0.859,37.807,23.533,29.778,23.254,4.824,7.206,6.22
31361,0.866,37.919,23.506,29.778,23.251,4.783,7.247,6.302
31362,0.862,38.045,23.525,29.797,23.251,4.742,7.206,6.221
31363,0.862,38.066,23.471,29.759,23.24,4.579,7.003,6.139
31364,0.859,37.769,23.478,29.769,23.247,4.781,7.163,6.179
31365,0.866,37.929,23.548,29.759,23.251,4.702,7.084,6.179
31366,0.856,38.036,23.475,29.769,23.244,4.701,7.002,6.22
31367,0.846,38.372,23.513,29.749,23.247,4.701,6.96,6.139
31368,0.84,37.829,23.529,29.768,23.251,4.782,7.041,6.301
31369,0.839,37.977,23.58,29.797,23.261,4.824,7.082,6.302
31370,0.83,38.065,23.553,29.769,23.254,4.661,7.123,6.221
31371,0.826,37.721,23.526,29.778,23.251,4.822,7.002,6.22
31372,0.81,37.727,23.533,29.797,23.254,4.783,7.041,6.22
31373,0.807,37.852,23.541,29.759,23.251,4.824,7.042,6.22
31374,0.807,37.949,23.53,29.749,23.24,4.702,6.92,6.098
31375,0.79,37.681,23.529,29.749,23.251,4.742,7.0,6.26
31376,0.793,37.822,23.514,29.778,23.258,4.701,7.001,6.18
31377,0.79,37.958,23.522,29.788,23.247,4.66,7.001,6.179
31378,0.787,38.026,23.51,29.75,23.247,4.7,6.96,6.179
31379,0.79,37.653,23.51,29.759,23.244,4.742,7.0,6.179
31380,0.8,37.812,23.518,29.797,23.261,4.864,7.163,6.342
31381,0.807,37.948,23.514,29.778,23.247,4.702,7.043,6.221
31382,0.8,37.998,23.533,29.778,23.247,4.782,7.001,6.22
31383,0.8,37.682,23.494,29.788,23.251,4.661,7.041,6.22
31384,0.813,37.851,23.502,29.778,23.254,4.782,7.042,6.261
31385,0.813,37.949,23.549,29.778,23.258,4.783,7.042,6.221
31386,0.803,37.978,23.444,29.759,23.251,4.661,6.879,6.058
31387,0.8,37.701,23.505,29.759,23.247,4.782,6.877,6.178
31388,0.8,37.842,23.502,29.759,23.251,4.742,6.959,6.179
31389,0.787,37.939,23.56,29.769,23.258,4.701,6.96,6.179
31390,0.784,37.959,23.549,29.749,23.244,4.701,6.838,6.179
31391,0.777,37.652,23.526,29.749,23.247,4.701,6.877,6.22
31392,0.787,37.822,23.553,29.788,23.261,4.863,7.04,6.22
31393,0.787,37.92,23.534,29.788,23.251,4.824,6.92,6.18
31394,0.777,37.94,23.553,29.788,23.251,4.743,6.878,6.22
31395,0.767,37.681,23.553,29.798,23.251,4.783,6.877,6.22
31396,0.774,37.813,23.534,29.778,23.258,4.824,6.959,6.22
31397,0.774,37.929,23.561,29.826,23.247,4.702,6.838,6.18
31398,0.761,37.777,23.463,29.74,23.244,4.66,6.796,6.179
31399,0.774,37.718,23.521,29.778,23.251,4.7,6.917,6.179
31400,0.774,37.832,23.553,29.759,23.247,4.782,6.837,6.179
31401,0.78,37.929,23.514,29.769,23.244,4.661,6.755,6.098
31402,0.777,37.508,23.502,29.749,23.244,4.66,6.795,6.219
31403,0.79,37.61,23.502,29.797,23.258,4.822,6.958,6.302
31404,0.8,37.754,23.533,29.807,23.258,4.783,7.0,6.18
31405,0.794,37.823,23.557,29.769,23.254,4.783,6.919,6.139
31406,0.79,37.555,23.413,29.788,23.251,4.742,7.0,6.179
31407,0.797,37.696,23.524,29.778,23.247,4.783,6.96,6.22
31408,0.79,37.822,23.506,29.778,23.251,4.783,7.0,6.18
31409,0.79,37.872,23.564,29.759,23.247,4.661,6.96,6.098
31410,0.774,37.537,23.522,29.749,23.244,4.7,6.96,6.219
31411,0.774,37.706,23.518,29.768,23.244,4.701,7.0,6.139
31412,0.764,37.832,23.522,29.749,23.24,4.742,6.96,6.179
31413,0.77,37.872,23.483,29.749,23.24,4.62,6.878,6.179
31414,0.764,37.527,23.521,29.749,23.247,4.659,6.959,6.179
31415,0.764,37.686,23.584,29.807,23.258,4.863,7.204,6.301
31416,0.761,37.813,23.526,29.788,23.254,4.784,7.043,6.221
31417,0.751,37.843,23.533,29.778,23.254,4.702,7.042,6.22
31418,0.761,37.603,23.483,29.759,23.251,4.782,7.082,6.22
31419,0.777,37.745,23.537,29.788,23.251,4.783,7.083,6.302
31420,0.784,37.871,23.514,29.778,23.254,4.742,7.083,6.14
31421,0.774,37.853,23.482,29.74,23.237,4.661,6.961,6.179
31422,0.784,37.613,23.506,29.768,23.251,4.741,7.082,6.139
31423,0.79,37.726,23.463,29.769,23.247,4.62,6.961,6.219
31424,0.784,37.823,23.505,29.759,23.24,4.659,7.0,6.139
31425,0.79,37.843,23.537,29.74,23.244,4.66,7.001,6.138
31426,0.8,37.527,23.483,29.778,23.258,4.863,7.163,6.301
31427,0.807,37.667,23.525,29.797,23.254,4.784,7.002,6.14
31428,0.784,37.726,23.51,29.788,23.247,4.661,7.082,6.219
31429,0.784,37.564,23.568,29.778,23.251,4.7,7.042,6.18
31430,0.78,37.648,23.53,29.769,23.251,4.701,7.123,6.179
31431,0.784,37.764,23.49,29.769,23.251,4.823,7.083,6.139
31432,0.764,37.852,23.521,29.759,23.24,4.661,7.002,6.016
31433,0.774,37.527,23.514,29.759,23.244,4.66,7.163,6.137
31434,0.771,37.677,23.533,29.759,23.244,4.66,7.124,6.098
31435,0.761,37.784,23.526,29.759,23.24,4.66,7.124,6.178
31436,0.761,37.833,23.522,29.749,23.237,4.579,7.124,6.098
31437,0.754,37.527,23.537,29.759,23.247,4.781,7.246,6.178
31438,0.777,37.696,23.541,29.797,23.258,4.864,7.328,6.179
31439,0.78,37.794,23.58,29.778,23.251,4.662,7.207,6.098
31440,0.774,37.823,23.526,29.769,23.244,4.66,7.287,6.178
31441,0.78,37.536,23.514,29.797,23.254,4.782,7.247,6.22
31442,0.787,37.677,23.529,29.788,23.254,4.742,7.288,6.18
31443,0.784,37.793,23.518,29.817,23.244,4.701,7.085,6.098
31444,0.784,37.814,23.486,29.731,23.237,4.66,7.123,6.219
31445,0.803,37.44,23.545,29.759,23.244,4.782,7.165,6.18
31446,0.807,37.59,23.53,29.759,23.247,4.702,7.165,6.139
31447,0.807,37.678,23.518,29.749,23.244,4.66,7.124,6.098
31448,0.79,37.717,23.549,29.749,23.24,4.619,7.124,6.097
31449,0.79,37.698,23.604,29.797,23.258,4.822,7.287,6.26
31450,0.8,37.842,23.55,29.798,23.251,4.865,7.288,6.139
31451,0.784,37.929,23.549,29.759,23.251,4.743,7.207,6.219
31452,0.784,37.949,23.534,29.769,23.254,4.783,7.206,6.22
31453,0.78,37.576,23.53,29.788,23.251,4.864,7.206,6.261
31454,0.787,37.706,23.541,29.778,23.247,4.743,7.165,6.099
31455,0.761,37.765,23.506,29.74,23.24,4.742,7.124,6.138
31456,0.777,37.641,23.49,29.778,23.254,4.742,7.205,6.179
31457,0.767,37.649,23.498,29.759,23.251,4.701,7.125,6.179
31458,0.777,37.764,23.502,29.769,23.244,4.742,7.165,6.098
31459,0.79,37.852,23.545,29.769,23.244,4.742,7.206,6.219
31460,0.79,37.431,23.526,29.788,23.261,4.986,7.328,6.302
31461,0.803,37.551,23.522,29.778,23.251,4.826,7.248,6.14
31462,0.8,37.658,23.518,29.759,23.244,4.824,7.288,6.219
31463,0.81,37.736,23.416,29.769,23.251,4.865,7.369,6.261
31464,0.816,37.583,23.489,29.769,23.254,4.865,7.37,6.262
31465,0.82,37.697,23.533,29.74,23.254,4.824,7.289,6.058
31466,0.807,37.765,23.393,29.749,23.244,4.743,7.207,6.137
31467,0.813,37.9,23.489,29.768,23.254,4.783,7.369,6.138
31468,0.803,37.518,23.533,29.749,23.251,4.824,7.37,6.138
31469,0.803,37.667,23.561,29.759,23.24,4.743,7.33,6.098
31470,0.797,37.774,23.526,29.73,23.244,4.783,7.37,6.178
31471,0.794,37.852,23.518,29.778,23.258,4.905,7.533,6.301
31472,0.797,37.546,23.514,29.778,23.251,4.865,7.453,6.14
31473,0.787,37.639,23.494,29.75,23.251,4.824,7.371,6.098
31474,0.79,37.764,23.521,29.768,23.247,4.824,7.452,6.219
31475,0.78,37.804,23.545,29.778,23.251,4.824,7.412,6.18
31476,0.784,37.545,23.483,29.769,23.251,4.824,7.411,6.139
31477,0.777,37.677,23.47,29.74,23.237,4.743,7.167,6.016
31478,0.78,37.765,23.494,29.759,23.254,4.823,7.368,6.056
31479,0.793,37.794,23.553,29.749,23.244,4.865,7.33,6.097
31480,0.79,37.478,23.518,29.74,23.24,4.824,7.248,6.056
31481,0.79,37.59,23.529,29.749,23.247,4.743,7.206,6.056
31482,0.8,37.687,23.514,29.759,23.251,4.864,7.328,6.219
31483,0.813,37.679,23.49,29.807,23.258,4.906,7.329,6.18
31484,0.803,37.544,23.502,29.75,23.251,4.825,7.289,6.179
31485,0.816,37.667,23.545,29.759,23.254,4.783,7.288,6.098
31486,0.81,37.765,23.526,29.769,23.254,4.864,7.369,6.138
31487,0.826,37.449,23.51,29.759,23.254,4.865,7.37,6.098
31488,0.8,37.523,23.525,29.769,23.247,4.784,7.289,6.056
31489,0.787,37.6,23.557,29.73,23.244,4.783,7.329,6.097
31490,0.8,37.735,23.518,29.749,23.254,4.864,7.37,6.016
31491,0.784,37.449,23.502,29.749,23.247,4.743,7.33,6.056
31492,0.78,37.561,23.494,29.749,23.247,4.742,7.248,6.056
31493,0.774,37.677,23.502,29.73,23.24,4.823,7.41,6.015
31494,0.793,37.784,23.533,29.768,23.261,4.905,7.452,6.218
31495,0.787,37.478,23.565,29.749,23.258,4.825,7.371,6.098
31496,0.78,37.561,23.518,29.768,23.247,4.865,7.37,6.097
31497,0.784,37.706,23.51,29.759,23.247,4.824,7.289,6.097
31498,0.787,37.775,23.498,29.759,23.254,4.824,7.329,6.138
31499,0.8,37.401,23.533,29.759,23.254,4.865,7.329,6.057
31500,0.794,37.532,23.498,29.73,23.24,4.702,7.248,5.934
31501,0.793,37.591,23.486,29.759,23.247,4.701,7.369,6.096
31502,0.803,37.725,23.502,29.759,23.247,4.782,7.289,6.097
31503,0.807,37.458,23.478,29.749,23.247,4.742,7.125,6.016
31504,0.797,37.599,23.502,29.749,23.251,4.742,7.124,6.015
31505,0.803,37.697,23.541,29.74,23.251,4.823,7.287,6.096
31506,0.82,37.784,23.494,29.778,23.261,4.946,7.288,6.178
31507,0.826,37.296,23.517,29.759,23.251,4.785,7.125,6.057
31508,0.807,37.396,23.502,29.759,23.251,4.824,7.124,6.137
31509,0.8,37.513,23.545,29.749,23.261,4.865,7.124,6.138
31510,0.794,37.849,23.522,29.759,23.258,4.865,7.246,6.179
31511,0.797,37.488,23.486,29.759,23.258,4.743,7.084,6.017
31512,0.79,37.6,23.498,29.721,23.241,4.701,7.042,6.096
31513,0.764,37.706,23.486,29.759,23.251,4.742,7.082,6.138
31514,0.783,37.381,23.486,29.759,23.251,4.783,6.961,6.057
31515,0.771,37.378,23.549,29.749,23.24,4.702,7.041,6.097
31516,0.767,37.493,23.475,29.749,23.244,4.742,7.042,6.097
31517,0.777,37.619,23.506,29.778,23.258,4.905,7.204,6.26
31518,0.793,37.265,23.533,29.769,23.254,4.784,7.084,6.139
31519,0.78,37.348,23.565,29.778,23.254,4.824,7.002,6.179
31520,0.79,37.445,23.538,29.759,23.254,4.865,7.123,6.22
31521,0.797,37.551,23.498,29.778,23.254,4.865,7.124,6.22
31522,0.8,37.217,23.529,29.769,23.247,4.824,7.043,6.18
31523,0.8,37.329,23.483,29.74,23.24,4.702,6.839,6.057
31524,0.797,37.445,23.506,29.749,23.247,4.782,7.08,6.056
31525,0.813,37.523,23.564,29.74,23.251,4.742,6.961,6.137
31526,0.807,37.111,23.475,29.74,23.24,4.783,7.0,6.138
31527,0.8,37.251,23.502,29.749,23.24,4.661,6.96,6.098
31528,0.8,37.358,23.525,29.759,23.251,4.822,7.082,6.26
31529,0.8,37.445,23.58,29.778,23.258,4.865,7.083,6.18
31530,0.794,37.254,23.546,29.807,23.251,4.824,6.961,6.139
31531,0.787,37.386,23.495,29.769,23.247,4.824,6.96,6.219
31532,0.79,37.493,23.525,29.759,23.254,4.824,7.041,6.22
31533,0.79,37.542,23.51,29.807,23.258,4.865,7.042,6.22
31534,0.777,37.188,23.482,29.74,23.244,4.702,6.96,6.058
31535,0.758,37.29,23.513,29.749,23.247,4.823,7.041,6.259
31536,0.764,37.425,23.385,29.759,23.251,4.783,7.042,6.139
31537,0.77,37.446,23.481,29.74,23.251,4.702,7.001,6.138
31538,0.774,37.283,23.517,29.74,23.244,4.742,6.96,6.138
31539,0.784,37.406,23.588,29.73,23.244,4.701,7.0,6.26
31540,0.797,37.532,23.553,29.787,23.265,4.945,7.245,6.343
31541,0.797,37.274,23.534,29.769,23.248,4.785,7.084,6.181
31542,0.794,37.185,23.545,29.749,23.244,4.824,7.083,6.261
31543,0.797,37.338,23.495,29.768,23.254,4.783,7.123,6.262
31544,0.8,37.426,23.51,29.759,23.251,4.824,7.165,6.262
31545,0.803,37.177,23.541,29.749,23.247,4.783,7.124,6.139
31546,0.797,37.242,23.44,29.74,23.237,4.702,7.002,6.138
31547,0.797,37.386,23.497,29.759,23.247,4.782,7.041,6.179
31548,0.787,37.484,23.502,29.74,23.251,4.742,7.042,6.139
31549,0.78,37.216,23.549,29.74,23.247,4.701,7.042,6.179
31550,0.78,37.348,23.506,29.816,23.251,4.742,7.082,6.22
31551,0.777,37.512,23.51,29.769,23.261,4.905,7.286,6.342
31552,0.79,37.629,23.521,29.749,23.251,4.825,7.166,6.262
31553,0.764,36.978,23.522,29.749,23.251,4.783,7.206,6.18
31554,0.764,37.115,23.494,29.759,23.251,4.824,7.125,6.22
31555,0.757,37.222,23.545,29.778,23.254,4.865,7.124,6.22
31556,0.757,37.3,23.545,29.807,23.254,4.824,7.083,6.18
31557,0.748,37.061,23.479,29.721,23.24,4.702,6.961,6.139
31558,0.77,37.212,23.509,29.768,23.251,4.782,7.082,6.138
31559,0.774,37.309,23.541,29.74,23.244,4.742,7.123,6.138
31560,0.767,37.368,23.506,29.73,23.24,4.783,7.083,6.138
31561,0.774,37.148,23.525,29.739,23.251,4.824,7.123,6.26
31562,0.787,37.309,23.526,29.797,23.261,5.027,7.205,6.302
31563,0.79,37.416,23.471,29.759,23.251,4.785,7.165,6.14
31564,0.784,37.436,23.517,29.749,23.244,4.824,7.084,6.219
31565,0.793,37.043,23.557,29.73,23.254,4.783,7.042,6.18
31566,0.8,37.183,23.499,29.749,23.254,4.905,7.123,6.22
31567,0.8,37.29,23.498,29.749,23.244,4.825,6.961,6.017
31568,0.777,37.291,23.459,29.73,23.24,4.702,7.0,6.096
31569,0.784,37.118,23.533,29.749,23.244,4.782,7.041,6.097
31570,0.78,37.232,23.475,29.759,23.251,4.783,7.001,6.097
31571,0.767,37.338,23.502,29.74,23.24,4.702,6.96,6.056
31572,0.757,36.985,23.51,29.73,23.24,4.742,6.919,6.015
31573,0.757,37.077,23.432,29.768,23.254,4.905,7.163,6.218
31574,0.78,37.222,23.521,29.759,23.254,4.784,7.124,6.139
31575,0.761,37.3,23.533,29.759,23.254,4.864,7.165,6.138
31576,0.754,37.023,23.522,29.778,23.251,4.865,7.246,6.219
31577,0.754,37.164,23.514,29.759,23.254,4.906,7.288,6.139
31578,0.757,37.271,23.518,29.759,23.251,4.784,7.207,6.219
31579,0.757,37.339,23.533,29.721,23.24,4.661,7.206,6.017
31580,0.761,36.918,23.491,29.739,23.251,4.822,7.287,6.096
31581,0.777,37.047,23.498,29.749,23.247,4.783,7.247,6.138
31582,0.774,37.164,23.49,29.73,23.247,4.783,7.206,6.138
31583,0.771,37.213,23.451,29.739,23.244,4.702,7.287,6.098
31584,0.787,37.127,23.501,29.768,23.258,4.904,7.369,6.3
31585,0.8,37.28,23.564,29.769,23.258,4.865,7.37,6.18
31586,0.79,37.377,23.495,29.759,23.251,4.824,7.33,6.179
31587,0.79,37.445,23.502,29.749,23.251,4.783,7.289,6.098
31588,0.777,37.417,23.521,29.759,23.251,4.824,7.329,6.219
31589,0.777,37.551,23.553,29.759,23.251,4.905,7.329,6.098
31590,0.767,37.648,23.479,29.721,23.244,4.662,7.207,6.056
31591,0.761,37.659,23.482,29.739,23.247,4.741,7.287,6.097
31592,0.754,36.786,23.467,29.74,23.247,4.701,7.288,6.056
31593,0.761,36.921,23.427,29.74,23.247,4.782,7.247,6.015
31594,0.757,37.028,23.497,29.73,23.24,4.742,7.247,6.056
31595,0.748,37.25,23.533,29.739,23.244,4.742,7.45,6.219
31596,0.747,37.185,23.541,29.797,23.258,4.864,7.371,6.139
31597,0.754,37.28,23.471,29.759,23.247,4.784,7.289,6.057
31598,0.757,37.368,23.529,29.759,23.247,4.783,7.369,6.097
31599,0.767,36.966,23.549,29.74,23.254,4.742,7.37,6.138
31600,0.774,36.923,23.51,29.759,23.258,4.783,7.33,6.098
31601,0.767,37.028,23.494,29.74,23.244,4.661,7.207,6.016
31602,0.761,37.106,23.49,29.74,23.247,4.7,7.328,6.015
31603,0.777,36.954,23.447,29.73,23.247,4.823,7.329,6.096
31604,0.78,37.096,23.478,29.749,23.247,4.743,7.248,6.056
31605,0.78,37.184,23.537,29.749,23.244,4.742,7.288,5.975
31606,0.777,37.271,23.487,29.72,23.244,4.742,7.288,6.096
31607,0.79,36.831,23.494,29.768,23.258,4.905,7.451,6.138
31608,0.78,36.96,23.529,29.74,23.254,4.744,7.33,6.057
31609,0.758,37.058,23.541,29.74,23.254,4.783,7.329,6.097
31610,0.767,37.135,23.502,29.759,23.251,4.783,7.37,6.097
31611,0.767,37.04,23.506,29.769,23.251,4.742,7.37,6.097
31612,0.754,37.183,23.486,29.769,23.254,4.701,7.248,6.016
31613,0.748,37.271,23.416,29.74,23.237,4.62,7.206,5.974
31614,0.751,37.358,23.474,29.73,23.254,4.781,7.369,6.015
31615,0.748,36.918,23.533,29.749,23.251,4.661,7.289,6.015
31616,0.757,37.038,23.463,29.749,23.247,4.741,7.247,5.974
31617,0.748,37.164,23.459,29.74,23.247,4.701,7.247,5.974
31618,0.757,37.223,23.517,29.768,23.258,4.823,7.45,6.177
31619,0.777,37.012,23.557,29.769,23.258,4.702,7.371,6.098
31620,0.767,37.125,23.479,29.74,23.247,4.782,7.248,5.975
31621,0.761,37.241,23.509,29.759,23.247,4.783,7.328,6.055
31622,0.757,37.271,23.51,29.749,23.254,4.824,7.329,6.056
31623,0.767,37.032,23.521,29.759,23.258,4.743,7.289,6.097
31624,0.764,37.154,23.49,29.749,23.241,4.661,7.166,5.975
31625,0.761,37.222,23.537,29.74,23.244,4.7,7.246,6.015
31626,0.777,37.003,23.514,29.74,23.244,4.701,7.206,5.974
31627,0.771,36.809,23.498,29.74,23.247,4.701,7.206,5.933
31628,0.767,36.922,23.502,29.72,23.244,4.701,7.206,5.933
31629,0.764,37.048,23.537,29.739,23.251,4.782,7.247,6.096
31630,0.77,37.049,23.533,29.797,23.261,4.864,7.247,6.016
31631,0.754,37.145,23.51,29.759,23.247,4.702,7.206,6.015
31632,0.748,37.261,23.533,29.749,23.251,4.701,7.247,5.974
31633,0.751,37.348,23.494,29.759,23.251,4.823,7.247,6.015
31634,0.748,36.755,23.506,29.759,23.254,4.865,7.247,6.056
31635,0.738,36.902,23.529,29.74,23.251,4.621,7.125,5.934
31636,0.725,36.961,23.479,29.73,23.244,4.781,7.205,6.055
31637,0.734,37.077,23.506,29.759,23.251,4.742,7.165,6.015
31638,0.747,36.915,23.471,29.73,23.247,4.701,7.165,6.015
31639,0.744,37.038,23.541,29.73,23.244,4.66,7.084,5.974
31640,0.744,37.154,23.545,29.73,23.247,4.741,7.123,6.015
31641,0.76,37.251,23.53,29.768,23.254,4.864,7.287,6.137
31642,0.774,36.965,23.537,29.759,23.251,4.702,7.125,6.016
31643,0.764,37.067,23.498,29.759,23.254,4.742,7.205,5.974
31644,0.764,37.193,23.498,29.769,23.254,4.783,7.247,6.055
31645,0.774,37.242,23.545,29.749,23.258,4.783,7.206,6.015
31646,0.774,36.907,23.518,29.74,23.251,4.742,7.125,5.893
31647,0.771,37.009,23.506,29.72,23.24,4.661,7.124,5.892
31648,0.767,37.125,23.51,29.749,23.247,4.782,7.124,5.933
31649,0.764,37.146,23.533,29.749,23.251,4.742,7.083,5.892
31650,0.761,36.887,23.483,29.74,23.244,4.742,7.042,5.892
31651,0.748,37.038,23.486,29.749,23.244,4.742,7.082,5.973
31652,0.757,37.164,23.51,29.778,23.258,4.905,7.245,6.096
31653,0.761,37.386,23.451,29.759,23.254,4.744,7.166,5.935
31654,0.751,37.062,23.474,29.749,23.251,4.783,7.124,5.974
31655,0.748,37.164,23.552,29.768,23.254,4.824,7.083,6.055
31656,0.738,37.299,23.479,29.759,23.254,4.824,7.083,6.015
31657,0.741,36.802,23.502,29.759,23.247,4.743,7.042,5.893
31658,0.738,36.778,23.475,29.721,23.237,4.701,6.92,5.973
31659,0.747,36.941,23.521,29.749,23.251,4.701,7.041,6.015
31660,0.751,37.029,23.479,29.74,23.247,4.742,7.042,5.934
31661,0.748,36.809,23.459,29.74,23.24,4.701,6.96,5.892
31662,0.76,36.912,23.47,29.74,23.244,4.782,7.0,6.014
31663,0.774,37.095,23.49,29.787,23.261,4.864,7.163,6.137
31664,0.774,37.174,23.494,29.759,23.247,4.743,7.002,6.057
31665,0.78,36.801,23.502,29.74,23.244,4.783,7.041,6.015
31666,0.777,36.941,23.518,29.768,23.247,4.783,7.001,5.974
31667,0.777,37.077,23.522,29.749,23.251,4.783,7.041,6.096
31668,0.774,37.145,23.576,29.768,23.244,4.742,6.92,5.975
31669,0.751,36.733,23.514,29.74,23.24,4.661,6.959,6.015
31670,0.761,36.892,23.533,29.749,23.251,4.782,6.919,6.056
31671,0.748,37.009,23.494,29.74,23.251,4.742,6.919,6.056
31672,0.747,37.077,23.506,29.73,23.24,4.661,6.878,6.015
31673,0.741,36.781,23.4,29.749,23.247,4.7,6.959,6.056
31674,0.751,36.95,23.485,29.788,23.261,4.904,7.082,6.137
31675,0.757,37.057,23.552,29.759,23.254,4.784,6.961,6.057
31676,0.748,37.087,23.495,29.769,23.251,4.742,7.0,6.097
31677,0.741,36.781,23.51,29.74,23.251,4.864,7.041,6.056
31678,0.754,36.921,23.51,29.759,23.258,4.824,7.082,6.137
31679,0.757,37.019,23.557,29.759,23.247,4.743,7.002,5.976
31680,0.748,37.01,23.479,29.73,23.244,4.742,7.082,6.055
31681,0.757,36.933,23.451,29.73,23.251,4.701,7.123,6.015
31682,0.764,37.029,23.501,29.73,23.247,4.701,7.002,6.056
31683,0.767,37.145,23.471,29.72,23.244,4.742,7.001,6.015
31684,0.761,36.8,23.478,29.73,23.244,4.742,7.041,6.096
31685,0.777,36.73,23.498,29.768,23.254,4.945,7.204,6.178
31686,0.793,36.873,23.51,29.759,23.254,4.744,7.084,6.057
31687,0.784,36.942,23.486,29.749,23.254,4.742,7.164,6.097
31688,0.774,36.683,23.533,29.749,23.265,4.742,7.206,6.138
31689,0.761,36.777,23.537,29.759,23.258,4.823,7.165,6.098
31690,0.767,36.921,23.514,29.769,23.251,4.743,7.084,6.056
31691,0.751,36.971,23.518,29.74,23.247,4.661,7.042,5.975
31692,0.751,36.655,23.506,29.74,23.244,4.782,7.123,6.055
31693,0.754,36.796,23.432,29.749,23.247,4.661,7.124,6.056
31694,0.748,36.931,23.497,29.72,23.244,4.7,7.043,6.015
31695,0.741,36.99,23.514,29.73,23.244,4.579,7.082,6.056
31696,0.741,36.684,23.475,29.778,23.258,4.862,7.286,6.259
31697,0.754,36.873,23.513,29.788,23.258,4.824,7.085,6.099
31698,0.744,36.951,23.502,29.75,23.251,4.783,7.164,6.138
31699,0.747,37.0,23.572,29.759,23.254,4.783,7.084,6.016
31700,0.751,36.578,23.487,29.759,23.251,4.783,7.123,6.137
31701,0.767,36.708,23.502,29.749,23.251,4.824,7.124,6.219
31702,0.761,36.844,23.494,29.74,23.244,4.661,6.921,6.058
31703,0.754,36.845,23.502,29.74,23.244,4.782,7.0,6.097
31704,0.767,37.248,23.506,29.749,23.251,4.783,7.041,6.138
31705,0.777,37.386,23.494,29.74,23.251,4.661,6.96,6.057
31706,0.767,37.465,23.506,29.73,23.24,4.7,6.96,6.056
31707,0.774,37.485,23.463,29.739,23.244,4.701,7.041,6.219
31708,0.78,36.449,23.544,29.787,23.268,4.863,7.082,6.261
31709,0.767,36.554,23.51,29.759,23.258,4.784,7.002,6.058
31710,0.757,36.67,23.506,29.749,23.251,4.742,6.96,6.097
31711,0.761,36.796,23.525,29.778,23.251,4.701,7.041,6.138
31712,0.754,36.826,23.494,29.74,23.251,4.782,7.001,6.138
31713,0.754,36.932,23.455,29.759,23.247,4.742,6.879,6.057
31714,0.738,37.0,23.486,29.721,23.24,4.661,6.918,6.056
31715,0.725,36.54,23.525,29.739,23.251,4.741,6.959,6.137
31716,0.728,36.603,23.436,29.759,23.244,4.701,6.838,6.098
31717,0.725,36.738,23.474,29.74,23.244,4.66,6.796,6.097
31718,0.731,36.806,23.49,29.74,23.244,4.7,6.877,6.097
31719,0.747,36.644,23.556,29.759,23.261,4.782,7.04,6.219
31720,0.76,36.786,23.448,29.769,23.254,4.702,6.92,6.139
31721,0.748,36.883,23.501,29.759,23.254,4.823,6.878,6.138
31722,0.754,36.961,23.521,29.749,23.251,4.743,6.918,6.219
31723,0.761,36.463,23.518,29.759,23.254,4.783,6.959,6.22
31724,0.77,36.602,23.525,29.749,23.254,4.742,6.878,6.098
31725,0.764,36.69,23.49,29.711,23.237,4.579,6.755,6.016
31726,0.767,36.786,23.51,29.739,23.244,4.781,6.836,6.056
31727,0.77,36.5,23.479,29.74,23.254,4.702,6.877,6.056
31728,0.764,36.631,23.506,29.749,23.247,4.701,6.796,6.056
31729,0.754,36.738,23.479,29.73,23.244,4.701,6.877,6.015
31730,0.757,36.816,23.49,29.749,23.254,4.904,7.0,6.259
31731,0.761,36.49,23.502,29.759,23.254,4.825,6.838,6.099
31732,0.744,36.593,23.463,29.759,23.247,4.743,6.837,6.138
31733,0.741,36.718,23.501,29.807,23.251,4.742,6.837,6.098
31734,0.741,36.748,23.486,29.75,23.254,4.823,6.918,6.138
31735,0.738,36.518,23.533,29.74,23.254,4.783,6.878,6.219
31736,0.734,36.641,23.522,29.768,23.244,4.661,6.755,5.976
31737,0.712,36.728,23.455,29.759,23.251,4.741,6.836,6.137
31738,0.734,37.094,23.525,29.73,23.251,4.742,6.837,6.098
31739,0.741,36.484,23.502,29.739,23.244,4.742,6.837,6.016
31740,0.741,36.621,23.494,29.73,23.244,4.661,6.796,5.974
31741,0.747,36.719,23.533,29.759,23.247,4.782,6.877,6.096
31742,0.757,36.566,23.487,29.778,23.258,4.864,7.04,6.178
31743,0.77,36.593,23.498,29.75,23.254,4.743,6.96,6.098
31744,0.764,36.699,23.494,29.759,23.251,4.701,6.878,6.056
31745,0.774,36.796,23.517,29.759,23.251,4.823,6.959,6.137
31746,0.774,36.413,23.51,29.769,23.254,4.743,7.041,6.057
31747,0.771,36.525,23.502,29.759,23.254,4.742,6.92,5.975
31748,0.748,36.603,23.502,29.73,23.237,4.661,6.837,6.055
31749,0.754,36.709,23.541,29.759,23.244,4.7,6.958,5.975
31750,0.748,36.355,23.51,29.749,23.247,4.742,6.878,6.015
31751,0.747,36.495,23.479,29.74,23.247,4.701,6.959,5.974
31752,0.734,36.631,23.47,29.73,23.244,4.742,6.96,6.055
31753,0.744,36.709,23.474,29.768,23.265,4.905,7.082,6.137
31754,0.744,36.461,23.494,29.759,23.248,4.744,7.042,6.057
31755,0.734,36.592,23.49,29.759,23.254,4.701,7.082,6.056
31756,0.744,36.718,23.521,29.759,23.258,4.782,7.123,6.056
31757,0.734,36.787,23.486,29.769,23.251,4.783,7.124,6.015
31758,0.734,36.404,23.564,29.759,23.251,4.742,7.124,6.015
31759,0.734,36.515,23.506,29.721,23.244,4.661,7.083,6.015
31760,0.744,36.66,23.486,29.749,23.251,4.66,7.083,5.974
31761,0.744,36.709,23.506,29.749,23.244,4.7,7.123,6.015
31762,0.751,36.355,23.506,29.74,23.247,4.66,7.083,5.893
31763,0.741,36.495,23.502,29.749,23.24,4.741,7.123,5.973
31764,0.754,36.612,23.471,29.797,23.254,4.783,7.287,6.055
31765,0.774,36.651,23.505,29.759,23.251,4.742,7.288,5.975
31766,0.771,36.278,23.514,29.749,23.254,4.783,7.288,5.893
31767,0.774,36.399,23.506,29.749,23.251,4.783,7.288,6.014
31768,0.764,36.525,23.533,29.759,23.254,4.783,7.288,5.974
31769,0.761,36.516,23.533,29.749,23.254,4.824,7.207,5.974
31770,0.748,36.516,23.51,29.73,23.24,4.621,7.165,5.933
31771,0.741,36.641,23.502,29.749,23.251,4.741,7.287,5.974
31772,0.738,36.748,23.49,29.759,23.251,4.783,7.288,5.974
31773,0.738,36.25,23.478,29.73,23.244,4.702,7.288,5.893
31774,0.728,36.302,23.486,29.749,23.237,4.701,7.329,5.973
31775,0.734,36.466,23.49,29.759,23.258,4.823,7.532,6.055
31776,0.738,36.583,23.513,29.788,23.251,4.824,7.494,6.015
31777,0.731,36.229,23.447,29.759,23.254,4.783,7.534,6.056
31778,0.731,36.36,23.513,29.759,23.251,4.824,7.575,6.015
31779,0.744,36.467,23.522,29.769,23.251,4.824,7.616,6.096
31780,0.751,36.573,23.514,29.769,23.254,4.824,7.617,6.056
31781,0.751,36.335,23.506,29.749,23.244,4.621,7.454,5.853
31782,0.744,36.457,23.471,29.759,23.247,4.741,7.574,5.973
31783,0.757,36.611,23.513,29.759,23.247,4.742,7.616,6.015
31784,0.757,36.671,23.471,29.749,23.254,4.742,7.576,5.974
31785,0.761,36.201,23.478,29.749,23.244,4.661,7.575,5.933
31786,0.761,36.369,23.478,29.74,23.24,4.822,7.616,6.055
31787,0.774,36.515,23.47,29.797,23.261,4.824,7.779,6.056
31788,0.764,36.526,23.517,29.759,23.254,4.783,7.74,6.015
31789,0.757,36.257,23.51,29.759,23.244,4.742,7.659,5.974
31790,0.748,36.398,23.494,29.759,23.254,4.742,7.698,5.974
31791,0.754,36.525,23.514,29.769,23.251,4.823,7.699,6.096
31792,0.748,36.535,23.506,29.778,23.251,4.661,7.618,5.894
31793,0.738,36.296,23.475,29.74,23.237,4.7,7.617,5.973
31794,0.734,36.428,23.47,29.749,23.251,4.823,7.739,6.055
31795,0.734,36.534,23.517,29.73,23.244,4.783,7.699,5.975
31796,0.734,36.603,23.49,29.759,23.244,4.702,7.658,5.974
31797,0.728,36.22,23.443,29.749,23.247,4.701,7.739,5.974
31798,0.734,36.36,23.521,29.778,23.258,4.904,7.821,6.137
31799,0.757,36.476,23.498,29.759,23.247,4.744,7.781,6.057
31800,0.744,36.209,23.529,29.749,23.244,4.701,7.781,6.097
31801,0.76,36.254,23.533,29.759,23.251,4.782,7.7,6.016
31802,0.764,36.389,23.483,29.769,23.254,4.783,7.78,6.056
31803,0.77,36.505,23.506,29.769,23.251,4.864,7.781,6.137
31804,0.764,36.075,23.475,29.74,23.24,4.702,7.578,5.935
31805,0.761,36.186,23.502,29.74,23.247,4.742,7.698,6.014
31806,0.774,36.331,23.518,29.759,23.244,4.742,7.699,5.974
31807,0.771,36.409,23.471,29.749,23.247,4.701,7.577,6.015
31808,0.761,36.247,23.525,29.72,23.24,4.66,7.575,6.015
31809,0.754,36.398,23.479,29.749,23.247,4.741,7.738,6.096
31810,0.764,36.582,23.509,29.778,23.261,4.864,7.659,6.056
31811,0.751,36.613,23.494,29.75,23.247,4.743,7.617,6.056
31812,0.751,36.181,23.471,29.759,23.247,4.783,7.576,6.097
31813,0.741,36.321,23.509,29.759,23.244,4.824,7.657,6.056
31814,0.747,36.447,23.482,29.759,23.258,4.824,7.617,6.097
31815,0.741,36.477,23.486,29.749,23.244,4.661,7.454,5.975
31816,0.725,36.008,23.467,29.74,23.244,4.741,7.534,6.055
31817,0.734,36.166,23.474,29.759,23.251,4.742,7.453,6.056
31818,0.741,36.254,23.517,29.749,23.247,4.701,7.452,6.056
31819,0.741,36.293,23.467,29.74,23.24,4.66,7.371,5.975
31820,0.744,36.13,23.486,29.74,23.244,4.741,7.452,6.137
31821,0.76,36.292,23.521,29.768,23.251,4.905,7.534,6.138
31822,0.767,36.399,23.494,29.769,23.251,4.784,7.412,6.138
31823,0.761,36.429,23.486,29.769,23.247,4.783,7.371,6.057
31824,0.77,36.18,23.49,29.749,23.258,4.783,7.37,6.056
31825,0.774,36.283,23.513,29.749,23.251,4.783,7.37,6.097
31826,0.774,36.418,23.502,29.749,23.244,4.742,7.208,5.975
31827,0.764,36.122,23.478,29.72,23.237,4.701,7.247,6.055
31828,0.754,36.109,23.525,29.759,23.244,4.742,7.206,6.056
31829,0.757,36.253,23.471,29.749,23.247,4.701,7.247,6.015
31830,0.744,36.322,23.474,29.74,23.24,4.701,7.166,5.974
31831,0.741,36.102,23.474,29.74,23.244,4.701,7.165,6.015
31832,0.741,36.253,23.486,29.778,23.261,4.863,7.287,6.218
31833,0.757,36.408,23.467,29.769,23.254,4.784,7.207,6.017
31834,0.744,36.448,23.451,29.749,23.251,4.824,7.165,6.056
31835,0.738,36.065,23.537,29.74,23.251,4.743,7.206,6.097
31836,0.741,36.233,23.428,29.797,23.254,4.823,7.206,6.056
31837,0.738,36.331,23.493,29.759,23.247,4.824,7.206,6.015
31838,0.741,36.39,23.498,29.74,23.237,4.661,6.962,5.852
31839,0.741,35.978,23.521,29.74,23.247,4.741,7.082,5.973
31840,0.741,36.166,23.447,29.74,23.247,4.742,7.205,5.974
31841,0.757,36.263,23.466,29.73,23.244,4.701,7.125,5.974
31842,0.754,36.341,23.49,29.749,23.251,4.742,7.124,5.933
31843,0.751,35.987,23.502,29.749,23.247,4.823,7.165,6.055
31844,0.777,36.166,23.506,29.788,23.261,4.905,7.246,6.137
31845,0.767,36.263,23.494,29.75,23.251,4.825,7.125,6.057
31846,0.78,36.331,23.463,29.74,23.251,4.865,7.124,6.056
31847,0.784,36.016,23.494,29.759,23.254,4.743,7.165,6.056
31848,0.764,36.156,23.556,29.759,23.258,4.823,7.165,6.056
31849,0.767,36.273,23.479,29.759,23.251,4.743,7.084,5.975
31850,0.748,36.264,23.463,29.73,23.237,4.661,6.961,6.015
31851,0.751,36.015,23.478,29.749,23.244,4.741,7.041,5.974
31852,0.748,36.166,23.494,29.749,23.251,4.701,6.96,6.015
31853,0.747,36.254,23.494,29.74,23.247,4.701,7.0,5.893
31854,0.741,36.197,23.451,29.749,23.244,4.823,7.041,6.054
31855,0.757,36.081,23.525,29.788,23.261,4.905,7.123,6.178
31856,0.754,36.215,23.475,29.769,23.251,4.825,7.002,6.017
31857,0.748,36.302,23.47,29.749,23.244,4.783,7.001,5.974
31858,0.747,35.958,23.541,29.749,23.254,4.864,6.96,6.015
31859,0.76,36.041,23.526,29.778,23.254,4.865,6.96,6.056
31860,0.764,36.195,23.518,29.817,23.247,4.784,6.96,5.975
31861,0.757,36.225,23.471,29.74,23.24,4.702,6.878,5.974
31862,0.767,35.976,23.494,29.759,23.244,4.782,6.959,5.933
31863,0.767,36.098,23.482,29.749,23.247,4.702,6.878,5.974
31864,0.764,36.224,23.486,29.72,23.244,4.742,6.796,5.933
31865,0.777,36.302,23.455,29.72,23.244,4.701,6.877,5.974
31866,0.79,35.929,23.455,29.778,23.254,4.863,7.04,6.137
31867,0.803,36.098,23.482,29.769,23.254,4.824,6.96,6.016
31868,0.79,36.186,23.486,29.749,23.251,4.783,6.919,6.015
31869,0.797,36.244,23.467,29.759,23.258,4.824,6.959,6.056
31870,0.797,35.967,23.513,29.759,23.254,4.865,6.919,6.097
31871,0.803,36.127,23.506,29.759,23.254,4.824,6.878,6.016
31872,0.8,36.215,23.506,29.73,23.244,4.743,6.755,5.852
31873,0.8,36.264,23.475,29.739,23.24,4.823,6.876,5.973
31874,0.813,35.871,23.474,29.74,23.247,4.743,6.918,5.933
31875,0.8,36.011,23.517,29.74,23.247,4.823,6.796,5.974
31876,0.803,36.118,23.494,29.759,23.247,4.743,6.755,5.933
31877,0.807,36.157,23.451,29.749,23.24,4.783,6.876,6.055
31878,0.829,36.014,23.494,29.788,23.261,4.905,6.959,6.056
31879,0.839,36.108,23.506,29.75,23.254,4.744,6.919,6.015
31880,0.836,36.205,23.381,29.749,23.251,4.783,6.959,6.056
31881,0.839,36.532,23.477,29.768,23.247,4.824,6.96,6.056
31882,0.843,35.941,23.498,29.769,23.251,4.824,7.0,6.056
31883,0.846,36.079,23.478,29.749,23.247,4.743,7.041,5.975
31884,0.82,36.147,23.49,29.72,23.244,4.742,7.082,5.974
31885,0.843,35.899,23.455,29.749,23.244,4.783,7.205,5.974
31886,0.843,35.935,23.47,29.749,23.247,4.783,7.125,5.974
31887,0.843,36.06,23.502,29.73,23.247,4.742,7.165,5.933
31888,0.843,36.118,23.486,29.72,23.244,4.783,7.287,6.136
31889,0.846,35.879,23.428,29.797,23.265,4.986,7.41,6.098
31890,0.849,35.992,23.45,29.769,23.251,4.826,7.289,6.056
31891,0.836,36.099,23.497,29.749,23.251,4.865,7.288,6.097
31892,0.843,36.186,23.498,29.759,23.251,4.824,7.329,6.138
31893,0.846,35.822,23.486,29.778,23.251,4.824,7.451,6.138
31894,0.859,35.963,23.482,29.759,23.247,4.783,7.33,6.016
31895,0.843,36.06,23.498,29.721,23.237,4.702,7.289,6.096
31896,0.839,36.166,23.506,29.778,23.244,4.701,7.369,6.056
31897,0.843,35.861,23.467,29.759,23.247,4.782,7.33,6.056
31898,0.839,35.992,23.513,29.74,23.247,4.702,7.248,6.056
31899,0.843,36.108,23.486,29.749,23.244,4.782,7.328,6.097
31900,0.853,36.186,23.471,29.768,23.261,4.905,7.451,6.219
31901,0.859,35.928,23.498,29.778,23.251,4.865,7.33,6.139
31902,0.856,36.069,23.482,29.759,23.247,4.824,7.37,6.138
31903,0.859,36.176,23.486,29.759,23.247,4.783,7.37,6.179
31904,0.872,36.225,23.513,29.769,23.247,4.783,7.37,6.098
31905,0.879,35.794,23.44,29.74,23.251,4.824,7.248,6.097
31906,0.879,35.943,23.478,29.72,23.24,4.661,7.084,5.975
31907,0.869,36.021,23.502,29.759,23.247,4.822,7.245,6.015
31908,0.866,36.061,23.51,29.759,23.251,4.743,7.288,6.056
31909,0.853,35.984,23.412,29.74,23.244,4.783,7.247,6.056
31910,0.853,36.098,23.446,29.74,23.237,4.742,7.288,6.056
31911,0.849,36.215,23.486,29.759,23.251,4.783,7.369,6.137
31912,0.849,35.976,23.498,29.778,23.265,4.905,7.37,6.179
31913,0.836,35.82,23.494,29.759,23.251,4.744,7.289,6.139
31914,0.833,35.972,23.494,29.74,23.254,4.783,7.288,6.098
31915,0.839,36.041,23.494,29.759,23.247,4.824,7.329,6.178
31916,0.82,35.859,23.51,29.759,23.247,4.743,7.37,6.261
31917,0.813,35.973,23.471,29.759,23.247,4.783,7.33,6.099
31918,0.803,36.06,23.509,29.73,23.237,4.661,7.207,5.975
31919,0.803,36.157,23.51,29.759,23.254,4.782,7.328,6.096
31920,0.81,35.726,23.502,29.769,23.251,4.783,7.248,6.138
31921,0.813,35.837,23.482,29.74,23.24,4.742,7.247,6.138
31922,0.807,35.934,23.47,29.74,23.24,4.661,7.206,6.138
31923,0.797,36.04,23.494,29.759,23.244,4.782,7.287,6.219
31924,0.803,35.821,23.51,29.778,23.265,4.864,7.369,6.22
31925,0.8,35.943,23.455,29.75,23.244,4.784,7.289,6.098
31926,0.81,36.069,23.505,29.749,23.251,4.783,7.288,6.097
31927,0.8,36.128,23.51,29.768,23.251,4.824,7.288,6.138
31928,0.79,35.707,23.541,29.778,23.251,4.824,7.247,6.138
31929,0.78,35.866,23.44,29.769,23.251,4.783,7.166,6.057
31930,0.767,35.963,23.451,29.73,23.247,4.783,7.206,6.137
31931,0.764,36.031,23.482,29.759,23.247,4.783,7.287,6.098
31932,0.751,35.83,23.447,29.759,23.244,4.742,7.166,6.138
31933,0.741,35.953,23.49,29.74,23.244,4.661,7.124,6.098
31934,0.747,36.069,23.439,29.73,23.24,4.782,7.124,6.178
31935,0.744,36.109,23.501,29.807,23.261,4.946,7.327,6.301
31936,0.738,35.783,23.498,29.75,23.247,4.785,7.167,6.221
31937,0.725,35.914,23.482,29.759,23.251,4.824,7.206,6.139
31938,0.724,36.031,23.525,29.759,23.251,4.824,7.247,6.26
31939,0.728,36.051,23.498,29.759,23.254,4.824,7.206,6.18
31940,0.731,35.821,23.498,29.759,23.247,4.783,7.165,6.098
31941,0.725,35.924,23.451,29.73,23.237,4.661,7.084,6.138
31942,0.728,36.05,23.474,29.759,23.251,4.741,7.205,6.138
31943,0.731,35.687,23.494,29.759,23.24,4.742,7.165,6.138
31944,0.725,35.741,23.49,29.73,23.244,4.701,7.124,6.057
31945,0.734,35.837,23.443,29.749,23.24,4.701,7.246,6.137
31946,0.734,35.963,23.462,29.778,23.258,4.863,7.369,6.301
31947,0.744,35.609,23.513,29.75,23.244,4.824,7.289,6.14
31948,0.734,35.702,23.467,29.778,23.247,4.743,7.288,6.179
31949,0.715,35.846,23.381,29.759,23.251,4.864,7.288,6.22
31950,0.715,35.934,23.438,29.778,23.258,4.906,7.329,6.22
31951,0.708,35.695,23.47,29.759,23.251,4.784,7.289,6.098
31952,0.689,35.798,23.49,29.721,23.24,4.661,7.247,6.178
31953,0.688,35.962,23.51,29.739,23.247,4.741,7.328,6.179
31954,0.692,36.031,23.479,29.74,23.247,4.823,7.207,6.139
31955,0.685,35.687,23.474,29.749,23.244,4.702,7.287,6.179
31956,0.685,35.827,23.451,29.749,23.24,4.742,7.207,6.139
31957,0.685,35.963,23.505,29.788,23.265,4.864,7.409,6.301
31958,0.708,36.041,23.51,29.778,23.258,4.743,7.33,6.18
31959,0.702,35.668,23.463,29.75,23.251,4.783,7.37,6.261
31960,0.711,35.808,23.505,29.768,23.251,4.824,7.33,6.18
31961,0.705,35.915,23.49,29.759,23.251,4.783,7.329,6.261
31962,0.721,35.973,23.502,29.769,23.251,4.824,7.289,6.18
31963,0.715,35.696,23.451,29.73,23.244,4.58,7.207,6.057
31964,0.711,35.837,23.478,29.749,23.251,4.7,7.287,6.259
31965,0.721,35.944,23.478,29.74,23.244,4.742,7.247,6.18
31966,0.718,36.021,23.49,29.749,23.244,4.701,7.166,6.139
31967,0.721,35.715,23.478,29.74,23.244,4.66,7.206,6.138
31968,0.715,35.885,23.498,29.768,23.251,4.782,7.409,6.341
31969,0.721,35.992,23.49,29.788,23.258,4.824,7.452,6.221
31970,0.705,35.782,23.482,29.769,23.244,4.783,7.33,6.22
31971,0.702,35.79,23.467,29.74,23.254,4.742,7.41,6.261
31972,0.701,35.905,23.502,29.768,23.258,4.742,7.493,6.302
31973,0.701,36.031,23.49,29.769,23.251,4.823,7.453,6.302
31974,0.701,35.456,23.51,29.73,23.24,4.621,7.371,6.14
31975,0.682,35.537,23.455,29.759,23.247,4.741,7.452,6.301
31976,0.688,35.71,23.439,29.749,23.251,4.742,7.452,6.262
31977,0.685,35.779,23.521,29.74,23.244,4.701,7.452,6.221
31978,0.692,35.569,23.502,29.74,23.244,4.66,7.493,6.139
31979,0.695,35.701,23.455,29.759,23.251,4.782,7.616,6.26
31980,0.714,35.875,23.474,29.769,23.258,4.864,7.657,6.343
31981,0.721,35.944,23.47,29.769,23.251,4.743,7.617,6.303
31982,0.721,35.571,23.459,29.769,23.251,4.742,7.535,6.302
31983,0.721,35.73,23.451,29.769,23.247,4.823,7.534,6.343
31984,0.728,35.866,23.49,29.778,23.254,4.824,7.616,6.303
31985,0.738,35.906,23.443,29.759,23.251,4.743,7.495,6.18
31986,0.728,35.551,23.451,29.73,23.24,4.62,7.453,6.179
31987,0.731,35.682,23.517,29.749,23.251,4.741,7.534,6.22
31988,0.734,35.798,23.494,29.749,23.247,4.701,7.453,6.261
31989,0.715,35.866,23.459,29.759,23.237,4.701,7.412,6.139
31990,0.711,35.685,23.47,29.749,23.244,4.701,7.452,6.219
31991,0.718,35.837,23.463,29.778,23.258,4.863,7.574,6.302
31992,0.724,35.972,23.478,29.797,23.261,4.784,7.535,6.302
31993,0.715,35.983,23.455,29.759,23.251,4.742,7.494,6.302
31994,0.718,35.571,23.494,29.759,23.251,4.823,7.494,6.302
31995,0.705,35.711,23.494,29.759,23.251,4.783,7.534,6.302
31996,0.708,35.837,23.478,29.769,23.251,4.824,7.453,6.262
31997,0.711,35.733,23.506,29.73,23.24,4.661,7.33,6.058
31998,0.698,35.578,23.545,29.739,23.247,4.782,7.451,6.219
31999,0.718,35.74,23.471,29.749,23.244,4.661,7.371,6.22
32000,0.708,35.837,23.463,29.749,23.251,4.7,7.411,6.139
32001,0.715,35.589,23.482,29.74,23.244,4.701,7.371,6.138
32002,0.721,35.701,23.498,29.74,23.251,4.823,7.533,6.341
32003,0.737,35.875,23.471,29.778,23.265,4.783,7.534,6.303
32004,0.738,35.925,23.474,29.769,23.251,4.783,7.453,6.302
32005,0.744,35.379,23.443,29.749,23.254,4.702,7.493,6.221
32006,0.747,35.546,23.482,29.768,23.251,4.823,7.453,6.261
32007,0.741,35.672,23.49,29.769,23.258,4.865,7.452,6.262
32008,0.744,35.741,23.533,29.759,23.247,4.743,7.33,6.058
32009,0.712,35.396,23.451,29.74,23.244,4.742,7.37,6.219
32010,0.724,35.565,23.505,29.749,23.251,4.783,7.37,6.22
32011,0.728,35.701,23.455,29.749,23.244,4.742,7.37,6.22
32012,0.718,35.77,23.494,29.74,23.247,4.701,7.37,6.058
32013,0.731,35.55,23.455,29.73,23.244,4.782,7.37,6.219
32014,0.757,35.711,23.505,29.778,23.258,4.864,7.452,6.302
32015,0.774,35.827,23.428,29.759,23.251,4.743,7.371,6.18
32016,0.79,35.876,23.47,29.759,23.247,4.823,7.37,6.301
32017,0.819,35.532,23.513,29.769,23.251,4.743,7.37,6.262
32018,0.862,35.672,23.482,29.759,23.251,4.742,7.37,6.221
32019,0.892,35.798,23.47,29.778,23.247,4.783,7.248,6.058
32020,0.902,35.78,23.443,29.73,23.244,4.702,7.288,6.178
32021,0.941,35.569,23.458,29.768,23.251,4.782,7.288,6.139
32022,0.954,35.692,23.478,29.749,23.244,4.783,7.247,6.138
32023,0.958,35.789,23.467,29.74,23.247,4.702,7.206,6.179
32024,0.974,36.039,23.502,29.749,23.251,4.742,7.206,6.22
32025,1.003,35.572,23.467,29.788,23.258,4.905,7.369,6.302
32026,1.056,35.72,23.482,29.769,23.251,4.744,7.289,6.221
32027,1.073,35.77,23.517,29.769,23.254,4.783,7.166,6.22
32028,1.122,35.569,23.483,29.769,23.247,4.783,7.287,6.261
32029,1.164,35.634,23.4,29.778,23.251,4.824,7.288,6.262
32030,1.207,35.759,23.462,29.778,23.254,4.783,7.166,6.262
32031,1.246,35.828,23.49,29.721,23.244,4.661,7.002,6.099
32032,1.276,35.407,23.506,29.739,23.247,4.741,7.163,6.219
32033,1.312,35.546,23.494,29.759,23.251,4.742,7.084,6.261
32034,1.306,35.672,23.486,29.74,23.244,4.742,7.164,6.262
32035,1.3,35.741,23.447,29.749,23.244,4.701,7.043,6.302
32036,1.293,35.377,23.458,29.749,23.247,4.742,7.164,6.425
32037,1.319,35.565,23.525,29.788,23.258,4.864,7.246,6.426
32038,1.342,35.682,23.502,29.759,23.251,4.743,7.206,6.344
32039,1.349,35.741,23.428,29.759,23.247,4.701,7.084,6.343
32040,1.329,35.454,23.462,29.759,23.244,4.742,7.123,6.384
32041,1.319,35.623,23.501,29.769,23.258,4.823,7.124,6.466
32042,1.313,35.75,23.49,29.769,23.251,4.661,7.043,6.304
32043,1.303,35.77,23.459,29.721,23.247,4.66,7.001,6.465
32044,1.28,35.502,23.505,29.749,23.244,4.7,7.123,6.467
32045,1.215,35.624,23.432,29.74,23.254,4.742,7.043,6.467
32046,1.172,35.769,23.466,29.72,23.244,4.661,7.082,6.467
32047,1.116,35.789,23.486,29.73,23.244,4.7,7.083,6.711
32048,1.063,35.406,23.506,29.768,23.258,4.863,7.245,6.998
32049,1.017,35.575,23.436,29.778,23.254,4.743,7.084,6.96
32050,0.958,35.653,23.419,29.759,23.244,4.742,7.123,7.244
32051,0.899,35.683,23.474,29.759,23.251,4.783,7.124,7.45
32052,0.824,35.549,23.486,29.769,23.254,4.783,7.205,7.737
32053,0.774,35.691,23.471,29.759,23.254,4.702,7.003,7.943
32054,0.722,35.731,23.509,29.73,23.24,4.62,6.96,8.108
32055,0.682,35.559,23.455,29.787,23.254,4.741,7.0,8.435
32056,0.659,35.461,23.443,29.759,23.244,4.661,7.041,8.601
32057,0.61,35.585,23.525,29.749,23.244,4.7,6.92,8.724
32058,0.58,35.663,23.49,29.749,23.24,4.701,7.0,8.929
32059,0.586,35.347,23.49,29.788,23.261,4.863,7.123,9.256
32060,0.577,35.478,23.471,29.778,23.254,4.784,7.043,9.259
32061,0.564,35.566,23.486,29.769,23.251,4.783,7.042,9.341
32062,0.593,35.682,23.486,29.769,23.254,4.783,7.123,9.423
32063,0.616,35.367,23.478,29.778,23.254,4.702,7.083,9.505
32064,0.662,35.498,23.494,29.769,23.251,4.701,7.002,9.506
32065,0.691,35.614,23.404,29.73,23.24,4.66,6.879,9.506
32066,0.734,35.711,23.458,29.739,23.251,4.7,6.918,9.709
32067,0.76,35.329,23.494,29.74,23.251,4.742,6.959,9.752
32068,0.774,35.478,23.49,29.749,23.24,4.742,6.919,9.915
32069,0.774,35.604,23.455,29.749,23.244,4.742,6.878,10.161
32070,0.784,35.692,23.439,29.759,23.258,4.823,7.04,10.61
32071,0.806,35.434,23.493,29.778,23.251,4.824,6.92,10.696
32072,0.79,35.518,23.514,29.759,23.251,4.743,6.959,10.941
32073,0.787,35.634,23.486,29.759,23.254,4.783,6.96,11.268
32074,0.79,35.702,23.521,29.759,23.247,4.824,6.919,11.353
32075,0.79,35.415,23.408,29.797,23.254,4.743,6.959,11.638
32076,0.777,35.537,23.47,29.75,23.237,4.701,6.838,11.601
32077,0.771,35.605,23.502,29.74,23.247,4.742,6.877,11.844
32078,0.777,35.663,23.502,29.768,23.24,4.742,6.959,12.009
32079,0.797,35.376,23.471,29.769,23.244,4.661,6.878,11.97
32080,0.79,35.498,23.459,29.73,23.247,4.66,6.877,12.011
32081,0.79,35.605,23.455,29.759,23.24,4.7,6.837,12.133
32082,0.803,35.663,23.474,29.778,23.261,4.863,7.04,12.175
32083,0.82,35.51,23.509,29.769,23.254,4.743,6.879,12.053
32084,0.803,35.605,23.529,29.759,23.247,4.783,6.877,12.011
32085,0.81,35.702,23.389,29.778,23.247,4.824,7.0,11.889
32086,0.81,35.29,23.458,29.769,23.254,4.783,6.96,11.766
32087,0.813,35.344,23.509,29.769,23.251,4.783,6.96,11.724
32088,0.8,35.45,23.49,29.721,23.24,4.661,6.878,11.52
32089,0.777,35.547,23.482,29.749,23.244,4.741,7.04,11.477
32090,0.79,35.337,23.474,29.749,23.251,4.701,7.082,11.396
32091,0.79,35.459,23.431,29.74,23.247,4.701,7.123,11.273
32092,0.774,35.575,23.474,29.73,23.24,4.701,7.083,11.15
32093,0.774,35.673,23.463,29.749,23.247,4.782,7.205,11.271
32094,0.79,35.338,23.501,29.788,23.258,4.864,7.328,11.109
32095,0.78,35.449,23.428,29.769,23.251,4.784,7.289,11.026
32096,0.774,35.585,23.439,29.759,23.251,4.742,7.288,10.985
32097,0.774,35.663,23.486,29.778,23.251,4.823,7.329,10.903
32098,0.787,35.28,23.502,29.778,23.251,4.824,7.329,10.78
32099,0.787,35.42,23.42,29.759,23.247,4.702,7.289,10.576
32100,0.784,35.508,23.485,29.721,23.24,4.701,7.288,10.533
32101,0.79,35.585,23.471,29.768,23.247,4.742,7.288,10.451
32102,0.793,35.299,23.486,29.759,23.244,4.701,7.288,10.41
32103,0.793,35.43,23.459,29.749,23.244,4.701,7.207,10.206
32104,0.79,35.546,23.486,29.749,23.244,4.782,7.328,10.163
32105,0.81,35.605,23.459,29.759,23.251,4.824,7.41,10.244
32106,0.826,35.443,23.459,29.778,23.251,4.824,7.33,9.96
32107,0.817,35.546,23.494,29.759,23.247,4.783,7.289,9.917
32108,0.813,35.653,23.49,29.759,23.247,4.742,7.288,9.754
32109,0.803,35.951,23.369,29.788,23.258,4.864,7.329,9.752
32110,0.803,35.561,23.477,29.769,23.251,4.743,7.207,9.508
32111,0.797,35.653,23.509,29.73,23.247,4.661,7.084,9.425
32112,0.79,35.788,23.518,29.759,23.247,4.822,7.205,9.342
32113,0.797,35.262,23.486,29.769,23.24,4.702,7.206,9.26
32114,0.797,35.19,23.506,29.74,23.247,4.701,7.165,9.137
32115,0.787,35.323,23.475,29.759,23.24,4.742,7.165,9.177
32116,0.79,35.43,23.435,29.788,23.261,4.864,7.328,9.177
32117,0.79,35.393,23.493,29.788,23.258,4.865,7.207,8.974
32118,0.784,35.498,23.428,29.759,23.251,4.824,7.247,8.891
32119,0.797,35.614,23.45,29.778,23.247,4.783,7.288,8.809
32120,0.8,35.721,23.451,29.778,23.251,4.824,7.288,8.767
32121,0.81,35.194,23.478,29.788,23.251,4.783,7.329,8.685
32122,0.813,35.323,23.49,29.759,23.244,4.661,7.167,8.481
32123,0.8,35.421,23.474,29.759,23.247,4.741,7.206,8.479
32124,0.82,35.508,23.494,29.769,23.244,4.783,7.247,8.438
32125,0.82,35.202,23.471,29.769,23.244,4.824,7.247,8.357
32126,0.82,35.333,23.443,29.749,23.244,4.661,7.206,8.275
32127,0.823,35.449,23.517,29.74,23.251,4.782,7.328,8.396
32128,0.836,35.556,23.455,29.807,23.261,4.946,7.41,8.275
32129,0.83,35.222,23.447,29.779,23.251,4.785,7.249,8.233
32130,0.813,35.362,23.443,29.778,23.251,4.824,7.328,8.151
32131,0.813,35.469,23.462,29.797,23.251,4.824,7.289,8.11
32132,0.813,35.537,23.474,29.798,23.254,4.905,7.329,8.069
32133,0.807,35.231,23.459,29.769,23.247,4.784,7.207,7.946
32134,0.797,35.343,23.47,29.74,23.244,4.702,7.206,7.986
32135,0.79,35.478,23.435,29.778,23.251,4.742,7.247,7.946
32136,0.79,35.518,23.443,29.759,23.251,4.783,7.247,7.823
32137,0.797,35.231,23.486,29.769,23.244,4.742,7.166,7.741
32138,0.79,35.353,23.486,29.74,23.24,4.742,7.206,7.699
32139,0.813,35.498,23.443,29.797,23.258,4.864,7.369,7.943
32140,0.82,35.394,23.466,29.798,23.254,4.824,7.248,7.701
32141,0.817,35.23,23.486,29.778,23.247,4.783,7.206,7.699
32142,0.826,35.372,23.506,29.778,23.251,4.783,7.247,7.699
32143,0.826,35.479,23.471,29.769,23.254,4.824,7.288,7.658
32144,0.833,35.173,23.482,29.778,23.251,4.783,7.288,7.617
32145,0.833,35.275,23.474,29.759,23.237,4.661,7.166,7.373
32146,0.833,35.382,23.455,29.769,23.247,4.822,7.287,7.452
32147,0.836,35.498,23.513,29.769,23.247,4.743,7.288,7.371
32148,0.839,35.154,23.455,29.769,23.237,4.701,7.166,7.33
32149,0.823,35.275,23.458,29.749,23.24,4.742,7.084,7.329
32150,0.82,35.391,23.447,29.778,23.247,4.823,7.286,7.451
32151,0.83,35.517,23.474,29.817,23.258,4.865,7.329,7.452
32152,0.813,35.097,23.474,29.779,23.244,4.824,7.289,7.29
32153,0.816,35.265,23.459,29.778,23.251,4.824,7.329,7.329
32154,0.82,35.382,23.529,29.778,23.247,4.824,7.289,7.329
32155,0.813,35.44,23.483,29.778,23.251,4.783,7.288,7.289
32156,0.81,35.096,23.443,29.75,23.244,4.661,7.166,7.085
32157,0.797,35.217,23.497,29.768,23.24,4.822,7.246,7.205
32158,0.813,35.352,23.486,29.778,23.24,4.783,7.288,7.084
32159,0.823,35.421,23.459,29.778,23.244,4.702,7.247,7.002
32160,0.823,35.144,23.439,29.759,23.24,4.782,7.288,7.001
32161,0.83,35.285,23.443,29.788,23.247,4.783,7.288,7.123
32162,0.852,35.439,23.474,29.826,23.261,4.905,7.329,7.083
32163,0.846,35.451,23.451,29.798,23.251,4.784,7.289,7.083
32164,0.843,35.173,23.494,29.798,23.244,4.783,7.329,7.002
32165,0.853,35.314,23.506,29.826,23.254,4.824,7.37,7.001
32166,0.859,35.449,23.439,29.779,23.251,4.783,7.33,7.001
32167,0.862,35.633,23.501,29.769,23.247,4.742,7.126,6.797
32168,0.843,35.242,23.447,29.759,23.233,4.701,7.205,6.958
32169,0.846,35.42,23.49,29.769,23.251,4.742,7.206,6.919
32170,0.84,35.498,23.455,29.769,23.244,4.742,7.287,6.837
32171,0.836,35.096,23.462,29.759,23.244,4.742,7.207,6.837
32172,0.83,35.131,23.49,29.778,23.247,4.701,7.247,6.958
32173,0.826,35.284,23.463,29.797,23.258,4.985,7.369,6.96
32174,0.846,35.401,23.494,29.798,23.251,4.744,7.289,6.919
32175,0.82,35.134,23.408,29.778,23.251,4.783,7.329,6.837
32176,0.826,35.284,23.474,29.788,23.251,4.702,7.329,6.837
32177,0.83,35.401,23.494,29.788,23.247,4.782,7.289,6.877
32178,0.833,35.489,23.502,29.788,23.251,4.783,7.288,6.755
32179,0.836,35.029,23.4,29.769,23.24,4.62,7.125,6.673
32180,0.836,35.149,23.446,29.769,23.247,4.741,7.246,6.713
32181,0.846,35.313,23.462,29.788,23.254,4.661,7.206,6.754
32182,0.853,35.382,23.482,29.769,23.24,4.741,7.125,6.673
32183,0.853,35.038,23.451,29.778,23.244,4.701,7.124,6.713
32184,0.853,35.188,23.525,29.778,23.251,4.863,7.205,6.794
32185,0.872,35.343,23.506,29.826,23.261,4.824,7.287,6.795
32186,0.869,35.382,23.443,29.769,23.244,4.702,7.125,6.714
32187,0.876,35.057,23.505,29.778,23.247,4.701,7.205,6.672
32188,0.872,35.197,23.439,29.788,23.247,4.782,7.247,6.713
32189,0.869,35.333,23.49,29.798,23.247,4.824,7.288,6.754
32190,0.866,35.354,23.463,29.788,23.247,4.661,7.125,6.592
32191,0.856,35.009,23.455,29.769,23.244,4.741,7.205,6.671
32192,0.846,35.139,23.482,29.769,23.258,4.783,7.247,6.591
32193,0.84,35.265,23.47,29.769,23.251,4.742,7.166,6.631
32194,0.839,35.286,23.494,29.759,23.244,4.701,7.206,6.631
32195,0.833,35.104,23.424,29.788,23.244,4.782,7.206,6.631
32196,0.843,35.265,23.462,29.817,23.258,4.864,7.409,6.753
32197,0.853,35.372,23.482,29.798,23.251,4.784,7.289,6.632
32198,0.849,35.095,23.455,29.778,23.251,4.824,7.288,6.631
32199,0.856,35.054,23.431,29.807,23.251,4.743,7.369,6.631
32200,0.853,35.197,23.443,29.817,23.254,4.783,7.37,6.672
32201,0.853,35.276,23.513,29.807,23.251,4.824,7.289,6.591
32202,0.866,35.037,23.49,29.75,23.237,4.661,7.288,6.509
32203,0.876,35.159,23.498,29.778,23.247,4.741,7.288,6.63
32204,0.872,35.294,23.506,29.778,23.247,4.742,7.329,6.59
32205,0.882,35.401,23.479,29.769,23.244,4.661,7.248,6.549
32206,0.876,34.942,23.467,29.749,23.244,4.7,7.206,6.508
32207,0.879,35.081,23.482,29.788,23.251,4.823,7.409,6.63
32208,0.895,35.274,23.47,29.845,23.258,4.865,7.289,6.59
32209,0.879,35.334,23.439,29.798,23.251,4.743,7.288,6.549
32210,0.876,34.999,23.439,29.798,23.247,4.783,7.329,6.59
32211,0.869,35.149,23.447,29.798,23.251,4.702,7.248,6.549
32212,0.869,35.265,23.454,29.788,23.251,4.823,7.288,6.63
32213,0.876,35.334,23.474,29.788,23.244,4.661,7.166,6.428
32214,0.859,34.941,23.482,29.769,23.247,4.741,7.165,6.507
32215,0.849,35.1,23.439,29.788,23.247,4.701,7.124,6.549
32216,0.859,35.217,23.447,29.788,23.244,4.701,7.165,6.427
32217,0.866,35.266,23.482,29.778,23.24,4.62,7.084,6.507
32218,0.859,35.008,23.478,29.778,23.244,4.741,7.123,6.549
32219,0.875,35.197,23.467,29.865,23.265,4.783,7.327,6.63
32220,0.882,35.304,23.447,29.789,23.251,4.702,7.085,6.468
32221,0.876,35.315,23.451,29.798,23.251,4.701,7.123,6.507
32222,0.889,35.008,23.423,29.778,23.254,4.742,7.124,6.549
32223,0.892,35.178,23.478,29.797,23.254,4.823,7.124,6.59
32224,0.895,35.266,23.49,29.798,23.251,4.824,7.043,6.509
32225,0.902,35.257,23.471,29.778,23.237,4.621,7.001,6.345
32226,0.892,35.113,23.455,29.797,23.244,4.741,7.041,6.466
32227,0.902,35.256,23.49,29.788,23.251,4.701,7.001,6.386
32228,0.899,35.362,23.459,29.788,23.244,4.701,6.96,6.344
32229,0.892,35.009,23.431,29.778,23.24,4.701,7.0,6.384
32230,0.895,35.091,23.404,29.797,23.254,4.863,7.123,6.547
32231,0.902,35.265,23.462,29.817,23.258,4.824,7.083,6.468
32232,0.895,35.334,23.443,29.817,23.251,4.743,7.083,6.386
32233,0.895,34.903,23.482,29.827,23.254,4.783,7.083,6.466
32234,0.895,35.052,23.533,29.808,23.251,4.783,7.123,6.507
32235,0.889,35.178,23.409,29.826,23.251,4.783,7.165,6.508
32236,0.879,35.256,23.454,29.808,23.244,4.661,7.002,6.305
32237,0.885,35.056,23.455,29.788,23.251,4.7,7.123,6.425
32238,0.895,35.217,23.462,29.817,23.247,4.742,7.083,6.385
32239,0.912,35.333,23.486,29.807,23.247,4.701,7.164,6.344
32240,0.908,35.392,23.439,29.788,23.244,4.742,7.084,6.343
32241,0.902,34.913,23.454,29.798,23.247,4.701,7.205,6.384
32242,0.915,35.11,23.447,29.836,23.265,4.904,7.369,6.466
32243,0.925,35.198,23.462,29.817,23.254,4.784,7.289,6.386
32244,0.915,35.247,23.498,29.817,23.247,4.702,7.207,6.385
32245,0.935,34.998,23.482,29.817,23.258,4.782,7.328,6.385
32246,0.938,35.149,23.474,29.817,23.254,4.783,7.329,6.385
32247,0.935,35.256,23.509,29.807,23.251,4.742,7.207,6.222
32248,0.925,35.257,23.432,29.769,23.24,4.701,7.287,6.261
32249,0.928,35.094,23.447,29.826,23.244,4.742,7.329,6.302
32250,0.925,35.227,23.454,29.817,23.244,4.701,7.289,6.262
32251,0.922,35.314,23.509,29.807,23.247,4.701,7.369,6.221
32252,0.912,35.699,23.463,29.807,23.244,4.742,7.411,6.383
32253,0.935,35.213,23.486,29.846,23.265,4.823,7.533,6.385
32254,0.928,35.304,23.506,29.817,23.251,4.743,7.412,6.385
32255,0.915,35.411,23.482,29.817,23.251,4.783,7.493,6.344
32256,0.928,35.182,23.459,29.836,23.254,4.783,7.494,6.384
32257,0.935,35.218,23.486,29.827,23.258,4.742,7.534,6.385
32258,0.925,35.343,23.439,29.817,23.244,4.661,7.331,6.222
32259,0.928,35.411,23.415,29.807,23.237,4.7,7.451,6.383
32260,0.944,35.076,23.439,29.826,23.247,4.742,7.452,6.344
32261,0.945,35.178,23.451,29.808,23.24,4.742,7.371,6.303
32262,0.954,35.285,23.462,29.807,23.24,4.701,7.37,6.221
32263,0.961,35.382,23.482,29.826,23.251,4.701,7.492,6.342
32264,0.971,35.623,23.502,29.865,23.258,4.863,7.616,6.384
32265,0.981,35.759,23.478,29.818,23.247,4.743,7.495,6.385
32266,0.981,35.866,23.451,29.827,23.251,4.742,7.494,6.344
32267,0.991,35.944,23.517,29.836,23.258,4.742,7.494,6.343
32268,0.994,35.034,23.451,29.836,23.251,4.823,7.453,6.343
32269,0.978,35.168,23.455,29.827,23.247,4.702,7.371,6.221
32270,0.974,35.275,23.447,29.808,23.247,4.66,7.37,6.261
32271,0.974,35.372,23.478,29.826,23.244,4.66,7.37,6.302
32272,0.968,35.46,23.47,29.836,23.247,4.7,7.33,6.262
32273,0.971,35.575,23.478,29.798,23.244,4.66,7.289,6.302
32274,0.974,35.701,23.478,29.817,23.251,4.66,7.329,6.302
32275,0.981,35.76,23.416,29.875,23.261,4.863,7.451,6.465
32276,0.987,35.425,23.442,29.837,23.251,4.743,7.33,6.386
32277,0.981,35.517,23.478,29.856,23.244,4.742,7.289,6.303
32278,0.984,35.624,23.474,29.846,23.244,4.783,7.288,6.302
32279,1.004,35.683,23.466,29.904,23.258,4.742,7.288,6.384
32280,1.004,36.009,23.427,29.837,23.247,4.823,7.247,6.344
32281,1.007,36.099,23.474,29.798,23.237,4.621,7.125,6.221
32282,1.017,36.205,23.482,29.826,23.251,4.781,7.165,6.342
32283,1.023,35.88,23.47,29.827,23.24,4.742,7.165,6.262
32284,1.03,35.599,23.482,29.836,23.244,4.701,7.165,6.302
32285,1.037,35.721,23.435,29.827,23.247,4.66,7.124,6.262
32286,1.037,35.818,23.435,29.827,23.254,4.741,7.205,6.424
32287,1.056,35.847,23.493,29.875,23.261,4.905,7.247,6.385
32288,1.047,35.963,23.404,29.846,23.251,4.825,7.125,6.303
32289,1.037,36.098,23.431,29.827,23.251,4.783,7.165,6.343
32290,1.037,36.176,23.45,29.846,23.258,4.783,7.124,6.343
32291,1.046,35.899,23.474,29.856,23.254,4.864,7.205,6.343
32292,1.037,36.04,23.478,29.827,23.247,4.743,7.043,6.221
32293,1.03,36.137,23.451,29.817,23.24,4.823,7.042,6.302
32294,1.043,36.234,23.513,29.846,23.251,4.743,7.123,6.262
32295,1.037,36.216,23.455,29.856,23.247,4.742,7.083,6.302
32296,1.033,36.331,23.431,29.827,23.244,4.661,7.083,6.262
32297,1.033,36.438,23.493,29.827,23.251,4.782,7.164,6.343
32298,1.05,36.515,23.467,29.875,23.258,4.905,7.287,6.466
32299,1.066,36.113,23.455,29.856,23.251,4.784,7.125,6.304
32300,1.069,36.253,23.408,29.837,23.251,4.783,7.083,6.343
32301,1.079,36.36,23.474,29.856,23.254,4.783,7.164,6.384
32302,1.089,36.428,23.47,29.865,23.254,4.783,7.165,6.344
32303,1.089,36.563,23.49,29.856,23.251,4.742,7.084,6.221
32304,1.083,36.651,23.471,29.798,23.24,4.661,7.042,6.261
32305,1.102,36.796,23.459,29.836,23.254,4.741,7.082,6.221
32306,1.112,36.816,23.462,29.846,23.251,4.783,7.123,6.22
32307,1.102,36.529,23.505,29.837,23.24,4.702,7.043,6.22
32308,1.106,36.67,23.467,29.856,23.244,4.742,7.123,6.261
32309,1.109,36.786,23.423,29.875,23.258,4.905,7.327,6.384
32310,1.122,37.027,23.446,29.875,23.254,4.825,7.207,6.303
32311,1.106,36.723,23.443,29.856,23.254,4.743,7.287,6.302
32312,1.106,36.844,23.447,29.865,23.251,4.742,7.288,6.302
32313,1.096,36.961,23.462,29.875,23.258,4.864,7.288,6.384
32314,1.102,36.837,23.486,29.856,23.251,4.824,7.288,6.263
32315,1.093,36.893,23.431,29.837,23.24,4.661,7.288,6.221
32316,1.096,37.057,23.447,29.856,23.247,4.741,7.329,6.261
32317,1.106,37.135,23.478,29.856,23.247,4.701,7.248,6.221
32318,1.109,36.906,23.49,29.846,23.244,4.742,7.328,6.18
32319,1.115,37.047,23.471,29.894,23.247,4.661,7.289,6.22
32320,1.115,37.154,23.439,29.875,23.258,4.822,7.451,6.424
32321,1.135,37.261,23.478,29.875,23.261,4.824,7.371,6.263
32322,1.129,37.032,23.42,29.865,23.251,4.702,7.37,6.343
32323,1.129,37.173,23.462,29.865,23.251,4.823,7.37,6.221
32324,1.132,37.299,23.431,29.865,23.251,4.783,7.33,6.302
32325,1.151,37.377,23.458,29.856,23.254,4.783,7.329,6.221
32326,1.161,37.11,23.49,29.827,23.251,4.702,7.207,6.098
32327,1.142,37.212,23.471,29.855,23.244,4.701,7.369,6.178
32328,1.158,37.357,23.502,29.856,23.251,4.701,7.33,6.179
32329,1.142,37.416,23.424,29.865,23.247,4.742,7.248,6.22
32330,1.135,37.311,23.466,29.846,23.24,4.62,7.288,6.098
32331,1.125,37.435,23.447,29.846,23.247,4.659,7.207,6.341
32332,1.129,37.571,23.482,29.894,23.258,4.904,7.491,6.303
32333,1.122,37.629,23.474,29.875,23.251,4.784,7.29,6.221
32334,1.122,37.419,23.474,29.856,23.247,4.742,7.247,6.18
32335,1.122,37.542,23.455,29.884,23.254,4.823,7.328,6.261
32336,1.116,37.648,23.423,29.885,23.251,4.824,7.289,6.262
32337,1.119,37.659,23.485,29.875,23.247,4.702,7.207,6.139
32338,1.109,37.419,23.435,29.837,23.24,4.579,7.125,6.219
32339,1.112,37.58,23.458,29.875,23.247,4.74,7.246,6.18
32340,1.115,37.697,23.462,29.856,23.247,4.742,7.125,6.139
32341,1.115,37.592,23.455,29.856,23.247,4.742,7.205,6.098
32342,1.115,37.63,23.458,29.856,23.244,4.701,7.165,6.138
32343,1.115,37.755,23.439,29.894,23.261,4.863,7.287,6.301
32344,1.132,37.861,23.493,29.904,23.254,4.743,7.207,6.14
32345,1.116,37.584,23.463,29.875,23.251,4.742,7.165,6.179
32346,1.115,37.687,23.443,29.875,23.251,4.823,7.206,6.139
32347,1.112,37.813,23.505,29.865,23.247,4.783,7.206,6.26
32348,1.102,37.891,23.439,29.865,23.254,4.702,7.084,6.139
32349,1.073,37.594,23.458,29.837,23.237,4.701,6.92,6.138
32350,1.063,37.725,23.451,29.865,23.251,4.742,7.122,6.179
32351,1.063,37.832,23.482,29.856,23.251,4.742,7.002,6.139
32352,1.04,37.929,23.49,29.875,23.244,4.742,6.96,6.057
32353,1.037,37.595,23.467,29.856,23.247,4.701,7.041,6.097
32354,1.03,37.754,23.505,29.913,23.258,4.904,7.082,6.219
32355,1.027,37.9,23.467,29.885,23.251,4.744,7.042,6.18
32356,1.01,37.911,23.455,29.875,23.251,4.783,6.96,6.179
32357,1.001,37.738,23.478,29.875,23.251,4.864,7.0,6.261
32358,0.991,37.861,23.47,29.913,23.251,4.743,7.041,6.221
32359,1.0,37.978,23.47,29.885,23.251,4.783,7.001,6.139
32360,0.987,37.988,23.47,29.846,23.244,4.661,6.919,6.098
32361,0.987,37.749,23.451,29.884,23.247,4.7,7.0,6.138
32362,0.987,37.871,23.462,29.894,23.247,4.701,6.96,6.098
32363,0.978,37.987,23.447,29.885,23.244,4.782,6.878,6.056
32364,0.971,37.988,23.49,29.866,23.247,4.742,6.918,6.097
32365,0.964,37.749,23.455,29.923,23.261,4.905,7.081,6.219
32366,0.981,37.89,23.443,29.895,23.254,4.744,6.92,6.098
32367,0.948,37.968,23.478,29.904,23.254,4.783,6.959,6.097
32368,0.948,38.209,23.404,29.895,23.251,4.824,6.96,6.138
32369,0.925,38.278,23.47,29.885,23.254,4.824,7.0,6.138
32370,0.931,38.384,23.451,29.894,23.251,4.824,7.001,6.138
32371,0.905,38.453,23.501,29.866,23.24,4.702,6.879,6.016
32372,0.892,37.581,23.451,29.904,23.251,4.823,6.959,6.015
32373,0.882,37.572,23.47,29.875,23.244,4.783,6.919,6.096
32374,0.879,37.697,23.478,29.875,23.244,4.742,7.0,6.016
32375,0.866,37.794,23.388,29.885,23.244,4.701,7.001,6.056
32376,0.869,37.785,23.45,29.894,23.251,4.823,7.245,6.178
32377,0.869,37.967,23.497,29.933,23.261,4.824,7.084,6.139
32378,0.85,38.055,23.412,29.895,23.254,4.824,7.083,6.138
32379,0.853,38.133,23.427,29.894,23.251,4.824,7.123,6.138
32380,0.856,37.693,23.458,29.894,23.258,4.865,7.124,6.138
32381,0.853,37.851,23.47,29.914,23.254,4.824,7.124,6.098
32382,0.849,37.929,23.451,29.885,23.24,4.661,7.043,6.016
32383,0.846,37.988,23.443,29.894,23.244,4.741,7.123,6.137
32384,0.846,37.72,23.474,29.914,23.244,4.783,7.165,6.098
32385,0.846,37.871,23.463,29.895,23.251,4.783,7.124,6.016
32386,0.853,37.958,23.447,29.875,23.247,4.742,7.083,6.015
32387,0.843,38.017,23.486,29.875,23.251,4.783,7.245,6.096
32388,0.856,37.643,23.408,29.942,23.261,4.946,7.369,6.178
32389,0.83,37.764,23.435,29.914,23.254,4.785,7.208,6.057
32390,0.82,37.842,23.447,29.895,23.251,4.783,7.247,6.097
32391,0.81,37.891,23.482,29.923,23.251,4.783,7.206,6.056
32392,0.807,37.757,23.459,29.914,23.254,4.864,7.287,6.137
32393,0.81,37.881,23.459,29.895,23.247,4.743,7.247,5.976
32394,0.787,37.959,23.462,29.885,23.233,4.701,7.206,6.015
32395,0.793,38.333,23.462,29.914,23.244,4.782,7.287,6.137
32396,0.787,37.752,23.455,29.895,23.247,4.742,7.288,6.057
32397,0.784,37.852,23.486,29.885,23.244,4.661,7.288,5.975
32398,0.764,37.958,23.439,29.904,23.247,4.741,7.288,6.137
32399,0.787,37.758,23.451,29.923,23.265,4.905,7.41,6.219
32400,0.8,37.785,23.443,29.914,23.251,4.784,7.289,6.139
32401,0.797,37.9,23.431,29.914,23.247,4.783,7.288,6.098
32402,0.794,37.997,23.447,29.904,23.251,4.742,7.369,6.056
32403,0.793,37.653,23.435,29.914,23.254,4.823,7.37,6.097
32404,0.8,37.755,23.501,29.914,23.254,4.743,7.33,6.056
32405,0.797,37.842,23.471,29.885,23.237,4.661,7.248,6.015
32406,0.803,37.958,23.439,29.914,23.251,4.741,7.247,6.015
32407,0.803,37.662,23.513,29.914,23.244,4.742,7.166,6.015
32408,0.797,37.774,23.42,29.914,23.247,4.701,7.206,6.015
32409,0.784,37.9,23.435,29.885,23.237,4.701,7.165,5.974
32410,0.78,37.978,23.462,29.914,23.251,4.823,7.287,6.096
32411,0.78,37.547,23.505,29.943,23.258,4.905,7.329,6.097
32412,0.771,37.658,23.447,29.914,23.247,4.744,7.248,6.097
32413,0.761,37.774,23.423,29.933,23.251,4.823,7.288,6.056
32414,0.774,37.833,23.443,29.914,23.261,4.824,7.247,6.097
32415,0.767,37.718,23.454,29.933,23.258,4.824,7.288,6.138
32416,0.761,37.842,23.447,29.914,23.247,4.743,7.125,5.976
32417,0.751,37.91,23.462,29.885,23.244,4.742,7.124,6.015
32418,0.757,37.988,23.451,29.933,23.244,4.742,7.165,6.056
32419,0.764,37.701,23.439,29.924,23.254,4.742,7.124,5.975
32420,0.761,37.803,23.462,29.914,23.247,4.701,7.083,5.974
32421,0.774,37.91,23.439,29.914,23.244,4.823,7.164,6.055
32422,0.787,37.988,23.482,29.962,23.261,4.905,7.287,6.137
32423,0.787,37.643,23.463,29.933,23.247,4.784,7.044,5.976
32424,0.784,37.736,23.466,29.933,23.251,4.783,7.123,6.015
32425,0.793,37.852,23.474,29.933,23.258,4.783,7.165,6.056
32426,0.793,37.699,23.439,29.933,23.254,4.824,7.206,6.056
32427,0.79,37.602,23.466,29.933,23.254,4.743,7.084,6.056
32428,0.78,37.716,23.443,29.876,23.237,4.701,7.002,6.015
32429,0.78,37.842,23.447,29.913,23.247,4.782,7.041,6.015
32430,0.771,37.498,23.466,29.914,23.244,4.702,7.123,5.974
32431,0.77,37.609,23.463,29.914,23.237,4.742,7.083,6.096
32432,0.77,37.716,23.47,29.904,23.24,4.701,7.083,6.056
32433,0.761,37.813,23.463,29.971,23.254,4.904,7.205,6.259
32434,0.77,37.622,23.498,29.934,23.251,4.784,7.125,6.099
32435,0.761,37.726,23.478,29.933,23.254,4.824,7.124,6.178
32436,0.751,37.852,23.412,29.933,23.251,4.865,7.124,6.179
32437,0.761,37.92,23.474,29.914,23.254,4.824,7.205,6.139
32438,0.748,37.508,23.396,29.952,23.254,4.743,7.125,6.138
32439,0.76,37.638,23.431,29.933,23.24,4.661,7.002,6.057
32440,0.754,37.755,23.443,29.914,23.251,4.822,7.041,6.178
32441,0.764,37.804,23.493,29.933,23.247,4.824,7.082,6.098
32442,0.77,37.565,23.459,29.914,23.244,4.743,7.002,6.097
32443,0.761,37.687,23.455,29.914,23.237,4.661,7.001,6.097
32444,0.77,37.774,23.427,29.933,23.254,4.782,7.082,6.138
32445,0.787,37.89,23.458,29.971,23.258,4.905,7.164,6.179
32446,0.79,37.508,23.474,29.953,23.251,4.744,7.043,6.139
32447,0.767,37.638,23.396,29.953,23.254,4.864,7.042,6.138
32448,0.78,37.755,23.423,29.953,23.251,4.824,7.042,6.179
32449,0.78,37.785,23.458,29.953,23.251,4.824,7.042,6.22
32450,0.767,37.612,23.505,29.933,23.24,4.661,6.879,6.098
32451,0.761,37.716,23.471,29.933,23.247,4.822,7.04,6.138
32452,0.764,37.861,23.486,29.933,23.251,4.783,7.001,6.057
32453,0.751,37.92,23.439,29.943,23.247,4.702,6.96,6.097
32454,0.748,37.614,23.486,29.914,23.244,4.701,6.878,6.138
32455,0.754,37.754,23.478,29.962,23.254,4.782,7.04,6.341
32456,0.757,37.871,23.455,29.981,23.258,4.905,7.042,6.262
32457,0.757,37.565,23.486,29.962,23.251,4.744,6.96,6.18
32458,0.748,37.639,23.346,29.972,23.247,4.823,7.082,6.22
32459,0.76,37.764,23.414,29.943,23.254,4.783,7.042,6.18
32460,0.767,37.833,23.407,29.972,23.251,4.783,6.96,6.179
32461,0.767,37.488,23.454,29.934,23.237,4.661,6.878,6.139
32462,0.761,37.619,23.451,29.962,23.251,4.741,7.04,6.179
32463,0.777,37.745,23.443,29.962,23.247,4.742,6.96,6.179
32464,0.78,37.813,23.49,29.953,23.244,4.823,6.96,6.139
32465,0.78,37.536,23.424,29.953,23.244,4.743,6.919,6.138
32466,0.774,37.658,23.443,29.953,23.251,4.823,7.081,6.301
32467,0.79,37.803,23.497,29.991,23.258,4.865,7.083,6.14
32468,0.79,37.862,23.486,29.962,23.254,4.784,6.961,6.219
32469,0.78,37.45,23.431,29.953,23.247,4.783,7.0,6.302
32470,0.774,37.59,23.447,29.972,23.247,4.783,7.082,6.221
32471,0.774,37.706,23.494,29.962,23.251,4.783,7.002,6.22
32472,0.767,37.746,23.478,29.953,23.247,4.742,6.797,6.098
32473,0.751,37.564,23.443,29.962,23.247,4.742,6.958,6.219
32474,0.767,37.716,23.443,29.953,23.254,4.823,6.96,6.18
32475,0.757,37.813,23.443,29.924,23.244,4.743,6.878,6.139
32476,0.751,37.852,23.458,29.943,23.244,4.701,6.918,6.138
32477,0.761,37.412,23.47,29.962,23.251,4.782,7.0,6.26
32478,0.77,37.609,23.466,30.001,23.258,4.946,7.001,6.343
32479,0.767,37.678,23.431,29.963,23.251,4.785,7.001,6.343
32480,0.77,37.698,23.447,29.972,23.254,4.783,6.96,6.262
32481,0.78,37.592,23.435,29.972,23.254,4.824,7.0,6.302
32482,0.787,37.716,23.454,29.972,23.247,4.783,6.879,6.343
32483,0.777,37.813,23.431,29.981,23.251,4.783,6.837,6.262
32484,0.774,37.574,23.474,29.934,23.24,4.702,6.877,6.302
32485,0.79,37.591,23.431,29.971,23.251,4.782,6.918,6.221
32486,0.797,37.697,23.423,29.962,23.251,4.742,6.878,6.22
32487,0.784,37.784,23.489,29.953,23.244,4.701,6.837,6.22
32488,0.79,37.44,23.435,29.953,23.24,4.742,6.877,6.302
32489,0.793,37.571,23.454,30.0,23.258,4.864,7.04,6.465
32490,0.79,37.687,23.427,29.972,23.251,4.865,6.92,6.304
32491,0.78,37.784,23.474,29.981,23.254,4.743,6.919,6.262
32492,0.774,37.497,23.474,29.982,23.254,4.742,6.919,6.262
32493,0.771,37.638,23.459,29.991,23.251,4.823,6.919,6.384
32494,0.764,37.745,23.462,29.972,23.258,4.824,6.878,6.222
32495,0.764,37.794,23.423,29.943,23.244,4.661,6.796,6.18
32496,0.757,37.469,23.462,29.972,23.251,4.782,6.877,6.261
32497,0.764,37.609,23.462,29.972,23.244,4.742,6.877,6.302
32498,0.757,37.726,23.462,29.962,23.24,4.742,6.796,6.302
32499,0.767,37.775,23.439,29.962,23.247,4.742,6.836,6.302
32500,0.78,38.562,23.451,29.991,23.254,4.864,7.04,6.465
32501,0.79,38.742,23.458,30.03,23.254,4.824,6.92,6.345
32502,0.78,38.792,23.455,29.992,23.254,4.783,6.959,6.303
32503,0.793,38.85,23.439,29.991,23.247,4.824,6.96,6.302
32504,0.784,37.019,23.447,29.991,23.254,4.783,7.041,6.343
32505,0.797,37.173,23.458,30.001,23.254,4.824,7.042,6.303
32506,0.8,37.251,23.451,29.963,23.244,4.661,6.92,6.18
32507,0.784,37.281,23.408,29.972,23.251,4.782,7.041,6.261
32508,0.79,37.694,23.427,29.972,23.247,4.824,7.001,6.221
32509,0.793,37.803,23.439,29.991,23.244,4.743,7.001,6.261
32510,0.774,37.9,23.474,29.982,23.244,4.661,7.001,6.221
32511,0.774,37.7,23.478,29.991,23.251,4.822,7.123,6.342
32512,0.784,37.468,23.474,30.001,23.258,4.865,7.165,6.303
32513,0.767,37.571,23.451,29.982,23.247,4.824,7.084,6.262
32514,0.77,37.668,23.486,29.982,23.251,4.783,7.042,6.262
32515,0.774,37.477,23.455,29.982,23.251,4.824,7.082,6.262
32516,0.774,37.59,23.478,30.029,23.251,4.824,7.123,6.343
32517,0.764,37.668,23.463,29.992,23.247,4.743,7.002,6.181
32518,0.757,37.736,23.447,29.982,23.233,4.701,7.041,6.22
32519,0.77,37.295,23.412,29.972,23.247,4.742,7.042,6.22
32520,0.774,37.435,23.431,29.991,23.244,4.823,7.042,6.261
32521,0.771,37.523,23.482,29.962,23.24,4.743,6.96,6.139
32522,0.78,37.61,23.47,29.991,23.247,4.783,7.041,6.219
32523,0.79,37.371,23.478,30.03,23.261,4.905,7.123,6.464
32524,0.806,37.493,23.42,30.011,23.251,4.825,6.961,6.304
32525,0.787,37.59,23.427,30.001,23.247,4.783,7.082,6.302
32526,0.79,37.658,23.478,29.991,23.254,4.783,7.123,6.262
32527,0.787,37.352,23.412,30.001,23.258,4.824,7.043,6.302
32528,0.793,37.512,23.423,29.991,23.251,4.824,7.042,6.18
32529,0.774,37.6,23.396,29.962,23.237,4.661,6.96,6.098
32530,0.764,37.63,23.47,30.01,23.254,4.741,7.0,6.26
32531,0.777,37.381,23.439,30.011,23.244,4.701,6.96,6.221
32532,0.771,37.503,23.458,29.982,23.247,4.782,6.878,6.18
32533,0.767,37.619,23.427,29.991,23.24,4.742,6.877,6.179
32534,0.77,37.639,23.482,29.982,23.247,4.864,7.04,6.342
32535,0.78,37.419,23.474,30.039,23.265,4.784,7.042,6.262
32536,0.767,37.484,23.447,30.011,23.258,4.783,6.96,6.262
32537,0.757,37.59,23.486,30.02,23.254,4.783,6.96,6.221
32538,0.764,38.032,23.369,30.039,23.251,4.824,7.082,6.302
32539,0.777,37.96,23.399,30.03,23.258,4.824,7.002,6.302
32540,0.777,38.055,23.419,30.001,23.244,4.702,6.838,6.18
32541,0.764,38.123,23.45,29.982,23.247,4.742,6.958,6.22
32542,0.78,37.146,23.451,30.01,23.251,4.742,7.0,6.22
32543,0.78,36.992,23.466,30.011,23.237,4.661,6.919,6.18
32544,0.79,37.106,23.396,30.001,23.244,4.741,6.878,6.139
32545,0.784,37.232,23.442,30.011,23.247,4.742,7.0,6.219
32546,0.803,37.271,23.486,30.03,23.261,4.905,7.001,6.22
32547,0.79,37.406,23.431,30.011,23.258,4.703,6.879,6.22
32548,0.793,37.541,23.447,30.011,23.254,4.823,6.918,6.261
32549,0.78,37.62,23.447,30.011,23.254,4.824,6.959,6.221
32550,0.784,37.256,23.501,30.039,23.247,4.824,6.878,6.22
32551,0.777,37.396,23.475,30.011,23.247,4.702,6.837,6.18
32552,0.761,37.484,23.4,30.001,23.251,4.742,6.958,6.139
32553,0.761,37.59,23.446,30.011,23.247,4.742,6.878,6.138
32554,0.761,37.169,23.447,30.001,23.244,4.661,6.837,6.098
32555,0.751,37.309,23.474,30.001,23.247,4.7,6.796,6.097
32556,0.744,37.425,23.455,30.011,23.254,4.823,6.958,6.3
32557,0.764,37.494,23.462,30.049,23.258,4.905,7.0,6.262
32558,0.748,37.178,23.482,30.059,23.254,4.784,6.879,6.221
32559,0.747,37.309,23.4,30.04,23.254,4.702,7.04,6.302
32560,0.767,37.425,23.458,30.02,23.258,4.782,7.001,6.343
32561,0.774,37.455,23.478,30.03,23.251,4.783,6.96,6.221
32562,0.767,37.197,23.424,30.001,23.233,4.661,6.838,6.139
32563,0.764,37.338,23.45,30.02,23.251,4.822,6.918,6.219
32564,0.78,37.454,23.384,30.02,23.244,4.702,6.959,6.22
32565,0.777,37.465,23.415,30.001,23.251,4.742,6.96,6.139
32566,0.777,37.178,23.458,30.011,23.251,4.742,6.96,6.098
32567,0.774,37.319,23.412,30.02,23.258,4.783,7.122,6.3
32568,0.79,37.464,23.462,30.059,23.265,4.783,7.002,6.18
32569,0.771,37.187,23.431,30.021,23.251,4.783,7.041,6.22
32570,0.761,37.079,23.497,30.02,23.258,4.742,7.123,6.22
32571,0.77,37.212,23.455,30.03,23.254,4.783,6.961,6.302
32572,0.754,37.3,23.451,30.04,23.251,4.783,7.082,6.302
32573,0.757,37.157,23.427,30.001,23.244,4.702,7.002,6.099
32574,0.741,37.242,23.443,30.001,23.254,4.66,7.041,6.219
32575,0.747,37.415,23.431,30.011,23.251,4.741,6.96,6.18
32576,0.744,37.474,23.431,30.011,23.247,4.701,6.96,6.261
32577,0.741,37.005,23.47,30.011,23.244,4.66,6.878,6.221
32578,0.731,37.144,23.416,30.02,23.254,4.7,7.04,6.302
32579,0.764,37.318,23.427,30.039,23.258,4.863,7.164,6.343
32580,0.764,37.368,23.443,30.03,23.247,4.743,7.002,6.262
32581,0.764,37.129,23.47,30.011,23.251,4.742,6.919,6.262
32582,0.767,37.261,23.466,30.039,23.254,4.783,7.0,6.302
32583,0.774,37.387,23.451,30.04,23.258,4.824,6.96,6.343
32584,0.774,37.465,23.415,30.04,23.247,4.743,6.919,6.181
32585,0.758,36.928,23.419,29.992,23.24,4.661,6.959,6.22
32586,0.783,37.096,23.47,30.03,23.247,4.7,6.96,6.139
32587,0.777,37.184,23.412,30.011,23.251,4.701,6.919,6.219
32588,0.771,37.252,23.431,30.001,23.247,4.701,6.878,6.18
32589,0.774,37.118,23.439,30.011,23.251,4.701,6.959,6.22
32590,0.777,37.27,23.509,30.068,23.258,4.863,7.082,6.383
32591,0.771,37.406,23.459,30.03,23.251,4.702,7.002,6.181
32592,0.754,37.398,23.462,30.03,23.247,4.701,6.96,6.261
32593,0.754,37.052,23.439,30.04,23.251,4.782,7.0,6.302
32594,0.751,37.174,23.439,30.04,23.254,4.742,7.001,6.221
32595,0.757,37.319,23.451,30.049,23.247,4.823,6.96,6.18
32596,0.741,37.31,23.439,30.011,23.244,4.661,6.919,6.22
32597,0.738,37.09,23.435,30.03,23.247,4.822,6.959,6.261
32598,0.751,37.222,23.423,30.049,23.244,4.702,6.919,6.302
32599,0.744,37.338,23.4,30.03,23.24,4.742,6.878,6.18
32600,0.751,37.052,23.407,30.011,23.244,4.742,6.918,6.261
32601,0.757,37.116,23.45,30.049,23.258,4.864,7.081,6.465
32602,0.777,37.28,23.478,30.059,23.261,4.784,7.002,6.304
32603,0.764,37.339,23.427,30.049,23.251,4.742,7.001,6.302
32604,0.767,36.965,23.427,30.04,23.254,4.742,7.082,6.384
32605,0.767,37.125,23.419,30.04,23.251,4.742,7.083,6.344
32606,0.783,37.222,23.462,30.049,23.251,4.742,7.042,6.262
32607,0.764,37.29,23.42,29.992,23.237,4.62,6.92,6.139
32608,0.764,36.965,23.439,30.02,23.258,4.741,6.959,6.26
32609,0.751,37.106,23.4,30.049,23.247,4.701,7.0,6.262
32610,0.751,37.193,23.438,30.04,23.244,4.66,6.96,6.262
32611,0.754,37.261,23.427,30.03,23.247,4.66,7.0,6.221
32612,0.751,36.974,23.447,30.059,23.258,4.822,7.204,6.383
32613,0.754,37.134,23.443,30.069,23.254,4.783,7.003,6.181
32614,0.748,37.203,23.4,30.05,23.247,4.783,7.041,6.342
32615,0.734,37.281,23.395,30.04,23.254,4.824,7.042,6.303
32616,0.747,37.061,23.458,30.049,23.251,4.824,7.082,6.343
32617,0.741,37.193,23.404,30.059,23.247,4.743,7.002,6.343
32618,0.725,37.3,23.403,30.021,23.244,4.62,6.879,6.221
32619,0.737,37.329,23.415,30.039,23.251,4.781,6.918,6.302
32620,0.754,36.985,23.454,30.04,23.24,4.702,6.959,6.221
32621,0.751,37.115,23.435,30.03,23.24,4.66,6.96,6.22
32622,0.761,37.222,23.439,30.049,23.237,4.66,6.96,6.22
32623,0.767,37.434,23.431,30.049,23.254,4.822,7.163,6.505
32624,0.78,37.072,23.392,30.078,23.258,4.783,6.962,6.305
32625,0.771,37.174,23.407,30.069,23.258,4.702,7.041,6.343
32626,0.774,37.29,23.485,30.05,23.251,4.701,7.082,6.343
32627,0.774,37.023,23.408,30.068,23.251,4.782,7.042,6.303
32628,0.78,37.029,23.435,30.069,23.251,4.742,7.082,6.302
32629,0.758,37.106,23.439,30.03,23.24,4.62,6.88,6.221
32630,0.757,37.222,23.451,30.049,23.244,4.7,7.0,6.261
32631,0.757,36.983,23.443,30.04,23.244,4.742,7.082,6.221
32632,0.748,37.096,23.419,30.04,23.244,4.701,7.002,6.18
32633,0.741,37.212,23.458,30.04,23.244,4.701,6.96,6.22
32634,0.734,37.329,23.451,30.059,23.258,4.863,7.163,6.342
32635,0.76,37.023,23.455,30.069,23.254,4.784,7.043,6.303
32636,0.741,37.097,23.455,30.059,23.244,4.742,7.082,6.262
32637,0.731,37.212,23.431,30.059,23.251,4.742,7.083,6.343
32638,0.734,37.309,23.427,30.078,23.261,4.783,7.083,6.303
32639,0.747,36.927,23.427,30.078,23.254,4.742,7.123,6.221
32640,0.76,37.038,23.443,30.05,23.24,4.701,7.002,6.139
32641,0.744,37.135,23.435,30.049,23.244,4.742,7.082,6.219
32642,0.751,37.232,23.411,30.059,23.247,4.742,7.123,6.22
32643,0.748,36.907,23.423,30.04,23.244,4.742,7.083,6.22
32644,0.754,37.057,23.396,30.059,23.244,4.701,7.042,6.18
32645,0.761,37.154,23.427,30.049,23.24,4.823,7.204,6.301
32646,0.77,37.232,23.489,30.097,23.261,4.865,7.247,6.302
32647,0.774,37.051,23.416,30.079,23.247,4.702,7.206,6.262
32648,0.764,37.202,23.458,30.069,23.251,4.823,7.206,6.262
32649,0.761,37.309,23.439,30.069,23.258,4.783,7.287,6.262
32650,0.757,37.33,23.454,30.059,23.254,4.783,7.288,6.262
32651,0.751,36.985,23.431,30.069,23.24,4.742,7.166,6.139
32652,0.738,37.077,23.415,30.05,23.254,4.783,7.165,6.219
32653,0.738,37.212,23.435,30.068,23.244,4.742,7.206,6.22
32654,0.734,37.089,23.45,30.059,23.247,4.783,7.206,6.18
32655,0.734,36.973,23.455,30.059,23.24,4.742,7.125,6.139
32656,0.728,37.106,23.462,30.069,23.251,4.783,7.287,6.301
32657,0.744,37.222,23.435,30.117,23.261,4.946,7.288,6.262
32658,0.741,36.936,23.439,30.079,23.251,4.744,7.247,6.18
32659,0.751,37.048,23.439,30.069,23.247,4.823,7.247,6.22
32660,0.748,37.174,23.466,30.069,23.251,4.824,7.288,6.261
32661,0.754,37.271,23.455,30.097,23.258,4.824,7.207,6.18
32662,0.761,36.85,23.423,30.059,23.241,4.661,7.003,6.057
32663,0.751,36.951,23.439,30.069,23.247,4.782,7.123,6.178
32664,0.764,37.096,23.4,30.078,23.244,4.783,7.205,6.179
32665,0.764,37.164,23.399,30.069,23.244,4.742,7.084,6.179
32666,0.764,36.964,23.474,30.059,23.251,4.701,7.123,6.057
32667,0.757,37.096,23.385,30.059,23.251,4.823,7.124,6.219
32668,0.78,37.251,23.427,30.107,23.265,4.865,7.287,6.302
32669,0.764,37.291,23.435,30.079,23.251,4.784,7.125,6.221
32670,0.757,36.85,23.493,30.088,23.247,4.824,7.124,6.22
32671,0.761,36.989,23.482,30.107,23.254,4.865,7.124,6.261
32672,0.751,37.115,23.451,30.088,23.258,4.824,7.083,6.262
32673,0.754,37.165,23.439,30.069,23.251,4.743,6.961,6.017
32674,0.731,36.954,23.439,30.05,23.24,4.701,7.041,6.137
32675,0.741,37.125,23.435,30.088,23.251,4.782,7.082,6.179
32676,0.738,37.232,23.462,30.069,23.251,4.783,7.002,6.139
32677,0.734,37.242,23.416,30.078,23.247,4.742,6.96,6.138
32678,0.725,36.869,23.435,30.088,23.244,4.742,7.041,6.138
32679,0.747,37.028,23.419,30.107,23.261,4.905,7.204,6.301
32680,0.751,37.154,23.47,30.107,23.247,4.784,7.084,6.18
32681,0.748,37.338,23.424,30.079,23.251,4.783,7.123,6.098
32682,0.754,36.965,23.443,30.088,23.251,4.824,7.124,6.178
32683,0.754,37.096,23.462,30.117,23.251,4.905,7.124,6.22
32684,0.764,37.193,23.435,30.165,23.254,4.825,7.165,6.22
32685,0.757,36.83,23.4,30.07,23.244,4.702,7.043,6.139
32686,0.754,36.845,23.446,30.088,23.247,4.823,7.204,6.219
32687,0.757,36.999,23.392,30.088,23.244,4.743,7.125,6.098
32688,0.757,37.087,23.415,30.078,23.244,4.742,7.083,6.138
32689,0.748,36.848,23.4,30.088,23.244,4.742,7.083,6.138
32690,0.747,36.98,23.497,30.088,23.247,4.864,7.205,6.219
32691,0.754,37.154,23.471,30.126,23.261,4.946,7.247,6.261
32692,0.744,37.203,23.439,30.108,23.244,4.785,7.206,6.18
32693,0.747,36.772,23.454,30.107,23.251,4.905,7.165,6.22
32694,0.744,36.912,23.419,30.088,23.258,4.865,7.246,6.22
32695,0.738,37.038,23.431,30.117,23.254,4.784,7.125,6.22
32696,0.731,37.125,23.462,30.088,23.244,4.742,7.165,6.098
32697,0.715,36.762,23.435,30.078,23.244,4.783,7.084,6.219
32698,0.724,36.931,23.431,30.098,23.247,4.742,7.164,6.18
32699,0.731,37.057,23.423,30.107,23.247,4.823,7.124,6.139
32700,0.725,37.097,23.443,30.079,23.247,4.702,7.124,6.138
32701,0.734,36.771,23.423,30.078,23.251,4.823,7.246,6.219
32702,0.757,36.931,23.443,30.145,23.261,4.824,7.288,6.261
32703,0.741,37.048,23.4,30.108,23.241,4.824,7.207,6.221
32704,0.76,37.078,23.419,30.107,23.251,4.783,7.328,6.302
32705,0.757,36.733,23.427,30.117,23.251,4.824,7.37,6.221
32706,0.764,36.873,23.447,30.098,23.251,4.865,7.452,6.22
32707,0.764,36.942,23.392,30.107,23.251,4.743,7.29,6.098
32708,0.748,36.942,23.399,30.069,23.247,4.742,7.369,6.178
32709,0.757,36.837,23.423,30.107,23.251,4.783,7.411,6.179
32710,0.751,36.941,23.474,30.107,23.244,4.783,7.411,6.22
32711,0.751,37.038,23.4,30.098,23.244,4.824,7.452,6.139
32712,0.738,36.876,23.438,30.088,23.244,4.824,7.452,6.301
32713,0.751,36.884,23.415,30.136,23.268,4.987,7.615,6.343
32714,0.741,36.999,23.454,30.117,23.248,4.826,7.495,6.262
32715,0.731,37.096,23.416,30.107,23.244,4.824,7.575,6.343
32716,0.734,36.704,23.47,30.127,23.251,4.946,7.575,6.303
32717,0.731,36.825,23.439,30.165,23.258,4.866,7.575,6.343
32718,0.741,36.941,23.4,30.108,23.244,4.824,7.494,6.262
32719,0.738,36.981,23.431,30.079,23.24,4.702,7.453,6.221
32720,0.738,36.617,23.454,30.107,23.247,4.823,7.493,6.261
32721,0.744,36.747,23.408,30.098,23.251,4.743,7.575,6.139
32722,0.747,36.883,23.423,30.107,23.244,4.783,7.535,6.301
32723,0.754,36.951,23.388,30.107,23.24,4.824,7.575,6.343
32724,0.761,36.77,23.415,30.146,23.261,4.865,7.657,6.466
32725,0.764,36.941,23.419,30.137,23.251,4.824,7.617,6.345
32726,0.77,37.019,23.462,30.108,23.251,4.865,7.576,6.303
32727,0.754,37.087,23.431,30.127,23.258,4.865,7.575,6.262
32728,0.764,36.56,23.435,30.136,23.254,4.824,7.616,6.384
32729,0.754,36.708,23.493,30.136,23.251,4.743,7.535,6.344
32730,0.738,36.787,23.467,30.089,23.24,4.701,7.372,6.303
32731,0.741,36.845,23.435,30.126,23.247,4.782,7.492,6.262
32732,0.734,36.778,23.408,30.127,23.251,4.783,7.412,6.262
32733,0.728,36.912,23.427,30.127,23.247,4.783,7.371,6.302
32734,0.725,37.0,23.392,30.108,23.247,4.824,7.37,6.302
32735,0.728,37.058,23.423,30.136,23.254,4.905,7.533,6.425
32736,0.738,36.723,23.478,30.156,23.261,4.906,7.494,6.426
32737,0.731,36.844,23.392,30.146,23.251,4.865,7.371,6.304
32738,0.725,36.941,23.423,30.146,23.251,4.824,7.452,6.343
32739,0.737,36.894,23.407,30.146,23.254,4.865,7.493,6.343
32740,0.751,36.673,23.501,30.127,23.254,4.906,7.453,6.262
32741,0.748,36.777,23.467,30.117,23.244,4.784,7.29,6.18
32742,0.738,36.845,23.423,30.117,23.244,4.783,7.41,6.301
32743,0.754,36.625,23.435,30.136,23.258,4.783,7.371,6.302
32744,0.754,36.709,23.411,30.184,23.244,4.742,7.411,6.221
32745,0.754,36.844,23.399,30.108,23.24,4.783,7.371,6.22
32746,0.757,36.913,23.442,30.127,23.251,4.783,7.411,6.302
32747,0.77,36.549,23.447,30.223,23.258,4.986,7.615,6.425
32748,0.764,36.689,23.4,30.147,23.247,4.744,7.454,6.385
32749,0.757,36.796,23.458,30.137,23.258,4.864,7.452,6.263
32750,0.754,36.893,23.494,30.136,23.251,4.865,7.534,6.384
32751,0.754,36.424,23.439,30.136,23.258,4.946,7.534,6.385
32752,0.748,36.573,23.435,30.136,23.251,4.866,7.534,6.222
32753,0.728,36.641,23.439,30.127,23.244,4.702,7.575,6.261
32754,0.744,36.748,23.392,30.146,23.251,4.863,7.575,6.302
32755,0.734,36.576,23.411,30.146,23.244,4.784,7.575,6.262
32756,0.725,36.728,23.423,30.146,23.24,4.742,7.575,6.302
32757,0.721,36.825,23.388,30.137,23.244,4.742,7.698,6.262
32758,0.721,36.932,23.423,30.175,23.265,4.986,7.861,6.465
32759,0.744,36.597,23.407,30.137,23.251,4.826,7.7,6.304
32760,0.741,36.689,23.474,30.156,23.247,4.824,7.74,6.384
32761,0.741,36.844,23.439,30.146,23.258,4.865,7.781,6.385
32762,0.754,36.874,23.462,30.156,23.254,4.906,7.822,6.385
32763,0.751,36.52,23.455,30.137,23.244,4.825,7.619,6.222
32764,0.731,36.622,23.423,30.146,23.247,4.783,7.739,6.383
32765,0.747,36.766,23.415,30.146,23.244,4.783,7.781,6.344
32766,0.757,37.094,23.454,30.117,23.247,4.783,7.74,6.262
32767,0.754,36.503,23.439,30.184,23.24,4.702,7.618,6.18
32768,0.748,36.631,23.392,30.118,23.244,4.782,7.739,6.342
32769,0.754,36.757,23.442,30.165,23.254,4.986,7.821,6.425
32770,0.754,36.509,23.486,30.146,23.254,4.785,7.7,6.344
32771,0.744,36.497,23.435,30.156,23.251,4.824,7.658,6.343
32772,0.741,36.631,23.462,30.146,23.251,4.824,7.658,6.343
32773,0.728,36.747,23.455,30.156,23.258,4.783,7.698,6.384
32774,0.731,36.461,23.377,30.156,23.261,4.824,7.577,6.303
32775,0.725,36.573,23.403,30.137,23.241,4.702,7.535,6.221
32776,0.718,36.708,23.435,30.146,23.247,4.782,7.616,6.383
32777,0.721,36.767,23.376,30.175,23.251,4.824,7.657,6.222
32778,0.721,36.327,23.423,30.137,23.244,4.743,7.495,6.261
32779,0.721,36.437,23.396,30.136,23.24,4.742,7.534,6.302
32780,0.731,36.582,23.474,30.165,23.254,4.905,7.657,6.425
32781,0.744,36.689,23.443,30.185,23.258,4.825,7.576,6.344
32782,0.747,36.441,23.447,30.156,23.244,4.865,7.616,6.303
32783,0.747,36.602,23.439,30.156,23.251,4.784,7.617,6.302
32784,0.751,36.709,23.47,30.213,23.251,4.824,7.535,6.343
32785,0.764,36.777,23.396,30.166,23.254,4.865,7.575,6.343
32786,0.761,36.346,23.481,30.118,23.247,4.702,7.372,6.181
32787,0.748,36.457,23.428,30.165,23.247,4.742,7.492,6.261
32788,0.76,36.611,23.404,30.156,23.247,4.742,7.534,6.262
32789,0.748,36.642,23.431,30.146,23.244,4.742,7.453,6.262
32790,0.738,36.517,23.419,30.146,23.237,4.742,7.493,6.139
32791,0.738,36.66,23.411,30.146,23.251,4.783,7.534,6.26
32792,0.741,36.776,23.442,30.184,23.258,4.905,7.738,6.505
32793,0.744,36.816,23.4,30.166,23.254,4.825,7.618,6.305
32794,0.728,36.385,23.356,30.156,23.251,4.824,7.617,6.221
32795,0.728,36.544,23.407,30.156,23.254,4.824,7.657,6.261
32796,0.725,36.622,23.438,30.175,23.258,4.824,7.698,6.302
32797,0.734,36.575,23.408,30.185,23.251,4.783,7.658,6.262
32798,0.721,36.507,23.376,30.146,23.24,4.661,7.576,6.139
32799,0.721,36.65,23.423,30.156,23.244,4.741,7.698,6.301
32800,0.731,36.757,23.439,30.156,23.251,4.742,7.699,6.302
32801,0.734,36.24,23.423,30.165,23.247,4.742,7.658,6.221
32802,0.731,36.293,23.45,30.146,23.247,4.742,7.576,6.18
32803,0.738,36.456,23.419,30.156,23.254,4.823,7.779,6.423
32804,0.754,36.602,23.443,30.252,23.265,4.865,7.659,6.344
32805,0.751,36.316,23.4,30.185,23.248,4.784,7.617,6.303
32806,0.761,36.447,23.474,30.156,23.251,4.783,7.698,6.262
32807,0.757,36.592,23.451,30.213,23.247,4.824,7.658,6.384
32808,0.761,36.68,23.412,30.176,23.258,4.824,7.658,6.263
32809,0.757,36.355,23.454,30.137,23.244,4.702,7.576,6.18
32810,0.741,36.447,23.435,30.146,23.237,4.742,7.535,6.22
32811,0.747,36.602,23.423,30.175,23.247,4.783,7.534,6.22
32812,0.734,36.67,23.411,30.146,23.247,4.783,7.494,6.22
32813,0.731,36.24,23.415,30.146,23.244,4.702,7.494,6.139
32814,0.725,36.389,23.38,30.175,23.244,4.823,7.534,6.26
32815,0.744,36.553,23.395,30.204,23.265,4.905,7.657,6.343
32816,0.738,36.584,23.466,30.185,23.248,4.825,7.455,6.221
32817,0.734,36.363,23.4,30.185,23.247,4.824,7.534,6.342
32818,0.734,36.495,23.411,30.166,23.254,4.865,7.412,6.262
32819,0.731,36.602,23.446,30.175,23.254,4.824,7.452,6.302
32820,0.747,36.642,23.482,30.185,23.251,4.743,7.452,6.058
32821,0.741,36.287,23.435,30.146,23.237,4.701,7.371,6.178
32822,0.747,36.437,23.439,30.165,23.251,4.742,7.452,6.261
32823,0.747,36.544,23.427,30.165,23.24,4.783,7.33,6.18
32824,0.754,36.651,23.431,30.156,23.251,4.702,7.37,6.179
32825,0.751,36.297,23.376,30.165,23.24,4.701,7.289,6.139
32826,0.754,36.437,23.454,30.194,23.258,4.863,7.491,6.301
32827,0.77,36.563,23.439,30.195,23.247,4.824,7.331,6.14
32828,0.764,36.277,23.392,30.185,23.254,4.783,7.289,6.179
32829,0.754,36.332,23.454,30.175,23.251,4.824,7.369,6.22
32830,0.761,36.457,23.458,30.185,23.251,4.824,7.33,6.22
32831,0.754,36.554,23.447,30.194,23.254,4.865,7.289,6.22
32832,0.744,36.152,23.419,30.175,23.24,4.581,7.166,6.017
32833,0.731,36.273,23.411,30.185,23.251,4.781,7.206,6.056
32834,0.741,36.399,23.364,30.185,23.247,4.783,7.206,6.137
32835,0.728,36.486,23.364,30.156,23.244,4.783,7.125,6.057
32836,0.718,36.468,23.442,30.165,23.244,4.702,7.246,6.178
32837,0.715,36.631,23.388,30.185,23.254,4.782,7.125,6.261
32838,0.728,36.786,23.391,30.214,23.268,4.905,7.287,6.262
32839,0.725,36.826,23.415,30.176,23.251,4.784,7.044,6.221
32840,0.734,35.973,23.474,30.204,23.254,4.783,7.123,6.22
32841,0.741,36.108,23.47,30.195,23.251,4.824,7.124,6.302
32842,0.754,36.234,23.455,30.204,23.251,4.824,7.083,6.262
32843,0.757,36.302,23.423,30.185,23.247,4.743,6.961,6.099
32844,0.748,36.284,23.423,30.175,23.244,4.701,7.0,6.138
32845,0.757,36.437,23.388,30.185,23.251,4.701,7.001,6.138
32846,0.761,36.544,23.454,30.166,23.251,4.701,7.001,6.098
32847,0.757,36.584,23.423,30.185,23.244,4.701,6.96,6.056
32848,0.761,36.21,23.376,30.175,23.251,4.701,7.041,6.219
32849,0.767,36.369,23.458,30.213,23.261,4.863,7.082,6.302
32850,0.764,36.467,23.443,30.176,23.254,4.824,6.961,6.18
32851,0.748,36.496,23.431,30.185,23.24,4.824,6.96,6.22
32852,0.751,36.171,23.454,30.194,23.247,4.824,7.0,6.22
32853,0.748,36.302,23.447,30.195,23.251,4.824,7.001,6.22
32854,0.751,36.408,23.396,30.185,23.244,4.661,6.797,6.098
32855,0.735,36.247,23.392,30.175,23.237,4.741,6.958,6.219
32856,0.734,36.293,23.45,30.185,23.247,4.701,6.878,6.261
32857,0.725,36.408,23.357,30.194,23.244,4.701,6.877,6.18
32858,0.721,36.486,23.376,30.185,23.244,4.66,6.877,6.179
32859,0.731,36.094,23.423,30.185,23.247,4.782,7.0,6.22
32860,0.754,36.243,23.47,30.233,23.265,4.905,7.001,6.302
32861,0.751,36.36,23.431,30.195,23.248,4.784,6.96,6.221
32862,0.761,36.438,23.411,30.195,23.251,4.783,6.96,6.261
32863,0.777,36.093,23.419,30.214,23.251,4.824,6.919,6.262
32864,0.784,36.243,23.446,30.223,23.254,4.783,6.878,6.221
32865,0.787,36.36,23.4,30.166,23.244,4.661,6.715,6.139
32866,0.793,36.419,23.446,30.165,23.251,4.7,6.835,6.179
32867,0.803,36.16,23.423,30.185,23.254,4.701,6.837,6.179
32868,0.823,36.282,23.404,30.185,23.251,4.742,6.837,6.179
32869,0.8,36.408,23.419,30.185,23.24,4.661,6.674,6.179
32870,0.807,36.458,23.431,30.204,23.251,4.822,6.794,6.261
32871,0.823,36.017,23.392,30.223,23.261,4.865,6.836,6.343
32872,0.81,36.118,23.368,30.204,23.251,4.743,6.755,6.303
32873,0.81,36.253,23.415,30.204,23.251,4.864,6.795,6.262
32874,0.816,36.312,23.38,30.195,23.254,4.784,6.836,6.262
32875,0.82,36.15,23.407,30.214,23.258,4.742,6.755,6.262
32876,0.807,36.254,23.478,30.204,23.247,4.742,6.632,6.18
32877,0.787,36.341,23.381,30.195,23.247,4.701,6.712,6.301
32878,0.797,36.399,23.415,30.214,23.254,4.701,6.672,6.262
32879,0.797,36.083,23.439,30.195,23.247,4.782,6.672,6.18
32880,0.8,36.195,23.454,30.195,23.244,4.742,6.672,6.139
32881,0.794,36.302,23.447,30.195,23.244,4.742,6.713,6.26
32882,0.819,36.303,23.443,30.233,23.254,4.864,6.835,6.424
32883,0.823,36.159,23.415,30.214,23.254,4.784,6.674,6.263
32884,0.817,36.282,23.427,30.195,23.251,4.824,6.794,6.302
32885,0.836,36.38,23.419,30.223,23.251,4.783,6.755,6.302
32886,0.843,36.026,23.458,30.204,23.254,4.824,6.795,6.302
32887,0.846,36.118,23.404,30.233,23.254,4.702,6.714,6.18
32888,0.84,36.215,23.392,30.176,23.24,4.62,6.672,6.179
32889,0.836,36.321,23.458,30.223,23.244,4.741,6.713,6.179
32890,0.846,36.044,23.451,30.204,23.254,4.701,6.794,6.179
32891,0.859,36.176,23.439,30.214,23.244,4.782,6.714,6.179
32892,0.843,36.283,23.4,30.204,23.237,4.661,6.713,6.139
32893,0.836,36.408,23.415,30.233,23.254,4.863,6.998,6.341
32894,0.843,36.055,23.314,30.252,23.261,4.824,6.919,6.221
32895,0.83,36.176,23.383,30.224,23.247,4.743,6.878,6.18
32896,0.813,36.292,23.469,30.214,23.251,4.783,6.959,6.22
32897,0.81,36.37,23.318,30.252,23.254,4.783,7.0,6.261
32898,0.81,36.016,23.406,30.224,23.258,4.783,7.001,6.221
32899,0.833,36.128,23.438,30.204,23.241,4.661,6.879,6.058
32900,0.839,36.234,23.443,30.204,23.244,4.7,6.918,6.219
32901,0.839,36.302,23.423,30.204,23.244,4.782,7.0,6.22
32902,0.843,36.102,23.404,30.204,23.244,4.783,6.96,6.139
32903,0.843,36.243,23.431,30.195,23.247,4.742,7.0,6.098
32904,0.849,36.379,23.404,30.214,23.251,4.783,7.123,6.26
32905,0.866,36.428,23.411,30.262,23.261,4.905,7.287,6.302
32906,0.872,36.074,23.442,30.205,23.258,4.744,7.044,6.18
32907,0.866,36.205,23.408,30.233,23.251,4.783,7.164,6.261
32908,0.853,36.321,23.415,30.224,23.247,4.783,7.206,6.262
32909,0.846,36.648,23.442,30.233,23.251,4.824,7.206,6.221
32910,0.836,36.0,23.435,30.224,23.244,4.743,7.125,6.098
32911,0.813,36.108,23.431,30.204,23.24,4.701,7.205,6.178
32912,0.807,36.234,23.427,30.233,23.251,4.742,7.247,6.179
32913,0.8,36.034,23.419,30.224,23.251,4.701,7.206,6.179
32914,0.79,36.08,23.384,30.252,23.244,4.701,7.206,6.139
32915,0.793,36.205,23.38,30.224,23.244,4.701,7.165,6.098
32916,0.771,36.292,23.442,30.243,23.251,4.863,7.328,6.341
32917,0.777,36.054,23.427,30.32,23.261,4.906,7.289,6.303
32918,0.754,36.157,23.404,30.244,23.251,4.784,7.247,6.221
32919,0.767,36.273,23.419,30.243,23.251,4.824,7.288,6.22
32920,0.777,36.36,23.458,30.243,23.254,4.824,7.247,6.22
32921,0.774,35.91,23.447,30.233,23.254,4.824,7.247,6.261
32922,0.771,36.059,23.427,30.233,23.24,4.743,7.125,6.18
32923,0.761,36.147,23.423,30.224,23.244,4.742,7.205,6.22
32924,0.767,36.234,23.396,30.243,23.251,4.823,7.206,6.139
32925,0.767,35.948,23.392,30.224,23.244,4.702,7.206,6.219
32926,0.757,36.069,23.423,30.204,23.244,4.66,7.165,6.098
32927,0.764,36.205,23.427,30.214,23.247,4.741,7.246,6.219
32928,0.77,36.302,23.415,30.262,23.265,4.945,7.41,6.342
32929,0.754,35.929,23.442,30.214,23.251,4.744,7.289,6.221
32930,0.731,36.05,23.431,30.223,23.254,4.783,7.288,6.22
32931,0.725,36.176,23.423,30.243,23.244,4.783,7.207,6.261
32932,0.724,36.244,23.431,30.233,23.254,4.824,7.287,6.221
32933,0.715,35.957,23.443,30.224,23.244,4.783,7.247,6.139
32934,0.708,36.069,23.4,30.262,23.244,4.661,7.084,6.138
32935,0.708,36.195,23.407,30.214,23.258,4.741,7.245,6.219
32936,0.705,36.206,23.431,30.214,23.251,4.701,7.206,6.22
32937,0.689,35.899,23.408,30.3,23.247,4.701,7.206,6.18
32938,0.688,36.011,23.345,30.234,23.244,4.701,7.165,6.22
32939,0.695,36.147,23.43,30.262,23.258,4.863,7.409,6.383
32940,0.714,35.985,23.466,30.253,23.254,4.784,7.208,6.222
32941,0.708,35.897,23.396,30.243,23.254,4.783,7.125,6.22
32942,0.715,36.021,23.427,30.243,23.244,4.864,7.246,6.261
32943,0.718,36.166,23.431,30.243,23.254,4.824,7.247,6.262
32944,0.711,35.861,23.419,30.233,23.251,4.824,7.125,6.221
32945,0.702,35.953,23.38,30.214,23.237,4.661,7.083,6.139
32946,0.705,36.069,23.419,30.223,23.251,4.741,7.164,6.219
32947,0.715,36.166,23.427,30.243,23.247,4.701,7.124,6.18
32948,0.702,35.803,23.376,30.224,23.251,4.701,7.165,6.098
32949,0.685,35.924,23.45,30.204,23.244,4.742,7.124,6.178
32950,0.679,36.06,23.412,30.243,23.254,4.783,7.287,6.383
32951,0.701,36.195,23.407,30.281,23.258,4.824,7.125,6.263
32952,0.692,35.755,23.431,30.243,23.244,4.824,7.205,6.262
32953,0.682,35.924,23.408,30.252,23.254,4.824,7.165,6.221
32954,0.685,36.04,23.423,30.243,23.251,4.783,7.206,6.302
32955,0.688,36.118,23.407,30.243,23.258,4.742,7.287,6.302
32956,0.679,35.946,23.411,30.224,23.241,4.62,7.044,6.14
32957,0.669,36.088,23.415,30.233,23.247,4.741,7.123,6.301
32958,0.678,36.205,23.403,30.233,23.251,4.742,7.124,6.262
32959,0.678,36.264,23.438,30.252,23.251,4.661,7.083,6.18
32960,0.682,35.842,23.423,30.233,23.24,4.7,7.123,6.22
32961,0.698,36.011,23.392,30.281,23.258,4.863,7.327,6.424
32962,0.708,36.156,23.415,30.253,23.254,4.784,7.207,6.263
32963,0.689,36.148,23.396,30.253,23.254,4.783,7.287,6.262
32964,0.695,35.86,23.427,30.243,23.247,4.783,7.369,6.343
32965,0.695,35.973,23.4,30.262,23.247,4.824,7.37,6.384
32966,0.708,36.079,23.415,30.262,23.251,4.783,7.37,6.263
32967,0.705,36.128,23.423,30.224,23.24,4.62,7.33,6.139
32968,0.702,35.831,23.407,30.243,23.247,4.741,7.41,6.219
32969,0.705,35.972,23.47,30.243,23.251,4.742,7.371,6.22
32970,0.702,36.07,23.424,30.243,23.251,4.742,7.452,6.22
32971,0.688,35.773,23.388,30.233,23.24,4.579,7.412,6.22
32972,0.685,35.828,23.395,30.252,23.251,4.781,7.615,6.342
32973,0.688,36.011,23.376,30.272,23.265,4.864,7.576,6.384
32974,0.685,36.08,23.407,30.243,23.251,4.743,7.494,6.303
32975,0.688,35.678,23.407,30.233,23.251,4.823,7.494,6.302
32976,0.675,35.779,23.438,30.262,23.251,4.824,7.494,6.262
32977,0.675,35.933,23.431,30.272,23.254,4.865,7.575,6.343
32978,0.678,36.012,23.404,30.262,23.244,4.743,7.494,6.14
32979,0.672,35.782,23.474,30.224,23.251,4.742,7.534,6.301
32980,0.695,35.972,23.451,30.252,23.247,4.742,7.453,6.262
32981,0.695,36.079,23.408,30.224,23.244,4.661,7.412,6.262
32982,0.692,36.128,23.411,30.243,23.244,4.7,7.452,6.262
32983,0.701,35.745,23.399,30.233,23.247,4.66,7.452,6.262
32984,0.714,35.933,23.415,30.281,23.254,4.782,7.615,6.424
32985,0.724,36.05,23.411,30.272,23.251,4.742,7.495,6.304
32986,0.728,36.061,23.411,30.262,23.251,4.783,7.494,6.221
32987,0.728,35.668,23.396,30.243,23.251,4.783,7.494,6.261
32988,0.731,35.817,23.392,30.272,23.247,4.783,7.453,6.343
32989,0.721,35.953,23.462,30.262,23.251,4.742,7.452,6.262
32990,0.711,35.954,23.408,30.234,23.244,4.62,7.371,6.139
32991,0.711,35.81,23.431,30.233,23.251,4.7,7.452,6.301
32992,0.708,35.972,23.431,30.262,23.251,4.742,7.412,6.262
32993,0.702,36.089,23.4,30.234,23.244,4.701,7.411,6.221
32994,0.701,36.128,23.395,30.272,23.24,4.742,7.452,6.18
32995,0.698,35.764,23.36,30.253,23.247,4.783,7.534,6.383
32996,0.711,35.924,23.473,30.301,23.258,4.864,7.616,6.303
32997,0.672,36.012,23.427,30.282,23.254,4.743,7.576,6.262
32998,0.691,35.734,23.384,30.262,23.247,4.823,7.535,6.302
32999,0.705,35.703,23.427,30.272,23.258,4.783,7.575,6.262
33000,0.715,35.837,23.458,30.291,23.251,4.742,7.616,6.302
33001,0.698,35.924,23.373,30.243,23.244,4.62,7.535,6.099
33002,0.698,35.647,23.383,30.243,23.247,4.7,7.616,6.3
33003,0.708,35.788,23.395,30.272,23.247,4.701,7.617,6.221
33004,0.705,35.914,23.423,30.253,23.247,4.701,7.617,6.22
33005,0.711,35.992,23.376,30.233,23.244,4.66,7.535,6.18
33006,0.724,35.677,23.391,30.243,23.251,4.741,7.697,6.261
33007,0.741,35.865,23.419,30.31,23.265,4.864,7.74,6.302
33008,0.764,35.944,23.372,30.272,23.251,4.784,7.659,6.221
33009,0.774,36.021,23.45,30.243,23.251,4.702,7.658,6.261
33010,0.797,35.677,23.412,30.272,23.258,4.782,7.698,6.262
33011,0.829,35.856,23.419,30.272,23.251,4.783,7.658,6.221
33012,0.852,35.953,23.423,30.262,23.251,4.661,7.536,6.139
33013,0.846,36.002,23.407,30.224,23.24,4.741,7.616,6.219
33014,0.872,35.705,23.419,30.243,23.251,4.742,7.617,6.18
33015,0.892,35.818,23.372,30.243,23.247,4.701,7.535,6.179
33016,0.908,35.924,23.438,30.243,23.24,4.66,7.494,6.179
33017,0.915,35.992,23.415,30.252,23.24,4.741,7.616,6.179
33018,0.935,35.773,23.407,30.281,23.258,4.864,7.698,6.301
33019,0.964,35.895,23.431,30.282,23.251,4.784,7.618,6.221
33020,0.99,36.011,23.431,30.262,23.247,4.702,7.535,6.22
33021,1.026,36.041,23.443,30.281,23.251,4.782,7.575,6.261
33022,1.085,35.716,23.392,30.272,23.258,4.783,7.657,6.302
33023,1.138,35.827,23.411,30.272,23.258,4.783,7.495,6.18
33024,1.171,35.924,23.407,30.224,23.244,4.661,7.412,6.261
33025,1.23,35.81,23.384,30.271,23.247,4.822,7.452,6.302
33026,1.273,35.627,23.399,30.253,23.244,4.702,7.412,6.221
33027,1.286,35.769,23.411,30.243,23.247,4.66,7.33,6.22
33028,1.325,35.847,23.376,30.243,23.24,4.7,7.451,6.342
33029,1.339,35.714,23.45,30.272,23.258,4.904,7.534,6.506
33030,1.352,35.856,23.4,30.282,23.254,4.784,7.331,6.467
33031,1.349,35.944,23.419,30.262,23.251,4.783,7.37,6.507
33032,1.358,36.041,23.403,30.281,23.254,4.742,7.411,6.63
33033,1.375,35.639,23.419,30.282,23.251,4.742,7.452,6.672
33034,1.382,35.779,23.415,30.282,23.254,4.742,7.371,6.631
33035,1.352,35.866,23.376,30.243,23.237,4.62,7.248,6.509
33036,1.316,35.953,23.387,30.262,23.247,4.741,7.328,6.63
33037,1.287,35.513,23.388,30.272,23.244,4.701,7.289,6.712
33038,1.26,35.633,23.403,30.262,23.244,4.701,7.247,6.672
33039,1.211,35.769,23.431,30.262,23.244,4.66,7.247,6.753
33040,1.168,35.828,23.376,30.272,23.251,4.782,7.369,7.039
33041,1.142,35.656,23.411,30.301,23.258,4.824,7.33,7.001
33042,1.099,35.75,23.388,30.263,23.244,4.743,7.289,7.163
33043,1.053,35.876,23.407,30.272,23.254,4.742,7.288,7.368
33044,0.991,35.944,23.407,30.301,23.251,4.783,7.288,7.655
33045,0.945,35.705,23.384,30.282,23.258,4.864,7.288,7.82
33046,0.86,35.837,23.423,30.253,23.244,4.702,7.125,7.944
33047,0.762,35.924,23.392,30.233,23.24,4.701,7.287,8.392
33048,0.679,35.992,23.423,30.262,23.247,4.742,7.288,8.56
33049,0.604,35.619,23.478,30.234,23.244,4.742,7.288,8.764
33050,0.538,35.759,23.424,30.243,23.24,4.701,7.085,9.051
33051,0.498,35.857,23.4,30.252,23.251,4.701,7.286,9.379
33052,0.488,36.212,23.419,30.31,23.265,4.863,7.369,9.586
33053,0.449,35.698,23.423,30.282,23.251,4.784,7.248,9.669
33054,0.432,35.817,23.427,30.272,23.247,4.864,7.247,9.751
33055,0.458,35.963,23.38,30.282,23.258,4.824,7.328,9.955
33056,0.478,35.657,23.43,30.272,23.254,4.783,7.289,10.12
33057,0.517,35.702,23.368,30.262,23.251,4.702,7.166,9.959
33058,0.537,35.789,23.38,30.253,23.244,4.742,7.287,10.202
33059,0.593,35.924,23.442,30.262,23.251,4.742,7.288,10.285
33060,0.609,36.06,23.462,30.262,23.247,4.742,7.207,10.449
33061,0.645,36.195,23.455,30.262,23.24,4.742,7.165,10.572
33062,0.688,36.331,23.38,30.262,23.251,4.742,7.328,10.98
33063,0.714,36.438,23.407,30.301,23.265,4.864,7.41,11.309
33064,0.747,35.221,23.399,30.282,23.254,4.784,7.289,11.516
33065,0.764,35.343,23.407,30.262,23.251,4.742,7.329,11.681
33066,0.777,35.478,23.403,30.262,23.247,4.823,7.329,12.048
33067,0.784,35.595,23.415,30.272,23.258,4.824,7.37,12.337
33068,0.79,35.567,23.427,30.253,23.251,4.783,7.289,12.339
33069,0.78,35.672,23.427,30.233,23.237,4.742,7.125,12.624
33070,0.777,35.817,23.407,30.262,23.247,4.742,7.246,12.871
33071,0.774,35.895,23.415,30.272,23.247,4.783,7.206,12.955
33072,0.771,35.484,23.4,30.243,23.247,4.742,7.125,12.956
33073,0.764,35.614,23.395,30.262,23.244,4.701,7.205,13.078
33074,0.767,35.759,23.388,30.339,23.254,4.863,7.409,13.16
33075,0.77,35.818,23.388,30.282,23.254,4.824,7.249,12.958
33076,0.757,35.512,23.434,30.272,23.244,4.783,7.247,12.915
33077,0.761,35.662,23.38,30.329,23.247,4.864,7.206,12.915
33078,0.757,35.779,23.391,30.282,23.254,4.784,7.328,12.792
33079,0.761,35.809,23.431,30.262,23.258,4.824,7.289,12.751
33080,0.77,35.569,23.454,30.243,23.244,4.743,7.085,12.384
33081,0.764,35.711,23.365,30.281,23.251,4.783,7.164,12.381
33082,0.774,35.818,23.399,30.272,23.247,4.742,7.206,12.218
33083,0.774,35.646,23.419,30.253,23.251,4.783,7.206,12.176
33084,0.784,35.587,23.403,30.262,23.237,4.742,7.084,12.013
33085,0.777,35.721,23.438,30.253,23.251,4.783,7.164,12.052
33086,0.803,35.837,23.388,30.301,23.261,4.905,7.287,12.011
33087,0.803,35.522,23.399,30.263,23.251,4.825,7.166,11.767
33088,0.797,35.614,23.395,30.272,23.247,4.824,7.165,11.683
33089,0.79,35.74,23.431,30.272,23.258,4.824,7.124,11.642
33090,0.784,35.856,23.376,30.282,23.254,4.783,7.124,11.56
33091,0.787,35.426,23.399,30.282,23.251,4.783,7.043,11.356
33092,0.774,35.537,23.419,30.234,23.24,4.62,7.001,11.232
33093,0.761,35.691,23.384,30.272,23.251,4.781,7.041,11.149
33094,0.761,35.789,23.376,30.272,23.247,4.742,6.92,10.986
33095,0.761,35.483,23.372,30.253,23.244,4.701,6.919,10.822
33096,0.761,35.614,23.438,30.243,23.251,4.701,6.959,10.779
33097,0.764,35.759,23.326,30.3,23.254,4.904,7.163,10.82
33098,0.774,35.866,23.375,30.301,23.258,4.744,6.962,10.617
33099,0.767,35.886,23.407,30.282,23.247,4.783,7.0,10.411
33100,0.78,36.04,23.442,30.282,23.247,4.783,6.96,10.409
33101,0.787,36.128,23.412,30.291,23.254,4.824,7.0,10.165
33102,0.793,36.196,23.419,30.291,23.251,4.743,6.96,10.122
33103,0.787,35.247,23.384,30.234,23.24,4.62,6.797,9.919
33104,0.79,35.362,23.391,30.272,23.247,4.741,6.917,9.835
33105,0.8,35.517,23.388,30.262,23.251,4.783,6.919,9.794
33106,0.797,35.547,23.376,30.262,23.244,4.702,7.0,9.509
33107,0.794,35.548,23.391,30.253,23.24,4.66,6.96,9.506
33108,0.81,35.691,23.407,30.243,23.251,4.822,7.122,9.506
33109,0.807,35.837,23.435,30.291,23.258,4.865,7.124,9.425
33110,0.794,35.79,23.349,30.282,23.254,4.784,7.124,9.383
33111,0.8,35.454,23.387,30.282,23.251,4.783,7.083,9.179
33112,0.797,35.585,23.388,30.262,23.251,4.783,7.083,9.137
33113,0.787,35.701,23.403,30.272,23.254,4.824,7.123,9.055
33114,0.784,35.472,23.396,30.262,23.247,4.702,7.083,8.851
33115,0.774,35.547,23.349,30.234,23.247,4.742,7.164,8.849
33116,0.784,35.691,23.411,30.243,23.251,4.701,7.124,8.686
33117,0.777,35.779,23.399,30.252,23.251,4.701,7.124,8.684
33118,0.777,35.387,23.388,30.262,23.251,4.66,7.043,8.684
33119,0.784,35.498,23.434,30.253,23.247,4.782,7.164,8.684
33120,0.81,35.672,23.435,30.281,23.272,4.905,7.287,8.684
33121,0.803,35.741,23.423,30.262,23.255,4.784,7.166,8.522
33122,0.8,35.339,23.368,30.262,23.247,4.702,7.165,8.479
33123,0.816,35.478,23.43,30.272,23.258,4.823,7.165,8.357
33124,0.813,35.643,23.384,30.272,23.251,4.824,7.206,8.315
33125,0.82,35.683,23.419,30.272,23.244,4.743,7.084,8.193
33126,0.81,35.367,23.364,30.224,23.247,4.742,7.164,8.151
33127,0.826,35.526,23.391,30.271,23.247,4.742,7.084,8.069
33128,0.83,35.643,23.415,30.243,23.251,4.742,7.164,8.028
33129,0.823,35.702,23.407,30.252,23.244,4.701,7.165,7.946
33130,0.804,35.396,23.357,30.262,23.251,4.742,7.206,7.986
33131,0.816,35.575,23.403,30.301,23.265,4.945,7.328,8.068
33132,0.82,35.682,23.388,30.263,23.254,4.744,7.126,7.946
33133,0.803,35.712,23.403,30.272,23.251,4.823,7.287,7.823
33134,0.807,35.386,23.388,30.329,23.251,4.824,7.207,7.781
33135,0.81,35.517,23.388,30.282,23.254,4.783,7.328,7.781
33136,0.81,35.624,23.47,30.262,23.254,4.783,7.289,7.7
33137,0.797,35.721,23.427,30.291,23.24,4.661,7.125,7.618
33138,0.787,35.511,23.388,30.263,23.251,4.741,7.205,7.657
33139,0.8,35.643,23.399,30.262,23.254,4.742,7.206,7.536
33140,0.81,35.74,23.438,30.243,23.244,4.701,7.165,7.534
33141,0.803,35.444,23.349,30.243,23.247,4.66,7.206,7.494
33142,0.813,35.431,23.399,30.262,23.261,4.782,7.369,7.656
33143,0.829,35.623,23.423,30.31,23.258,4.783,7.248,7.495
33144,0.826,35.702,23.396,30.263,23.251,4.742,7.206,7.453
33145,0.826,35.223,23.419,30.272,23.251,4.742,7.206,7.452
33146,0.83,35.333,23.357,30.262,23.247,4.701,7.165,7.412
33147,0.843,35.469,23.415,30.262,23.251,4.742,7.246,7.371
33148,0.843,35.547,23.415,30.243,23.24,4.62,7.084,7.208
33149,0.82,35.337,23.427,30.243,23.251,4.7,7.123,7.328
33150,0.826,35.517,23.388,30.262,23.24,4.742,7.083,7.289
33151,0.82,35.634,23.388,30.234,23.244,4.701,7.083,7.207
33152,0.82,35.692,23.388,30.243,23.251,4.701,7.042,7.084
33153,0.813,35.29,23.399,30.243,23.251,4.823,7.123,7.286
33154,0.826,35.478,23.384,30.281,23.258,4.783,7.165,7.166
33155,0.81,35.585,23.376,30.253,23.251,4.742,7.002,7.206
33156,0.807,35.615,23.395,30.281,23.251,4.701,7.041,7.165
33157,0.807,35.472,23.411,30.262,23.254,4.742,7.082,7.124
33158,0.8,35.623,23.376,30.272,23.251,4.823,7.042,7.246
33159,0.807,35.721,23.446,30.253,23.24,4.743,6.879,7.003
33160,0.8,35.76,23.415,30.243,23.251,4.701,6.959,7.041
33161,0.823,35.329,23.403,30.252,23.247,4.701,6.919,7.001
33162,0.823,35.449,23.411,30.243,23.247,4.701,6.959,7.001
33163,0.826,35.575,23.392,30.233,23.24,4.66,6.919,7.001
33164,0.826,35.586,23.388,30.243,23.247,4.7,7.081,7.001
33165,0.839,35.375,23.434,30.3,23.261,4.863,7.123,7.123
33166,0.852,35.498,23.361,30.243,23.244,4.743,6.961,6.921
33167,0.846,35.624,23.403,30.262,23.244,4.783,6.919,6.919
33168,0.849,35.472,23.415,30.253,23.258,4.742,6.959,7.081
33169,0.849,35.336,23.407,30.262,23.254,4.742,7.0,7.002
33170,0.843,35.449,23.364,30.262,23.251,4.701,6.838,6.838
33171,0.836,35.537,23.399,30.214,23.237,4.62,6.877,6.837
33172,0.82,35.356,23.411,30.233,23.254,4.7,6.959,6.918
33173,0.817,35.478,23.415,30.233,23.244,4.701,6.919,6.878
33174,0.826,35.604,23.411,30.233,23.244,4.701,6.878,6.715
33175,0.82,35.692,23.376,30.233,23.251,4.701,6.877,6.794
33176,0.82,35.348,23.426,30.243,23.251,4.823,7.0,6.958
33177,0.823,35.545,23.447,30.31,23.265,4.865,7.001,6.878
33178,0.82,35.634,23.369,30.244,23.251,4.824,6.96,6.918
33179,0.82,35.702,23.399,30.262,23.247,4.743,6.919,6.837
33180,0.83,35.194,23.399,30.262,23.251,4.783,7.081,6.837
33181,0.836,35.352,23.407,30.243,23.251,4.824,6.961,6.877
33182,0.846,35.478,23.396,30.243,23.24,4.743,6.919,6.674
33183,0.833,35.509,23.364,30.205,23.244,4.701,6.919,6.835
33184,0.846,35.317,23.395,30.243,23.247,4.742,6.959,6.796
33185,0.849,35.43,23.395,30.262,23.244,4.742,6.96,6.755
33186,0.856,35.556,23.38,30.224,23.244,4.701,6.878,6.632
33187,0.862,35.605,23.387,30.224,23.247,4.742,7.0,6.753
33188,0.862,35.299,23.388,30.262,23.258,4.864,7.123,6.795
33189,0.869,35.43,23.419,30.253,23.254,4.824,7.043,6.714
33190,0.856,35.527,23.357,30.243,23.251,4.783,7.001,6.672
33191,0.843,35.586,23.399,30.233,23.251,4.783,7.082,6.672
33192,0.839,35.356,23.395,30.233,23.254,4.864,7.123,6.672
33193,0.849,35.488,23.376,30.243,23.251,4.743,7.002,6.713
33194,0.84,35.585,23.364,30.214,23.24,4.62,6.96,6.591
33195,0.833,35.816,23.438,30.204,23.254,4.7,7.082,6.671
33196,0.83,35.311,23.361,30.233,23.244,4.782,7.083,6.672
33197,0.826,35.43,23.391,30.243,23.251,4.661,7.164,6.631
33198,0.83,35.527,23.392,30.205,23.24,4.741,7.124,6.59
33199,0.82,35.346,23.427,30.223,23.254,4.783,7.287,6.753
33200,0.856,35.459,23.333,30.271,23.254,4.905,7.41,6.714
33201,0.862,35.566,23.364,30.243,23.254,4.784,7.411,6.632
33202,0.859,35.663,23.391,30.233,23.251,4.742,7.371,6.631
33203,0.872,35.146,23.395,30.224,23.251,4.742,7.37,6.631
33204,0.869,35.275,23.388,30.262,23.251,4.742,7.411,6.631
33205,0.866,35.391,23.376,30.224,23.247,4.701,7.33,6.509
33206,0.872,35.441,23.403,30.224,23.251,4.701,7.329,6.508
33207,0.885,35.259,23.407,30.214,23.244,4.823,7.329,6.508
33208,0.882,35.391,23.411,30.214,23.254,4.702,7.329,6.508
33209,0.872,35.508,23.45,30.204,23.237,4.66,7.207,6.386
33210,0.863,35.585,23.376,30.214,23.244,4.741,7.328,6.588
33211,0.862,35.212,23.423,30.252,23.261,4.905,7.532,6.631
33212,0.872,35.352,23.384,30.233,23.251,4.784,7.331,6.55
33213,0.859,35.469,23.399,30.233,23.244,4.783,7.41,6.508
33214,0.862,35.537,23.388,30.233,23.258,4.742,7.33,6.549
33215,0.853,35.893,23.403,30.252,23.254,4.823,7.37,6.508
33216,0.862,36.021,23.38,30.243,23.251,4.702,7.33,6.508
33217,0.853,36.099,23.345,30.205,23.244,4.66,7.207,6.467
33218,0.853,36.167,23.391,30.214,23.254,4.741,7.287,6.507
33219,0.856,34.892,23.446,30.223,23.247,4.742,7.207,6.467
33220,0.872,35.013,23.353,30.204,23.24,4.661,7.247,6.345
33221,0.872,35.149,23.395,30.223,23.24,4.741,7.125,6.466
33222,0.879,35.179,23.376,30.243,23.251,4.864,7.287,6.507
33223,0.898,35.458,23.407,30.233,23.251,4.824,7.247,6.467
33224,0.892,35.547,23.396,30.204,23.254,4.783,7.247,6.467
33225,0.895,35.653,23.388,30.233,23.247,4.783,7.288,6.426
33226,0.905,35.357,23.415,30.214,23.258,4.824,7.207,6.548
33227,0.908,35.296,23.411,30.223,23.254,4.824,7.206,6.427
33228,0.905,35.401,23.392,30.195,23.244,4.58,7.084,6.385
33229,0.902,35.489,23.407,30.223,23.251,4.781,7.123,6.344
33230,0.899,35.25,23.384,30.214,23.247,4.742,7.124,6.343
33231,0.895,35.372,23.403,30.223,23.244,4.701,7.043,6.303
33232,0.892,35.488,23.356,30.214,23.244,4.701,6.96,6.343
33233,0.879,35.595,23.399,30.233,23.251,4.823,7.163,6.425
33234,0.892,35.011,23.392,30.243,23.261,4.905,7.124,6.426
33235,0.889,35.13,23.399,30.214,23.251,4.703,7.083,6.385
33236,0.879,35.275,23.368,30.223,23.258,4.782,7.042,6.466
33237,0.876,35.363,23.372,30.214,23.251,4.824,7.123,6.467
33238,0.882,35.287,23.407,30.214,23.251,4.824,7.083,6.345
33239,0.892,35.42,23.415,30.195,23.237,4.661,6.839,6.262
33240,0.892,35.517,23.361,30.204,23.247,4.782,6.999,6.302
33241,0.905,35.595,23.403,30.223,23.247,4.742,6.96,6.302
33242,0.908,35.184,23.399,30.195,23.24,4.742,6.919,6.343
33243,0.908,35.314,23.395,30.195,23.244,4.701,6.878,6.303
33244,0.918,35.449,23.38,30.214,23.251,4.823,6.959,6.425
33245,0.935,35.527,23.407,30.243,23.258,4.905,7.0,6.426
33246,0.935,35.193,23.396,30.195,23.254,4.784,7.001,6.344
33247,0.945,35.333,23.395,30.204,23.254,4.783,6.919,6.384
33248,0.945,35.43,23.395,30.223,23.251,4.783,6.878,6.344
33249,0.948,35.498,23.427,30.214,23.254,4.824,6.918,6.343
33250,0.932,35.221,23.396,30.214,23.251,4.702,6.796,6.221
33251,0.925,35.324,23.368,30.185,23.24,4.742,6.795,6.342
33252,0.931,35.469,23.391,30.223,23.247,4.742,6.877,6.303
33253,0.925,35.499,23.399,30.214,23.247,4.742,6.755,6.221
33254,0.922,35.327,23.392,30.195,23.244,4.661,6.754,6.18
33255,0.925,35.469,23.407,30.195,23.247,4.822,6.795,6.383
33256,0.928,35.604,23.36,30.262,23.261,4.905,6.877,6.344
33257,0.925,35.165,23.364,30.195,23.244,4.744,6.715,6.343
33258,0.935,35.208,23.407,30.204,23.254,4.823,6.794,6.262
33259,0.931,35.333,23.427,30.214,23.254,4.824,6.795,6.343
33260,0.951,35.44,23.357,30.214,23.251,4.783,6.755,6.343
33261,0.951,35.249,23.387,30.185,23.237,4.742,6.592,6.1
33262,0.951,35.353,23.403,30.185,23.251,4.783,6.712,6.341
33263,0.967,35.498,23.407,30.194,23.244,4.702,6.713,6.221
33264,0.964,35.595,23.423,30.195,23.244,4.701,6.672,6.22
33265,0.971,35.366,23.427,30.175,23.24,4.701,6.55,6.261
33266,0.984,35.507,23.361,30.194,23.244,4.742,6.63,6.262
33267,0.994,35.681,23.407,30.214,23.258,4.823,6.834,6.302
33268,1.004,35.731,23.403,30.185,23.247,4.783,6.714,6.302
33269,0.994,35.348,23.38,30.214,23.251,4.824,6.713,6.262
33270,0.984,35.498,23.376,30.195,23.254,4.783,6.794,6.302
33271,0.984,35.624,23.352,30.214,23.254,4.824,6.836,6.302
33272,0.987,35.673,23.383,30.195,23.251,4.783,6.796,6.221
33273,0.971,35.51,23.36,30.156,23.237,4.62,6.795,6.22
33274,0.984,35.681,23.391,30.194,23.247,4.781,6.795,6.261
33275,0.987,35.76,23.423,30.175,23.244,4.702,6.795,6.221
33276,0.981,35.799,23.341,30.185,23.247,4.66,6.795,6.22
33277,0.977,35.56,23.364,30.194,23.247,4.741,6.836,6.261
33278,0.987,35.711,23.399,30.204,23.254,4.864,7.121,6.424
33279,1.01,35.866,23.438,30.223,23.254,4.743,6.961,6.304
33280,1.001,36.145,23.314,30.185,23.251,4.742,6.96,6.262
33281,1.01,35.822,23.348,30.185,23.254,4.823,7.0,6.262
33282,1.02,35.953,23.368,30.194,23.258,4.783,7.082,6.302
33283,1.027,36.069,23.376,30.204,23.251,4.783,7.042,6.262
33284,1.027,35.706,23.387,30.185,23.24,4.661,6.879,6.139
33285,1.037,35.683,23.411,30.166,23.247,4.741,6.959,6.301
33286,1.05,35.827,23.364,30.175,23.251,4.701,6.96,6.14
33287,1.05,35.924,23.399,30.185,23.244,4.701,6.96,6.219
33288,1.053,35.839,23.403,30.175,23.244,4.701,6.878,6.139
33289,1.06,35.982,23.427,30.194,23.251,4.742,7.04,6.341
33290,1.063,36.156,23.353,30.214,23.261,4.864,7.082,6.343
33291,1.05,36.196,23.36,30.166,23.251,4.743,6.961,6.303
33292,1.05,35.928,23.399,30.185,23.251,4.783,7.0,6.302
33293,1.053,36.069,23.392,30.175,23.251,4.702,7.082,6.343
33294,1.053,36.195,23.395,30.185,23.254,4.863,7.002,6.384
33295,1.053,36.283,23.415,30.175,23.251,4.702,6.96,6.181
33296,1.037,36.054,23.31,30.146,23.237,4.701,6.919,6.301
33297,1.043,36.233,23.375,30.184,23.251,4.66,7.041,6.343
33298,1.046,36.331,23.415,30.166,23.247,4.741,7.001,6.343
33299,1.05,36.38,23.415,30.156,23.237,4.661,6.879,6.181
33300,1.066,36.342,23.372,30.146,23.247,4.7,6.959,6.301
33301,1.066,36.505,23.387,30.194,23.254,4.823,7.244,6.465
33302,1.086,36.621,23.407,30.185,23.251,4.783,7.003,6.345
33303,1.083,36.642,23.388,30.166,23.251,4.742,6.96,6.303
33304,1.089,36.383,23.384,30.175,23.254,4.742,7.082,6.343
33305,1.102,36.515,23.384,30.166,23.258,4.823,7.083,6.384
33306,1.106,36.631,23.399,30.175,23.254,4.783,6.961,6.222
33307,1.102,36.604,23.388,30.146,23.24,4.661,7.0,6.22
33308,1.112,36.584,23.395,30.165,23.247,4.741,7.041,6.261
33309,1.112,36.689,23.45,30.156,23.247,4.701,6.96,6.139
33310,1.102,36.777,23.38,30.146,23.244,4.742,6.919,6.138
33311,1.093,36.691,23.376,30.156,23.24,4.742,6.959,6.26
33312,1.105,36.633,23.387,30.185,23.261,4.945,7.163,6.465
33313,1.102,36.795,23.399,30.166,23.254,4.744,7.043,6.264
33314,1.099,36.835,23.388,30.146,23.247,4.783,7.001,6.302
33315,1.106,36.711,23.391,30.156,23.254,4.702,7.041,6.302
33316,1.099,36.844,23.313,30.175,23.254,4.742,7.042,6.425
33317,1.106,36.951,23.352,30.156,23.254,4.783,7.042,6.304
33318,1.093,37.029,23.379,30.137,23.237,4.62,6.92,6.221
33319,1.089,36.943,23.407,30.156,23.247,4.741,7.081,6.261
33320,1.099,37.096,23.306,30.156,23.247,4.783,7.042,6.262
33321,1.106,37.203,23.395,30.127,23.244,4.702,6.96,6.221
33322,1.115,37.271,23.392,30.117,23.24,4.701,6.96,6.18
33323,1.119,36.984,23.399,30.136,23.258,4.782,7.082,6.342
33324,1.142,37.163,23.419,30.184,23.258,4.864,7.123,6.303
33325,1.129,37.251,23.419,30.146,23.244,4.824,7.043,6.343
33326,1.142,37.329,23.341,30.156,23.254,4.824,7.082,6.262
33327,1.142,36.946,23.371,30.156,23.254,4.824,7.083,6.262
33328,1.145,37.086,23.411,30.156,23.254,4.824,7.123,6.302
33329,1.142,37.193,23.38,30.127,23.247,4.702,6.88,6.058
33330,1.116,37.233,23.387,30.156,23.247,4.823,7.04,6.259
33331,1.125,37.377,23.38,30.137,23.244,4.783,7.001,6.221
33332,1.122,37.493,23.415,30.146,23.247,4.702,7.041,6.22
33333,1.106,37.609,23.415,30.137,23.244,4.701,6.92,6.18
33334,1.102,37.649,23.411,30.146,23.247,4.782,7.081,6.301
33335,1.106,37.314,23.423,30.165,23.261,4.946,7.083,6.302
33336,1.096,37.397,23.298,30.165,23.251,4.744,7.042,6.221
33337,1.086,37.522,23.328,30.165,23.251,4.823,7.042,6.302
33338,1.076,37.725,23.406,30.146,23.254,4.824,7.042,6.302
33339,1.073,37.458,23.399,30.137,23.254,4.865,7.123,6.343
33340,1.079,37.59,23.38,30.184,23.247,4.743,6.961,6.14
33341,1.063,37.649,23.352,30.108,23.237,4.783,6.96,6.219
33342,1.069,37.458,23.352,30.136,23.251,4.742,6.96,6.22
33343,1.066,37.532,23.368,30.108,23.244,4.742,6.96,6.139
33344,1.06,37.648,23.391,30.107,23.24,4.783,6.919,6.138
33345,1.056,37.726,23.407,30.107,23.247,4.783,6.959,6.26
33346,1.06,37.516,23.392,30.194,23.261,4.905,7.041,6.343
33347,1.06,37.648,23.352,30.127,23.254,4.784,6.96,6.221
33348,1.053,37.726,23.407,30.127,23.251,4.864,6.919,6.22
33349,1.043,37.813,23.396,30.136,23.258,4.865,6.878,6.261
33350,1.02,37.555,23.368,30.136,23.251,4.865,7.04,6.302
33351,1.02,37.668,23.383,30.136,23.247,4.824,6.879,6.221
33352,0.997,37.765,23.356,30.108,23.244,4.702,6.918,6.22
33353,0.984,37.871,23.391,30.127,23.251,4.782,6.837,6.18
33354,0.981,37.527,23.395,30.117,23.247,4.742,6.796,6.179
33355,0.971,37.658,23.395,30.107,23.244,4.742,6.795,6.098
33356,0.955,37.755,23.36,30.117,23.251,4.783,6.836,6.178
33357,0.961,37.871,23.387,30.146,23.261,4.986,6.999,6.342
33358,0.948,38.237,23.384,30.137,23.254,4.785,6.879,6.221
33359,0.945,38.355,23.415,30.127,23.247,4.905,6.959,6.302
33360,0.941,38.443,23.341,30.127,23.251,4.825,6.96,6.262
33361,0.938,38.492,23.368,30.127,23.265,4.783,6.96,6.302
33362,0.932,37.361,23.36,30.117,23.251,4.661,6.838,6.18
33363,0.918,37.464,23.372,30.088,23.244,4.782,6.877,6.261
33364,0.922,37.59,23.368,30.117,23.247,4.783,6.877,6.221
33365,0.912,37.61,23.438,30.098,23.247,4.742,6.877,6.18
33366,0.912,37.735,23.392,30.098,23.247,4.783,6.796,6.057
33367,0.905,37.832,23.352,30.088,23.244,4.783,6.958,6.219
33368,0.908,37.977,23.438,30.126,23.254,4.986,7.041,6.342
33369,0.908,37.768,23.376,30.108,23.251,4.826,6.879,6.181
33370,0.886,37.718,23.38,30.107,23.251,4.824,6.877,6.261
33371,0.876,37.842,23.36,30.098,23.244,4.824,6.918,6.262
33372,0.866,37.939,23.372,30.126,23.258,4.865,6.919,6.221
33373,0.856,37.614,23.372,30.108,23.251,4.865,6.919,6.22
33374,0.849,37.716,23.364,30.069,23.237,4.743,6.796,6.058
33375,0.84,37.823,23.376,30.107,23.254,4.864,6.877,6.219
33376,0.83,37.92,23.36,30.079,23.251,4.824,6.837,6.22
33377,0.817,37.479,23.368,30.098,23.244,4.743,6.837,6.139
33378,0.82,37.609,23.391,30.079,23.24,4.742,6.877,6.179
33379,0.817,37.754,23.438,30.088,23.254,4.905,7.0,6.301
33380,0.842,37.842,23.372,30.126,23.261,4.906,6.919,6.302
33381,0.826,37.594,23.337,30.088,23.251,4.865,6.878,6.18
33382,0.826,37.725,23.352,30.098,23.247,4.824,6.877,6.301
33383,0.83,37.832,23.372,30.107,23.251,4.824,6.877,6.221
33384,0.833,37.91,23.376,30.088,23.258,4.865,6.877,6.22
33385,0.82,37.518,23.419,30.078,23.244,4.743,6.755,6.139
33386,0.813,37.638,23.396,30.069,23.247,4.742,6.876,6.219
33387,0.823,37.774,23.36,30.078,23.247,4.823,6.796,6.18
33388,0.826,37.804,23.422,30.078,23.244,4.783,6.836,6.22
33389,0.807,37.574,23.384,30.069,23.24,4.742,6.796,6.18
33390,0.794,37.706,23.419,30.069,23.247,4.783,6.836,6.301
33391,0.803,37.842,23.376,30.126,23.265,4.905,6.999,6.262
33392,0.8,37.853,23.38,30.079,23.251,4.825,6.879,6.262
33393,0.784,37.728,23.384,30.069,23.254,4.865,6.837,6.262
33394,0.787,37.852,23.368,30.078,23.251,4.906,6.918,6.302
33395,0.78,37.977,23.383,30.088,23.247,4.865,6.959,6.384
33396,0.774,37.816,23.345,30.088,23.247,4.743,6.716,6.222
33397,0.764,37.526,23.352,30.059,23.244,4.742,6.794,6.261
33398,0.764,37.648,23.415,30.059,23.247,4.742,6.836,6.302
33399,0.767,37.745,23.407,30.069,23.24,4.783,6.796,6.262
33400,0.777,37.516,23.368,30.059,23.251,4.783,6.795,6.221
33401,0.767,37.619,23.368,30.069,23.247,4.783,6.795,6.261
33402,0.777,37.745,23.399,30.088,23.258,4.905,6.917,6.465
33403,0.793,37.861,23.411,30.078,23.254,4.744,6.796,6.304
33404,0.78,37.527,23.388,30.088,23.251,4.783,6.836,6.343
33405,0.787,37.658,23.458,30.078,23.247,4.864,6.796,6.303
33406,0.79,37.793,23.384,30.078,23.254,4.946,6.877,6.343
33407,0.793,37.871,23.352,30.078,23.251,4.825,6.796,6.303
33408,0.784,37.402,23.403,30.05,23.237,4.783,6.592,6.18
33409,0.787,37.532,23.321,30.078,23.251,4.824,6.793,6.342
33410,0.78,37.658,23.367,30.05,23.254,4.783,6.714,6.303
33411,0.787,37.717,23.364,30.049,23.244,4.742,6.754,6.221
33412,0.767,37.439,23.383,30.049,23.244,4.783,6.754,6.302
33413,0.767,37.599,23.407,30.059,23.251,4.864,6.795,6.425
33414,0.777,37.754,23.399,30.097,23.258,4.906,6.755,6.385
33415,0.764,37.775,23.395,30.059,23.251,4.825,6.714,6.344
33416,0.757,37.468,23.349,30.078,23.247,4.824,6.754,6.303
33417,0.761,37.638,23.379,30.069,23.254,4.905,6.795,6.384
33418,0.764,37.736,23.391,30.069,23.247,4.825,6.795,6.425
33419,0.761,37.756,23.403,30.05,23.247,4.661,6.551,6.222
33420,0.761,37.478,23.345,30.049,23.247,4.782,6.752,6.424
33421,0.774,37.609,23.364,30.049,23.251,4.702,6.673,6.344
33422,0.784,37.707,23.387,30.059,23.251,4.701,6.631,6.303
33423,0.774,38.043,23.384,30.04,23.24,4.742,6.631,6.343
33424,0.774,37.452,23.368,30.059,23.251,4.783,6.631,6.466
33425,0.793,37.58,23.446,30.088,23.258,4.905,6.794,6.507
33426,0.793,37.697,23.38,30.05,23.251,4.825,6.714,6.345
33427,0.79,37.468,23.348,30.03,23.251,4.824,6.632,6.343
33428,0.793,37.504,23.411,30.049,23.251,4.905,6.672,6.384
33429,0.79,37.629,23.337,30.078,23.251,4.825,6.672,6.385
33430,0.78,37.726,23.364,30.059,23.254,4.743,6.55,6.344
33431,0.774,37.305,23.34,30.021,23.237,4.701,6.508,6.303
33432,0.771,37.435,23.387,30.049,23.251,4.823,6.549,6.343
33433,0.767,37.561,23.376,30.04,23.244,4.743,6.508,6.343
33434,0.761,37.639,23.387,30.02,23.247,4.742,6.508,6.343
33435,0.761,37.4,23.395,30.02,23.244,4.701,6.508,6.303
33436,0.757,37.532,23.356,30.049,23.261,4.863,6.711,6.587
33437,0.767,37.715,23.391,30.078,23.254,4.865,6.591,6.468
33438,0.751,37.736,23.384,30.05,23.251,4.865,6.549,6.426
33439,0.761,37.391,23.403,30.03,23.251,4.824,6.63,6.385
33440,0.774,37.541,23.353,30.049,23.251,4.824,6.509,6.507
33441,0.767,37.667,23.375,30.049,23.258,4.824,6.549,6.345
33442,0.774,37.717,23.364,30.021,23.241,4.661,6.427,6.221
33443,0.777,37.295,23.364,30.011,23.244,4.782,6.588,6.383
33444,0.793,37.454,23.399,30.03,23.247,4.742,6.549,6.385
33445,0.79,37.58,23.407,30.03,23.244,4.783,6.468,6.385
33446,0.793,37.601,23.38,30.03,23.24,4.742,6.507,6.222
33447,0.787,38.195,23.376,30.02,23.251,4.864,6.589,6.383
33448,0.8,38.355,23.43,30.068,23.258,4.906,6.712,6.344
33449,0.79,38.452,23.368,30.021,23.247,4.865,6.551,6.303
33450,0.784,38.453,23.348,30.03,23.251,4.702,6.549,6.343
33451,0.787,36.881,23.383,30.03,23.258,4.863,6.549,6.425
33452,0.79,37.028,23.391,30.04,23.261,4.824,6.549,6.426
33453,0.777,37.116,23.392,30.001,23.241,4.702,6.427,6.141
33454,0.758,37.356,23.395,30.011,23.247,4.742,6.507,6.301
33455,0.777,37.512,23.392,30.011,23.251,4.823,6.508,6.262
33456,0.767,37.638,23.341,30.001,23.247,4.783,6.427,6.302
33457,0.767,37.726,23.348,30.011,23.24,4.702,6.426,6.302
33458,0.767,37.209,23.411,30.02,23.247,4.742,6.548,6.343
33459,0.78,37.328,23.431,30.059,23.261,4.945,6.549,6.343
33460,0.787,37.416,23.329,30.021,23.251,4.825,6.549,6.343
33461,0.79,37.503,23.356,30.02,23.251,4.824,6.549,6.303
33462,0.797,37.303,23.372,30.03,23.251,4.824,6.63,6.302
33463,0.8,37.464,23.383,30.03,23.251,4.824,6.631,6.262
33464,0.803,37.561,23.391,30.011,23.247,4.702,6.468,6.18
33465,0.797,37.601,23.392,29.982,23.244,4.782,6.548,6.22
33466,0.803,37.208,23.384,30.001,23.251,4.783,6.549,6.261
33467,0.797,37.328,23.337,29.991,23.247,4.783,6.508,6.262
33468,0.807,37.454,23.387,29.982,23.244,4.783,6.467,6.18
33469,0.8,37.513,23.313,30.001,23.251,4.824,6.629,6.301
33470,0.8,37.322,23.379,30.03,23.258,4.905,6.631,6.425
33471,0.797,37.435,23.356,30.011,23.254,4.865,6.55,6.263
33472,0.8,37.542,23.36,29.991,23.251,4.824,6.549,6.302
33473,0.794,37.591,23.387,30.01,23.251,4.865,6.549,6.221
33474,0.784,37.352,23.399,30.02,23.254,4.906,6.549,6.261
33475,0.78,37.455,23.388,29.992,23.244,4.744,6.508,6.18
33476,0.764,37.542,23.352,29.972,23.237,4.742,6.508,6.179
33477,0.777,37.591,23.356,29.991,23.247,4.823,6.508,6.261
33478,0.771,37.294,23.387,29.991,23.244,4.702,6.508,6.221
33479,0.777,37.416,23.399,29.991,23.247,4.742,6.467,6.139
33480,0.787,37.513,23.317,29.972,23.244,4.742,6.467,6.179
33481,0.787,37.571,23.395,30.001,23.254,4.905,6.711,6.261
33482,0.813,37.342,23.38,30.02,23.251,4.865,6.632,6.18
33483,0.803,37.435,23.38,29.972,23.247,4.824,6.631,6.179
33484,0.807,37.561,23.384,30.001,23.254,4.905,6.55,6.22
33485,0.81,37.255,23.411,29.991,23.247,4.825,6.59,6.22
33486,0.823,37.3,23.372,29.991,23.258,4.824,6.631,6.18
33487,0.82,37.416,23.372,29.953,23.237,4.661,6.428,6.098
33488,0.813,37.494,23.415,29.962,23.251,4.822,6.548,6.178
33489,0.823,37.197,23.325,29.981,23.251,4.743,6.549,6.139
33490,0.804,37.328,23.375,29.972,23.247,4.661,6.508,6.138
33491,0.797,37.445,23.356,29.962,23.244,4.7,6.549,6.138
33492,0.794,37.523,23.395,29.981,23.251,4.823,6.63,6.219
33493,0.806,37.255,23.392,30.02,23.261,4.824,6.672,6.18
33494,0.794,37.367,23.407,29.963,23.251,4.824,6.591,6.179
33495,0.797,37.493,23.415,29.972,23.254,4.824,6.631,6.179
33496,0.79,37.562,23.345,30.001,23.254,4.824,6.672,6.22
33497,0.797,37.179,23.368,29.972,23.254,4.865,6.631,6.18
33498,0.794,37.28,23.399,29.972,23.251,4.743,6.509,6.017
33499,0.78,37.368,23.349,29.943,23.24,4.742,6.549,6.056
33500,0.8,37.464,23.375,30.029,23.247,4.783,6.63,6.097
33501,0.797,37.149,23.341,29.963,23.24,4.783,6.59,6.056
33502,0.803,37.251,23.399,29.943,23.247,4.783,6.509,6.056
33503,0.803,37.377,23.403,29.952,23.244,4.824,6.63,6.137
33504,0.816,37.436,23.411,29.991,23.261,4.987,6.712,6.26
33505,0.816,37.235,23.407,29.982,23.251,4.826,6.632,6.139
33506,0.813,37.367,23.353,29.982,23.254,4.865,6.672,6.138
33507,0.82,37.484,23.36,29.962,23.251,4.906,6.713,6.138
33508,0.83,37.533,23.387,29.962,23.247,4.947,6.632,6.179
33509,0.83,37.121,23.384,29.991,23.251,4.825,6.59,6.057
33510,0.804,37.222,23.317,29.934,23.244,4.743,6.59,6.056
33511,0.81,37.348,23.36,29.943,23.254,4.783,6.671,6.097
33512,0.807,37.205,23.415,29.952,23.244,4.783,6.631,6.016
33513,0.797,37.213,23.38,29.933,23.247,4.783,6.631,6.015
33514,0.794,37.348,23.387,29.933,23.24,4.783,6.672,6.056
33515,0.8,37.455,23.407,29.962,23.261,4.986,6.794,6.178
33516,0.8,37.082,23.384,30.01,23.254,4.866,6.755,6.139
33517,0.784,37.174,23.368,29.963,23.258,4.906,6.754,6.057
33518,0.793,37.271,23.395,29.962,23.251,4.825,6.754,6.097
33519,0.79,37.367,23.36,29.953,23.254,4.865,6.876,6.138
33520,0.8,36.995,23.352,29.972,23.254,4.906,6.715,6.057
33521,0.803,37.077,23.336,29.924,23.24,4.744,6.591,5.893
33522,0.797,37.193,23.383,29.933,23.254,4.823,6.753,6.014
33523,0.81,37.3,23.348,29.952,23.251,4.824,6.795,6.137
33524,0.81,37.042,23.375,29.943,23.244,4.743,6.714,6.057
33525,0.81,37.164,23.387,29.933,23.244,4.783,6.754,6.056
33526,0.813,37.271,23.36,29.924,23.251,4.783,6.754,6.097
33527,0.826,37.367,23.36,29.962,23.261,4.946,6.917,6.178
33528,0.833,37.071,23.395,29.933,23.251,4.866,6.796,6.057
33529,0.82,37.212,23.399,29.962,23.251,4.865,6.795,6.097
33530,0.81,37.329,23.353,29.953,23.254,4.824,6.795,6.138
33531,0.807,37.378,23.36,29.953,23.254,4.905,6.836,6.098
33532,0.803,37.071,23.395,29.953,23.247,4.906,6.796,6.056
33533,0.797,37.174,23.384,29.914,23.24,4.784,6.714,5.975
33534,0.787,37.271,23.384,29.933,23.258,4.824,6.794,6.055
33535,0.793,37.32,23.427,29.933,23.247,4.824,6.795,6.015
33536,0.774,36.927,23.314,29.933,23.244,4.783,6.755,6.056
33537,0.777,37.076,23.352,29.924,23.24,4.702,6.632,6.056
33538,0.787,37.174,23.399,29.933,23.251,4.863,6.875,6.259
33539,0.787,37.184,23.395,29.962,23.258,4.987,6.796,6.18
33540,0.79,37.079,23.372,29.933,23.247,4.826,6.755,6.098
33541,0.787,37.212,23.36,29.933,23.251,4.905,6.754,6.138
33542,0.793,37.281,23.352,29.924,23.251,4.825,6.795,6.138
33543,0.793,36.984,23.375,29.933,23.251,4.905,6.795,6.098
33544,0.803,37.067,23.36,29.933,23.247,4.865,6.714,6.056
33545,0.797,37.135,23.399,29.895,23.24,4.743,6.632,6.015
33546,0.81,37.28,23.38,29.914,23.247,4.823,6.672,6.015
33547,0.816,36.821,23.356,29.904,23.251,4.824,6.631,6.015
33548,0.813,36.941,23.395,29.885,23.247,4.824,6.712,5.934
33549,0.803,37.057,23.392,29.923,23.244,4.824,6.591,6.014
33550,0.8,37.174,23.368,29.933,23.254,4.946,6.875,6.218
33551,0.803,37.088,23.403,29.952,23.254,4.988,6.755,6.18
33552,0.797,37.193,23.353,29.924,23.247,4.866,6.795,6.139
33553,0.79,37.29,23.368,29.933,23.247,4.946,6.795,6.138
33554,0.79,37.396,23.356,29.943,23.251,4.907,6.836,6.138
33555,0.787,36.87,23.411,29.924,23.247,4.865,6.796,6.057
33556,0.777,36.961,23.267,29.933,23.24,4.824,6.755,6.056
33557,0.771,37.115,23.359,29.924,23.251,4.783,6.754,6.137
33558,0.774,37.165,23.399,29.904,23.247,4.824,6.795,6.098
33559,0.777,36.916,23.407,29.895,23.247,4.783,6.755,6.097
33560,0.787,37.067,23.38,29.914,23.247,4.824,6.836,6.056
33561,0.79,37.212,23.376,29.952,23.265,4.946,6.999,6.3
33562,0.803,37.223,23.368,29.924,23.254,4.785,6.838,6.099
33563,0.794,36.964,23.387,29.904,23.251,4.905,6.837,6.138
33564,0.8,37.115,23.391,29.923,23.247,4.865,6.918,6.138
33565,0.807,37.213,23.399,29.923,23.254,4.987,6.919,6.219
33566,0.813,37.434,23.395,29.933,23.254,4.866,6.878,6.098
33567,0.807,36.871,23.356,29.876,23.237,4.702,6.796,6.056
33568,0.8,36.999,23.391,29.894,23.251,4.863,6.836,6.137
33569,0.807,37.115,23.345,29.914,23.247,4.824,6.918,6.098
33570,0.797,36.963,23.368,29.876,23.251,4.865,6.837,6.097
33571,0.787,37.019,23.376,29.894,23.24,4.743,6.837,6.097
33572,0.793,37.154,23.38,29.914,23.261,4.945,7.04,6.341
33573,0.79,37.29,23.407,29.933,23.254,4.947,6.96,6.14
33574,0.78,36.84,23.376,29.904,23.244,4.866,6.96,6.057
33575,0.78,36.96,23.403,29.904,23.251,4.906,7.041,6.178
33576,0.777,37.077,23.333,29.923,23.244,4.906,7.042,6.139
33577,0.767,37.174,23.344,29.933,23.254,4.865,7.042,6.219
33578,0.774,36.858,23.383,29.885,23.24,4.743,6.879,6.058
33579,0.764,36.98,23.348,29.894,23.247,4.823,7.0,6.137
33580,0.79,37.144,23.368,29.933,23.244,4.783,7.001,6.138
33581,0.78,37.203,23.337,29.895,23.251,4.783,6.919,6.098
33582,0.78,36.926,23.375,29.875,23.24,4.742,6.959,6.097
33583,0.784,37.038,23.36,29.894,23.247,4.823,7.122,6.26
33584,0.8,37.183,23.368,29.923,23.268,4.905,7.124,6.221
33585,0.797,37.252,23.383,29.895,23.244,4.784,7.043,6.22
33586,0.794,36.773,23.368,29.894,23.251,4.905,7.042,6.139
33587,0.806,36.902,23.364,29.914,23.251,4.906,7.042,6.219
33588,0.807,36.999,23.38,29.904,23.258,4.906,7.082,6.18
33589,0.81,37.068,23.337,29.895,23.247,4.744,6.961,6.098
33590,0.787,36.953,23.313,29.875,23.237,4.742,6.96,6.056
33591,0.787,37.115,23.359,29.885,23.247,4.823,7.0,6.137
33592,0.79,37.213,23.36,29.885,23.247,4.824,6.96,6.098
33593,0.784,37.214,23.372,29.885,23.247,4.743,6.878,6.056
33594,0.777,36.83,23.391,29.875,23.247,4.905,7.04,6.137
33595,0.78,36.989,23.45,29.923,23.258,4.947,7.123,6.219
33596,0.777,37.087,23.365,29.952,23.251,4.866,7.124,6.139
33597,0.758,36.953,23.364,29.895,23.258,4.824,7.124,6.219
33598,0.761,36.942,23.415,29.904,23.251,4.865,7.124,6.18
33599,0.764,37.067,23.364,29.914,23.254,4.865,7.287,6.179
33600,0.78,37.174,23.368,29.885,23.247,4.824,7.085,6.017
33601,0.764,36.695,23.305,29.856,23.24,4.824,7.123,6.096
33602,0.774,36.806,23.391,29.875,23.251,4.824,7.246,6.097
33603,0.787,36.941,23.36,29.875,23.24,4.824,7.247,6.097
33604,0.774,37.038,23.36,29.865,23.237,4.783,7.206,6.056
33605,0.787,36.828,23.379,29.875,23.244,4.783,7.328,6.097
33606,0.787,37.008,23.391,29.894,23.265,4.986,7.451,6.219
33607,0.806,37.144,23.403,29.894,23.251,4.866,7.33,6.098
33608,0.803,37.194,23.403,29.866,23.247,4.824,7.41,6.097
33609,0.79,36.83,23.392,29.932,23.251,4.865,7.371,6.178
33610,0.797,36.96,23.356,29.895,23.258,4.906,7.33,6.139
33611,0.787,37.067,23.36,29.894,23.251,4.906,7.329,6.016
33612,0.774,37.107,23.344,29.866,23.24,4.744,7.248,6.056
33613,0.777,36.791,23.348,29.875,23.251,4.783,7.328,6.056
33614,0.777,36.941,23.372,29.875,23.247,4.783,7.248,6.097
33615,0.774,37.038,23.423,29.875,23.251,4.783,7.206,6.056
33616,0.767,37.078,23.376,29.933,23.251,4.783,7.247,6.056
33617,0.761,36.915,23.38,29.885,23.258,4.905,7.45,6.259
33618,0.77,37.057,23.407,29.894,23.254,4.865,7.29,6.139
33619,0.754,37.135,23.38,29.885,23.247,4.824,7.288,6.138
33620,0.764,37.174,23.356,29.885,23.254,4.905,7.288,6.098
33621,0.767,36.772,23.329,29.885,23.251,4.906,7.247,6.056
33622,0.777,36.883,23.352,29.885,23.254,4.825,7.206,6.056
33623,0.774,36.98,23.348,29.837,23.24,4.661,7.165,5.934
33624,0.771,37.077,23.356,29.875,23.251,4.822,7.287,6.055
33625,0.777,36.972,23.379,29.875,23.244,4.865,7.207,6.056
33626,0.784,37.096,23.376,29.875,23.247,4.784,7.247,6.015
33627,0.79,37.174,23.364,29.846,23.244,4.742,7.166,6.015
33628,0.79,36.734,23.399,29.856,23.251,4.864,7.287,6.178
33629,0.797,36.825,23.407,29.894,23.265,4.906,7.288,6.139
33630,0.777,36.941,23.349,29.866,23.251,4.865,7.247,6.098
33631,0.78,37.029,23.395,29.875,23.247,4.824,7.206,6.097
33632,0.777,36.857,23.372,29.875,23.251,4.865,7.206,6.138
33633,0.774,36.999,23.383,29.865,23.254,4.906,7.206,6.016
33634,0.764,37.115,23.38,29.856,23.244,4.744,7.084,6.015
33635,0.751,37.165,23.356,29.856,23.251,4.905,7.164,6.096
33636,0.764,36.743,23.364,29.894,23.247,4.825,7.165,6.138
33637,0.748,36.873,23.337,29.875,23.244,4.743,7.043,6.098
33638,0.747,36.98,23.391,29.846,23.24,4.701,7.082,6.016
33639,0.754,37.039,23.36,29.856,23.251,4.904,7.083,6.137
33640,0.774,36.819,23.379,29.904,23.265,5.028,7.205,6.219
33641,0.777,36.941,23.368,29.875,23.248,4.826,7.084,6.18
33642,0.774,37.029,23.352,29.865,23.251,4.865,7.083,6.139
33643,0.774,37.106,23.372,29.885,23.254,4.824,7.123,6.219
33644,0.787,36.666,23.395,29.875,23.251,4.905,7.124,6.22
33645,0.784,36.805,23.345,29.875,23.247,4.703,6.961,6.098
33646,0.777,36.893,23.356,29.837,23.244,4.742,7.0,6.056
33647,0.79,36.971,23.379,29.865,23.247,4.905,7.041,6.056
33648,0.78,36.703,23.368,29.846,23.251,4.865,7.082,6.097
33649,0.777,36.834,23.364,29.846,23.237,4.824,7.002,6.016
33650,0.771,36.922,23.329,29.846,23.247,4.824,7.041,6.056
33651,0.774,37.287,23.399,29.894,23.265,4.987,7.164,6.219
33652,0.78,36.84,23.38,29.875,23.254,4.826,7.043,6.18
33653,0.754,36.941,23.387,29.865,23.247,4.824,7.164,6.139
33654,0.761,37.057,23.376,29.846,23.258,4.865,7.084,6.179
33655,0.761,36.809,23.407,29.856,23.251,4.946,7.205,6.179
33656,0.754,36.816,23.376,29.913,23.251,4.825,7.084,6.179
33657,0.748,36.893,23.329,29.837,23.244,4.743,7.083,6.098
33658,0.754,37.019,23.41,29.865,23.251,4.742,7.083,6.138
33659,0.748,36.723,23.329,29.856,23.254,4.864,7.002,6.098
33660,0.764,36.863,23.344,29.846,23.244,4.702,7.041,6.097
33661,0.761,36.97,23.344,29.846,23.244,4.823,7.123,6.138
33662,0.774,37.077,23.414,29.884,23.261,4.946,7.287,6.219
33663,0.784,36.714,23.368,29.846,23.244,4.825,7.207,6.22
33664,0.774,36.844,23.38,29.875,23.254,4.865,7.165,6.139
33665,0.784,36.961,23.372,29.865,23.251,4.824,7.124,6.179
33666,0.787,37.058,23.356,29.865,23.254,4.865,7.246,6.139
33667,0.8,36.646,23.36,29.846,23.251,4.784,7.084,6.098
33668,0.79,36.748,23.356,29.817,23.247,4.742,7.164,5.975
33669,0.784,36.892,23.368,29.865,23.244,4.823,7.206,6.096
33670,0.777,36.961,23.325,29.846,23.247,4.865,7.206,6.097
33671,0.767,36.847,23.344,29.846,23.247,4.743,7.165,6.056
33672,0.761,36.951,23.383,29.837,23.244,4.783,7.165,6.097
33673,0.767,37.105,23.376,29.875,23.258,4.905,7.328,6.3
33674,0.77,37.174,23.387,29.865,23.254,4.906,7.248,6.099
33675,0.757,36.599,23.399,29.846,23.251,4.865,7.206,6.097
33676,0.761,36.747,23.399,29.837,23.251,4.784,7.247,6.178
33677,0.741,36.854,23.349,29.856,23.251,4.864,7.288,6.22
33678,0.751,36.893,23.411,29.856,23.254,4.865,7.288,6.18
33679,0.748,36.683,23.306,29.837,23.24,4.743,7.085,6.017
33680,0.751,36.796,23.34,29.836,23.251,4.783,7.245,6.137
33681,0.761,36.902,23.336,29.846,23.244,4.824,7.206,6.057
33682,0.761,36.846,23.375,29.827,23.244,4.783,7.084,6.015
33683,0.77,36.778,23.356,29.846,23.237,4.824,7.083,6.056
33684,0.774,36.931,23.36,29.856,23.258,4.865,7.286,6.259
33685,0.79,37.067,23.391,29.875,23.261,4.906,7.329,6.18
33686,0.777,36.637,23.395,29.856,23.244,4.825,7.126,6.139
33687,0.78,36.719,23.356,29.846,23.251,4.865,7.205,6.138
33688,0.787,36.825,23.399,29.856,23.251,4.906,7.247,6.179
33689,0.787,36.932,23.388,29.904,23.258,4.865,7.206,6.139
33690,0.774,36.559,23.306,29.837,23.247,4.702,7.043,5.976
33691,0.767,36.68,23.328,29.827,23.244,4.742,7.123,6.137
33692,0.774,36.815,23.375,29.827,23.247,4.823,7.083,6.138
33693,0.764,36.903,23.384,29.855,23.251,4.824,7.083,6.057
33694,0.754,36.654,23.388,29.817,23.251,4.702,7.083,6.056
33695,0.751,36.805,23.376,29.836,23.244,4.823,7.164,6.056
33696,0.767,36.979,23.368,29.875,23.265,4.987,7.287,6.137
33697,0.751,37.01,23.344,29.846,23.248,4.785,7.207,6.138
33698,0.748,36.521,23.379,29.856,23.251,4.824,7.165,6.098
33699,0.744,36.65,23.399,29.904,23.258,4.824,7.165,6.178
33700,0.77,36.786,23.364,29.856,23.254,4.865,7.246,6.179
33701,0.764,36.835,23.356,29.837,23.251,4.743,7.084,6.057
33702,0.757,36.539,23.325,29.827,23.24,4.783,7.164,6.056
33703,0.774,36.699,23.344,29.846,23.251,4.824,7.124,6.097
33704,0.774,36.825,23.332,29.837,23.244,4.824,7.124,6.016
33705,0.787,36.826,23.371,29.817,23.247,4.783,7.083,6.096
33706,0.78,36.49,23.372,29.827,23.244,4.783,7.123,6.138
33707,0.79,36.64,23.352,29.875,23.258,4.905,7.205,6.26
33708,0.793,36.767,23.415,29.837,23.244,4.825,7.125,6.139
33709,0.78,36.902,23.302,29.836,23.247,4.865,7.124,6.057
33710,0.78,36.558,23.348,29.846,23.254,4.824,7.124,6.137
33711,0.777,36.699,23.387,29.856,23.254,4.905,7.205,6.138
33712,0.78,36.796,23.395,29.846,23.244,4.784,7.084,6.016
33713,0.758,36.471,23.364,29.808,23.237,4.742,7.002,6.015
33714,0.757,36.525,23.337,29.807,23.244,4.783,7.001,6.056
33715,0.757,36.65,23.379,29.836,23.247,4.783,7.001,6.056
33716,0.751,36.748,23.356,29.836,23.244,4.783,6.96,6.015
33717,0.751,36.413,23.352,29.817,23.247,4.783,7.0,6.137
33718,0.754,36.544,23.372,29.855,23.261,4.946,7.163,6.179
33719,0.767,36.699,23.383,29.904,23.254,4.866,6.962,6.057
33720,0.764,36.767,23.352,29.837,23.247,4.824,7.041,6.097
33721,0.767,36.451,23.372,29.846,23.254,4.865,7.001,6.097
33722,0.767,36.592,23.399,29.837,23.247,4.824,7.001,6.056
33723,0.777,36.728,23.392,29.856,23.251,4.865,7.001,6.097
33724,0.78,36.768,23.372,29.817,23.247,4.702,6.838,5.935
33725,0.771,36.375,23.391,29.827,23.247,4.823,6.918,6.055
33726,0.78,36.505,23.352,29.855,23.244,4.865,6.959,6.056
33727,0.787,36.641,23.348,29.837,23.244,4.743,6.96,5.975
33728,0.784,36.671,23.356,29.817,23.247,4.742,6.919,6.015
33729,0.79,36.518,23.333,29.836,23.254,4.783,7.041,6.056
33730,0.79,36.679,23.364,29.865,23.258,4.905,7.042,6.056
33731,0.774,36.757,23.376,29.827,23.247,4.865,6.96,6.015
33732,0.771,36.777,23.423,29.836,23.247,4.824,7.0,6.137
33733,0.764,36.337,23.388,29.846,23.251,4.824,7.041,6.057
33734,0.767,36.476,23.372,29.846,23.254,4.905,7.001,6.056
33735,0.764,36.564,23.383,29.798,23.251,4.744,6.879,5.893
33736,0.754,36.555,23.352,29.807,23.247,4.823,7.04,6.014
33737,0.751,36.449,23.368,29.846,23.247,4.783,7.042,5.974
33738,0.761,36.592,23.376,29.827,23.244,4.783,7.042,6.015
33739,0.757,36.68,23.227,29.827,23.244,4.702,7.042,5.934
33740,0.764,36.441,23.312,29.808,23.24,4.823,7.164,6.136
33741,0.783,36.419,23.356,29.865,23.268,4.905,7.287,6.098
33742,0.78,36.534,23.391,29.837,23.248,4.744,7.207,6.056
33743,0.78,36.622,23.368,29.827,23.251,4.823,7.206,6.097
33744,0.774,36.258,23.391,29.827,23.254,4.865,7.206,6.056
33745,0.784,36.37,23.341,29.827,23.251,4.865,7.287,6.097
33746,0.793,36.515,23.36,29.836,23.251,4.824,7.247,6.016
33747,0.78,36.554,23.352,29.779,23.237,4.743,7.206,6.056
33748,0.787,36.315,23.329,29.826,23.251,4.823,7.287,6.056
33749,0.793,36.457,23.348,29.817,23.24,4.824,7.207,6.015
33750,0.784,36.573,23.325,29.807,23.244,4.702,7.206,6.096
33751,0.777,36.622,23.367,29.798,23.247,4.823,7.287,6.138
33752,0.777,36.268,23.38,29.874,23.261,5.027,7.41,6.179
33753,0.774,36.399,23.372,29.837,23.247,4.826,7.33,6.139
33754,0.764,36.515,23.376,29.836,23.251,4.743,7.289,6.098
33755,0.77,36.583,23.384,29.836,23.254,4.823,7.288,6.138
33756,0.761,36.373,23.376,29.856,23.258,4.865,7.288,6.138
33757,0.761,36.505,23.352,29.817,23.244,4.824,7.166,6.098
33758,0.748,36.564,23.368,29.798,23.24,4.702,7.287,6.138
33759,0.76,36.67,23.341,29.826,23.247,4.823,7.207,6.057
33760,0.761,36.192,23.336,29.817,23.244,4.783,7.287,6.056
33761,0.767,36.311,23.348,29.798,23.24,4.783,7.125,6.056
33762,0.764,36.418,23.379,29.826,23.247,4.824,7.327,6.219
33763,0.78,36.477,23.391,29.865,23.258,4.865,7.41,6.18
33764,0.78,36.372,23.368,29.827,23.251,4.824,7.208,6.098
33765,0.777,36.486,23.321,29.827,23.244,4.783,7.247,6.138
33766,0.777,36.612,23.36,29.827,23.251,4.824,7.288,6.179
33767,0.79,36.498,23.36,29.827,23.254,4.905,7.288,6.139
33768,0.79,36.267,23.337,29.817,23.24,4.744,7.085,5.976
33769,0.777,36.351,23.364,29.788,23.244,4.783,7.164,6.177
33770,0.777,36.505,23.321,29.817,23.251,4.783,7.124,6.179
33771,0.777,36.267,23.367,29.817,23.247,4.742,7.124,6.098
33772,0.771,36.379,23.348,29.807,23.237,4.661,7.083,6.056
33773,0.767,36.476,23.344,29.807,23.251,4.822,7.123,6.137
33774,0.764,36.602,23.364,29.826,23.261,4.905,7.287,6.26
33775,0.777,36.239,23.376,29.817,23.258,4.784,7.125,6.18
33776,0.767,36.369,23.364,29.827,23.251,4.824,7.124,6.22
33777,0.761,36.476,23.344,29.827,23.251,4.824,7.165,6.22
33778,0.767,36.554,23.403,29.827,23.258,4.824,7.165,6.22
33779,0.774,36.143,23.325,29.827,23.251,4.783,7.043,6.098
33780,0.764,36.263,23.332,29.769,23.244,4.661,7.001,6.178
33781,0.774,36.389,23.313,29.817,23.251,4.822,7.001,6.139
33782,0.767,36.457,23.383,29.817,23.247,4.743,7.041,6.179
33783,0.777,36.151,23.36,29.779,23.24,4.783,7.001,6.098
33784,0.78,36.301,23.329,29.797,23.247,4.702,6.96,6.138
33785,0.787,36.428,23.344,29.826,23.265,4.945,7.163,6.341
33786,0.803,36.515,23.344,29.827,23.251,4.866,7.002,6.14
33787,0.797,36.181,23.371,29.808,23.247,4.865,7.123,6.098
33788,0.787,36.311,23.356,29.817,23.247,4.824,7.083,6.219
33789,0.8,36.447,23.364,29.827,23.258,4.865,7.123,6.22
33790,0.794,36.477,23.34,29.827,23.254,4.824,7.002,6.098
33791,0.777,36.209,23.352,29.798,23.24,4.702,6.96,6.097
33792,0.777,36.34,23.372,29.817,23.251,4.782,7.041,6.097
33793,0.771,36.476,23.356,29.827,23.247,4.742,7.001,6.138
33794,0.761,36.803,23.36,29.808,23.247,4.742,7.041,6.138
33795,0.77,36.135,23.348,29.788,23.244,4.742,7.001,6.098
33796,0.767,36.273,23.352,29.798,23.258,4.823,7.123,6.26
33797,0.774,36.437,23.379,29.836,23.251,4.865,7.043,6.18
33798,0.764,36.161,23.368,29.817,23.251,4.824,7.082,6.22
33799,0.761,36.206,23.383,29.798,23.244,4.783,7.083,6.302
33800,0.767,36.34,23.352,29.807,23.251,4.824,7.042,6.221
33801,0.787,36.447,23.352,29.798,23.258,4.824,7.082,6.18
33802,0.78,36.861,23.368,29.778,23.244,4.702,6.92,6.098
33803,0.777,37.009,23.337,29.817,23.251,4.701,7.081,6.178
33804,0.79,37.125,23.352,29.817,23.247,4.782,6.92,6.098
33805,0.79,37.193,23.309,29.817,23.244,4.783,6.919,6.138
33806,0.784,35.727,23.32,29.788,23.24,4.742,6.959,6.138
33807,0.787,35.827,23.383,29.807,23.254,4.823,7.041,6.179
33808,0.8,36.011,23.282,29.846,23.265,4.905,7.042,6.179
33809,0.8,36.089,23.336,29.798,23.251,4.784,6.96,6.139
33810,0.784,36.224,23.344,29.817,23.254,4.783,7.0,6.179
33811,0.78,36.36,23.399,29.817,23.251,4.783,6.96,6.139
33812,0.78,36.486,23.407,29.846,23.254,4.824,7.082,6.219
33813,0.764,36.554,23.357,29.798,23.244,4.783,6.88,6.017
33814,0.754,35.941,23.36,29.769,23.24,4.702,6.877,6.096
33815,0.767,36.079,23.399,29.797,23.244,4.823,6.877,6.056
33816,0.77,36.205,23.345,29.798,23.247,4.783,6.959,6.137
33817,0.761,36.254,23.352,29.798,23.24,4.702,6.838,6.098
33818,0.761,36.072,23.348,29.798,23.244,4.742,6.877,6.138
33819,0.757,36.262,23.313,29.836,23.265,4.986,7.121,6.341
33820,0.78,36.408,23.344,29.808,23.251,4.785,7.043,6.14
33821,0.771,36.4,23.344,29.807,23.251,4.864,7.001,6.138
33822,0.767,35.988,23.434,29.798,23.251,4.784,7.082,6.138
33823,0.777,36.127,23.392,29.817,23.258,4.864,7.042,6.179
33824,0.787,36.253,23.384,29.817,23.254,4.865,6.96,6.139
33825,0.78,36.101,23.294,29.798,23.247,4.702,6.878,6.057
33826,0.777,36.023,23.336,29.798,23.254,4.782,7.0,6.137
33827,0.793,36.166,23.387,29.798,23.247,4.742,7.001,6.057
33828,0.79,36.283,23.274,29.798,23.244,4.742,6.879,6.015
33829,0.79,35.938,23.336,29.778,23.244,4.701,6.959,6.056
33830,0.787,36.031,23.332,29.807,23.251,4.863,7.041,6.178
33831,0.793,36.204,23.418,29.836,23.251,4.865,7.082,6.098
33832,0.784,36.273,23.384,29.808,23.247,4.824,7.042,6.097
33833,0.777,36.015,23.348,29.798,23.247,4.824,6.96,6.056
33834,0.774,36.175,23.36,29.817,23.247,4.824,7.0,6.137
33835,0.777,36.283,23.376,29.798,23.251,4.865,6.96,6.098
33836,0.771,36.38,23.368,29.798,23.244,4.743,6.838,6.056
33837,0.751,35.978,23.372,29.778,23.244,4.742,6.958,6.056
33838,0.757,36.146,23.38,29.797,23.254,4.864,6.96,6.056
33839,0.761,36.263,23.356,29.798,23.247,4.784,6.878,6.056
33840,0.767,36.312,23.297,29.778,23.244,4.702,6.877,6.015
33841,0.767,36.102,23.332,29.778,23.244,4.823,6.959,6.137
33842,0.78,36.272,23.391,29.826,23.261,4.987,7.082,6.179
33843,0.787,36.399,23.356,29.817,23.251,4.826,7.042,6.057
33844,0.787,36.429,23.344,29.798,23.251,4.824,7.001,6.056
33845,0.787,35.959,23.301,29.817,23.251,4.824,7.041,6.097
33846,0.797,36.117,23.344,29.817,23.254,4.865,7.042,6.097
33847,0.803,36.215,23.368,29.817,23.247,4.824,6.879,6.016
33848,0.8,36.225,23.321,29.788,23.24,4.702,6.877,6.015
33849,0.803,35.957,23.328,29.778,23.251,4.823,7.0,6.015
33850,0.794,36.089,23.34,29.788,23.247,4.743,7.001,6.015
33851,0.79,36.186,23.364,29.798,23.244,4.742,7.001,6.015
33852,0.79,36.292,23.344,29.788,23.244,4.701,7.082,6.015
33853,0.777,36.044,23.348,29.817,23.251,4.863,7.205,6.137
33854,0.79,36.224,23.325,29.817,23.251,4.824,7.125,6.016
33855,0.777,36.283,23.383,29.798,23.247,4.783,7.124,6.096
33856,0.78,35.862,23.368,29.798,23.254,4.864,7.124,6.056
33857,0.777,35.905,23.341,29.807,23.254,4.824,7.205,6.137
33858,0.79,36.04,23.422,29.826,23.251,4.743,7.165,6.016
33859,0.79,36.118,23.294,29.779,23.244,4.661,7.084,5.974
33860,0.803,35.918,23.344,29.817,23.251,4.782,7.205,6.015
33861,0.813,36.021,23.344,29.798,23.251,4.824,7.165,5.934
33862,0.813,36.156,23.352,29.798,23.247,4.743,7.124,5.974
33863,0.826,36.244,23.34,29.788,23.24,4.742,7.165,6.015
33864,0.836,35.833,23.344,29.788,23.251,4.864,7.328,6.137
33865,0.852,36.001,23.309,29.836,23.258,4.906,7.207,6.098
33866,0.853,36.108,23.336,29.808,23.251,4.865,7.206,6.016
33867,0.866,36.167,23.348,29.798,23.251,4.824,7.247,6.137
33868,0.866,35.909,23.309,29.807,23.251,4.783,7.247,6.098
33869,0.879,36.069,23.313,29.817,23.254,4.783,7.247,6.097
33870,0.872,36.166,23.352,29.779,23.24,4.661,7.125,5.975
33871,0.853,36.196,23.403,29.778,23.251,4.782,7.165,6.055
33872,0.866,35.938,23.349,29.797,23.244,4.783,7.287,6.056
33873,0.853,36.069,23.344,29.778,23.244,4.783,7.207,6.056
33874,0.843,36.186,23.325,29.778,23.244,4.702,7.206,6.015
33875,0.839,36.235,23.367,29.788,23.251,4.863,7.369,6.137
33876,0.849,35.861,23.395,29.817,23.254,4.946,7.411,6.098
33877,0.83,35.963,23.353,29.807,23.247,4.866,7.371,6.138
33878,0.843,36.07,23.399,29.798,23.254,4.824,7.33,6.138
33879,0.843,36.109,23.376,29.846,23.254,4.783,7.329,6.219
33880,0.849,35.956,23.344,29.808,23.247,4.905,7.37,6.139
33881,0.853,36.108,23.375,29.798,23.244,4.703,7.208,6.057
33882,0.856,36.148,23.368,29.778,23.247,4.823,7.328,6.178
33883,0.872,35.851,23.344,29.797,23.251,4.824,7.207,6.139
33884,0.882,35.79,23.34,29.778,23.244,4.824,7.287,6.138
33885,0.879,35.914,23.297,29.769,23.24,4.743,7.247,6.138
33886,0.889,36.04,23.344,29.807,23.251,4.823,7.41,6.179
33887,0.912,35.763,23.387,29.817,23.265,4.987,7.411,6.139
33888,0.899,35.876,23.313,29.798,23.248,4.785,7.411,6.098
33889,0.895,36.021,23.328,29.798,23.251,4.824,7.33,6.138
33890,0.892,36.099,23.332,29.798,23.254,4.783,7.329,6.179
33891,0.879,35.802,23.41,29.798,23.251,4.864,7.329,6.22
33892,0.869,35.943,23.337,29.788,23.247,4.784,7.207,6.058
33893,0.863,36.021,23.328,29.759,23.244,4.783,7.206,6.137
33894,0.866,36.137,23.352,29.797,23.244,4.783,7.247,6.179
33895,0.866,35.86,23.301,29.778,23.244,4.742,7.206,6.098
33896,0.866,35.992,23.344,29.778,23.251,4.783,7.206,6.056
33897,0.862,36.108,23.371,29.788,23.251,4.783,7.247,6.137
33898,0.872,36.205,23.337,29.826,23.265,4.946,7.369,6.301
33899,0.866,35.794,23.309,29.798,23.244,4.825,7.289,6.221
33900,0.859,35.924,23.344,29.798,23.251,4.865,7.288,6.261
33901,0.882,36.04,23.387,29.798,23.247,4.824,7.288,6.221
33902,0.879,36.08,23.391,29.807,23.251,4.865,7.329,6.261
33903,0.879,35.821,23.349,29.798,23.247,4.824,7.167,6.139
33904,0.872,35.924,23.333,29.778,23.24,4.743,7.287,6.219
33905,0.879,36.079,23.383,29.788,23.244,4.783,7.329,6.22
33906,0.869,36.08,23.356,29.778,23.251,4.824,7.207,6.18
33907,0.859,35.754,23.313,29.778,23.244,4.743,7.165,6.139
33908,0.866,35.895,23.352,29.778,23.251,4.864,7.287,6.179
33909,0.862,36.03,23.251,29.817,23.258,4.946,7.451,6.301
33910,0.859,35.965,23.308,29.798,23.244,4.785,7.33,6.262
33911,0.836,35.849,23.344,29.788,23.251,4.824,7.329,6.221
33912,0.839,35.972,23.399,29.798,23.254,4.783,7.37,6.18
33913,0.823,36.108,23.368,29.798,23.251,4.783,7.452,6.22
33914,0.817,35.764,23.356,29.778,23.244,4.661,7.249,6.098
33915,0.8,35.809,23.352,29.759,23.24,4.741,7.288,6.178
33916,0.807,35.953,23.352,29.788,23.251,4.823,7.329,6.22
33917,0.787,36.05,23.391,29.788,23.244,4.743,7.37,6.22
33918,0.79,35.735,23.345,29.778,23.244,4.742,7.289,6.18
33919,0.767,35.856,23.321,29.788,23.244,4.742,7.329,6.22
33920,0.787,36.02,23.34,29.817,23.265,5.027,7.492,6.342
33921,0.8,36.089,23.348,29.798,23.251,4.785,7.331,6.262
33922,0.777,35.649,23.34,29.769,23.247,4.783,7.289,6.18
33923,0.78,35.788,23.34,29.797,23.251,4.783,7.369,6.261
33924,0.797,35.934,23.336,29.798,23.254,4.905,7.289,6.302
33925,0.794,35.993,23.332,29.788,23.244,4.865,7.329,6.18
33926,0.784,35.705,23.317,29.759,23.237,4.702,7.207,6.179
33927,0.79,35.856,23.387,29.797,23.247,4.742,7.328,6.22
33928,0.784,35.973,23.333,29.788,23.247,4.823,7.248,6.18
33929,0.784,36.031,23.332,29.769,23.247,4.743,7.247,6.139
33930,0.754,35.706,23.325,29.778,23.244,4.742,7.247,6.179
33931,0.757,35.856,23.344,29.797,23.258,4.905,7.369,6.342
33932,0.774,36.001,23.383,29.817,23.258,4.784,7.289,6.181
33933,0.744,35.984,23.306,29.798,23.251,4.783,7.288,6.22
33934,0.747,35.753,23.32,29.798,23.251,4.783,7.288,6.139
33935,0.734,35.876,23.348,29.798,23.251,4.824,7.329,6.219
33936,0.734,36.002,23.333,29.807,23.254,4.783,7.248,6.22
33937,0.728,36.271,23.36,29.769,23.237,4.702,7.125,6.098
33938,0.721,35.727,23.379,29.797,23.251,4.823,7.246,6.138
33939,0.721,35.875,23.356,29.798,23.244,4.702,7.247,6.138
33940,0.728,35.954,23.333,29.769,23.251,4.742,7.166,6.179
33941,0.725,35.743,23.356,29.759,23.244,4.742,7.206,6.139
33942,0.728,35.808,23.356,29.807,23.254,4.864,7.287,6.301
33943,0.741,35.972,23.348,29.817,23.258,4.865,7.207,6.18
33944,0.731,36.022,23.305,29.788,23.251,4.824,7.125,6.22
33945,0.734,35.61,23.297,29.798,23.254,4.783,7.124,6.18
33946,0.741,35.74,23.32,29.798,23.258,4.864,7.165,6.22
33947,0.754,35.866,23.395,29.798,23.258,4.824,7.124,6.18
33948,0.741,35.925,23.325,29.769,23.247,4.702,6.961,6.098
33949,0.741,35.561,23.324,29.759,23.251,4.782,7.082,6.219
33950,0.741,35.739,23.36,29.778,23.244,4.702,7.002,6.18
33951,0.734,35.837,23.411,29.788,23.244,4.701,6.96,6.179
33952,0.741,35.896,23.341,29.769,23.247,4.742,7.0,6.179
33953,0.725,35.628,23.348,29.807,23.251,4.864,7.163,6.342
33954,0.731,35.798,23.336,29.817,23.258,4.906,7.084,6.181
33955,0.718,35.876,23.317,29.769,23.254,4.744,7.002,6.22
33956,0.718,35.954,23.348,29.797,23.247,4.864,7.041,6.302
33957,0.715,35.667,23.36,29.798,23.247,4.824,7.123,6.302
33958,0.718,35.817,23.325,29.798,23.258,4.824,7.083,6.18
33959,0.724,35.924,23.321,29.759,23.244,4.702,6.839,6.139
33960,0.718,35.944,23.332,29.778,23.244,4.823,6.999,6.219
33961,0.728,35.619,23.375,29.778,23.251,4.743,7.001,6.22
33962,0.728,35.75,23.333,29.788,23.251,4.701,6.96,6.22
33963,0.728,35.847,23.332,29.788,23.24,4.742,6.838,6.261
33964,0.744,35.886,23.328,29.807,23.254,4.864,7.04,6.384
33965,0.754,35.714,23.305,29.798,23.254,4.784,7.042,6.303
33966,0.754,35.808,23.32,29.798,23.251,4.742,6.96,6.302
33967,0.757,35.915,23.36,29.778,23.251,4.823,6.96,6.221
33968,0.754,35.772,23.313,29.788,23.254,4.865,7.041,6.383
33969,0.761,35.742,23.324,29.798,23.258,4.824,6.879,6.222
33970,0.741,35.847,23.332,29.778,23.241,4.661,6.796,6.098
33971,0.741,35.953,23.383,29.788,23.247,4.741,6.795,6.219
33972,0.741,35.83,23.368,29.788,23.247,4.742,6.795,6.22
33973,0.731,35.972,23.344,29.778,23.251,4.661,6.836,6.22
33974,0.725,36.079,23.321,29.759,23.247,4.66,6.796,6.261
33975,0.724,36.167,23.367,29.797,23.247,4.822,6.917,6.384
33976,0.734,35.429,23.348,29.817,23.258,4.865,6.837,6.303
33977,0.728,35.537,23.336,29.779,23.251,4.824,6.796,6.262
33978,0.721,35.672,23.344,29.778,23.251,4.824,6.795,6.302
33979,0.724,35.75,23.325,29.788,23.254,4.824,6.836,6.302
33980,0.728,35.655,23.352,29.798,23.251,4.865,6.796,6.302
33981,0.734,35.779,23.352,29.769,23.237,4.702,6.673,6.221
33982,0.731,35.866,23.375,29.778,23.251,4.782,6.713,6.261
33983,0.734,35.982,23.38,29.778,23.258,4.783,6.672,6.262
33984,0.734,35.504,23.329,29.778,23.244,4.702,6.713,6.262
33985,0.738,35.624,23.321,29.769,23.237,4.742,6.713,6.262
33986,0.747,35.759,23.305,29.769,23.254,4.742,6.754,6.343
33987,0.773,35.837,23.375,29.797,23.265,4.905,6.836,6.343
33988,0.758,35.531,23.305,29.769,23.251,4.825,6.755,6.262
33989,0.761,35.653,23.34,29.778,23.247,4.702,6.714,6.302
33990,0.754,35.769,23.348,29.778,23.254,4.742,6.754,6.343
33991,0.751,35.799,23.387,29.797,23.258,4.823,6.836,6.343
33992,0.741,35.588,23.356,29.778,23.254,4.783,6.714,6.221
33993,0.721,35.701,23.325,29.759,23.244,4.661,6.672,6.261
33994,0.731,35.808,23.328,29.778,23.251,4.782,6.753,6.262
33995,0.738,35.828,23.321,29.769,23.247,4.702,6.754,6.262
33996,0.725,35.608,23.321,29.769,23.24,4.742,6.673,6.221
33997,0.715,35.711,23.375,29.778,23.244,4.783,6.753,6.22
33998,0.724,35.846,23.333,29.797,23.251,4.905,6.876,6.424
33999,0.728,35.579,23.336,29.788,23.251,4.784,6.796,6.304
34000,0.721,35.605,23.336,29.778,23.244,4.783,6.795,6.262
34001,0.741,35.749,23.356,29.797,23.254,4.864,6.755,6.262
34002,0.757,35.837,23.344,29.788,23.258,4.784,6.795,6.302
34003,0.77,35.522,23.344,29.788,23.251,4.824,6.714,6.262
34004,0.777,35.643,23.321,29.75,23.24,4.661,6.672,6.18
34005,0.813,35.769,23.305,29.768,23.251,4.782,6.713,6.22
34006,0.833,35.857,23.309,29.778,23.251,4.742,6.754,6.261
34007,0.875,35.531,23.379,29.769,23.247,4.742,6.714,6.099
34008,0.905,35.662,23.306,29.759,23.247,4.661,6.672,6.178
34009,0.925,35.817,23.328,29.778,23.254,4.904,6.875,6.342
34010,0.957,35.924,23.364,29.807,23.258,4.825,6.715,6.262
34011,0.958,35.398,23.36,29.788,23.254,4.783,6.672,6.302
34012,0.958,35.527,23.344,29.769,23.254,4.824,6.794,6.302
34013,0.968,35.672,23.301,29.797,23.258,4.743,6.755,6.343
34014,0.971,35.741,23.328,29.778,23.251,4.783,6.714,6.303
34015,0.997,35.53,23.297,29.75,23.244,4.661,6.632,6.18
34016,1.017,35.662,23.328,29.768,23.247,4.782,6.712,6.301
34017,1.049,35.779,23.383,29.778,23.247,4.742,6.713,6.302
34018,1.095,35.828,23.29,29.769,23.247,4.783,6.672,6.262
34019,1.135,35.502,23.316,29.759,23.24,4.702,6.672,6.343
34020,1.197,35.633,23.328,29.788,23.251,4.823,6.835,6.466
34021,1.272,35.798,23.391,29.807,23.258,4.865,6.755,6.345
34022,1.299,35.924,23.345,29.779,23.251,4.743,6.754,6.384
34023,1.325,35.494,23.297,29.778,23.251,4.864,6.795,6.385
34024,1.335,35.643,23.34,29.788,23.247,4.824,6.836,6.385
34025,1.336,35.74,23.274,29.798,23.251,4.824,6.918,6.425
34026,1.336,35.511,23.312,29.759,23.244,4.661,6.715,6.304
34027,1.362,35.48,23.379,29.759,23.251,4.782,6.835,6.384
34028,1.385,35.662,23.302,29.778,23.247,4.783,6.877,6.425
34029,1.378,35.75,23.336,29.75,23.244,4.783,6.837,6.344
34030,1.333,35.358,23.348,29.759,23.247,4.661,6.877,6.384
34031,1.31,35.469,23.375,29.769,23.254,4.782,6.959,6.507
34032,1.316,35.643,23.333,29.817,23.265,4.946,7.041,6.589
34033,1.29,35.712,23.293,29.779,23.254,4.744,7.001,6.427
34034,1.257,35.424,23.324,29.778,23.251,4.783,7.001,6.548
34035,1.201,35.575,23.313,29.788,23.254,4.783,6.96,6.712
34036,1.152,35.711,23.336,29.778,23.258,4.824,7.082,6.672
34037,1.083,35.77,23.368,29.778,23.251,4.783,6.961,6.672
34038,1.018,35.416,23.286,29.759,23.247,4.742,6.96,6.916
34039,0.981,35.585,23.355,29.769,23.244,4.783,7.041,7.041
34040,0.945,35.682,23.329,29.769,23.247,4.824,7.001,7.286
34041,0.899,35.75,23.379,29.759,23.24,4.743,7.001,7.451
34042,0.843,35.358,23.368,29.769,23.244,4.823,7.041,7.778
34043,0.804,35.546,23.38,29.807,23.261,4.905,7.204,8.147
34044,0.774,35.653,23.345,29.769,23.251,4.744,7.043,8.273
34045,0.728,35.712,23.301,29.788,23.251,4.742,7.042,8.518
34046,0.708,35.424,23.336,29.778,23.251,4.864,7.042,8.723
34047,0.682,35.565,23.379,29.778,23.258,4.865,7.123,8.929
34048,0.659,35.682,23.282,29.769,23.247,4.702,7.002,8.89
34049,0.639,35.702,23.297,29.74,23.24,4.701,6.919,9.134
34050,0.62,35.376,23.34,29.768,23.251,4.701,7.041,9.258
34051,0.603,35.498,23.36,29.759,23.251,4.782,6.96,9.341
34052,0.622,35.585,23.321,29.759,23.24,4.742,6.96,9.464
34053,0.639,35.605,23.313,29.759,23.251,4.742,7.041,9.505
34054,0.694,35.596,23.371,29.797,23.261,4.945,7.123,9.668
34055,0.718,35.692,23.278,29.778,23.251,4.744,6.961,9.67
34056,0.734,35.798,23.308,29.778,23.247,4.783,7.0,9.833
34057,0.76,35.33,23.356,29.797,23.251,4.783,7.041,9.997
34058,0.783,35.421,23.294,29.798,23.251,4.864,7.001,10.121
34059,0.787,35.556,23.316,29.778,23.244,4.743,6.797,10.244
34060,0.793,35.644,23.309,29.769,23.251,4.783,6.917,10.53
34061,0.816,35.347,23.371,29.769,23.247,4.824,6.959,10.614
34062,0.813,35.488,23.341,29.769,23.244,4.783,6.838,10.818
34063,0.826,35.624,23.348,29.749,23.244,4.702,6.918,11.064
34064,0.83,35.711,23.344,29.768,23.254,4.823,7.041,11.351
34065,0.833,35.396,23.329,29.817,23.261,4.865,7.001,11.517
34066,0.836,35.517,23.36,29.769,23.251,4.824,6.96,11.559
34067,0.843,35.634,23.368,29.769,23.251,4.824,6.878,11.64
34068,0.839,35.721,23.282,29.778,23.254,4.783,6.959,11.723
34069,0.843,35.338,23.308,29.778,23.258,4.864,6.919,11.764
34070,0.83,35.478,23.34,29.769,23.244,4.662,6.796,11.642
34071,0.817,35.576,23.391,29.769,23.247,4.822,6.877,11.723
34072,0.82,35.644,23.302,29.759,23.251,4.743,6.918,11.683
34073,0.82,35.338,23.324,29.759,23.244,4.742,6.878,11.601
34074,0.8,35.469,23.328,29.73,23.24,4.742,6.837,11.56
34075,0.8,35.595,23.325,29.778,23.251,4.823,6.958,11.6
34076,0.813,35.682,23.332,29.807,23.265,4.824,6.919,11.397
34077,0.803,35.415,23.352,29.779,23.248,4.743,6.919,11.476
34078,0.794,35.575,23.329,29.797,23.251,4.864,6.959,11.355
34079,0.784,35.701,23.301,29.778,23.254,4.784,7.0,11.273
34080,0.806,35.913,23.324,29.788,23.254,4.824,7.001,11.109
34081,0.807,35.475,23.34,29.769,23.244,4.661,6.879,10.904
34082,0.803,35.556,23.235,29.769,23.254,4.741,6.918,10.902
34083,0.816,35.711,23.296,29.769,23.244,4.783,7.0,10.821
34084,0.82,35.309,23.352,29.759,23.247,4.661,6.919,10.698
34085,0.826,35.296,23.231,29.778,23.24,4.66,6.919,10.494
34086,0.817,35.449,23.32,29.769,23.251,4.782,7.0,10.532
34087,0.839,35.575,23.348,29.788,23.261,4.905,7.041,10.492
34088,0.83,35.346,23.317,29.788,23.258,4.744,6.96,10.329
34089,0.836,35.469,23.324,29.759,23.251,4.783,7.041,10.246
34090,0.826,35.614,23.336,29.797,23.254,4.783,7.042,10.123
34091,0.817,35.702,23.375,29.788,23.258,4.824,7.001,10.041
34092,0.816,35.261,23.231,29.769,23.247,4.743,6.879,9.836
34093,0.787,35.391,23.242,29.74,23.244,4.742,6.877,9.794
34094,0.806,35.536,23.324,29.749,23.247,4.701,6.959,9.753
34095,0.803,35.605,23.285,29.759,23.251,4.742,6.878,9.63
34096,0.8,35.26,23.324,29.749,23.24,4.701,6.877,9.507
34097,0.8,35.401,23.344,29.768,23.244,4.742,6.918,9.506
34098,0.807,35.556,23.313,29.807,23.261,4.823,7.041,9.506
34099,0.807,35.624,23.332,29.779,23.247,4.783,6.879,9.343
34100,0.813,35.376,23.328,29.778,23.247,4.783,6.877,9.219
34101,0.813,35.527,23.344,29.759,23.254,4.783,6.959,9.178
34102,0.829,35.624,23.313,29.778,23.251,4.783,7.041,9.055
34103,0.823,35.683,23.336,29.778,23.254,4.742,6.839,8.891
34104,0.826,35.252,23.289,29.73,23.24,4.701,6.918,8.809
34105,0.82,35.391,23.344,29.807,23.244,4.742,6.959,8.889
34106,0.833,35.527,23.282,29.759,23.251,4.742,6.919,8.727
34107,0.843,35.538,23.351,29.759,23.251,4.661,6.919,8.685
34108,0.839,35.356,23.36,29.73,23.247,4.741,6.959,8.644
34109,0.839,35.536,23.337,29.787,23.261,4.905,7.082,8.684
34110,0.846,35.643,23.368,29.769,23.247,4.825,7.002,8.481
34111,0.83,35.385,23.368,29.778,23.258,4.743,7.041,8.438
34112,0.833,35.345,23.298,29.778,23.254,4.823,7.042,8.438
34113,0.826,35.469,23.363,29.778,23.261,4.783,7.001,8.357
34114,0.826,35.576,23.337,29.778,23.241,4.783,6.96,8.193
34115,0.797,35.222,23.223,29.74,23.24,4.661,6.96,8.151
34116,0.816,35.352,23.296,29.768,23.254,4.741,6.96,8.069
34117,0.807,35.478,23.359,29.769,23.247,4.742,7.0,8.069
34118,0.81,35.566,23.27,29.759,23.24,4.742,6.96,7.906
34119,0.803,35.241,23.328,29.759,23.247,4.742,6.96,7.985
34120,0.823,35.41,23.36,29.797,23.265,4.905,7.163,8.027
34121,0.83,35.508,23.379,29.759,23.248,4.784,7.002,7.905
34122,0.833,35.595,23.298,29.778,23.251,4.742,7.041,7.945
34123,0.833,35.117,23.293,29.788,23.251,4.823,7.001,7.783
34124,0.836,35.275,23.328,29.788,23.251,4.783,7.041,7.822
34125,0.843,35.43,23.301,29.817,23.251,4.702,6.96,7.7
34126,0.836,35.441,23.281,29.76,23.24,4.742,6.96,7.658
34127,0.843,35.383,23.367,29.778,23.251,4.701,6.919,7.617
34128,0.849,35.508,23.313,29.797,23.251,4.742,6.919,7.576
34129,0.856,35.633,23.317,29.75,23.247,4.742,6.796,7.454
34130,0.843,35.683,23.32,29.759,23.251,4.742,6.917,7.615
34131,0.856,35.261,23.395,29.807,23.268,4.905,7.122,7.657
34132,0.849,35.401,23.333,29.779,23.254,4.744,6.921,7.455
34133,0.836,35.517,23.317,29.769,23.251,4.742,6.919,7.493
34134,0.83,35.547,23.317,29.788,23.254,4.864,6.959,7.453
34135,0.82,35.289,23.262,29.788,23.251,4.824,6.96,7.412
34136,0.843,35.439,23.328,29.769,23.254,4.783,6.96,7.249
34137,0.82,35.508,23.367,29.74,23.237,4.702,6.838,7.328
34138,0.817,35.518,23.243,29.768,23.251,4.701,6.877,7.289
34139,0.816,35.308,23.296,29.759,23.247,4.742,6.837,7.288
34140,0.826,35.43,23.305,29.769,23.244,4.742,6.837,7.125
34141,0.833,35.527,23.383,29.759,23.247,4.783,6.877,7.205
34142,0.846,35.173,23.333,29.778,23.258,4.946,6.959,7.328
34143,0.866,35.237,23.36,29.778,23.247,4.785,6.878,7.207
34144,0.853,35.353,23.352,29.778,23.251,4.864,6.918,7.165
34145,0.853,35.459,23.329,29.778,23.258,4.824,6.919,7.165
34146,0.859,35.154,23.321,29.778,23.254,4.783,6.919,7.206
34147,0.862,35.275,23.367,29.778,23.244,4.742,6.837,7.003
34148,0.849,35.382,23.305,29.721,23.24,4.701,6.796,7.041
34149,0.859,35.488,23.309,29.768,23.251,4.823,6.836,7.042
34150,0.859,35.202,23.332,29.769,23.244,4.783,6.877,6.96
34151,0.853,35.324,23.352,29.749,23.247,4.742,6.796,7.0
34152,0.853,35.469,23.348,29.759,23.251,4.742,6.836,7.082
34153,0.853,35.576,23.321,29.797,23.258,4.905,6.918,7.042
34154,0.846,35.222,23.336,29.759,23.244,4.744,6.796,7.001
34155,0.84,35.391,23.344,29.778,23.251,4.823,6.795,6.96
34156,0.846,35.517,23.321,29.759,23.254,4.865,6.836,7.0
34157,0.833,35.547,23.367,29.788,23.254,4.865,6.796,7.001
34158,0.839,35.087,23.344,29.75,23.251,4.743,6.633,6.879
34159,0.83,35.207,23.305,29.759,23.251,4.823,6.794,6.959
34160,0.843,35.343,23.336,29.759,23.251,4.865,6.714,6.919
34161,0.853,35.363,23.356,29.749,23.247,4.662,6.713,6.878
34162,0.849,35.153,23.325,29.749,23.244,4.822,6.754,6.918
34163,0.856,35.313,23.301,29.778,23.254,4.865,6.917,7.081
34164,0.885,35.449,23.328,29.797,23.254,4.824,6.837,6.961
34165,0.866,35.758,23.332,29.759,23.251,4.824,6.837,6.919
34166,0.869,35.243,23.301,29.759,23.251,4.865,6.918,6.959
34167,0.882,35.343,23.32,29.759,23.258,4.865,6.959,6.919
34168,0.892,35.488,23.336,29.778,23.254,4.824,6.96,6.878
34169,0.879,35.192,23.297,29.74,23.24,4.743,6.838,6.755
34170,0.872,35.17,23.371,29.759,23.247,4.783,6.999,6.876
34171,0.872,35.323,23.352,29.759,23.247,4.824,7.001,6.755
34172,0.872,35.43,23.305,29.74,23.247,4.783,6.919,6.795
34173,0.863,35.124,23.277,29.749,23.251,4.783,7.0,6.795
34174,0.862,35.256,23.312,29.768,23.258,4.905,7.204,6.917
34175,0.872,35.42,23.324,29.778,23.261,4.865,7.084,6.715
34176,0.856,35.479,23.328,29.759,23.244,4.784,7.083,6.794
34177,0.859,35.096,23.371,29.778,23.254,4.946,7.123,6.795
34178,0.856,35.236,23.356,29.845,23.254,4.866,7.124,6.795
34179,0.862,35.381,23.337,29.779,23.254,4.824,7.083,6.714
34180,0.859,35.421,23.336,29.721,23.24,4.702,7.002,6.672
34181,0.872,35.096,23.344,29.759,23.254,4.782,7.041,6.631
34182,0.872,35.236,23.192,29.788,23.254,4.824,7.042,6.712
34183,0.879,35.362,23.311,29.75,23.244,4.783,7.042,6.672
34184,0.872,35.421,23.305,29.749,23.247,4.824,7.082,6.591
34185,0.885,35.134,23.309,29.778,23.258,4.824,7.205,6.753
34186,0.902,35.313,23.32,29.759,23.251,4.824,7.165,6.673
34187,0.899,35.382,23.324,29.749,23.251,4.865,7.084,6.672
34188,0.895,35.44,23.336,29.749,23.247,4.824,7.164,6.672
34189,0.908,35.086,23.325,29.749,23.251,4.824,7.124,6.713
34190,0.899,35.226,23.364,29.759,23.254,4.824,7.124,6.672
34191,0.889,35.324,23.356,29.73,23.237,4.743,6.921,6.509
34192,0.876,35.344,23.301,29.749,23.247,4.783,7.0,6.589
34193,0.882,35.747,23.301,29.749,23.251,4.742,6.919,6.59
34194,0.879,35.856,23.344,29.73,23.244,4.783,7.0,6.631
34195,0.876,35.973,23.321,29.749,23.244,4.783,6.879,6.509
34196,0.872,35.264,23.328,29.749,23.251,4.742,7.0,6.711
34197,0.872,34.854,23.364,29.797,23.258,4.864,6.96,6.632
34198,0.879,34.956,23.344,29.817,23.251,4.824,7.041,6.55
34199,0.872,35.081,23.309,29.769,23.251,4.865,6.96,6.63
34200,0.882,35.121,23.336,29.769,23.251,4.784,6.96,6.59
34201,0.898,35.275,23.379,29.769,23.254,4.824,6.96,6.549
34202,0.882,35.372,23.251,29.749,23.244,4.702,6.878,6.427
34203,0.885,35.469,23.312,29.759,23.251,4.782,6.877,6.548
34204,0.898,35.0,23.328,29.749,23.244,4.864,6.837,6.59
34205,0.902,35.149,23.309,29.749,23.244,4.743,6.755,6.509
34206,0.902,35.265,23.289,29.74,23.247,4.742,6.795,6.467
34207,0.912,35.334,23.32,29.759,23.251,4.864,6.877,6.629
34208,0.935,35.066,23.344,29.778,23.261,4.946,6.837,6.55
34209,0.915,35.188,23.309,29.759,23.247,4.825,6.796,6.468
34210,0.925,35.314,23.317,29.759,23.251,4.865,6.795,6.507
34211,0.909,35.373,23.32,29.759,23.258,4.865,6.877,6.549
34212,0.912,34.951,23.317,29.788,23.254,4.865,6.877,6.508
34213,0.905,35.081,23.305,29.74,23.244,4.662,6.633,6.305
34214,0.899,35.207,23.301,29.759,23.251,4.741,6.712,6.506
34215,0.905,35.285,23.313,29.759,23.24,4.783,6.713,6.427
34216,0.899,35.104,23.293,29.759,23.244,4.783,6.713,6.426
34217,0.886,35.236,23.32,29.74,23.247,4.702,6.632,6.385
34218,0.892,35.401,23.309,29.778,23.258,4.863,6.834,6.629
34219,0.912,35.46,23.324,29.778,23.258,4.865,6.755,6.468
34220,0.902,35.096,23.309,29.759,23.247,4.743,6.714,6.548
34221,0.908,35.227,23.352,29.778,23.251,4.783,6.713,6.468
34222,0.918,35.362,23.329,29.778,23.254,4.783,6.713,6.507
34223,0.928,35.507,23.325,29.778,23.247,4.783,6.672,6.467
34224,0.931,35.029,23.305,29.74,23.24,4.702,6.591,6.426
34225,0.935,35.178,23.301,29.759,23.247,4.823,6.59,6.466
34226,0.938,35.304,23.297,29.749,23.244,4.743,6.631,6.426
34227,0.941,35.008,23.336,29.749,23.244,4.661,6.631,6.344
34228,0.948,35.063,23.332,29.759,23.244,4.741,6.59,6.384
34229,0.951,35.226,23.289,29.788,23.258,4.864,6.793,6.588
34230,0.954,35.324,23.359,29.759,23.258,4.784,6.592,6.427
34231,0.945,35.171,23.344,29.759,23.251,4.783,6.631,6.466
34232,0.941,35.294,23.196,29.797,23.251,4.824,6.672,6.507
34233,0.938,35.43,23.315,29.788,23.251,4.783,6.672,6.467
34234,0.935,35.546,23.305,29.769,23.247,4.742,6.631,6.345
34235,0.928,34.895,23.309,29.721,23.237,4.661,6.59,6.384
34236,0.938,35.071,23.297,29.759,23.247,4.782,6.549,6.385
34237,0.925,35.178,23.332,29.769,23.244,4.742,6.549,6.425
34238,0.922,35.266,23.317,29.769,23.244,4.742,6.549,6.344
34239,0.922,35.084,23.297,29.769,23.244,4.742,6.549,6.466
34240,0.944,35.274,23.32,29.778,23.258,4.945,6.712,6.589
34241,0.954,35.391,23.344,29.769,23.251,4.785,6.632,6.387
34242,0.958,35.431,23.219,29.807,23.251,4.742,6.631,6.466
34243,0.964,35.134,23.32,29.779,23.251,4.701,6.631,6.467
34244,0.977,35.294,23.317,29.788,23.254,4.945,6.672,6.467
34245,0.977,35.411,23.32,29.759,23.247,4.663,6.631,6.345
34246,0.964,35.412,23.309,29.759,23.244,4.782,6.672,6.425
34247,0.984,35.143,23.328,29.759,23.247,4.742,6.631,6.344
34248,0.991,35.265,23.34,29.759,23.244,4.742,6.631,6.343
34249,0.991,35.391,23.29,29.74,23.24,4.661,6.631,6.262
34250,0.997,35.421,23.34,29.759,23.244,4.741,6.672,6.424
34251,0.994,35.326,23.332,29.797,23.258,4.905,6.875,6.426
34252,0.994,35.459,23.305,29.778,23.244,4.784,6.715,6.426
34253,0.987,35.547,23.27,29.769,23.251,4.905,6.754,6.385
34254,0.987,35.384,23.273,29.778,23.251,4.744,6.876,6.344
34255,0.987,35.364,23.301,29.769,23.254,4.823,6.796,6.343
34256,0.991,35.488,23.313,29.759,23.251,4.661,6.714,6.221
34257,0.987,35.557,23.332,29.749,23.247,4.782,6.794,6.302
34258,0.994,35.356,23.328,29.759,23.251,4.783,6.795,6.262
34259,0.991,35.469,23.328,29.749,23.247,4.783,6.795,6.302
34260,0.997,35.595,23.332,29.749,23.244,4.742,6.795,6.302
34261,1.007,35.682,23.344,29.768,23.251,4.864,6.958,6.465
34262,1.033,35.405,23.293,29.836,23.251,4.824,6.878,6.386
34263,1.024,35.527,23.281,29.769,23.258,4.783,6.918,6.385
34264,1.027,35.653,23.289,29.769,23.251,4.783,6.878,6.385
34265,1.037,35.731,23.312,29.759,23.254,4.824,6.877,6.385
34266,1.04,35.521,23.336,29.759,23.251,4.824,6.918,6.303
34267,1.043,35.614,23.328,29.73,23.24,4.702,6.837,6.302
34268,1.05,35.778,23.34,29.759,23.247,4.782,6.837,6.302
34269,1.06,35.828,23.301,29.769,23.244,4.783,6.877,6.262
34270,1.053,35.752,23.375,29.749,23.24,4.742,6.877,6.18
34271,1.047,35.895,23.333,29.759,23.247,4.742,6.918,6.342
34272,1.063,36.05,23.348,29.807,23.268,4.864,7.041,6.384
34273,1.05,36.09,23.29,29.75,23.251,4.784,6.879,6.385
34274,1.05,35.879,23.301,29.768,23.247,4.824,6.959,6.344
34275,1.053,36.021,23.316,29.769,23.254,4.824,6.919,6.303
34276,1.056,36.108,23.305,29.778,23.247,4.783,6.878,6.343
34277,1.056,36.157,23.352,29.759,23.244,4.702,6.837,6.221
34278,1.04,36.014,23.325,29.749,23.251,4.823,6.918,6.342
34279,1.053,36.147,23.293,29.759,23.247,4.743,6.919,6.303
34280,1.066,36.254,23.367,29.769,23.247,4.742,6.837,6.221
34281,1.073,36.331,23.329,29.749,23.237,4.783,6.796,6.22
34282,1.079,36.227,23.34,29.778,23.254,4.905,6.999,6.424
34283,1.096,36.398,23.293,29.807,23.258,4.906,6.919,6.263
34284,1.089,36.467,23.266,29.769,23.251,4.784,6.959,6.262
34285,1.102,36.295,23.316,29.759,23.251,4.783,6.838,6.302
34286,1.106,36.36,23.305,29.778,23.254,4.864,6.958,6.302
34287,1.119,36.476,23.348,29.769,23.254,4.865,6.96,6.221
34288,1.119,36.564,23.321,29.749,23.244,4.662,6.797,6.139
34289,1.122,36.411,23.285,29.759,23.247,4.741,6.917,6.219
34290,1.122,36.544,23.344,29.749,23.247,4.742,6.837,6.22
34291,1.119,36.66,23.352,29.749,23.244,4.661,6.877,6.139
34292,1.119,36.738,23.336,29.778,23.244,4.741,6.877,6.138
34293,1.115,36.672,23.317,29.788,23.258,4.864,7.0,6.423
34294,1.132,36.834,23.305,29.778,23.247,4.784,6.919,6.263
34295,1.116,36.922,23.32,29.769,23.247,4.783,6.919,6.262
34296,1.122,37.0,23.297,29.759,23.251,4.824,6.878,6.262
34297,1.116,36.751,23.363,29.759,23.254,4.824,6.959,6.302
34298,1.125,36.902,23.34,29.778,23.254,4.824,6.919,6.262
34299,1.112,36.971,23.243,29.759,23.24,4.702,6.837,6.139
34300,1.122,37.048,23.343,29.769,23.247,4.782,6.877,6.179
34301,1.125,36.857,23.336,29.749,23.244,4.783,6.877,6.179
34302,1.132,36.989,23.266,29.759,23.24,4.783,6.796,6.179
34303,1.142,37.096,23.312,29.749,23.24,4.742,6.877,6.139
34304,1.148,37.155,23.313,29.778,23.258,4.823,6.959,6.382
34305,1.165,37.002,23.356,29.788,23.251,4.824,6.878,6.222
34306,1.161,37.125,23.294,29.778,23.251,4.824,6.877,6.22
34307,1.174,37.203,23.328,29.759,23.254,4.865,6.918,6.22
34308,1.175,37.501,23.332,29.769,23.254,4.824,7.0,6.22
34309,1.181,37.255,23.313,29.769,23.251,4.743,6.838,6.139
34310,1.171,37.329,23.359,29.73,23.237,4.661,6.796,6.219
34311,1.171,37.454,23.325,29.759,23.244,4.822,6.877,6.18
34312,1.171,37.216,23.344,29.759,23.247,4.824,6.837,6.139
34313,1.162,37.204,23.29,29.749,23.251,4.783,6.755,6.098
34314,1.152,37.338,23.297,29.759,23.244,4.824,6.876,6.178
34315,1.161,37.454,23.328,29.778,23.254,4.946,7.04,6.301
34316,1.165,37.264,23.297,29.778,23.251,4.825,6.879,6.221
34317,1.148,37.377,23.344,29.759,23.251,4.865,6.918,6.22
34318,1.155,37.503,23.321,29.778,23.254,4.865,7.0,6.18
34319,1.155,37.581,23.324,29.778,23.254,4.865,7.041,6.261
34320,1.168,37.524,23.36,29.769,23.244,4.702,7.042,6.099
34321,1.162,37.61,23.321,29.73,23.251,4.742,7.001,6.178
34322,1.168,37.774,23.352,29.759,23.244,4.742,7.082,6.139
34323,1.181,37.823,23.313,29.769,23.244,4.742,7.042,6.138
34324,1.171,37.392,23.301,29.73,23.247,4.742,7.123,6.138
34325,1.168,37.503,23.316,29.749,23.251,4.783,7.124,6.219
34326,1.184,37.686,23.301,29.807,23.258,4.946,7.287,6.342
34327,1.181,37.698,23.313,29.75,23.251,4.785,7.247,6.181
34328,1.175,37.621,23.324,29.759,23.254,4.824,7.166,6.179
34329,1.184,37.755,23.324,29.759,23.251,4.865,7.246,6.179
34330,1.165,37.871,23.367,29.759,23.254,4.906,7.206,6.261
34331,1.161,37.891,23.29,29.759,23.251,4.744,7.084,6.099
34332,1.142,37.594,23.297,29.74,23.244,4.742,7.164,6.26
34333,1.138,37.745,23.293,29.749,23.244,4.701,7.206,6.18
34334,1.132,37.861,23.27,29.759,23.244,4.782,7.125,6.179
34335,1.116,37.853,23.308,29.73,23.247,4.702,7.165,6.098
34336,1.112,37.786,23.301,29.749,23.247,4.782,7.206,6.219
34337,1.112,37.967,23.344,29.797,23.261,4.986,7.328,6.261
34338,1.099,38.055,23.313,29.759,23.251,4.785,7.207,6.18
34339,1.086,37.874,23.293,29.759,23.254,4.742,7.287,6.22
34340,1.083,37.738,23.355,29.759,23.254,4.864,7.207,6.261
34341,1.096,37.861,23.352,29.778,23.258,4.784,7.206,6.221
34342,1.092,37.949,23.309,29.759,23.251,4.783,7.125,6.058
34343,1.076,37.681,23.25,29.74,23.244,4.742,7.165,6.259
34344,1.083,37.813,23.293,29.759,23.247,4.783,7.165,6.221
34345,1.076,37.929,23.285,29.769,23.244,4.702,7.124,6.139
34346,1.066,37.997,23.297,29.74,23.237,4.701,7.043,6.138
34347,1.063,37.758,23.312,29.72,23.244,4.823,7.082,6.179
34348,1.06,37.948,23.328,29.797,23.265,4.905,7.164,6.261
34349,1.056,38.036,23.328,29.769,23.251,4.825,7.084,6.221
34350,1.043,38.104,23.352,29.759,23.251,4.824,7.083,6.18
34351,1.02,37.74,23.325,29.778,23.251,4.824,7.164,6.22
34352,1.014,37.89,23.344,29.788,23.254,4.905,7.124,6.22
34353,0.997,37.978,23.274,29.75,23.24,4.744,6.921,6.017
34354,0.981,38.046,23.32,29.759,23.251,4.864,7.081,6.137
34355,0.984,37.816,23.305,29.759,23.254,4.784,7.042,6.098
34356,0.971,37.939,23.305,29.749,23.247,4.702,7.042,6.138
34357,0.951,38.026,23.344,29.759,23.244,4.742,6.96,6.138
34358,0.948,38.094,23.325,29.759,23.254,4.905,7.122,6.301
34359,0.961,37.846,23.321,29.778,23.258,4.825,7.083,6.221
34360,0.945,37.949,23.348,29.769,23.251,4.865,7.002,6.22
34361,0.948,38.055,23.375,29.759,23.251,4.824,7.001,6.18
34362,0.932,38.085,23.282,29.759,23.251,4.824,7.001,6.261
34363,0.935,37.836,23.277,29.778,23.254,4.783,7.041,6.221
34364,0.925,37.939,23.297,29.73,23.24,4.661,6.96,6.098
34365,0.925,38.065,23.293,29.749,23.244,4.741,6.96,6.138
34366,0.925,38.258,23.297,29.768,23.247,4.783,6.96,6.138
34367,0.922,37.962,23.297,29.749,23.24,4.742,6.878,6.098
34368,0.918,38.084,23.312,29.73,23.247,4.742,6.959,6.097
34369,0.922,38.191,23.309,29.768,23.258,4.864,7.041,6.3
34370,0.918,37.818,23.352,29.759,23.251,4.784,6.879,6.14
34371,0.892,37.785,23.329,29.759,23.254,4.783,6.837,6.098
34372,0.892,37.948,23.34,29.759,23.247,4.864,6.877,6.178
34373,0.879,38.036,23.301,29.778,23.254,4.824,6.877,6.22
34374,0.876,37.874,23.305,29.75,23.244,4.824,6.796,6.017
34375,0.856,37.978,23.285,29.73,23.247,4.743,6.795,6.096
34376,0.853,38.132,23.289,29.749,23.258,4.742,6.755,6.138
34377,0.849,38.201,23.316,29.759,23.251,4.701,6.754,6.138
34378,0.833,37.732,23.258,29.749,23.244,4.701,6.714,6.098
34379,0.839,37.842,23.261,29.749,23.251,4.742,6.794,6.219
34380,0.852,38.025,23.343,29.778,23.261,4.864,6.836,6.22
34381,0.849,38.046,23.344,29.75,23.244,4.784,6.714,6.18
34382,0.843,37.816,23.344,29.759,23.261,4.783,6.794,6.139
34383,0.843,37.948,23.301,29.749,23.251,4.742,6.795,6.179
34384,0.839,38.055,23.34,29.768,23.254,4.864,6.714,6.139
34385,0.849,38.104,23.325,29.759,23.244,4.702,6.632,6.057
34386,0.836,37.817,23.313,29.749,23.251,4.782,6.712,6.137
34387,0.843,37.939,23.324,29.74,23.251,4.702,6.632,6.057
34388,0.843,38.065,23.309,29.759,23.247,4.782,6.631,6.056
34389,0.846,38.114,23.297,29.73,23.247,4.702,6.59,6.056
34390,0.84,37.759,23.32,29.768,23.258,4.823,6.753,6.3
34391,0.839,37.938,23.317,29.778,23.258,4.824,6.632,6.18
34392,0.833,38.026,23.317,29.75,23.247,4.702,6.631,6.139
34393,0.826,38.027,23.285,29.759,23.251,4.904,6.712,6.179
34394,0.817,37.816,23.332,29.778,23.251,4.784,6.713,6.22
34395,0.8,37.929,23.325,29.759,23.258,4.783,6.713,6.22
34396,0.8,38.036,23.297,29.721,23.241,4.661,6.551,6.058
34397,0.797,37.835,23.324,29.759,23.254,4.741,6.712,6.097
34398,0.79,37.824,23.301,29.749,23.251,4.742,6.632,6.178
34399,0.784,37.948,23.293,29.749,23.244,4.742,6.712,6.139
34400,0.793,38.036,23.293,29.749,23.244,4.661,6.672,6.138
34401,0.8,39.59,23.328,29.759,23.258,4.863,6.835,6.301
34402,0.816,39.807,23.301,29.778,23.251,4.743,6.714,6.14
34403,0.807,39.886,23.305,29.778,23.251,4.742,6.713,6.179
34404,0.813,39.944,23.316,29.769,23.254,4.783,6.713,6.261
34405,0.82,36.8,23.32,29.769,23.251,4.824,6.794,6.221
34406,0.817,36.902,23.317,29.769,23.254,4.702,6.673,6.098
34407,0.813,37.009,23.293,29.721,23.24,4.66,6.591,6.138
34408,0.813,37.154,23.312,29.749,23.247,4.822,6.753,6.179
34409,0.823,37.932,23.313,29.74,23.251,4.702,6.673,6.139
34410,0.813,38.055,23.332,29.74,23.244,4.742,6.591,6.057
34411,0.803,38.171,23.289,29.74,23.244,4.742,6.631,6.097
34412,0.803,38.249,23.297,29.787,23.258,4.823,6.834,6.219
34413,0.816,37.617,23.305,29.75,23.251,4.783,6.755,6.139
34414,0.797,37.726,23.293,29.768,23.254,4.783,6.754,6.138
34415,0.797,37.832,23.293,29.759,23.251,4.783,6.836,6.138
34416,0.79,37.9,23.312,29.769,23.254,4.824,6.796,6.138
34417,0.784,37.719,23.309,29.759,23.244,4.743,6.755,6.016
34418,0.774,37.813,23.297,29.73,23.244,4.661,6.754,6.096
34419,0.78,37.958,23.316,29.749,23.251,4.741,6.836,6.056
34420,0.784,37.979,23.344,29.749,23.244,4.701,6.755,6.097
34421,0.8,37.547,23.313,29.749,23.247,4.701,6.795,6.056
34422,0.787,37.687,23.274,29.74,23.244,4.742,6.836,6.137
34423,0.806,37.813,23.301,29.787,23.261,4.905,7.04,6.26
34424,0.816,37.872,23.305,29.769,23.247,4.744,6.879,6.139
34425,0.803,37.795,23.305,29.759,23.247,4.783,6.877,6.098
34426,0.81,37.919,23.328,29.759,23.251,4.824,6.877,6.178
34427,0.813,37.997,23.293,29.759,23.251,4.783,6.959,6.139
34428,0.826,37.605,23.316,29.759,23.244,4.742,6.878,6.016
34429,0.81,37.62,23.305,29.721,23.24,4.701,6.755,6.056
34430,0.813,37.764,23.34,29.759,23.251,4.742,6.876,6.056
34431,0.807,37.852,23.301,29.749,23.244,4.742,6.837,6.137
34432,0.8,37.651,23.309,29.73,23.247,4.661,6.796,6.098
34433,0.797,37.774,23.289,29.749,23.244,4.741,6.836,6.097
34434,0.807,37.938,23.305,29.788,23.265,4.905,6.999,6.178
34435,0.803,37.988,23.32,29.759,23.251,4.703,6.879,6.057
34436,0.797,37.586,23.278,29.759,23.247,4.782,6.837,6.097
34437,0.79,37.716,23.316,29.778,23.251,4.742,6.796,6.138
34438,0.79,37.842,23.328,29.769,23.247,4.742,6.877,6.219
34439,0.79,37.939,23.293,29.788,23.251,4.701,6.755,6.058
34440,0.787,37.566,23.332,29.74,23.24,4.66,6.714,6.056
34441,0.8,37.744,23.301,29.768,23.251,4.741,6.794,6.015
34442,0.8,37.842,23.301,29.749,23.247,4.701,6.755,6.015
34443,0.807,37.91,23.293,29.749,23.244,4.66,6.754,5.974
34444,0.813,37.575,23.285,29.74,23.247,4.741,6.714,6.096
34445,0.816,37.735,23.332,29.778,23.258,4.864,6.876,6.219
34446,0.833,37.871,23.317,29.778,23.251,4.784,6.837,6.098
34447,0.823,37.853,23.305,29.769,23.251,4.742,6.755,6.056
34448,0.82,37.623,23.313,29.769,23.258,4.783,6.836,6.137
34449,0.826,37.764,23.305,29.749,23.251,4.742,6.796,6.179
34450,0.823,37.861,23.391,29.759,23.258,4.701,6.755,6.057
34451,0.81,38.198,23.306,29.73,23.237,4.66,6.673,5.975
34452,0.807,37.693,23.316,29.749,23.254,4.741,6.713,6.055
34453,0.803,37.774,23.313,29.749,23.247,4.701,6.713,6.015
34454,0.8,37.89,23.281,29.74,23.247,4.66,6.672,6.056
34455,0.784,37.719,23.293,29.749,23.254,4.782,6.835,6.056
34456,0.803,37.794,23.281,29.788,23.261,4.864,6.958,6.137
34457,0.794,37.871,23.312,29.75,23.251,4.662,6.878,6.179
34458,0.787,37.978,23.313,29.759,23.247,4.822,6.877,6.098
34459,0.79,37.595,23.297,29.769,23.254,4.783,7.0,6.178
34460,0.8,37.697,23.348,29.788,23.258,4.742,7.123,6.139
34461,0.8,37.813,23.286,29.731,23.244,4.62,6.88,6.016
34462,0.797,37.872,23.328,29.759,23.244,4.741,7.081,6.096
34463,0.81,37.584,23.285,29.73,23.247,4.742,7.042,6.097
34464,0.813,37.716,23.316,29.749,23.251,4.701,7.123,6.178
34465,0.81,37.832,23.324,29.749,23.247,4.701,7.083,6.098
34466,0.816,37.92,23.297,29.759,23.251,4.782,7.245,6.219
34467,0.829,37.604,23.297,29.788,23.261,4.905,7.328,6.139
34468,0.83,37.716,23.285,29.759,23.251,4.784,7.248,6.138
34469,0.826,37.832,23.32,29.778,23.247,4.742,7.288,6.138
34470,0.823,37.891,23.344,29.759,23.258,4.864,7.329,6.179
34471,0.813,37.565,23.266,29.759,23.251,4.824,7.37,6.179
34472,0.813,37.687,23.316,29.74,23.24,4.661,7.208,6.098
34473,0.803,37.774,23.293,29.749,23.244,4.741,7.409,6.097
34474,0.813,37.862,23.336,29.759,23.247,4.701,7.289,6.138
34475,0.797,37.671,23.325,29.74,23.244,4.66,7.369,6.057
34476,0.797,37.813,23.301,29.74,23.251,4.66,7.33,6.015
34477,0.794,37.891,23.316,29.749,23.251,4.782,7.37,6.218
34478,0.8,37.959,23.328,29.797,23.258,4.864,7.533,6.22
34479,0.794,37.643,23.301,29.759,23.251,4.743,7.372,6.18
34480,0.806,37.745,23.336,29.759,23.258,4.823,7.411,6.22
34481,0.807,37.852,23.301,29.759,23.254,4.743,7.411,6.098
34482,0.807,37.776,23.301,29.769,23.254,4.783,7.411,6.178
34483,0.807,37.699,23.277,29.759,23.247,4.661,7.289,5.935
34484,0.813,37.784,23.285,29.73,23.237,4.741,7.329,6.096
34485,0.829,37.91,23.293,29.749,23.247,4.701,7.289,6.138
34486,0.823,37.489,23.309,29.74,23.251,4.742,7.288,6.098
34487,0.826,37.571,23.238,29.749,23.24,4.701,7.288,6.056
34488,0.83,37.706,23.3,29.74,23.247,4.701,7.288,6.137
34489,0.849,37.813,23.328,29.778,23.258,4.945,7.451,6.26
34490,0.833,38.14,23.352,29.74,23.251,4.825,7.249,6.099
34491,0.83,38.268,23.278,29.749,23.251,4.743,7.206,6.097
34492,0.823,38.413,23.281,29.768,23.254,4.783,7.328,6.138
34493,0.817,38.472,23.297,29.759,23.258,4.824,7.329,6.138
34494,0.82,37.226,23.309,29.74,23.247,4.743,7.207,6.016
34495,0.8,37.329,23.317,29.72,23.24,4.742,7.165,6.096
34496,0.803,37.464,23.301,29.739,23.251,4.661,7.124,6.138
34497,0.797,37.532,23.277,29.749,23.247,4.822,7.205,6.057
34498,0.797,37.562,23.289,29.74,23.247,4.743,7.165,6.137
34499,0.781,37.706,23.293,29.74,23.244,4.742,7.165,6.138
34500,0.803,37.842,23.355,29.787,23.258,4.905,7.368,6.219
34501,0.816,37.881,23.305,29.74,23.251,4.825,7.248,6.139
34502,0.81,37.546,23.262,29.759,23.251,4.824,7.288,6.138
34503,0.813,37.677,23.277,29.759,23.251,4.743,7.288,6.138
34504,0.826,37.793,23.308,29.769,23.254,4.823,7.369,6.179
34505,0.83,37.833,23.317,29.759,23.251,4.743,7.208,6.098
34506,0.817,37.469,23.313,29.721,23.24,4.661,7.165,6.138
34507,0.829,37.638,23.289,29.759,23.247,4.741,7.165,6.138
34508,0.83,37.726,23.32,29.749,23.244,4.701,7.206,6.057
34509,0.836,37.832,23.321,29.74,23.251,4.742,7.125,6.015
34510,0.826,37.527,23.336,29.74,23.244,4.701,7.165,6.096
34511,0.826,37.677,23.297,29.759,23.265,4.863,7.368,6.219
34512,0.839,37.822,23.281,29.769,23.248,4.743,7.208,6.139
34513,0.826,37.44,23.281,29.769,23.251,4.783,7.247,6.138
34514,0.817,37.503,23.281,29.749,23.247,4.742,7.166,6.179
34515,0.816,37.638,23.301,29.749,23.251,4.742,7.124,6.22
34516,0.813,37.736,23.32,29.759,23.251,4.783,7.083,6.098
34517,0.8,37.468,23.274,29.721,23.233,4.661,7.002,6.138
34518,0.8,37.638,23.304,29.759,23.254,4.782,7.041,6.098
34519,0.797,37.745,23.285,29.74,23.244,4.702,7.042,6.138
34520,0.8,37.804,23.344,29.74,23.251,4.579,6.96,6.138
34521,0.813,37.315,23.297,29.73,23.247,4.74,6.878,6.138
34522,0.82,37.473,23.293,29.787,23.261,4.945,7.162,6.26
34523,0.836,37.609,23.297,29.759,23.247,4.785,6.962,6.139
34524,0.83,37.649,23.289,29.749,23.251,4.783,6.96,6.219
34525,0.83,37.419,23.289,29.759,23.251,4.702,6.96,6.139
34526,0.826,37.551,23.312,29.778,23.258,4.782,7.041,6.219
34527,0.839,37.648,23.281,29.75,23.254,4.742,6.879,6.058
34528,0.83,37.688,23.293,29.74,23.247,4.701,6.877,6.056
34529,0.833,37.353,23.289,29.749,23.244,4.742,6.837,6.178
34530,0.833,37.483,23.309,29.74,23.244,4.742,6.877,6.017
34531,0.826,37.581,23.238,29.74,23.237,4.661,6.796,6.056
34532,0.817,37.61,23.281,29.74,23.247,4.741,6.917,6.137
34533,0.826,37.419,23.32,29.778,23.258,4.823,7.0,6.301
34534,0.82,37.561,23.317,29.759,23.251,4.702,6.838,6.18
34535,0.807,37.639,23.309,29.769,23.254,4.742,6.837,6.098
34536,0.803,37.668,23.281,29.74,23.251,4.701,6.877,6.178
34537,0.803,37.333,23.293,29.759,23.251,4.782,6.837,6.22
34538,0.8,37.483,23.316,29.759,23.254,4.742,6.796,6.139
34539,0.794,37.533,23.278,29.73,23.24,4.579,6.714,6.138
34540,0.8,37.485,23.32,29.749,23.247,4.659,6.835,6.057
34541,0.81,37.494,23.266,29.759,23.251,4.619,6.796,6.097
34542,0.81,37.619,23.312,29.74,23.247,4.619,6.795,6.056
34543,0.807,37.707,23.285,29.72,23.251,4.659,6.755,6.097
34544,0.82,37.257,23.312,29.768,23.258,4.782,6.957,6.26
34545,0.833,37.386,23.313,29.788,23.251,4.783,6.919,6.099
34546,0.81,37.484,23.313,29.75,23.251,4.742,6.878,6.097
34547,0.826,37.581,23.274,29.759,23.247,4.742,6.877,6.138
34548,0.826,37.198,23.297,29.759,23.254,4.742,6.959,6.138
34549,0.833,37.328,23.336,29.749,23.254,4.701,6.919,6.057
34550,0.817,37.426,23.305,29.701,23.24,4.66,6.715,6.056
34551,0.807,37.513,23.223,29.749,23.251,4.741,6.876,6.137
34552,0.823,37.264,23.288,29.759,23.251,4.661,6.877,6.098
34553,0.81,37.387,23.297,29.74,23.244,4.66,6.837,6.016
34554,0.797,37.493,23.316,29.73,23.24,4.619,6.837,6.015
34555,0.797,37.59,23.281,29.768,23.258,4.822,6.999,6.218
34556,0.81,37.39,23.312,29.759,23.254,4.661,6.838,6.017
34557,0.787,37.503,23.285,29.749,23.254,4.7,6.918,6.137
34558,0.79,37.619,23.312,29.759,23.254,4.742,6.878,6.138
34559,0.793,37.668,23.305,29.759,23.261,4.783,6.877,6.179
34560,0.793,37.161,23.316,29.749,23.244,4.742,6.877,6.017
34561,0.793,37.29,23.27,29.73,23.24,4.579,6.755,5.974
34562,0.797,37.416,23.297,29.759,23.247,4.659,6.795,6.015
34563,0.797,37.426,23.297,29.759,23.244,4.7,6.795,6.096
34564,0.807,37.312,23.316,29.73,23.251,4.66,6.755,5.975
34565,0.803,37.435,23.301,29.739,23.247,4.7,6.795,6.055
34566,0.81,37.532,23.328,29.778,23.254,4.863,6.999,6.219
34567,0.829,37.706,23.266,29.74,23.258,4.702,6.797,6.098
34568,0.813,37.727,23.277,29.759,23.258,4.66,6.836,6.097
34569,0.82,37.842,23.32,29.749,23.254,4.7,6.837,6.056
34570,0.817,37.929,23.321,29.759,23.254,4.701,6.837,6.097
34571,0.803,37.048,23.27,29.759,23.247,4.66,6.796,6.016
34572,0.803,37.02,23.277,29.701,23.237,4.579,6.795,6.056
34573,0.8,37.164,23.285,29.739,23.247,4.7,6.795,6.056
34574,0.8,37.261,23.312,29.749,23.244,4.66,6.836,6.056
34575,0.8,37.07,23.285,29.74,23.247,4.66,6.837,5.975
34576,0.79,37.193,23.328,29.74,23.247,4.741,6.918,6.137
34577,0.79,37.348,23.293,29.778,23.272,4.823,7.081,6.301
34578,0.793,37.445,23.305,29.759,23.255,4.743,6.92,6.14
34579,0.784,37.177,23.285,29.749,23.251,4.701,6.878,6.098
34580,0.79,37.309,23.336,29.749,23.251,4.701,6.959,6.138
34581,0.793,37.416,23.266,29.759,23.251,4.701,6.96,6.138
34582,0.797,37.494,23.273,29.759,23.251,4.66,6.878,5.976
34583,0.79,36.957,23.246,29.721,23.244,4.66,6.837,6.055
34584,0.81,37.105,23.273,29.739,23.251,4.66,6.918,6.056
34585,0.81,37.241,23.312,29.759,23.251,4.66,6.837,6.015
34586,0.807,37.281,23.328,29.73,23.244,4.619,6.837,6.015
34587,0.807,37.137,23.231,29.739,23.244,4.7,6.837,6.096
34588,0.813,37.328,23.312,29.768,23.261,4.863,6.999,6.178
34589,0.826,37.445,23.324,29.74,23.251,4.702,6.838,6.057
34590,0.81,37.436,23.328,29.749,23.251,4.742,6.958,6.015
34591,0.803,37.024,23.282,29.749,23.254,4.742,6.919,6.096
34592,0.797,37.154,23.305,29.759,23.247,4.783,6.959,6.097
34593,0.803,37.261,23.285,29.759,23.251,4.702,6.919,6.056
34594,0.784,37.578,23.277,29.73,23.237,4.579,6.796,6.015
34595,0.78,37.208,23.285,29.73,23.247,4.659,6.877,6.056
34596,0.784,37.319,23.281,29.73,23.244,4.619,6.837,6.015
34597,0.784,37.426,23.25,29.739,23.247,4.659,6.837,6.015
34598,0.777,37.129,23.285,29.73,23.244,4.619,6.796,6.096
34599,0.787,37.146,23.293,29.768,23.261,4.741,6.999,6.219
34600,0.784,37.29,23.336,29.749,23.247,4.742,6.96,6.098
34601,0.784,37.349,23.254,29.749,23.251,4.701,6.919,6.097
34602,0.79,37.081,23.289,29.749,23.247,4.742,6.878,6.138
34603,0.8,37.193,23.281,29.759,23.254,4.742,6.918,6.138
34604,0.803,37.328,23.265,29.769,23.251,4.701,6.796,6.057
34605,0.794,37.378,23.289,29.711,23.24,4.579,6.795,6.137
34606,0.8,37.043,23.332,29.739,23.247,4.7,6.836,6.098
34607,0.81,37.164,23.266,29.74,23.244,4.62,6.837,6.056
34608,0.807,37.28,23.281,29.74,23.244,4.659,6.755,5.975
34609,0.8,37.348,23.297,29.73,23.247,4.7,6.836,6.096
34610,0.807,37.071,23.336,29.768,23.265,4.782,7.04,6.178
34611,0.816,37.193,23.254,29.769,23.251,4.702,6.879,6.057
34612,0.79,37.319,23.3,29.759,23.251,4.782,6.918,6.137
34613,0.787,37.368,23.32,29.759,23.251,4.702,6.959,6.057
34614,0.777,36.985,23.297,29.759,23.251,4.742,6.96,6.097
34615,0.787,37.125,23.312,29.749,23.244,4.661,6.919,6.056
34616,0.774,37.193,23.293,29.72,23.244,4.619,6.919,6.015
34617,0.774,37.28,23.273,29.749,23.251,4.7,6.959,6.056
34618,0.774,37.08,23.304,29.74,23.247,4.66,6.96,6.056
34619,0.767,37.203,23.305,29.73,23.244,4.66,6.878,5.975
34620,0.761,37.309,23.316,29.749,23.244,4.7,7.0,6.096
34621,0.79,37.368,23.293,29.768,23.265,4.823,7.123,6.178
34622,0.793,37.129,23.293,29.73,23.251,4.702,7.002,6.057
34623,0.79,37.222,23.301,29.759,23.254,4.742,7.041,6.015
34624,0.8,37.348,23.305,29.749,23.254,4.661,7.082,6.056
34625,0.8,37.215,23.309,29.759,23.254,4.782,7.123,6.137
34626,0.803,37.137,23.324,29.749,23.247,4.661,6.961,5.935
34627,0.79,37.261,23.289,29.72,23.24,4.66,7.122,6.055
34628,0.819,37.387,23.273,29.739,23.251,4.66,7.083,6.015
34629,0.807,37.043,23.32,29.749,23.254,4.7,7.042,5.934
34630,0.807,37.116,23.231,29.73,23.247,4.66,7.042,5.933
34631,0.781,37.251,23.269,29.73,23.244,4.741,7.164,6.055
34632,0.8,37.367,23.3,29.778,23.261,4.864,7.206,6.097
34633,0.794,37.023,23.293,29.75,23.251,4.702,7.125,6.056
34634,0.774,37.154,23.309,29.749,23.251,4.742,7.083,6.015
34635,0.777,37.27,23.317,29.759,23.251,4.742,7.164,5.974
34636,0.78,37.367,23.285,29.769,23.265,4.742,7.206,6.055
34637,0.771,36.937,23.277,29.749,23.251,4.661,7.043,5.812
34638,0.754,37.067,23.265,29.74,23.247,4.741,7.123,5.972
34639,0.764,37.212,23.297,29.749,23.247,4.701,7.083,6.015
34640,0.764,37.271,23.34,29.74,23.244,4.701,7.083,5.934
34641,0.774,37.003,23.27,29.73,23.237,4.579,7.002,5.933
34642,0.774,37.154,23.3,29.749,23.254,4.822,7.082,6.096
34643,0.797,37.29,23.289,29.797,23.254,4.865,7.164,6.016
34644,0.79,37.31,23.281,29.74,23.251,4.662,7.002,5.974
34645,0.797,36.994,23.281,29.759,23.247,4.782,7.123,6.096
34646,0.787,37.135,23.328,29.749,23.251,4.783,7.083,5.975
34647,0.806,37.261,23.305,29.778,23.258,4.783,7.042,5.933
34648,0.81,37.281,23.266,29.73,23.244,4.58,6.96,5.852
34649,0.794,36.955,23.32,29.73,23.244,4.659,7.0,6.013
34650,0.8,37.125,23.27,29.749,23.244,4.782,7.041,5.934
34651,0.787,37.251,23.269,29.749,23.237,4.661,7.001,5.933
34652,0.79,37.281,23.273,29.72,23.247,4.66,7.041,5.933
34653,0.79,37.08,23.297,29.759,23.254,4.822,7.204,6.055
34654,0.787,37.25,23.32,29.778,23.261,4.702,7.125,5.893
34655,0.78,37.31,23.301,29.759,23.251,4.701,7.124,5.973
34656,0.784,36.869,23.316,29.769,23.251,4.742,7.165,5.933
34657,0.767,36.922,23.254,29.759,23.247,4.742,7.043,6.055
34658,0.767,37.048,23.265,29.769,23.251,4.742,7.164,5.934
34659,0.767,37.116,23.312,29.73,23.244,4.579,7.043,5.892
34660,0.774,36.973,23.313,29.749,23.254,4.659,7.082,6.014
34661,0.787,37.106,23.274,29.749,23.251,4.66,7.083,5.934
34662,0.777,37.222,23.273,29.74,23.247,4.7,7.042,5.852
34663,0.777,37.281,23.258,29.73,23.247,4.701,7.042,5.973
34664,0.793,36.917,23.308,29.768,23.265,4.782,7.204,6.055
34665,0.803,37.067,23.289,29.759,23.251,4.742,7.043,6.097
34666,0.797,37.145,23.328,29.759,23.251,4.742,7.082,5.975
34667,0.803,37.242,23.313,29.749,23.258,4.701,7.083,6.015
34668,0.8,36.945,23.281,29.759,23.258,4.782,7.083,6.015
34669,0.803,37.067,23.328,29.759,23.244,4.661,7.002,5.893
34670,0.787,37.174,23.219,29.73,23.247,4.66,7.041,5.933
34671,0.79,37.232,23.261,29.749,23.247,4.782,7.082,6.014
34672,0.784,36.945,23.265,29.73,23.247,4.702,6.961,5.934
34673,0.777,37.067,23.25,29.739,23.247,4.66,7.041,5.892
34674,0.774,37.174,23.285,29.74,23.247,4.7,7.123,5.973
34675,0.774,37.261,23.305,29.797,23.268,4.904,7.165,6.055
34676,0.78,36.85,23.336,29.74,23.251,4.703,7.043,5.975
34677,0.771,36.98,23.282,29.768,23.244,4.823,7.123,6.055
34678,0.761,37.086,23.262,29.749,23.251,4.824,7.083,6.015
34679,0.774,37.203,23.324,29.759,23.254,4.824,7.083,6.056
34680,0.767,36.955,23.289,29.759,23.24,4.621,7.002,5.893
34681,0.767,37.048,23.312,29.73,23.247,4.7,7.001,6.014
34682,0.783,37.154,23.281,29.749,23.251,4.66,7.041,5.934
34683,0.78,36.916,23.273,29.749,23.247,4.66,7.001,6.014
34684,0.777,36.894,23.297,29.749,23.251,4.66,6.96,5.974
34685,0.78,36.999,23.273,29.73,23.251,4.741,7.082,6.055
34686,0.797,37.173,23.332,29.778,23.261,4.823,7.123,6.097
34687,0.8,36.82,23.301,29.75,23.251,4.702,7.083,6.016
34688,0.797,36.941,23.27,29.749,23.254,4.701,6.961,6.015
34689,0.794,37.057,23.328,29.74,23.251,4.742,7.041,6.015
34690,0.806,37.164,23.282,29.759,23.254,4.823,7.082,6.056
34691,0.787,36.868,23.312,29.74,23.24,4.661,6.92,5.893
34692,0.78,36.961,23.313,29.74,23.251,4.66,7.041,5.973
34693,0.78,37.115,23.301,29.759,23.254,4.741,7.001,5.974
34694,0.774,37.184,23.32,29.74,23.244,4.62,7.001,5.933
34695,0.767,36.705,23.274,29.74,23.244,4.659,7.001,5.933
34696,0.764,36.863,23.324,29.759,23.251,4.782,7.204,6.136
34697,0.78,37.028,23.282,29.807,23.261,4.824,7.165,6.057
34698,0.774,37.058,23.273,29.779,23.244,4.743,7.084,6.056
34699,0.764,36.857,23.316,29.759,23.251,4.783,7.123,6.056
34700,0.77,36.999,23.285,29.759,23.247,4.783,7.124,6.097
34701,0.78,37.135,23.305,29.826,23.247,4.824,7.043,6.016
34702,0.777,37.126,23.289,29.75,23.244,4.702,7.001,5.974
34703,0.78,36.791,23.32,29.749,23.251,4.782,7.001,6.015
34704,0.787,36.922,23.328,29.74,23.247,4.702,6.96,6.015
34705,0.777,37.048,23.305,29.73,23.247,4.66,6.96,5.934
34706,0.78,37.03,23.328,29.73,23.244,4.619,6.878,5.933
34707,0.806,36.732,23.293,29.759,23.254,4.822,7.081,6.055
34708,0.807,36.921,23.297,29.778,23.258,4.743,7.002,5.975
34709,0.794,36.971,23.336,29.75,23.251,4.742,7.082,6.015
34710,0.79,36.923,23.25,29.768,23.258,4.701,7.042,6.056
34711,0.787,36.817,23.3,29.759,23.254,4.742,7.082,6.056
34712,0.787,36.922,23.281,29.759,23.254,4.742,7.042,6.015
34713,0.767,37.019,23.305,29.74,23.244,4.701,6.879,5.893
34714,0.77,36.675,23.313,29.749,23.247,4.701,6.959,6.014
34715,0.774,36.777,23.297,29.749,23.247,4.66,6.919,5.974
34716,0.771,36.912,23.297,29.74,23.251,4.66,6.878,5.933
34717,0.754,36.98,23.227,29.759,23.24,4.66,6.877,5.974
34718,0.764,36.655,23.292,29.769,23.254,4.822,7.081,6.177
34719,0.77,36.805,23.312,29.778,23.254,4.702,6.961,6.017
34720,0.757,36.893,23.293,29.769,23.258,4.742,6.96,6.056
34721,0.764,36.99,23.203,29.759,23.247,4.783,6.96,6.056
34722,0.77,36.655,23.265,29.749,23.251,4.742,6.96,6.056
34723,0.79,36.786,23.312,29.768,23.247,4.701,6.878,5.975
34724,0.78,36.874,23.289,29.721,23.24,4.66,6.837,5.974
34725,0.784,36.961,23.297,29.759,23.251,4.741,6.837,6.055
34726,0.774,36.799,23.324,29.74,23.247,4.701,6.796,5.934
34727,0.793,36.922,23.285,29.749,23.24,4.62,6.836,5.892
34728,0.784,37.028,23.266,29.73,23.251,4.7,6.918,5.973
34729,0.803,37.116,23.312,29.759,23.258,4.863,7.041,6.137
34730,0.797,36.58,23.223,29.749,23.251,4.743,6.879,6.016
34731,0.797,36.689,23.288,29.749,23.254,4.701,6.877,6.056
34732,0.784,36.806,23.25,29.759,23.258,4.742,6.877,6.056
34733,0.784,36.855,23.277,29.778,23.251,4.783,6.877,6.015
34734,0.777,36.702,23.273,29.74,23.251,4.742,6.755,5.893
34735,0.764,36.825,23.281,29.73,23.237,4.62,6.836,6.054
34736,0.767,36.96,23.305,29.749,23.254,4.741,6.755,6.015
34737,0.757,37.297,23.203,29.768,23.247,4.661,6.754,6.056
34738,0.761,37.147,23.265,29.74,23.244,4.7,6.754,6.015
34739,0.757,37.251,23.328,29.749,23.244,4.701,6.876,6.056
34740,0.767,37.386,23.336,29.778,23.261,4.904,6.959,6.219
34741,0.78,36.419,23.321,29.75,23.251,4.703,6.797,6.098
34742,0.774,36.323,23.258,29.749,23.251,4.742,6.795,6.097
34743,0.774,36.437,23.324,29.749,23.251,4.783,6.755,6.097
34744,0.787,36.563,23.282,29.768,23.254,4.742,6.876,6.138
34745,0.787,36.574,23.312,29.759,23.247,4.661,6.715,6.016
34746,0.777,36.699,23.317,29.721,23.244,4.741,6.754,6.056
34747,0.8,36.854,23.285,29.749,23.251,4.661,6.795,6.137
34748,0.794,36.922,23.297,29.74,23.24,4.741,6.755,6.016
34749,0.787,36.443,23.312,29.73,23.251,4.62,6.673,5.974
34750,0.8,36.582,23.235,29.768,23.251,4.781,6.753,6.137
34751,0.797,36.776,23.277,29.788,23.265,4.864,6.795,6.138
34752,0.787,36.816,23.265,29.769,23.254,4.743,6.795,6.098
34753,0.78,36.519,23.281,29.749,23.251,4.742,6.877,6.097
34754,0.777,36.67,23.289,29.768,23.254,4.783,6.837,6.178
34755,0.774,36.786,23.293,29.759,23.254,4.783,6.796,6.139
34756,0.774,36.826,23.32,29.721,23.244,4.702,6.673,6.138
34757,0.758,36.481,23.274,29.749,23.247,4.742,6.753,6.138
34758,0.761,36.621,23.281,29.768,23.247,4.742,6.754,6.098
34759,0.757,36.728,23.316,29.73,23.244,4.783,6.673,6.097
34760,0.761,36.758,23.27,29.749,23.247,4.702,6.753,6.138
34761,0.787,36.519,23.297,29.797,23.261,4.863,6.836,6.219
34762,0.777,36.631,23.258,29.759,23.254,4.784,6.755,6.139
34763,0.784,36.738,23.3,29.759,23.251,4.824,6.754,6.057
34764,0.793,36.758,23.289,29.769,23.254,4.824,6.795,6.178
34765,0.787,36.547,23.297,29.769,23.254,4.743,6.755,6.22
34766,0.797,36.66,23.312,29.749,23.244,4.701,6.632,5.976
34767,0.79,36.748,23.274,29.74,23.251,4.823,6.753,6.137
34768,0.793,36.557,23.312,29.749,23.247,4.743,6.714,6.179
34769,0.8,36.478,23.324,29.74,23.247,4.742,6.713,6.017
34770,0.79,36.612,23.262,29.749,23.24,4.742,6.754,6.096
34771,0.79,36.69,23.277,29.749,23.254,4.783,6.836,6.178
34772,0.797,36.451,23.289,29.778,23.254,4.864,6.714,6.098
34773,0.787,36.525,23.269,29.759,23.247,4.743,6.794,6.056
34774,0.78,36.66,23.277,29.769,23.251,4.742,6.836,6.137
34775,0.771,36.767,23.297,29.749,23.254,4.742,6.837,6.138
34776,0.774,36.432,23.328,29.778,23.247,4.823,6.755,6.098
34777,0.767,36.554,23.282,29.75,23.24,4.661,6.632,5.935
34778,0.754,36.651,23.254,29.749,23.251,4.741,6.753,6.055
34779,0.757,36.719,23.293,29.759,23.251,4.701,6.714,6.097
34780,0.757,36.403,23.25,29.74,23.247,4.701,6.672,6.056
34781,0.764,36.534,23.304,29.74,23.24,4.701,6.672,6.056
34782,0.77,36.67,23.293,29.768,23.251,4.782,6.794,6.259
34783,0.787,36.748,23.355,29.769,23.261,4.824,6.755,6.139
34784,0.78,36.327,23.305,29.749,23.247,4.783,6.795,6.179
34785,0.784,36.466,23.289,29.749,23.251,4.783,6.755,6.098
34786,0.787,36.583,23.297,29.778,23.258,4.824,6.714,6.178
34787,0.8,36.651,23.285,29.769,23.251,4.905,6.713,6.057
34788,0.8,37.122,23.281,29.73,23.24,4.581,6.551,5.975
34789,0.79,37.222,23.305,29.759,23.247,4.74,6.63,6.137
34790,0.797,37.348,23.242,29.759,23.244,4.783,6.672,6.057
34791,0.787,37.368,23.257,29.74,23.244,4.742,6.672,6.056
34792,0.78,36.112,23.269,29.74,23.244,4.701,6.591,6.097
34793,0.78,36.263,23.336,29.768,23.254,4.863,6.793,6.219
34794,0.787,36.408,23.344,29.769,23.251,4.784,6.673,6.098
34795,0.774,36.515,23.313,29.769,23.247,4.783,6.631,6.138
34796,0.774,36.43,23.32,29.749,23.251,4.783,6.712,6.138
34797,0.774,36.582,23.305,29.788,23.251,4.783,6.754,6.179
34798,0.767,36.699,23.258,29.769,23.254,4.824,6.714,6.098
34799,0.757,36.345,23.296,29.73,23.237,4.661,6.632,5.975
34800,0.764,36.419,23.227,29.759,23.247,4.822,6.834,6.096
34801,0.774,36.573,23.253,29.74,23.247,4.824,6.714,6.016
34802,0.777,36.641,23.265,29.749,23.247,4.743,6.754,6.015
34803,0.777,36.258,23.273,29.74,23.24,4.701,6.714,5.974
34804,0.78,36.389,23.32,29.768,23.254,4.863,6.916,6.259
34805,0.797,36.553,23.301,29.788,23.265,4.865,6.796,6.099
34806,0.787,36.593,23.305,29.769,23.251,4.784,6.795,6.138
34807,0.787,36.2,23.313,29.749,23.254,4.783,6.877,6.138
34808,0.803,36.34,23.281,29.768,23.247,4.824,6.877,6.138
34809,0.8,36.486,23.344,29.769,23.251,4.824,6.918,6.098
34810,0.79,36.535,23.235,29.73,23.244,4.661,6.756,6.016
34811,0.777,36.305,23.222,29.739,23.247,4.741,6.876,6.056
34812,0.787,36.447,23.265,29.759,23.247,4.783,6.918,6.097
34813,0.787,36.554,23.297,29.73,23.244,4.742,6.919,6.016
34814,0.774,36.593,23.305,29.73,23.247,4.783,6.919,6.015
34815,0.771,36.22,23.281,29.759,23.254,4.824,7.041,6.096
34816,0.78,36.379,23.32,29.769,23.261,4.946,7.042,6.138
34817,0.771,36.476,23.313,29.759,23.251,4.744,7.042,6.179
34818,0.77,36.525,23.27,29.769,23.251,4.742,7.042,6.139
34819,0.764,36.315,23.304,29.749,23.254,4.823,7.082,6.179
34820,0.764,36.466,23.301,29.816,23.254,4.783,7.123,6.139
34821,0.777,36.554,23.242,29.76,23.24,4.702,7.002,6.016
34822,0.767,36.804,23.269,29.74,23.254,4.701,7.163,6.096
34823,0.774,36.251,23.281,29.749,23.251,4.742,7.084,6.056
34824,0.777,36.379,23.297,29.74,23.24,4.783,7.083,6.056
34825,0.787,36.476,23.297,29.74,23.237,4.702,7.123,6.097
34826,0.79,36.305,23.254,29.768,23.254,4.823,7.246,6.219
34827,0.803,36.408,23.293,29.788,23.261,4.865,7.288,6.18
34828,0.8,36.496,23.301,29.75,23.251,4.784,7.288,6.139
34829,0.8,36.602,23.281,29.768,23.251,4.783,7.247,6.138
34830,0.797,36.114,23.297,29.778,23.251,4.824,7.288,6.179
34831,0.794,36.234,23.242,29.778,23.254,4.824,7.329,6.098
34832,0.793,36.341,23.308,29.75,23.247,4.702,7.167,6.056
34833,0.78,36.399,23.289,29.73,23.251,4.823,7.287,6.137
34834,0.777,36.304,23.277,29.739,23.247,4.824,7.288,6.179
34835,0.767,36.447,23.262,29.73,23.244,4.743,7.247,6.098
34836,0.767,36.535,23.289,29.739,23.251,4.701,7.288,6.138
34837,0.774,36.641,23.293,29.768,23.251,4.782,7.41,6.219
34838,0.78,36.182,23.316,29.797,23.265,4.905,7.371,6.139
34839,0.764,36.254,23.313,29.759,23.251,4.825,7.37,6.219
34840,0.77,36.408,23.336,29.797,23.254,4.783,7.37,6.22
34841,0.78,36.477,23.262,29.769,23.251,4.824,7.452,6.261
34842,0.787,36.343,23.265,29.759,23.251,4.743,7.371,6.262
34843,0.787,36.457,23.265,29.74,23.24,4.661,7.248,6.017
34844,0.787,36.573,23.297,29.759,23.247,4.782,7.369,6.178
34845,0.797,36.632,23.27,29.759,23.251,4.783,7.33,6.139
34846,0.794,36.095,23.254,29.749,23.247,4.702,7.248,6.179
34847,0.793,36.224,23.269,29.74,23.244,4.742,7.288,6.098
34848,0.806,36.341,23.308,29.74,23.258,4.783,7.369,6.3
34849,0.816,36.399,23.313,29.807,23.261,4.824,7.37,6.221
34850,0.803,36.218,23.285,29.769,23.251,4.824,7.289,6.139
34851,0.797,36.369,23.273,29.759,23.251,4.743,7.329,6.26
34852,0.797,36.467,23.308,29.769,23.258,4.823,7.289,6.262
34853,0.794,36.401,23.309,29.778,23.251,4.824,7.288,6.139
34854,0.774,36.256,23.27,29.73,23.24,4.702,7.125,6.057
34855,0.774,36.427,23.297,29.749,23.247,4.66,7.287,6.137
34856,0.771,36.515,23.316,29.749,23.251,4.782,7.125,6.057
34857,0.77,36.075,23.289,29.73,23.244,4.742,7.124,6.178
34858,0.77,36.147,23.281,29.749,23.24,4.701,7.165,6.22
34859,0.78,36.282,23.328,29.778,23.265,4.863,7.328,6.302
34860,0.777,36.408,23.301,29.778,23.248,4.743,7.167,6.18
34861,0.79,36.026,23.254,29.759,23.251,4.783,7.206,6.139
34862,0.793,36.156,23.25,29.769,23.247,4.824,7.165,6.219
34863,0.797,36.282,23.273,29.778,23.254,4.905,7.084,6.18
34864,0.803,36.37,23.265,29.75,23.244,4.744,7.042,6.057
34865,0.79,36.122,23.265,29.74,23.24,4.783,7.164,6.219
34866,0.81,36.292,23.308,29.759,23.251,4.742,7.124,6.139
34867,0.807,36.399,23.285,29.74,23.251,4.701,7.124,5.976
34868,0.81,36.486,23.281,29.73,23.244,4.66,7.002,6.015
34869,0.807,36.008,23.265,29.749,23.251,4.741,7.204,6.137
34870,0.829,36.204,23.285,29.864,23.261,4.864,7.247,6.098
34871,0.81,36.292,23.266,29.76,23.251,4.784,7.206,6.138
34872,0.813,36.322,23.285,29.769,23.247,4.783,7.206,6.219
34873,0.82,36.121,23.293,29.759,23.251,4.783,7.165,6.098
34874,0.82,36.263,23.293,29.769,23.251,4.783,7.206,6.056
34875,0.817,36.389,23.281,29.74,23.237,4.661,7.043,5.934
34876,0.813,36.361,23.289,29.73,23.244,4.7,7.204,6.096
34877,0.823,36.035,23.305,29.749,23.251,4.701,7.165,6.138
34878,0.82,36.195,23.277,29.759,23.244,4.701,7.124,6.057
34879,0.83,36.283,23.308,29.73,23.247,4.66,7.165,6.056
34880,0.826,36.485,23.203,29.759,23.244,4.822,7.246,6.219
34881,0.859,36.094,23.253,29.797,23.261,4.865,7.288,6.139
34882,0.856,36.205,23.257,29.769,23.254,4.743,7.166,6.057
34883,0.856,36.292,23.281,29.769,23.254,4.783,7.084,6.137
34884,0.866,35.986,23.289,29.769,23.254,4.824,7.164,6.138
34885,0.879,36.031,23.293,29.778,23.251,4.743,7.206,6.098
34886,0.863,36.156,23.293,29.75,23.237,4.701,7.084,5.935
34887,0.862,36.244,23.266,29.73,23.247,4.701,7.123,6.014
34888,0.872,35.967,23.273,29.739,23.244,4.742,7.124,6.056
34889,0.872,36.079,23.254,29.74,23.24,4.701,7.124,5.975
34890,0.866,36.215,23.273,29.74,23.244,4.701,7.043,5.974
34891,0.859,36.302,23.246,29.749,23.258,4.782,7.204,6.096
34892,0.875,35.881,23.3,29.788,23.261,4.905,7.247,6.138
34893,0.869,35.992,23.285,29.759,23.251,4.744,7.125,6.138
34894,0.869,36.118,23.308,29.769,23.254,4.783,7.124,6.057
34895,0.866,36.186,23.305,29.759,23.254,4.783,7.165,6.097
34896,0.876,36.043,23.316,29.759,23.254,4.824,7.084,6.016
34897,0.872,36.185,23.309,29.759,23.251,4.743,7.002,5.893
34898,0.866,36.273,23.289,29.74,23.247,4.661,7.082,6.014
34899,0.879,36.36,23.301,29.759,23.244,4.7,7.083,6.015
34900,0.869,35.997,23.281,29.759,23.244,4.66,7.042,6.015
34901,0.882,36.147,23.219,29.721,23.244,4.66,7.001,5.934
34902,0.885,36.254,23.257,29.749,23.247,4.741,7.041,6.014
34903,0.892,36.341,23.281,29.797,23.261,4.864,7.164,6.137
34904,0.886,35.958,23.254,29.759,23.247,4.784,7.124,6.057
34905,0.879,36.098,23.281,29.769,23.247,4.742,7.083,6.015
34906,0.879,36.196,23.254,29.759,23.254,4.783,7.083,6.015
34907,0.889,36.244,23.289,29.769,23.251,4.783,7.164,5.974
34908,0.905,36.101,23.289,29.769,23.247,4.742,7.043,5.893
34909,0.899,36.196,23.297,29.721,23.244,4.742,7.164,5.973
34910,0.908,36.36,23.281,29.759,23.247,4.742,7.084,5.974
34911,0.892,36.016,23.246,29.759,23.247,4.823,7.123,5.933
34912,0.889,35.888,23.296,29.74,23.244,4.702,7.002,5.892
34913,0.882,36.04,23.266,29.759,23.247,4.701,7.163,6.014
34914,0.895,36.185,23.261,29.788,23.265,4.782,7.328,6.096
34915,0.882,35.985,23.269,29.75,23.248,4.742,7.167,5.975
34916,0.879,36.098,23.312,29.768,23.254,4.742,7.206,6.015
34917,0.866,36.234,23.309,29.769,23.251,4.742,7.165,6.056
34918,0.862,36.322,23.281,29.778,23.258,4.742,7.246,6.056
34919,0.843,35.881,23.316,29.769,23.251,4.701,7.084,5.893
34920,0.826,36.021,23.203,29.759,23.24,4.701,7.083,5.973
34921,0.846,36.147,23.249,29.749,23.247,4.701,7.123,5.893
34922,0.843,36.206,23.293,29.73,23.247,4.66,7.124,5.892
34923,0.843,35.861,23.242,29.739,23.24,4.7,7.083,5.933
34924,0.826,35.992,23.257,29.749,23.254,4.782,7.164,6.055
34925,0.843,36.147,23.25,29.807,23.265,4.864,7.206,6.137
34926,0.833,36.186,23.253,29.74,23.248,4.743,7.165,5.976
34927,0.833,35.947,23.269,29.778,23.251,4.823,7.165,6.055
34928,0.836,36.088,23.281,29.759,23.258,4.743,7.124,6.015
34929,0.833,36.215,23.301,29.769,23.254,4.823,7.165,5.974
34930,0.836,36.245,23.285,29.749,23.247,4.743,6.962,5.852
34931,0.807,35.89,23.269,29.73,23.244,4.661,7.082,5.973
34932,0.816,36.04,23.312,29.749,23.247,4.782,7.002,5.974
34933,0.813,36.166,23.285,29.749,23.251,4.742,7.001,5.893
34934,0.797,36.167,23.293,29.759,23.237,4.742,6.96,5.933
34935,0.787,35.889,23.285,29.759,23.247,4.783,7.041,6.014
34936,0.793,36.069,23.312,29.778,23.261,4.946,7.164,6.178
34937,0.797,36.176,23.297,29.759,23.244,4.744,7.124,6.098
34938,0.774,36.11,23.254,29.769,23.251,4.742,7.124,6.016
34939,0.771,35.879,23.296,29.759,23.254,4.823,7.165,6.056
34940,0.774,36.03,23.281,29.816,23.251,4.824,7.246,6.097
34941,0.78,36.128,23.265,29.769,23.251,4.743,7.166,5.975
34942,0.761,35.784,23.273,29.73,23.237,4.661,7.124,5.974
34943,0.77,35.885,23.265,29.759,23.254,4.741,7.205,6.015
34944,0.767,36.011,23.285,29.749,23.244,4.661,7.247,6.015
34945,0.761,36.089,23.273,29.749,23.244,4.7,7.206,6.015
34946,0.767,35.735,23.199,29.74,23.251,4.742,7.247,5.974
34947,0.774,35.914,23.261,29.787,23.258,4.945,7.369,6.259
34948,0.784,36.05,23.281,29.759,23.251,4.825,7.289,6.058
34949,0.774,36.099,23.258,29.759,23.247,4.783,7.288,6.056
34950,0.771,35.783,23.261,29.759,23.254,4.824,7.288,6.097
34951,0.774,35.905,23.246,29.778,23.254,4.824,7.288,6.138
34952,0.767,36.031,23.312,29.75,23.251,4.743,7.166,6.057
34953,0.751,36.089,23.289,29.749,23.244,4.742,7.287,6.137
34954,0.751,35.898,23.293,29.749,23.251,4.701,7.288,6.057
34955,0.748,36.04,23.281,29.759,23.24,4.742,7.288,6.015
34956,0.731,36.147,23.285,29.74,23.247,4.661,7.247,5.974
34957,0.734,36.206,23.277,29.749,23.251,4.741,7.288,6.177
34958,0.738,35.871,23.273,29.797,23.265,4.823,7.369,6.139
34959,0.738,35.992,23.308,29.75,23.254,4.783,7.289,6.098
34960,0.731,36.108,23.289,29.768,23.254,4.783,7.247,6.138
34961,0.731,36.138,23.258,29.769,23.247,4.742,7.288,6.098
34962,0.747,35.707,23.281,29.778,23.251,4.783,7.288,6.056
34963,0.751,35.856,23.281,29.74,23.237,4.62,7.166,5.893
34964,0.751,35.934,23.285,29.749,23.247,4.741,7.287,6.014
34965,0.751,36.319,23.269,29.768,23.251,4.742,7.207,6.056
34966,0.748,35.872,23.234,29.749,23.244,4.661,7.125,5.975
34967,0.76,36.001,23.277,29.749,23.247,4.7,7.124,6.055
34968,0.767,36.127,23.328,29.768,23.261,4.863,7.287,6.219
34969,0.774,35.889,23.262,29.778,23.251,4.743,7.125,6.098
34970,0.767,35.906,23.257,29.759,23.251,4.823,7.165,6.016
34971,0.754,36.05,23.25,29.769,23.254,4.743,7.165,6.178
34972,0.751,36.138,23.289,29.769,23.258,4.742,7.206,6.139
34973,0.754,35.726,23.285,29.769,23.251,4.823,7.084,6.016
34974,0.741,35.808,23.305,29.721,23.24,4.58,7.002,5.974
34975,0.731,35.962,23.27,29.768,23.251,4.74,7.163,6.055
34976,0.741,36.031,23.293,29.74,23.244,4.701,7.124,6.056
34977,0.734,35.773,23.281,29.749,23.244,4.62,7.083,6.015
34978,0.734,35.895,23.281,29.74,23.247,4.659,7.042,6.056
34979,0.738,36.059,23.316,29.778,23.261,4.822,7.245,6.259
34980,0.747,36.166,23.281,29.778,23.254,4.743,7.166,6.139
34981,0.744,35.726,23.25,29.769,23.251,4.742,7.206,6.098
34982,0.747,35.866,23.273,29.769,23.251,4.742,7.206,6.138
34983,0.751,36.011,23.269,29.769,23.254,4.783,7.206,6.179
34984,0.757,36.07,23.265,29.778,23.251,4.742,7.125,6.098
34985,0.754,35.812,23.238,29.721,23.237,4.539,7.002,6.056
34986,0.754,35.943,23.281,29.749,23.251,4.659,7.163,6.097
34987,0.754,36.069,23.265,29.768,23.247,4.7,7.084,6.097
34988,0.761,36.109,23.297,29.74,23.244,4.701,7.002,6.097
34989,0.764,35.63,23.289,29.73,23.247,4.66,7.041,6.097
34990,0.77,35.798,23.269,29.759,23.251,4.782,7.204,6.178
34991,0.767,35.943,23.258,29.778,23.254,4.742,7.043,6.057
34992,0.761,35.925,23.257,29.759,23.247,4.742,7.001,6.056
34993,0.761,35.887,23.269,29.769,23.251,4.742,7.041,6.056
34994,0.757,36.011,23.285,29.778,23.251,4.742,7.042,6.097
34995,0.757,36.108,23.258,29.769,23.251,4.783,7.042,6.097
34996,0.748,35.86,23.273,29.74,23.244,4.661,6.879,5.935
34997,0.734,35.704,23.269,29.749,23.254,4.66,6.918,6.014
34998,0.741,35.846,23.273,29.74,23.244,4.7,6.959,6.015
34999,0.744,35.934,23.297,29.759,23.244,4.701,6.919,6.015
35000,0.734,35.705,23.277,29.74,23.24,4.742,6.878,5.974
35001,0.744,35.789,23.262,29.759,23.251,4.823,7.0,6.177
35002,0.754,35.972,23.3,29.797,23.261,4.824,7.001,6.139
35003,0.754,36.031,23.285,29.75,23.254,4.702,6.919,6.057
35004,0.761,35.591,23.285,29.759,23.251,4.782,6.837,6.056
35005,0.774,35.74,23.262,29.769,23.258,4.783,6.958,6.056
35006,0.774,35.856,23.261,29.759,23.251,4.742,6.878,6.056
35007,0.777,35.944,23.265,29.749,23.244,4.701,6.796,5.975
35008,0.774,35.676,23.316,29.759,23.244,4.66,6.877,6.015
35009,0.774,35.846,23.266,29.759,23.247,4.741,6.837,6.015
35010,0.777,35.963,23.281,29.73,23.24,4.62,6.796,5.893
35011,0.761,36.022,23.277,29.73,23.247,4.659,6.836,5.973
35012,0.754,35.6,23.312,29.749,23.258,4.782,6.999,6.096
35013,0.774,35.769,23.309,29.797,23.254,4.783,6.919,6.056
35014,0.761,35.885,23.266,29.769,23.251,4.702,6.919,5.975
35015,0.774,35.934,23.273,29.769,23.247,4.782,6.919,6.055
35016,0.793,35.686,23.281,29.759,23.251,4.783,6.959,6.097
35017,0.813,35.846,23.281,29.788,23.254,4.742,6.919,6.016
35018,0.829,35.934,23.273,29.74,23.244,4.661,6.715,5.974
35019,0.859,35.954,23.273,29.759,23.244,4.741,6.794,6.015
35020,0.892,35.552,23.281,29.759,23.251,4.742,6.877,6.015
35021,0.921,35.701,23.262,29.74,23.244,4.661,6.755,6.015
35022,0.938,35.789,23.293,29.711,23.247,4.66,6.795,6.056
35023,0.967,35.981,23.32,29.758,23.254,4.782,6.999,6.137
35024,0.987,35.82,23.305,29.816,23.265,4.783,6.797,6.098
35025,0.997,35.905,23.285,29.769,23.248,4.742,6.795,6.138
35026,1.02,36.021,23.234,29.759,23.251,4.661,6.836,6.138
35027,1.049,35.581,23.242,29.778,23.254,4.822,6.796,6.138
35028,1.082,35.615,23.308,29.769,23.254,4.783,6.795,6.138
35029,1.109,35.73,23.25,29.74,23.244,4.661,6.714,5.976
35030,1.167,35.837,23.261,29.749,23.251,4.7,6.713,6.096
35031,1.207,35.608,23.265,29.768,23.247,4.701,6.754,6.016
35032,1.246,35.74,23.304,29.759,23.251,4.742,6.714,6.015
35033,1.289,35.847,23.285,29.74,23.247,4.661,6.713,6.056
35034,1.329,35.934,23.293,29.759,23.261,4.822,6.794,6.219
35035,1.355,35.59,23.293,29.788,23.258,4.743,6.795,6.139
35036,1.333,35.692,23.281,29.769,23.251,4.701,6.795,6.179
35037,1.339,35.808,23.265,29.759,23.251,4.742,6.714,6.179
35038,1.319,35.895,23.289,29.778,23.251,4.742,6.754,6.261
35039,1.352,35.58,23.242,29.769,23.247,4.783,6.754,6.221
35040,1.362,35.72,23.242,29.74,23.244,4.58,6.551,6.22
35041,1.365,35.847,23.242,29.749,23.247,4.781,6.671,6.22
35042,1.346,35.886,23.273,29.759,23.251,4.702,6.672,6.261
35043,1.326,35.589,23.297,29.73,23.251,4.66,6.672,6.18
35044,1.326,35.721,23.266,29.749,23.244,4.619,6.591,6.342
35045,1.329,35.856,23.289,29.768,23.254,4.781,6.712,6.466
35046,1.3,35.925,23.25,29.797,23.261,4.824,6.713,6.426
35047,1.234,35.571,23.238,29.778,23.251,4.702,6.632,6.426
35048,1.201,35.711,23.308,29.769,23.247,4.742,6.631,6.548
35049,1.136,35.837,23.207,29.778,23.254,4.742,6.672,6.59
35050,1.083,35.857,23.261,29.778,23.254,4.742,6.672,6.712
35051,1.037,35.618,23.25,29.74,23.24,4.742,6.55,6.794
35052,0.972,35.74,23.312,29.759,23.251,4.742,6.63,7.12
35053,0.925,35.866,23.297,29.759,23.247,4.661,6.672,7.287
35054,0.85,35.589,23.25,29.749,23.251,4.619,6.631,7.491
35055,0.801,35.538,23.285,29.749,23.244,4.7,6.55,7.778
35056,0.764,35.701,23.254,29.768,23.258,4.863,6.834,8.228
35057,0.738,35.818,23.257,29.769,23.251,4.784,6.674,8.395
35058,0.695,35.474,23.289,29.769,23.244,4.661,6.753,8.722
35059,0.662,35.623,23.223,29.788,23.251,4.741,6.673,8.97
35060,0.636,35.74,23.281,29.759,23.254,4.823,6.753,9.257
35061,0.62,35.847,23.258,29.749,23.251,4.702,6.592,9.178
35062,0.597,35.522,23.265,29.72,23.237,4.742,6.671,9.421
35063,0.609,35.701,23.265,29.778,23.251,4.742,6.672,9.505
35064,0.639,35.827,23.258,29.75,23.247,4.742,6.713,9.628
35065,0.662,35.896,23.269,29.74,23.244,4.62,6.632,9.67
35066,0.685,35.407,23.261,29.759,23.251,4.659,6.753,9.873
35067,0.757,35.604,23.277,29.788,23.261,4.863,6.836,10.038
35068,0.796,35.711,23.308,29.778,23.251,4.702,6.796,10.08
35069,0.8,35.76,23.277,29.769,23.251,4.782,6.836,10.243
35070,0.82,35.473,23.281,29.769,23.254,4.702,6.755,10.57
35071,0.83,35.623,23.277,29.759,23.251,4.742,6.714,10.818
35072,0.833,35.74,23.297,29.74,23.254,4.661,6.672,10.82
35073,0.833,35.789,23.285,29.74,23.244,4.66,6.713,11.186
35074,0.839,35.588,23.258,29.74,23.247,4.7,6.713,11.393
35075,0.83,35.73,23.246,29.759,23.24,4.66,6.713,11.558
35076,0.826,35.837,23.246,29.74,23.251,4.66,6.632,11.762
35077,0.826,35.857,23.238,29.749,23.251,4.741,6.753,11.968
35078,0.83,35.522,23.304,29.778,23.261,4.864,6.836,12.214
35079,0.826,35.643,23.262,29.759,23.244,4.784,6.837,12.135
35080,0.82,35.759,23.261,29.769,23.258,4.742,6.837,12.297
35081,0.826,35.713,23.242,29.769,23.247,4.701,6.877,12.339
35082,0.833,35.568,23.304,29.778,23.247,4.742,6.837,12.299
35083,0.839,35.692,23.281,29.75,23.247,4.62,6.796,12.217
35084,0.826,35.75,23.254,29.74,23.247,4.741,6.877,12.257
35085,0.839,35.415,23.265,29.749,23.247,4.783,6.796,12.095
35086,0.852,35.498,23.195,29.749,23.247,4.702,6.755,12.012
35087,0.84,35.633,23.249,29.74,23.24,4.62,6.795,11.93
35088,0.846,35.711,23.277,29.749,23.247,4.7,6.877,12.01
35089,0.853,35.52,23.238,29.778,23.265,4.863,6.918,11.93
35090,0.856,35.662,23.261,29.759,23.251,4.743,6.756,11.685
35091,0.843,35.76,23.269,29.759,23.251,4.742,6.795,11.601
35092,0.839,35.847,23.328,29.749,23.251,4.742,6.877,11.56
35093,0.836,35.455,23.297,29.778,23.258,4.823,6.877,11.397
35094,0.833,35.585,23.277,29.75,23.254,4.661,6.715,11.273
35095,0.817,35.701,23.262,29.73,23.244,4.7,6.754,11.231
35096,0.829,35.798,23.269,29.759,23.251,4.742,6.754,11.149
35097,0.833,35.397,23.273,29.749,23.244,4.661,6.795,10.986
35098,0.817,35.546,23.281,29.74,23.244,4.66,6.795,10.862
35099,0.81,35.663,23.285,29.74,23.24,4.66,6.755,10.861
35100,0.813,35.721,23.277,29.778,23.261,4.904,6.876,10.861
35101,0.833,35.453,23.246,29.778,23.251,4.662,6.796,10.658
35102,0.83,35.547,23.269,29.759,23.247,4.66,6.755,10.452
35103,0.823,35.663,23.3,29.759,23.254,4.741,6.795,10.45
35104,0.846,35.721,23.281,29.759,23.254,4.783,6.755,10.328
35105,0.849,35.396,23.265,29.778,23.247,4.702,6.673,10.124
35106,0.843,35.479,23.137,29.75,23.24,4.66,6.631,10.0
35107,0.853,35.633,23.241,29.759,23.254,4.741,6.672,9.999
35108,0.853,35.98,23.273,29.74,23.244,4.701,6.631,9.714
35109,0.843,35.437,23.258,29.759,23.251,4.66,6.59,9.67
35110,0.862,35.556,23.218,29.759,23.244,4.741,6.671,9.589
35111,0.853,35.739,23.269,29.778,23.261,4.864,6.875,9.669
35112,0.859,35.54,23.343,29.778,23.247,4.743,6.674,9.467
35113,0.849,35.547,23.301,29.769,23.251,4.742,6.631,9.424
35114,0.846,35.682,23.301,29.749,23.247,4.742,6.672,9.342
35115,0.836,35.789,23.262,29.778,23.254,4.864,6.672,9.26
35116,0.843,35.32,23.23,29.759,23.251,4.743,6.591,9.015
35117,0.839,35.392,23.249,29.73,23.244,4.701,6.549,9.013
35118,0.83,35.575,23.3,29.768,23.247,4.66,6.549,8.932
35119,0.823,35.653,23.254,29.749,23.247,4.66,6.549,8.85
35120,0.833,35.299,23.218,29.74,23.247,4.7,6.549,8.605
35121,0.83,35.42,23.218,29.73,23.247,4.701,6.549,8.765
35122,0.846,35.585,23.304,29.787,23.265,4.823,6.712,8.807
35123,0.853,35.673,23.293,29.759,23.251,4.661,6.632,8.564
35124,0.853,35.405,23.297,29.759,23.251,4.7,6.631,8.561
35125,0.862,35.556,23.289,29.769,23.251,4.742,6.631,8.521
35126,0.866,35.682,23.258,29.788,23.254,4.783,6.631,8.439
35127,0.872,35.721,23.25,29.778,23.251,4.702,6.509,8.316
35128,0.869,35.338,23.304,29.711,23.237,4.62,6.508,8.274
35129,0.882,35.526,23.211,29.758,23.247,4.741,6.549,8.233
35130,0.872,35.653,23.226,29.749,23.244,4.661,6.549,8.151
35131,0.856,35.692,23.273,29.73,23.244,4.7,6.508,8.069
35132,0.856,35.376,23.281,29.73,23.244,4.66,6.63,8.069
35133,0.866,35.536,23.25,29.797,23.258,4.863,6.672,8.15
35134,0.866,35.634,23.296,29.788,23.247,4.784,6.631,7.988
35135,0.849,35.654,23.289,29.75,23.251,4.742,6.631,8.027
35136,0.846,35.434,23.227,29.759,23.251,4.701,6.672,7.865
35137,0.849,35.566,23.234,29.769,23.254,4.742,6.672,7.944
35138,0.846,35.663,23.312,29.788,23.258,4.742,6.631,7.823
35139,0.836,35.472,23.188,29.759,23.241,4.579,6.631,7.7
35140,0.83,35.432,23.253,29.769,23.251,4.781,6.631,7.699
35141,0.849,35.566,23.238,29.749,23.247,4.702,6.672,7.74
35142,0.853,35.663,23.265,29.749,23.244,4.62,6.672,7.659
35143,0.856,35.146,23.23,29.749,23.244,4.659,6.672,7.576
35144,0.866,35.217,23.261,29.778,23.254,4.822,6.916,7.779
35145,0.885,35.4,23.289,29.797,23.251,4.743,6.837,7.659
35146,0.872,35.45,23.262,29.769,23.251,4.742,6.877,7.617
35147,0.879,35.326,23.261,29.749,23.247,4.742,6.837,7.576
35148,0.882,35.469,23.3,29.759,23.254,4.742,6.958,7.535
35149,0.882,35.595,23.27,29.749,23.254,4.742,6.878,7.494
35150,0.882,35.682,23.254,29.74,23.247,4.661,6.796,7.331
35151,0.869,35.319,23.265,29.74,23.251,4.782,6.958,7.451
35152,0.866,35.469,23.254,29.749,23.251,4.742,6.96,7.412
35153,0.859,35.585,23.234,29.74,23.244,4.661,6.838,7.371
35154,0.849,35.663,23.23,29.74,23.244,4.7,6.918,7.33
35155,0.862,35.242,23.249,29.778,23.258,4.904,7.081,7.451
35156,0.869,35.391,23.203,29.788,23.251,4.744,7.042,7.33
35157,0.859,35.508,23.206,29.74,23.244,4.783,6.96,7.329
35158,0.846,35.528,23.288,29.759,23.254,4.783,6.96,7.37
35159,0.856,35.288,23.223,29.788,23.254,4.824,7.082,7.33
35160,0.862,35.411,23.257,29.759,23.251,4.743,7.002,7.167
35161,0.862,35.508,23.269,29.73,23.233,4.579,6.919,7.124
35162,0.866,35.547,23.289,29.749,23.24,4.74,7.041,7.165
35163,0.866,35.337,23.273,29.749,23.244,4.661,6.96,7.124
35164,0.879,35.469,23.281,29.74,23.244,4.619,6.96,7.124
35165,0.879,35.566,23.25,29.749,23.247,4.659,7.082,7.124
35166,0.889,35.653,23.25,29.797,23.258,4.904,7.164,7.205
35167,0.899,35.405,23.25,29.759,23.251,4.744,7.043,7.125
35168,0.892,35.517,23.296,29.759,23.251,4.742,7.042,7.124
35169,0.895,35.605,23.234,29.759,23.254,4.823,7.082,7.083
35170,0.895,35.299,23.269,29.749,23.251,4.783,7.083,7.002
35171,0.889,35.334,23.269,29.749,23.247,4.702,6.88,6.879
35172,0.869,35.449,23.316,29.74,23.244,4.66,6.918,7.0
35173,0.879,35.547,23.227,29.749,23.244,4.66,7.0,6.879
35174,0.876,35.106,23.206,29.749,23.244,4.66,6.919,6.877
35175,0.866,35.236,23.241,29.749,23.244,4.66,6.796,6.837
35176,0.859,35.381,23.207,29.74,23.251,4.782,6.958,6.958
35177,0.872,35.498,23.261,29.778,23.261,4.864,7.122,7.0
35178,0.876,35.298,23.281,29.75,23.247,4.702,6.961,6.879
35179,0.863,35.44,23.23,29.778,23.251,4.742,6.919,6.877
35180,0.879,35.575,23.261,29.769,23.244,4.823,6.959,6.959
35181,0.882,35.634,23.297,29.778,23.251,4.865,6.96,6.878
35182,0.892,35.213,23.32,29.74,23.244,4.702,6.878,6.755
35183,0.876,35.314,23.281,29.73,23.244,4.62,6.918,6.836
35184,0.885,35.459,23.285,29.73,23.244,4.659,6.959,6.755
35185,0.895,35.518,23.246,29.749,23.247,4.741,6.838,6.754
35186,0.895,35.221,23.136,29.74,23.24,4.701,6.837,6.754
35187,0.895,35.352,23.221,29.749,23.247,4.742,6.877,6.836
35188,0.905,35.488,23.304,29.749,23.265,4.823,7.0,6.877
35189,0.912,35.566,23.281,29.749,23.248,4.702,6.96,6.715
35190,0.902,35.26,23.234,29.759,23.251,4.782,6.919,6.713
35191,0.905,35.391,23.253,29.749,23.247,4.824,6.959,6.754
35192,0.905,35.508,23.289,29.759,23.258,4.783,6.96,6.714
35193,0.899,35.538,23.289,29.769,23.251,4.824,6.919,6.672
35194,0.889,35.135,23.254,29.721,23.24,4.661,6.756,6.631
35195,0.892,35.294,23.254,29.749,23.244,4.741,6.876,6.712
35196,0.886,35.392,23.246,29.74,23.244,4.742,6.837,6.591
35197,0.882,35.325,23.242,29.74,23.24,4.742,6.796,6.631
35198,0.879,35.334,23.281,29.749,23.254,4.783,6.836,6.672
35199,0.885,35.488,23.258,29.788,23.265,4.946,7.04,6.835
35200,0.885,35.624,23.254,29.759,23.251,4.703,6.879,6.633
35201,0.892,35.05,23.265,29.73,23.247,4.782,6.959,6.631
35202,0.892,35.159,23.269,29.759,23.251,4.824,6.919,6.672
35203,0.908,35.285,23.281,29.759,23.254,4.865,7.0,6.672
35204,0.915,35.372,23.265,29.759,23.251,4.784,6.879,6.55
35205,0.902,35.114,23.234,29.711,23.237,4.783,6.837,6.508
35206,0.905,35.303,23.242,29.749,23.247,4.742,6.918,6.549
35207,0.908,35.411,23.242,29.759,23.24,4.742,6.878,6.63
35208,0.918,35.469,23.292,29.73,23.244,4.742,6.877,6.468
35209,0.918,35.058,23.199,29.739,23.251,4.783,6.877,6.589
35210,0.925,35.255,23.249,29.778,23.251,4.905,7.04,6.712
35211,0.922,35.362,23.281,29.759,23.254,4.825,6.92,6.551
35212,0.909,35.421,23.293,29.759,23.251,4.824,6.919,6.508
35213,0.918,35.211,23.289,29.816,23.251,4.824,6.878,6.549
35214,0.909,35.352,23.258,29.76,23.254,4.743,6.959,6.549
35215,0.912,35.478,23.257,29.759,23.244,4.742,6.878,6.386
35216,0.899,35.509,23.246,29.721,23.244,4.742,6.837,6.507
35217,0.905,35.077,23.253,29.759,23.24,4.823,6.877,6.508
35218,0.895,35.207,23.285,29.749,23.237,4.783,6.837,6.508
35219,0.895,35.324,23.254,29.816,23.24,4.742,6.796,6.467
35220,0.892,35.354,23.246,29.75,23.244,4.783,6.836,6.548
35221,0.925,35.248,23.281,29.797,23.258,4.864,6.999,6.63
35222,0.922,35.362,23.281,29.731,23.254,4.865,6.838,6.55
35223,0.915,35.479,23.226,29.749,23.247,4.865,6.918,6.508
35224,0.931,35.384,23.249,29.759,23.251,4.865,6.837,6.508
35225,0.938,35.21,23.253,29.769,23.258,4.824,6.877,6.508
35226,0.935,35.324,23.203,29.749,23.247,4.743,6.755,6.345
35227,0.931,35.421,23.226,29.73,23.237,4.661,6.714,6.466
35228,0.948,35.086,23.269,29.739,23.251,4.822,6.835,6.467
35229,0.945,35.159,23.222,29.74,23.244,4.743,6.796,6.386
35230,0.954,35.275,23.245,29.74,23.244,4.701,6.755,6.303
35231,0.935,35.391,23.222,29.749,23.244,4.742,6.836,6.465
35232,0.938,35.23,23.292,29.797,23.258,4.945,6.958,6.507
35233,0.945,35.333,23.199,29.75,23.251,4.825,6.838,6.386
35234,0.932,35.478,23.241,29.759,23.251,4.783,6.837,6.466
35235,0.935,35.556,23.253,29.759,23.251,4.864,6.837,6.467
35236,0.931,35.097,23.281,29.769,23.254,4.824,6.877,6.426
35237,0.935,35.236,23.254,29.74,23.24,4.702,6.755,6.222
35238,0.912,35.333,23.257,29.74,23.244,4.782,6.876,6.302
35239,0.925,35.449,23.289,29.797,23.258,4.824,6.837,6.343
35240,0.918,35.125,23.242,29.759,23.247,4.702,6.877,6.303
35241,0.931,35.246,23.281,29.721,23.247,4.742,6.796,6.302
35242,0.938,35.372,23.316,29.759,23.247,4.783,6.917,6.343
35243,0.961,35.46,23.258,29.788,23.261,4.946,6.959,6.303
35244,0.961,35.144,23.238,29.759,23.251,4.744,6.838,6.343
35245,0.964,35.294,23.242,29.749,23.247,4.742,6.877,6.343
35246,0.974,35.42,23.257,29.797,23.251,4.783,7.0,6.384
35247,0.977,35.47,23.265,29.778,23.254,4.864,6.919,6.385
35248,0.977,35.278,23.273,29.73,23.244,4.662,6.796,6.181
35249,0.968,35.391,23.137,29.749,23.251,4.741,6.877,6.261
35250,0.984,35.546,23.252,29.74,23.251,4.783,6.837,6.302
35251,0.978,35.864,23.304,29.749,23.244,4.783,6.796,6.18
35252,0.977,35.234,23.289,29.73,23.244,4.742,6.795,6.22
35253,0.977,35.391,23.281,29.778,23.254,4.864,6.917,6.383
35254,0.987,35.508,23.246,29.778,23.254,4.824,6.796,6.222
35255,0.971,35.327,23.238,29.75,23.254,4.783,6.836,6.261
35256,0.971,35.373,23.218,29.74,23.254,4.742,6.877,6.302
35257,0.974,35.536,23.238,29.759,23.254,4.783,6.796,6.302
35258,0.974,35.624,23.288,29.769,23.251,4.824,6.795,6.302
35259,0.971,35.184,23.219,29.74,23.24,4.661,6.755,6.221
35260,0.981,35.342,23.241,29.768,23.251,4.741,6.795,6.261
35261,0.977,35.45,23.242,29.759,23.247,4.742,6.755,6.221
35262,0.99,35.547,23.289,29.749,23.24,4.701,6.714,6.22
35263,0.994,35.269,23.238,29.74,23.244,4.701,6.794,6.261
35264,1.01,35.439,23.273,29.797,23.265,4.904,6.917,6.384
35265,1.023,35.575,23.265,29.769,23.251,4.784,6.796,6.222
35266,1.017,35.634,23.273,29.759,23.247,4.783,6.877,6.302
35267,1.023,35.309,23.25,29.749,23.251,4.783,6.837,6.302
35268,1.03,35.449,23.273,29.749,23.251,4.824,6.837,6.221
35269,1.043,35.594,23.238,29.759,23.251,4.702,6.755,6.139
35270,1.03,35.625,23.21,29.74,23.247,4.742,6.836,6.179
35271,1.033,35.472,23.296,29.74,23.251,4.742,6.837,6.179
35272,1.03,35.595,23.273,29.749,23.251,4.701,6.837,6.179
35273,1.033,35.711,23.265,29.73,23.247,4.701,6.796,6.301
35274,1.037,35.76,23.238,29.749,23.247,4.782,6.877,6.302
35275,1.037,35.54,23.292,29.797,23.261,4.946,6.959,6.262
35276,1.03,35.634,23.207,29.75,23.254,4.785,6.878,6.221
35277,1.037,35.759,23.241,29.768,23.247,4.783,6.877,6.261
35278,1.037,35.78,23.289,29.769,23.244,4.742,6.959,6.302
35279,1.033,35.665,23.191,29.797,23.258,4.823,6.96,6.262
35280,1.043,35.798,23.233,29.769,23.251,4.661,6.797,6.139
35281,1.03,35.866,23.234,29.74,23.247,4.782,6.958,6.179
35282,1.053,35.838,23.292,29.759,23.251,4.742,6.919,6.179
35283,1.056,35.819,23.266,29.74,23.251,4.742,6.878,6.139
35284,1.063,35.943,23.254,29.74,23.24,4.661,6.918,6.057
35285,1.076,36.05,23.265,29.768,23.254,4.741,7.0,6.3
35286,1.089,35.927,23.246,29.797,23.261,4.823,7.041,6.221
35287,1.092,36.021,23.253,29.759,23.251,4.743,7.001,6.261
35288,1.096,36.128,23.285,29.749,23.254,4.783,7.041,6.221
35289,1.096,36.234,23.219,29.749,23.247,4.824,7.082,6.18
35290,1.115,35.861,23.249,29.768,23.251,4.783,7.083,6.22
35291,1.109,36.001,23.253,29.73,23.247,4.661,6.88,6.098
35292,1.089,36.089,23.289,29.749,23.251,4.7,7.0,6.219
35293,1.102,36.205,23.184,29.74,23.251,4.742,6.96,6.18
35294,1.102,36.149,23.265,29.73,23.244,4.701,6.96,6.139
35295,1.096,36.282,23.25,29.739,23.244,4.66,6.919,6.057
35296,1.096,36.408,23.257,29.749,23.251,4.741,7.081,6.259
35297,1.115,36.534,23.25,29.778,23.261,4.823,7.123,6.221
35298,1.102,36.248,23.25,29.769,23.251,4.743,7.043,6.18
35299,1.102,36.398,23.257,29.759,23.251,4.823,7.123,6.139
35300,1.106,36.525,23.254,29.769,23.254,4.783,7.205,6.219
35301,1.112,36.564,23.289,29.769,23.251,4.783,7.125,6.098
35302,1.128,36.421,23.281,29.73,23.237,4.661,7.002,6.016
35303,1.119,36.525,23.25,29.739,23.251,4.7,7.163,6.096
35304,1.142,36.67,23.265,29.749,23.251,4.742,7.124,6.097
35305,1.138,36.69,23.23,29.74,23.244,4.742,7.124,6.097
35306,1.145,36.575,23.245,29.749,23.24,4.701,7.124,6.016
35307,1.145,36.699,23.226,29.749,23.251,4.742,7.246,6.137
35308,1.171,36.844,23.296,29.778,23.258,4.905,7.288,6.098
35309,1.171,36.941,23.281,29.759,23.258,4.703,7.288,6.016
35310,1.175,36.77,23.23,29.759,23.251,4.742,7.207,6.096
35311,1.168,36.902,23.273,29.769,23.251,4.742,7.206,6.138
35312,1.168,36.999,23.289,29.769,23.251,4.823,7.125,6.138
35313,1.168,36.799,23.25,29.769,23.247,4.743,7.124,5.976
35314,1.145,36.816,23.218,29.73,23.24,4.701,7.083,6.055
35315,1.155,36.979,23.238,29.739,23.254,4.701,7.205,6.015
35316,1.161,37.048,23.101,29.768,23.251,4.66,7.125,6.056
35317,1.155,36.809,23.232,29.74,23.24,4.7,7.083,5.975
35318,1.145,36.922,23.261,29.74,23.244,4.742,7.164,6.096
35319,1.161,37.096,23.183,29.807,23.265,4.905,7.287,6.26
35320,1.161,37.155,23.245,29.75,23.251,4.784,7.125,6.099
35321,1.165,37.06,23.281,29.768,23.251,4.783,7.165,6.138
35322,1.171,37.183,23.269,29.769,23.251,4.742,7.124,6.138
35323,1.171,37.319,23.258,29.759,23.254,4.823,7.205,6.138
35324,1.184,37.387,23.281,29.769,23.254,4.783,7.084,5.976
35325,1.184,37.11,23.242,29.73,23.237,4.661,7.042,6.015
35326,1.184,37.251,23.261,29.739,23.244,4.782,7.123,6.056
35327,1.197,37.367,23.238,29.759,23.244,4.783,7.124,6.015
35328,1.201,37.416,23.238,29.74,23.233,4.702,7.002,5.934
35329,1.198,37.292,23.23,29.73,23.244,4.66,7.041,5.974
35330,1.214,37.444,23.253,29.768,23.261,4.904,7.245,6.259
35331,1.214,37.599,23.332,29.778,23.254,4.825,7.084,6.058
35332,1.191,37.591,23.254,29.759,23.254,4.702,7.205,6.097
35333,1.185,37.304,23.257,29.759,23.251,4.742,7.165,6.097
35334,1.184,37.435,23.23,29.749,23.251,4.864,7.206,6.097
35335,1.188,37.542,23.253,29.759,23.258,4.784,7.247,6.016
35336,1.188,37.581,23.254,29.73,23.241,4.661,7.084,5.974
35337,1.171,37.543,23.207,29.739,23.247,4.782,7.286,6.055
35338,1.175,37.677,23.28,29.749,23.251,4.742,7.247,6.056
35339,1.158,37.774,23.234,29.778,23.247,4.742,7.247,6.097
35340,1.155,37.574,23.249,29.73,23.24,4.783,7.206,6.056
35341,1.161,37.562,23.32,29.749,23.254,4.783,7.45,6.219
35342,1.191,37.716,23.293,29.778,23.258,4.742,7.33,6.139
35343,1.168,37.756,23.277,29.769,23.254,4.701,7.37,6.098
35344,1.175,37.564,23.269,29.749,23.251,4.782,7.33,6.097
35345,1.168,37.658,23.254,29.768,23.251,4.783,7.37,6.138
35346,1.171,37.793,23.242,29.769,23.254,4.783,7.33,6.138
35347,1.165,37.862,23.222,29.74,23.24,4.661,7.207,6.016
35348,1.148,37.489,23.241,29.73,23.247,4.782,7.287,6.137
35349,1.148,37.676,23.242,29.749,23.254,4.742,7.329,5.976
35350,1.152,37.765,23.23,29.749,23.247,4.742,7.167,6.015
35351,1.135,37.833,23.3,29.74,23.24,4.742,7.165,6.015
35352,1.116,37.584,23.293,29.749,23.254,4.823,7.287,6.178
35353,1.128,37.754,23.27,29.797,23.265,4.905,7.288,6.139
35354,1.099,37.833,23.265,29.731,23.248,4.784,7.207,6.098
35355,1.089,37.9,23.254,29.749,23.247,4.783,7.206,6.138
35356,1.083,37.709,23.25,29.759,23.254,4.783,7.206,6.219
35357,1.079,37.851,23.234,29.749,23.254,4.824,7.247,6.058
35358,1.05,37.958,23.281,29.73,23.244,4.702,7.044,6.015
35359,1.03,37.988,23.246,29.759,23.251,4.782,7.164,6.096
35360,1.037,37.682,23.23,29.749,23.251,4.783,7.165,6.097
35361,1.027,37.803,23.292,29.749,23.24,4.742,7.124,6.016
35362,1.03,37.891,23.289,29.711,23.244,4.661,7.124,5.974
35363,1.017,37.911,23.254,29.739,23.251,4.741,7.246,6.177
35364,1.04,37.805,23.254,29.797,23.261,4.905,7.288,6.098
35365,1.024,37.91,23.273,29.75,23.254,4.784,7.207,6.138
35366,1.014,38.016,23.273,29.759,23.251,4.742,7.125,6.098
35367,1.01,37.864,23.226,29.759,23.254,4.823,7.124,6.138
35368,1.014,37.671,23.265,29.759,23.258,4.783,7.165,6.138
35369,1.004,37.822,23.23,29.74,23.244,4.661,7.043,5.976
35370,0.994,37.881,23.234,29.73,23.247,4.782,7.123,6.055
35371,0.984,37.853,23.285,29.739,23.251,4.702,7.043,6.056
35372,0.974,37.987,23.262,29.749,23.244,4.742,6.96,6.097
35373,0.964,38.103,23.254,29.72,23.251,4.661,6.919,6.056
35374,0.945,38.181,23.246,29.72,23.247,4.741,7.041,6.137
35375,0.951,37.645,23.273,29.778,23.261,4.864,7.164,6.26
35376,0.941,37.755,23.258,29.759,23.251,4.702,6.921,6.058
35377,0.932,37.852,23.234,29.759,23.251,4.782,7.0,6.056
35378,0.915,37.92,23.292,29.759,23.254,4.742,7.041,6.137
35379,0.905,37.806,23.25,29.749,23.261,4.823,7.042,6.138
35380,0.902,37.948,23.23,29.768,23.254,4.743,6.96,6.057
35381,0.886,38.017,23.238,29.73,23.244,4.579,6.96,6.097
35382,0.898,38.094,23.285,29.749,23.247,4.74,7.0,6.056
35383,0.895,37.769,23.25,29.74,23.251,4.742,6.96,6.056
35384,0.895,37.9,23.222,29.72,23.24,4.742,7.0,6.015
35385,0.889,38.007,23.241,29.73,23.244,4.661,7.041,6.056
35386,0.899,38.094,23.242,29.787,23.265,4.863,7.164,6.219
35387,0.908,37.75,23.226,29.75,23.251,4.743,7.084,6.139
35388,0.902,37.852,23.269,29.749,23.251,4.701,7.042,6.138
35389,0.899,37.987,23.246,29.749,23.258,4.742,7.123,6.138
35390,0.889,38.017,23.257,29.749,23.254,4.823,7.083,6.179
35391,0.885,37.72,23.285,29.749,23.247,4.783,6.961,5.976
35392,0.856,37.813,23.238,29.72,23.244,4.702,7.0,6.055
35393,0.862,37.958,23.249,29.759,23.247,4.701,7.041,6.056
35394,0.856,38.218,23.23,29.74,23.247,4.782,7.001,6.056
35395,0.849,37.799,23.234,29.74,23.247,4.661,7.001,6.097
35396,0.84,37.9,23.246,29.74,23.244,4.782,7.082,6.056
35397,0.846,38.035,23.226,29.778,23.265,4.905,7.205,6.259
35398,0.836,37.749,23.273,29.759,23.251,4.784,7.125,6.099
35399,0.826,37.794,23.269,29.759,23.251,4.742,7.083,6.097
35400,0.83,37.929,23.246,29.769,23.258,4.742,7.123,6.097
35401,0.833,38.026,23.269,29.759,23.254,4.823,7.124,6.178
35402,0.836,37.855,23.269,29.749,23.247,4.743,7.083,6.098
35403,0.839,37.968,23.258,29.711,23.244,4.661,6.92,6.056
35404,0.839,38.103,23.242,29.739,23.247,4.7,7.122,6.137
35405,0.839,38.181,23.253,29.749,23.244,4.742,7.083,6.098
35406,0.836,37.472,23.23,29.73,23.24,4.701,7.083,6.056
35407,0.839,37.609,23.222,29.72,23.244,4.742,7.083,6.097
35408,0.856,37.726,23.241,29.778,23.258,4.864,7.245,6.219
35409,0.856,37.842,23.249,29.769,23.254,4.784,7.125,6.139
35410,0.843,37.642,23.238,29.749,23.251,4.742,7.165,6.098
35411,0.839,37.774,23.292,29.74,23.251,4.783,7.165,6.097
35412,0.833,37.89,23.266,29.74,23.251,4.783,7.206,6.138
35413,0.83,37.959,23.242,29.768,23.251,4.783,7.125,6.057
35414,0.817,37.624,23.23,29.721,23.237,4.661,7.043,6.056
35415,0.816,37.764,23.23,29.759,23.247,4.741,7.123,6.097
35416,0.813,37.89,23.23,29.749,23.244,4.661,7.124,6.097
35417,0.813,37.901,23.218,29.73,23.247,4.66,7.083,6.138
35418,0.8,37.633,23.261,29.72,23.244,4.66,7.205,6.138
35419,0.8,37.812,23.289,29.778,23.258,4.822,7.247,6.301
35420,0.813,37.948,23.254,29.769,23.254,4.824,7.125,6.14
35421,0.807,37.902,23.269,29.759,23.254,4.824,7.124,6.098
35422,0.813,37.614,23.261,29.749,23.254,4.783,7.124,6.178
35423,0.82,37.754,23.25,29.74,23.254,4.824,7.124,6.179
35424,0.83,37.861,23.265,29.768,23.251,4.743,7.165,6.139
35425,0.826,37.671,23.199,29.73,23.24,4.661,7.002,6.016
35426,0.823,37.64,23.218,29.759,23.251,4.741,7.082,6.137
35427,0.826,37.784,23.253,29.759,23.247,4.783,7.042,6.057
35428,0.836,37.871,23.226,29.73,23.247,4.702,7.001,6.056
35429,0.833,37.594,23.234,29.73,23.251,4.742,7.001,6.015
35430,0.839,37.725,23.21,29.759,23.261,4.823,7.163,6.178
35431,0.849,37.871,23.292,29.788,23.261,4.865,7.124,6.179
35432,0.827,37.911,23.258,29.75,23.258,4.743,7.043,6.139
35433,0.826,37.479,23.254,29.759,23.254,4.783,7.123,6.138
35434,0.82,37.619,23.281,29.759,23.254,4.783,7.124,6.179
35435,0.813,37.755,23.242,29.759,23.251,4.783,7.124,6.139
35436,0.813,37.804,23.253,29.74,23.244,4.661,7.002,5.976
35437,0.8,37.603,23.234,29.72,23.244,4.741,7.041,6.055
35438,0.81,37.735,23.238,29.749,23.251,4.742,7.042,6.097
35439,0.8,37.871,23.253,29.749,23.244,4.783,7.001,6.056
35440,0.79,37.92,23.211,29.74,23.247,4.742,7.001,6.056
35441,0.806,37.432,23.276,29.759,23.247,4.823,7.082,6.219
35442,0.829,37.609,23.301,29.769,23.265,4.946,7.042,6.18
35443,0.813,37.687,23.266,29.74,23.251,4.744,6.96,6.057
35444,0.816,37.736,23.273,29.749,23.254,4.742,7.0,6.097
35445,0.826,37.535,23.269,29.749,23.251,4.742,6.919,6.178
35446,0.826,37.677,23.261,29.749,23.251,4.783,7.041,6.057
35447,0.833,37.774,23.23,29.73,23.247,4.661,6.839,6.015
35448,0.83,37.766,23.249,29.749,23.251,4.782,6.958,6.096
35449,0.839,37.507,23.238,29.749,23.251,4.783,6.919,6.016
35450,0.839,37.61,23.207,29.74,23.244,4.783,6.919,5.974
35451,0.833,37.707,23.253,29.749,23.247,4.742,6.837,6.055
35452,0.826,37.775,23.222,29.749,23.254,4.864,7.04,6.178
35453,0.833,37.708,23.273,29.797,23.258,4.824,6.92,6.098
35454,0.823,37.784,23.262,29.74,23.254,4.783,6.878,6.016
35455,0.813,37.89,23.242,29.749,23.251,4.824,6.959,6.178
35456,0.813,37.518,23.249,29.768,23.247,4.824,7.0,6.139
35457,0.82,37.6,23.222,29.759,23.254,4.905,6.879,6.138
35458,0.807,37.678,23.234,29.74,23.24,4.662,6.796,5.976
35459,0.794,37.793,23.257,29.759,23.247,4.822,6.958,6.055
35460,0.803,37.507,23.215,29.74,23.247,4.783,6.96,6.056
35461,0.803,37.619,23.253,29.749,23.247,4.742,6.919,5.975
35462,0.81,37.726,23.218,29.73,23.247,4.742,6.878,6.055
35463,0.82,37.832,23.214,29.768,23.258,4.905,7.121,6.178
35464,0.83,37.488,23.218,29.749,23.251,4.784,6.961,6.098
35465,0.833,37.619,23.249,29.759,23.251,4.783,6.96,6.097
35466,0.833,37.707,23.25,29.749,23.251,4.864,7.0,6.138
35467,0.836,37.794,23.253,29.768,23.258,4.824,7.041,6.098
35468,0.836,37.545,23.238,29.749,23.247,4.824,7.042,6.056
35469,0.833,37.667,23.242,29.74,23.24,4.621,7.042,6.015
35470,0.836,37.765,23.242,29.74,23.251,4.781,7.123,6.056
35471,0.836,37.833,23.273,29.749,23.251,4.742,7.043,5.975
35472,0.833,37.517,23.203,29.759,23.247,4.742,7.123,6.015
35473,0.826,37.648,23.202,29.73,23.24,4.701,7.043,6.056
35474,0.83,37.784,23.249,29.768,23.258,4.904,7.326,6.219
35475,0.823,37.852,23.238,29.759,23.254,4.784,7.207,6.139
35476,0.817,37.565,23.253,29.74,23.247,4.824,7.287,6.098
35477,0.81,37.668,23.207,29.74,23.258,4.783,7.207,6.097
35478,0.816,37.784,23.241,29.749,23.254,4.824,7.287,6.219
35479,0.816,38.111,23.234,29.749,23.251,4.743,7.288,6.058
35480,0.803,37.625,23.234,29.74,23.237,4.701,7.207,6.056
35481,0.803,37.755,23.312,29.73,23.247,4.782,7.247,6.137
35482,0.816,37.842,23.25,29.759,23.254,4.742,7.206,6.098
35483,0.813,37.498,23.246,29.711,23.24,4.783,7.206,5.975
35484,0.82,37.456,23.23,29.73,23.247,4.742,7.206,6.055
35485,0.826,37.599,23.257,29.778,23.258,4.864,7.369,6.259
35486,0.849,37.726,23.265,29.769,23.254,4.824,7.37,6.099
35487,0.843,37.497,23.25,29.74,23.251,4.783,7.33,6.138
35488,0.843,37.6,23.242,29.749,23.244,4.742,7.37,6.057
35489,0.843,37.745,23.238,29.759,23.258,4.823,7.37,6.137
35490,0.856,37.823,23.269,29.73,23.251,4.743,7.37,6.098
35491,0.846,37.517,23.289,29.72,23.244,4.661,7.289,5.935
35492,0.827,37.638,23.203,29.749,23.254,4.863,7.288,6.096
35493,0.839,37.793,23.245,29.74,23.244,4.784,7.288,6.097
35494,0.83,37.823,23.21,29.74,23.247,4.702,7.329,6.056
35495,0.823,37.421,23.234,29.73,23.247,4.66,7.289,6.056
35496,0.823,37.57,23.234,29.739,23.254,4.822,7.451,6.137
35497,0.83,37.725,23.234,29.778,23.254,4.905,7.452,6.098
35498,0.817,37.727,23.265,29.74,23.247,4.744,7.412,6.219
35499,0.813,37.506,23.226,29.74,23.258,4.823,7.371,6.098
35500,0.816,37.629,23.21,29.759,23.251,4.865,7.37,6.138
35501,0.823,37.755,23.288,29.759,23.254,4.865,7.411,6.138
35502,0.826,37.766,23.246,29.721,23.24,4.662,7.208,5.976
35503,0.826,37.488,23.261,29.749,23.254,4.782,7.287,6.055
35504,0.833,37.619,23.226,29.74,23.244,4.783,7.329,6.056
35505,0.839,37.716,23.265,29.749,23.247,4.783,7.207,6.056
35506,0.836,37.746,23.226,29.72,23.24,4.661,7.287,6.015
35507,0.839,37.516,23.218,29.768,23.251,4.822,7.41,6.259
35508,0.856,37.667,23.241,29.759,23.261,4.743,7.371,6.139
35509,0.846,37.765,23.23,29.74,23.254,4.783,7.33,6.138
35510,0.856,37.651,23.234,29.74,23.254,4.864,7.329,6.098
35511,0.843,37.534,23.281,29.759,23.254,4.784,7.329,6.138
35512,0.843,37.658,23.219,29.749,23.251,4.864,7.289,6.098
35513,0.833,37.755,23.241,29.73,23.237,4.743,7.166,5.935
35514,0.826,37.411,23.234,29.749,23.251,4.823,7.287,6.055
35515,0.826,37.503,23.246,29.74,23.247,4.743,7.166,5.975
35516,0.823,37.638,23.21,29.74,23.24,4.701,7.206,6.015
35517,0.817,37.726,23.206,29.749,23.24,4.742,7.165,5.974
35518,0.823,37.372,23.257,29.759,23.265,4.823,7.328,6.218
35519,0.833,37.541,23.246,29.778,23.261,4.824,7.248,6.18
35520,0.813,37.648,23.214,29.75,23.247,4.783,7.206,6.139
35521,0.82,37.716,23.269,29.778,23.251,4.864,7.125,6.098
35522,0.833,37.372,23.25,29.769,23.258,4.824,7.205,6.097
35523,0.836,37.493,23.242,29.759,23.251,4.743,7.084,6.097
35524,0.836,37.6,23.226,29.73,23.244,4.701,6.961,5.975
35525,0.833,37.658,23.245,29.739,23.251,4.742,7.082,6.137
35526,0.839,37.467,23.257,29.74,23.251,4.783,7.123,6.057
35527,0.843,37.58,23.211,29.74,23.24,4.742,6.961,6.056
35528,0.839,37.668,23.226,29.72,23.251,4.823,7.0,6.015
35529,0.846,37.755,23.234,29.739,23.247,4.824,7.163,6.259
35530,0.859,37.708,23.226,29.778,23.261,4.824,7.084,6.139
35531,0.843,37.803,23.269,29.759,23.254,4.824,7.042,6.138
35532,0.833,37.919,23.25,29.759,23.251,4.865,7.001,6.179
35533,0.836,37.94,23.246,29.749,23.251,4.906,7.001,6.22
35534,0.839,37.23,23.23,29.768,23.254,4.825,7.001,6.139
35535,0.833,37.338,23.253,29.73,23.247,4.661,6.838,6.016
35536,0.817,37.426,23.242,29.739,23.251,4.822,6.958,6.096
35537,0.82,37.647,23.238,29.74,23.251,4.783,7.0,6.097
35538,0.813,37.4,23.218,29.74,23.244,4.742,6.919,6.097
35539,0.813,37.522,23.218,29.74,23.244,4.742,6.878,6.097
35540,0.807,37.61,23.253,29.73,23.254,4.864,7.0,6.219
35541,0.826,37.313,23.261,29.778,23.261,4.946,7.082,6.22
35542,0.826,37.339,23.218,29.74,23.244,4.825,6.961,6.22
35543,0.833,37.464,23.222,29.74,23.258,4.865,6.96,6.139
35544,0.836,37.542,23.222,29.759,23.247,4.865,7.0,6.219
35545,0.846,37.255,23.238,29.759,23.254,4.824,7.001,6.18
35546,0.84,37.377,23.222,29.759,23.24,4.743,6.879,6.017
35547,0.836,37.455,23.206,29.74,23.247,4.783,7.0,6.096
35548,0.843,37.561,23.249,29.749,23.251,4.783,7.001,6.097
35549,0.846,37.217,23.234,29.749,23.244,4.783,6.96,6.056
35550,0.846,37.338,23.238,29.73,23.244,4.742,7.0,6.056
35551,0.843,37.464,23.253,29.749,23.247,4.864,7.123,6.178
35552,0.843,37.571,23.222,29.788,23.265,4.946,7.165,6.179
35553,0.833,37.294,23.187,29.759,23.248,4.907,7.124,6.139
35554,0.826,37.425,23.206,29.749,23.254,4.906,7.165,6.179
35555,0.82,37.522,23.261,29.759,23.251,4.825,7.084,6.139
35556,0.82,37.6,23.261,29.769,23.254,4.783,7.164,6.138
35557,0.82,37.189,23.273,29.73,23.237,4.742,6.962,6.016
35558,0.803,37.29,23.183,29.739,23.251,4.783,7.041,6.178
35559,0.807,37.425,23.233,29.759,23.251,4.824,7.123,6.139
35560,0.807,37.465,23.265,29.759,23.247,4.824,7.043,6.138
35561,0.807,37.168,23.258,29.74,23.247,4.743,7.082,6.057
35562,0.813,37.338,23.164,29.759,23.254,4.945,7.164,6.259
35563,0.836,37.464,23.194,29.778,23.258,4.947,7.124,6.139
35564,0.826,37.465,23.214,29.769,23.251,4.825,7.165,6.098
35565,0.833,37.168,23.218,29.759,23.251,4.824,7.287,6.138
35566,0.83,37.328,23.226,29.759,23.254,4.865,7.288,6.179
35567,0.833,37.416,23.242,29.759,23.251,4.824,7.247,6.179
35568,0.836,37.235,23.21,29.73,23.244,4.743,7.084,5.976
35569,0.839,37.214,23.214,29.739,23.247,4.783,7.286,6.015
35570,0.839,37.338,23.237,29.74,23.251,4.783,7.288,6.056
35571,0.833,37.416,23.285,29.759,23.247,4.824,7.207,6.056
35572,0.82,36.937,23.226,29.759,23.251,4.783,7.247,6.015
35573,0.82,37.067,23.222,29.759,23.254,4.824,7.41,6.259
35574,0.826,37.222,23.241,29.778,23.251,4.824,7.33,6.18
35575,0.813,37.271,23.238,29.759,23.251,4.824,7.37,6.057
35576,0.8,37.137,23.218,29.749,23.251,4.783,7.37,6.178
35577,0.81,37.289,23.265,29.759,23.258,4.864,7.37,6.22
35578,0.803,37.416,23.199,29.769,23.251,4.784,7.37,6.18
35579,0.803,37.474,23.214,29.74,23.237,4.702,7.208,6.017
35580,0.787,37.053,23.245,29.749,23.251,4.742,7.287,6.096
35581,0.803,37.202,23.281,29.749,23.251,4.823,7.288,6.016
35582,0.81,37.348,23.172,29.759,23.24,4.743,7.288,6.096
35583,0.803,37.387,23.202,29.749,23.247,4.701,7.247,6.056
35584,0.807,37.014,23.226,29.749,23.251,4.823,7.288,6.219
35585,0.836,37.183,23.218,29.788,23.265,4.905,7.288,6.098
35586,0.817,37.29,23.226,29.759,23.251,4.825,7.247,6.138
35587,0.823,37.329,23.238,29.749,23.251,4.824,7.288,6.138
35588,0.83,37.119,23.21,29.759,23.254,4.824,7.288,6.138
35589,0.836,37.251,23.237,29.749,23.254,4.824,7.207,6.179
35590,0.836,37.358,23.207,29.759,23.244,4.743,7.043,5.976
35591,0.82,37.34,23.28,29.73,23.251,4.742,7.164,6.137
35592,0.826,37.071,23.215,29.759,23.258,4.823,7.206,6.098
35593,0.81,37.202,23.241,29.759,23.247,4.743,7.125,6.016
35594,0.81,37.29,23.218,29.73,23.247,4.701,7.043,6.056
35595,0.803,37.262,23.245,29.759,23.247,4.782,7.204,6.137
35596,0.807,37.147,23.253,29.788,23.261,4.946,7.287,6.138
35597,0.803,37.242,23.254,29.759,23.251,4.825,7.207,6.138
35598,0.794,37.348,23.183,29.769,23.254,4.783,7.287,6.179
35599,0.79,37.1,23.233,29.778,23.251,4.824,7.288,6.179
35600,0.793,37.174,23.246,29.778,23.247,4.824,7.288,6.179
35601,0.79,37.28,23.273,29.75,23.244,4.702,7.166,6.017
35602,0.8,37.358,23.191,29.73,23.244,4.823,7.246,6.015
35603,0.807,37.004,23.233,29.739,23.244,4.783,7.206,6.137
35604,0.813,37.125,23.265,29.74,23.244,4.742,7.287,6.016
35605,0.807,37.251,23.234,29.749,23.244,4.701,7.247,6.056
35606,0.803,37.319,23.249,29.768,23.251,4.782,7.328,6.097
35607,0.816,36.965,23.261,29.778,23.261,4.905,7.451,6.219
35608,0.823,37.086,23.203,29.75,23.247,4.784,7.29,6.18
35609,0.82,37.203,23.226,29.759,23.251,4.783,7.329,6.017
35610,0.826,37.271,23.218,29.759,23.251,4.824,7.329,6.096
35611,0.826,36.984,23.261,29.749,23.254,4.783,7.329,6.138
35612,0.807,37.115,23.152,29.759,23.247,4.783,7.126,6.016
35613,0.8,37.222,23.19,29.749,23.251,4.742,7.287,6.056
35614,0.807,37.3,23.241,29.768,23.247,4.864,7.288,6.056
35615,0.794,36.975,23.234,29.74,23.244,4.743,7.207,6.056
35616,0.78,37.106,23.238,29.759,23.244,4.742,7.165,6.056
35617,0.787,37.203,23.249,29.749,23.258,4.864,7.246,6.219
35618,0.79,37.29,23.203,29.807,23.258,4.906,7.369,6.18
35619,0.78,37.09,23.202,29.759,23.254,4.784,7.289,6.139
35620,0.78,37.212,23.241,29.797,23.251,4.783,7.288,6.138
35621,0.784,37.309,23.249,29.75,23.251,4.824,7.288,6.138
35622,0.797,37.704,23.148,29.778,23.254,4.824,7.288,6.219
35623,0.8,37.19,23.194,29.778,23.247,4.661,7.166,6.017
35624,0.794,37.28,23.202,29.74,23.244,4.741,7.287,6.137
35625,0.806,37.406,23.249,29.768,23.251,4.783,7.288,6.098
35626,0.8,36.909,23.238,29.759,23.251,4.742,7.288,6.056
35627,0.803,36.894,23.226,29.74,23.247,4.661,7.288,6.056
35628,0.813,37.009,23.175,29.768,23.247,4.741,7.329,6.097
35629,0.826,37.135,23.214,29.797,23.265,4.905,7.451,6.178
35630,0.826,37.05,23.249,29.759,23.248,4.784,7.371,6.139
35631,0.807,37.154,23.273,29.749,23.251,4.783,7.33,6.138
35632,0.8,37.299,23.199,29.768,23.251,4.702,7.37,6.179
35633,0.807,37.368,23.241,29.778,23.258,4.863,7.37,6.179
35634,0.8,36.889,23.242,29.769,23.247,4.743,7.289,6.098
35635,0.79,36.99,23.203,29.721,23.237,4.661,7.288,6.016
35636,0.787,37.135,23.222,29.778,23.251,4.741,7.329,6.096
35637,0.79,37.213,23.191,29.759,23.251,4.701,7.329,6.138
35638,0.774,36.897,23.206,29.749,23.251,4.742,7.329,6.098
35639,0.784,37.038,23.226,29.759,23.251,4.661,7.37,6.097
35640,0.787,37.173,23.238,29.778,23.258,4.863,7.533,6.26
35641,0.8,37.251,23.285,29.788,23.251,4.743,7.331,6.18
35642,0.8,37.003,23.219,29.769,23.251,4.783,7.37,6.139
35643,0.797,37.154,23.199,29.769,23.251,4.783,7.37,6.138
35644,0.8,37.28,23.202,29.788,23.258,4.783,7.37,6.138
35645,0.807,37.3,23.245,29.798,23.254,4.783,7.37,6.098
35646,0.807,36.888,23.226,29.74,23.237,4.661,7.167,6.056
35647,0.803,37.018,23.249,29.759,23.254,4.741,7.246,6.137
35648,0.813,37.135,23.168,29.769,23.247,4.701,7.206,6.016
35649,0.81,37.165,23.182,29.759,23.244,4.701,7.206,6.096
35650,0.807,36.954,23.241,29.759,23.237,4.701,7.247,6.056
35651,0.803,37.077,23.265,29.797,23.265,4.904,7.41,6.3
35652,0.813,37.231,23.187,29.798,23.251,4.784,7.289,6.14
35653,0.8,37.06,23.229,29.788,23.247,4.742,7.247,6.138
35654,0.807,36.982,23.234,29.778,23.247,4.742,7.206,6.098
35655,0.797,37.134,23.226,29.778,23.258,4.783,7.206,6.138
35656,0.787,37.242,23.234,29.807,23.251,4.824,7.084,6.057
35657,0.774,36.83,23.214,29.75,23.237,4.661,7.083,6.015
35658,0.784,36.96,23.187,29.788,23.251,4.7,7.123,6.137
35659,0.777,37.096,23.198,29.778,23.251,4.782,7.083,6.138
35660,0.777,37.174,23.249,29.778,23.244,4.702,7.083,6.057
35661,0.78,36.935,23.25,29.769,23.251,4.742,7.205,6.137
35662,0.803,37.096,23.218,29.826,23.265,4.945,7.287,6.26
35663,0.803,37.222,23.21,29.798,23.248,4.744,7.085,6.139
35664,0.787,37.29,23.21,29.788,23.251,4.823,7.123,6.057
35665,0.81,36.744,23.218,29.798,23.251,4.783,7.124,6.219
35666,0.807,36.912,23.226,29.798,23.251,4.824,7.205,6.098
35667,0.8,37.028,23.218,29.788,23.244,4.702,7.043,5.975
35668,0.8,37.049,23.191,29.769,23.244,4.742,7.082,6.055
35669,0.813,36.943,23.194,29.788,23.247,4.783,7.083,6.015
35670,0.813,37.077,23.23,29.769,23.24,4.702,7.083,6.015
35671,0.803,37.174,23.277,29.759,23.24,4.701,7.002,5.974
35672,0.794,37.223,23.215,29.778,23.251,4.742,7.163,6.137
35673,0.8,36.926,23.245,29.826,23.254,4.905,7.206,6.138
35674,0.8,37.048,23.226,29.798,23.251,4.784,7.125,6.098
35675,0.79,37.154,23.238,29.798,23.251,4.783,7.083,6.056
35676,0.784,37.184,23.246,29.788,23.254,4.824,7.164,6.015
35677,0.787,36.897,23.265,29.778,23.251,4.865,7.084,6.096
35678,0.787,37.019,23.164,29.788,23.251,4.702,7.002,5.975
35679,0.771,37.097,23.206,29.778,23.244,4.742,7.041,6.096
35680,0.777,37.174,23.241,29.788,23.244,4.701,7.042,6.097
35681,0.784,36.849,23.238,29.798,23.24,4.701,7.082,5.975
35682,0.777,36.97,23.226,29.798,23.247,4.66,7.123,5.974
35683,0.774,37.077,23.222,29.778,23.247,4.7,7.165,6.137
35684,0.793,36.857,23.222,29.817,23.265,4.904,7.287,6.138
35685,0.793,36.913,23.257,29.807,23.258,4.744,7.125,6.098
35686,0.797,37.057,23.234,29.798,23.254,4.823,7.165,6.097
35687,0.803,37.145,23.234,29.817,23.258,4.783,7.287,6.097
35688,0.807,36.877,23.206,29.817,23.251,4.824,7.207,5.975
35689,0.813,36.999,23.202,29.788,23.247,4.661,7.125,5.974
35690,0.803,37.077,23.23,29.778,23.24,4.66,7.124,5.974
35691,0.81,37.183,23.214,29.778,23.251,4.7,7.165,5.974
35692,0.803,36.734,23.195,29.807,23.244,4.742,7.124,5.974
35693,0.79,36.816,23.202,29.779,23.247,4.661,7.083,5.974
35694,0.787,36.941,23.218,29.817,23.251,4.741,7.205,6.096
35695,0.784,37.038,23.249,29.846,23.258,4.905,7.328,6.138
35696,0.78,36.751,23.234,29.808,23.258,4.744,7.126,6.057
35697,0.78,36.892,23.222,29.807,23.258,4.742,7.205,6.015
35698,0.787,37.009,23.23,29.817,23.254,4.701,7.165,6.056
35699,0.78,37.077,23.195,29.817,23.258,4.823,7.287,6.137
35700,0.784,36.877,23.23,29.817,23.247,4.661,7.044,5.976
35701,0.777,36.98,23.203,29.798,23.247,4.7,7.204,6.015
35702,0.797,37.106,23.21,29.798,23.247,4.742,7.165,5.974
35703,0.797,37.155,23.237,29.798,23.244,4.701,7.124,5.974
35704,0.79,36.724,23.203,29.778,23.244,4.62,7.083,5.893
35705,0.8,36.863,23.233,29.797,23.247,4.741,7.123,6.136
35706,0.82,37.037,23.242,29.826,23.261,4.864,7.124,6.138
35707,0.813,37.01,23.257,29.817,23.254,4.743,7.083,6.057
35708,0.81,36.799,23.242,29.827,23.258,4.742,7.123,6.056
35709,0.81,36.912,23.218,29.798,23.251,4.823,7.124,6.015
35710,0.816,37.019,23.265,29.817,23.251,4.783,7.124,6.015
35711,0.823,36.79,23.23,29.798,23.244,4.62,6.961,5.852
35712,0.787,36.768,23.234,29.807,23.247,4.741,7.041,6.013
35713,0.797,36.921,23.199,29.807,23.247,4.701,6.96,6.056
35714,0.79,36.99,23.222,29.807,23.247,4.701,6.919,6.015
35715,0.784,36.665,23.226,29.798,23.247,4.579,6.796,5.934
35716,0.777,36.757,23.234,29.817,23.244,4.7,6.999,6.096
35717,0.78,36.931,23.249,29.836,23.261,4.863,7.041,6.178
35718,0.774,37.0,23.203,29.836,23.251,4.784,6.879,6.057
35719,0.774,36.617,23.226,29.827,23.247,4.702,6.877,6.056
35720,0.774,36.757,23.261,29.827,23.251,4.701,6.959,6.015
35721,0.777,36.854,23.277,29.827,23.251,4.823,6.919,6.096
35722,0.78,36.951,23.183,29.827,23.247,4.702,6.756,5.975
35723,0.774,36.54,23.202,29.798,23.24,4.701,6.795,6.015
35724,0.784,36.727,23.218,29.826,23.24,4.701,6.836,5.974
35725,0.787,36.825,23.222,29.817,23.24,4.742,6.755,5.974
35726,0.797,36.903,23.202,29.836,23.24,4.701,6.754,6.015
35727,0.787,36.693,23.253,29.817,23.247,4.66,6.795,6.056
35728,0.81,36.882,23.246,29.894,23.265,4.822,6.917,6.137
35729,0.813,36.961,23.222,29.847,23.248,4.743,6.796,6.057
35730,0.807,37.01,23.265,29.817,23.247,4.783,6.795,6.097
35731,0.8,36.559,23.195,29.836,23.247,4.742,6.795,6.097
35732,0.797,36.699,23.21,29.827,23.251,4.783,6.836,6.056
35733,0.797,36.825,23.171,29.827,23.251,4.702,6.714,5.975
35734,0.784,36.807,23.21,29.817,23.24,4.701,6.754,6.055
35735,0.777,36.73,23.195,29.846,23.247,4.66,6.754,6.015
35736,0.78,36.863,23.214,29.827,23.247,4.66,6.754,6.056
35737,0.767,36.942,23.226,29.808,23.244,4.7,6.714,6.056
35738,0.764,36.856,23.16,29.826,23.251,4.742,6.835,6.137
35739,0.777,36.759,23.206,29.875,23.265,4.823,6.918,6.179
35740,0.771,36.873,23.198,29.827,23.251,4.661,6.756,6.139
35741,0.777,36.932,23.272,29.846,23.251,4.741,6.795,6.057
35742,0.78,36.568,23.215,29.846,23.258,4.742,6.795,6.178
35743,0.787,36.641,23.218,29.856,23.258,4.823,6.795,6.139
35744,0.787,36.767,23.238,29.856,23.251,4.702,6.714,6.057
35745,0.78,36.835,23.214,29.817,23.244,4.701,6.713,6.056
35746,0.787,36.519,23.222,29.817,23.247,4.782,6.754,6.137
35747,0.797,36.641,23.269,29.836,23.251,4.702,6.714,6.057
35748,0.794,36.786,23.207,29.827,23.244,4.66,6.632,6.015
35749,0.793,36.845,23.206,29.827,23.247,4.782,6.672,6.218
35750,0.81,36.721,23.253,29.875,23.265,4.864,6.835,6.22
35751,0.81,36.835,23.25,29.846,23.251,4.743,6.796,6.18
35752,0.794,36.97,23.238,29.865,23.258,4.742,6.755,6.261
35753,0.777,37.019,23.203,29.856,23.254,4.701,6.795,6.302
35754,0.774,36.387,23.241,29.856,23.251,4.742,6.795,6.14
35755,0.774,36.505,23.203,29.827,23.244,4.661,6.633,6.016
35756,0.767,36.583,23.21,29.808,23.247,4.7,6.672,6.178
35757,0.774,36.67,23.198,29.826,23.251,4.701,6.794,6.179
35758,0.761,36.508,23.198,29.846,23.244,4.701,6.633,6.139
35759,0.764,36.65,23.198,29.846,23.244,4.66,6.672,6.179
35760,0.764,36.757,23.175,29.856,23.254,4.741,6.794,6.301
35761,0.787,36.835,23.264,29.884,23.261,4.823,6.836,6.302
35762,0.787,36.481,23.222,29.856,23.251,4.783,6.837,6.18
35763,0.787,36.612,23.222,29.856,23.251,4.742,6.877,6.301
35764,0.793,36.728,23.241,29.875,23.254,4.823,6.837,6.302
35765,0.8,37.046,23.226,29.865,23.258,4.743,6.877,6.302
35766,0.794,36.483,23.234,29.846,23.241,4.579,6.755,6.14
35767,0.78,36.602,23.261,29.856,23.247,4.7,6.876,6.301
35768,0.797,36.718,23.187,29.856,23.247,4.66,6.837,6.14
35769,0.797,36.441,23.222,29.827,23.244,4.66,6.837,6.138
35770,0.8,36.439,23.241,29.846,23.244,4.7,6.877,6.219
35771,0.797,36.573,23.23,29.856,23.258,4.863,7.04,6.342
35772,0.8,36.728,23.253,29.923,23.258,4.743,6.96,6.262
35773,0.787,36.365,23.179,29.856,23.251,4.783,7.0,6.18
35774,0.79,36.476,23.276,29.865,23.258,4.702,7.001,6.261
35775,0.79,36.612,23.223,29.875,23.254,4.742,7.001,6.221
35776,0.777,36.718,23.234,29.865,23.254,4.783,7.123,6.139
35777,0.774,36.326,23.265,29.827,23.244,4.702,6.961,6.138
35778,0.761,36.476,23.183,29.884,23.258,4.742,6.96,6.26
35779,0.77,36.612,23.171,29.866,23.247,4.661,7.041,6.262
35780,0.77,36.69,23.198,29.846,23.247,4.7,7.001,6.221
35781,0.77,36.374,23.194,29.856,23.244,4.701,6.919,6.18
35782,0.787,36.563,23.093,29.894,23.251,4.863,7.163,6.383
35783,0.79,36.699,23.193,29.894,23.254,4.702,7.084,6.263
35784,0.777,36.729,23.233,29.866,23.251,4.742,7.083,6.221
35785,0.787,36.365,23.246,29.885,23.251,4.783,7.083,6.18
35786,0.793,36.515,23.238,29.885,23.251,4.742,7.164,6.342
35787,0.8,36.65,23.281,29.885,23.254,4.742,7.084,6.221
35788,0.797,36.652,23.187,29.856,23.244,4.579,6.92,6.058
35789,0.8,36.383,23.222,29.875,23.247,4.781,7.081,6.178
35790,0.8,36.496,23.241,29.856,23.247,4.742,7.042,6.179
35791,0.8,36.612,23.226,29.865,23.244,4.661,7.001,6.057
35792,0.781,36.661,23.203,29.885,23.244,4.741,6.96,6.137
35793,0.79,36.681,23.167,29.875,23.247,4.823,7.082,6.301
35794,0.8,36.834,23.214,29.904,23.261,4.824,7.042,6.262
35795,0.781,36.903,23.226,29.885,23.247,4.702,6.96,6.18
35796,0.774,36.424,23.23,29.866,23.251,4.742,6.96,6.179
35797,0.774,36.208,23.261,29.875,23.247,4.742,7.041,6.22
35798,0.774,36.36,23.215,29.942,23.254,4.783,7.123,6.18
35799,0.774,36.447,23.218,29.895,23.237,4.702,6.961,6.179
35800,0.767,36.266,23.249,29.856,23.247,4.66,6.96,6.179
35801,0.77,36.408,23.253,29.875,23.251,4.741,7.0,6.179
35802,0.787,36.563,23.195,29.875,23.237,4.661,6.96,6.098
35803,0.771,36.622,23.19,29.865,23.244,4.7,7.0,6.138
35804,0.783,36.23,23.21,29.875,23.244,4.701,7.001,6.179
35805,0.793,36.389,23.226,29.913,23.254,4.782,7.245,6.342
35806,0.806,36.515,23.23,29.904,23.251,4.783,7.084,6.181
35807,0.794,36.574,23.249,29.885,23.254,4.742,7.083,6.261
35808,0.803,36.258,23.25,29.942,23.244,4.742,7.083,6.221
35809,0.8,36.408,23.222,29.914,23.254,4.701,7.164,6.18
35810,0.81,36.525,23.257,29.904,23.254,4.742,7.124,6.139
35811,0.794,36.555,23.238,29.866,23.234,4.661,6.961,6.057
35812,0.78,36.315,23.214,29.885,23.244,4.7,7.122,6.219
35813,0.79,36.485,23.195,29.885,23.251,4.701,7.165,6.139
35814,0.784,36.583,23.187,29.875,23.24,4.742,7.084,6.138
35815,0.777,36.641,23.206,29.875,23.247,4.661,7.083,6.138
35816,0.774,36.211,23.218,29.913,23.254,4.741,7.205,6.301
35817,0.787,36.398,23.245,29.923,23.258,4.823,7.247,6.18
35818,0.767,36.457,23.191,29.904,23.247,4.702,7.166,6.179
35819,0.767,36.506,23.226,29.904,23.247,4.782,7.165,6.22
35820,0.767,36.238,23.245,29.914,23.254,4.783,7.206,6.22
35821,0.77,36.379,23.253,29.904,23.254,4.783,7.206,6.18
35822,0.777,36.476,23.136,29.895,23.237,4.58,7.084,6.057
35823,0.774,36.487,23.202,29.885,23.251,4.7,7.123,6.178
35824,0.787,36.267,23.226,29.894,23.254,4.66,7.083,6.22
35825,0.793,36.389,23.199,29.894,23.247,4.7,7.083,6.139
35826,0.79,36.486,23.202,29.885,23.24,4.66,7.042,6.138
35827,0.797,36.18,23.249,29.894,23.251,4.822,7.204,6.219
35828,0.807,36.292,23.257,29.923,23.265,4.824,7.165,6.18
35829,0.807,36.399,23.183,29.914,23.251,4.702,7.165,6.179
35830,0.803,36.477,23.237,29.914,23.251,4.701,7.124,6.139
35831,0.8,36.065,23.156,29.914,23.258,4.782,7.124,6.219
35832,0.794,36.214,23.202,29.904,23.251,4.824,7.165,6.18
35833,0.79,36.321,23.194,29.895,23.251,4.661,7.002,6.057
35834,0.78,36.38,23.19,29.894,23.254,4.741,7.082,6.178
35835,0.78,36.275,23.226,29.914,23.247,4.742,7.002,6.098
35836,0.78,36.379,23.238,29.904,23.244,4.701,7.082,6.097
35837,0.78,36.505,23.195,29.885,23.24,4.66,6.961,6.138
35838,0.771,36.593,23.19,29.885,23.251,4.782,7.0,6.219
35839,0.78,36.124,23.218,29.952,23.265,4.824,7.123,6.302
35840,0.784,36.263,23.226,29.914,23.248,4.743,7.043,6.221
35841,0.767,36.37,23.242,29.914,23.247,4.742,7.042,6.22
35842,0.79,36.448,23.171,29.933,23.251,4.783,7.001,6.302
35843,0.79,36.266,23.175,29.924,23.254,4.783,7.041,6.18
35844,0.797,36.389,23.198,29.923,23.251,4.702,6.92,6.098
35845,0.79,36.457,23.206,29.885,23.24,4.66,6.959,6.138
35846,0.797,36.535,23.23,29.904,23.244,4.741,7.0,6.179
35847,0.797,36.171,23.23,29.923,23.247,4.661,7.001,6.139
35848,0.81,36.311,23.199,29.914,23.237,4.66,6.879,6.057
35849,0.803,36.418,23.191,29.914,23.247,4.7,7.0,6.178
35850,0.813,36.534,23.229,29.952,23.258,4.863,7.163,6.301
35851,0.81,36.018,23.148,29.933,23.251,4.743,7.043,6.221
35852,0.794,36.166,23.202,29.943,23.254,4.742,7.082,6.22
35853,0.793,36.254,23.202,29.933,23.258,4.701,7.042,6.261
35854,0.8,36.207,23.214,29.933,23.247,4.742,7.001,6.221
35855,0.784,36.264,23.195,29.904,23.244,4.579,6.879,6.058
35856,0.771,36.379,23.226,29.904,23.244,4.74,6.918,6.259
35857,0.787,36.486,23.226,29.923,23.247,4.742,6.919,6.18
35858,0.771,36.008,23.144,29.923,23.251,4.742,6.837,6.22
35859,0.767,36.118,23.198,29.923,23.24,4.62,6.837,6.139
35860,0.767,36.253,23.226,29.943,23.251,4.741,6.999,6.301
35861,0.79,36.351,23.249,29.962,23.258,4.742,6.919,6.221
35862,0.79,36.112,23.179,29.953,23.247,4.783,6.959,6.22
35863,0.79,36.244,23.198,29.953,23.251,4.661,6.96,6.18
35864,0.787,36.341,23.257,29.933,23.261,4.782,6.919,6.179
35865,0.797,36.438,23.238,29.962,23.261,4.702,6.878,6.179
35866,0.79,36.017,23.222,29.905,23.237,4.62,6.755,6.057
35867,0.803,36.166,23.234,29.933,23.251,4.7,6.957,6.178
35868,0.807,36.283,23.23,29.924,23.244,4.66,6.756,6.098
35869,0.81,36.341,23.206,29.923,23.24,4.66,6.836,6.138
35870,0.807,35.891,23.226,29.923,23.24,4.7,6.796,6.179
35871,0.781,36.04,23.218,29.962,23.254,4.823,6.958,6.383
35872,0.81,36.205,23.206,29.962,23.251,4.702,6.878,6.141
35873,0.797,36.216,23.21,29.943,23.251,4.66,6.837,6.219
35874,0.784,36.139,23.226,29.952,23.251,4.7,6.877,6.18
35875,0.793,36.263,23.226,29.943,23.251,4.742,6.877,6.139
35876,0.797,36.389,23.234,29.962,23.251,4.742,6.877,6.138
35877,0.774,36.371,23.234,29.905,23.24,4.661,6.755,6.138
35878,0.774,36.054,23.164,29.962,23.251,4.7,6.836,6.138
35879,0.787,36.185,23.19,29.953,23.247,4.66,6.877,6.138
35880,0.777,36.292,23.21,29.953,23.251,4.7,6.918,6.179
35881,0.78,36.14,23.222,29.933,23.244,4.701,6.919,6.139
35882,0.793,36.033,23.117,29.981,23.254,4.823,7.122,6.341
35883,0.803,36.185,23.182,29.972,23.254,4.661,6.961,6.181
35884,0.794,36.254,23.183,29.943,23.24,4.741,7.041,6.22
35885,0.797,36.053,23.222,29.952,23.251,4.742,7.001,6.22
35886,0.797,36.166,23.23,29.962,23.254,4.742,7.082,6.22
35887,0.816,36.292,23.245,29.972,23.258,4.701,7.083,6.18
35888,0.823,36.36,23.214,29.934,23.241,4.62,6.92,6.139
35889,0.826,35.882,23.202,29.952,23.251,4.659,7.0,6.098
35890,0.833,36.002,23.265,29.953,23.247,4.741,7.001,6.178
35891,0.836,36.127,23.183,29.953,23.247,4.701,7.041,6.057
35892,0.826,36.225,23.194,29.943,23.244,4.66,7.001,6.097
35893,0.833,36.043,23.194,29.962,23.261,4.782,7.204,6.26
35894,0.856,36.224,23.218,29.991,23.261,4.824,7.125,6.262
35895,0.83,36.321,23.222,29.962,23.247,4.702,7.083,6.221
35896,0.826,36.38,23.187,29.972,23.254,4.782,7.164,6.22
35897,0.826,35.882,23.249,29.962,23.251,4.824,7.246,6.22
35898,0.843,36.011,23.242,30.029,23.254,4.824,7.288,6.22
35899,0.846,36.147,23.195,29.972,23.237,4.661,7.207,6.098
35900,0.833,36.158,23.257,29.962,23.251,4.741,7.328,6.219
35901,0.846,35.995,23.199,29.962,23.251,4.742,7.37,6.22
35902,0.849,36.147,23.218,29.933,23.247,4.742,7.452,6.22
35903,0.853,36.244,23.179,29.943,23.244,4.661,7.412,6.098
35904,0.856,36.283,23.182,29.972,23.251,4.782,7.574,6.341
35905,0.872,35.996,23.229,30.001,23.261,4.824,7.575,6.303
35906,0.863,36.099,23.206,29.982,23.247,4.783,7.535,6.221
35907,0.862,36.186,23.253,29.972,23.251,4.783,7.575,6.261
35908,0.882,36.465,23.218,29.962,23.251,4.864,7.616,6.302
35909,0.889,36.084,23.183,29.981,23.258,4.743,7.576,6.302
35910,0.889,36.186,23.253,29.972,23.244,4.661,7.454,6.14
35911,0.876,36.283,23.168,29.972,23.247,4.741,7.534,6.219
35912,0.879,35.929,23.21,29.962,23.251,4.701,7.534,6.22
35913,0.889,35.973,23.183,29.962,23.244,4.701,7.494,6.261
35914,0.885,36.079,23.245,29.953,23.24,4.701,7.494,6.262
35915,0.889,36.195,23.242,29.981,23.258,4.742,7.616,6.343
35916,0.899,35.918,23.218,30.01,23.261,4.742,7.535,6.303
35917,0.892,36.002,23.261,29.963,23.251,4.823,7.453,6.221
35918,0.882,36.166,23.218,29.981,23.251,4.783,7.493,6.302
35919,0.885,36.254,23.191,29.991,23.254,4.824,7.494,6.384
35920,0.863,36.696,23.241,29.991,23.254,4.824,7.453,6.303
35921,0.862,36.825,23.164,29.982,23.24,4.702,7.33,6.18
35922,0.849,36.912,23.198,29.972,23.247,4.782,7.41,6.261
35923,0.862,37.009,23.198,29.981,23.254,4.702,7.33,6.221
35924,0.869,35.409,23.214,29.991,23.251,4.742,7.329,6.22
35925,0.879,35.565,23.21,29.982,23.244,4.661,7.289,6.139
35926,0.885,35.711,23.202,30.001,23.247,4.782,7.41,6.423
35927,0.911,35.789,23.269,30.02,23.265,4.864,7.411,6.344
35928,0.915,36.001,23.234,29.992,23.244,4.784,7.33,6.262
35929,0.912,36.137,23.171,29.982,23.247,4.824,7.289,6.302
35930,0.915,36.244,23.241,29.982,23.251,4.783,7.288,6.262
35931,0.915,36.283,23.136,30.01,23.251,4.742,7.288,6.262
35932,0.899,35.852,23.182,29.982,23.247,4.701,7.166,6.262
35933,0.879,35.925,23.167,29.953,23.244,4.701,7.206,6.262
35934,0.882,36.088,23.264,29.991,23.251,4.742,7.287,6.262
35935,0.863,36.119,23.261,29.982,23.244,4.742,7.166,6.221
35936,0.84,35.898,23.226,29.982,23.247,4.742,7.206,6.18
35937,0.833,36.002,23.245,29.962,23.24,4.701,7.287,6.342
35938,0.826,36.137,23.234,30.001,23.261,4.904,7.41,6.384
35939,0.839,35.927,23.199,30.02,23.251,4.744,7.289,6.344
35940,0.826,35.858,23.253,30.001,23.254,4.823,7.207,6.343
35941,0.826,35.982,23.191,29.991,23.251,4.824,7.287,6.303
35942,0.826,36.098,23.21,30.01,23.254,4.865,7.207,6.384
35943,0.826,35.745,23.206,30.011,23.247,4.824,7.206,6.303
35944,0.82,35.818,23.218,29.963,23.237,4.621,7.043,6.262
35945,0.813,35.963,23.222,30.001,23.251,4.822,7.164,6.302
35946,0.81,36.05,23.202,30.001,23.247,4.702,7.124,6.262
35947,0.813,35.725,23.265,29.991,23.244,4.66,7.124,6.262
35948,0.813,35.847,23.203,29.991,23.244,4.7,7.083,6.221
35949,0.813,35.972,23.21,30.02,23.247,4.823,7.286,6.383
35950,0.826,36.098,23.257,30.03,23.258,4.783,7.125,6.303
35951,0.81,35.678,23.183,29.992,23.251,4.702,7.165,6.302
35952,0.797,35.817,23.198,30.01,23.254,4.782,7.124,6.343
35953,0.794,35.953,23.171,30.011,23.258,4.864,7.124,6.303
35954,0.784,36.012,23.237,30.001,23.244,4.743,7.002,6.18
35955,0.761,35.859,23.207,29.982,23.24,4.661,6.96,6.22
35956,0.767,36.011,23.218,30.01,23.244,4.741,7.082,6.302
35957,0.757,36.128,23.226,29.982,23.247,4.742,6.961,6.221
35958,0.748,36.196,23.191,30.001,23.251,4.742,7.041,6.22
35959,0.731,35.736,23.19,30.011,23.251,4.783,7.042,6.302
35960,0.747,35.885,23.249,30.049,23.261,4.905,7.123,6.384
35961,0.741,36.002,23.121,30.04,23.247,4.744,7.043,6.263
35962,0.747,36.041,23.198,30.001,23.251,4.783,7.042,6.302
35963,0.741,35.821,23.202,30.02,23.251,4.742,7.001,6.343
35964,0.747,35.963,23.218,30.049,23.254,4.783,7.082,6.303
35965,0.747,36.07,23.191,30.03,23.244,4.783,6.92,6.14
35966,0.741,35.984,23.187,30.001,23.251,4.702,7.041,6.301
35967,0.757,35.744,23.237,30.011,23.251,4.782,6.96,6.221
35968,0.761,35.837,23.207,30.011,23.247,4.702,6.96,6.098
35969,0.767,35.944,23.222,29.991,23.244,4.742,6.96,6.097
35970,0.761,35.734,23.241,30.001,23.251,4.742,7.041,6.26
35971,0.757,35.856,23.175,30.058,23.265,4.864,7.164,6.343
35972,0.754,36.001,23.19,30.03,23.248,4.702,7.084,6.221
35973,0.741,36.06,23.175,30.02,23.247,4.742,7.042,6.22
35974,0.731,35.754,23.19,30.049,23.254,4.742,7.123,6.261
35975,0.734,35.885,23.187,30.03,23.251,4.783,7.165,6.302
35976,0.728,36.021,23.222,30.03,23.251,4.742,7.002,6.14
35977,0.712,36.07,23.218,29.982,23.24,4.742,7.041,6.219
35978,0.724,35.61,23.21,30.039,23.247,4.783,7.123,6.22
35979,0.718,35.759,23.187,30.04,23.247,4.742,7.165,6.18
35980,0.715,35.857,23.229,30.001,23.244,4.742,7.124,6.22
35981,0.718,35.934,23.191,30.02,23.251,4.742,7.205,6.261
35982,0.737,35.724,23.206,30.059,23.261,4.864,7.409,6.424
35983,0.741,35.866,23.194,30.03,23.251,4.784,7.208,6.222
35984,0.734,35.953,23.226,30.04,23.251,4.824,7.287,6.302
35985,0.744,36.012,23.234,30.02,23.247,4.824,7.329,6.262
35986,0.741,35.706,23.218,30.049,23.258,4.783,7.329,6.302
35987,0.751,35.818,23.202,30.03,23.247,4.742,7.207,6.221
35988,0.744,35.905,23.214,30.02,23.244,4.661,7.328,6.139
35989,0.754,35.944,23.195,30.03,23.244,4.822,7.37,6.219
35990,0.757,35.705,23.218,30.03,23.247,4.661,7.37,6.18
35991,0.754,35.837,23.214,30.078,23.24,4.7,7.37,6.22
35992,0.744,35.944,23.202,30.021,23.247,4.66,7.411,6.261
35993,0.744,36.271,23.257,30.059,23.261,4.863,7.493,6.343
35994,0.754,35.737,23.218,30.049,23.251,4.824,7.453,6.221
35995,0.738,35.827,23.226,30.03,23.244,4.743,7.493,6.261
35996,0.725,35.943,23.203,30.049,23.247,4.742,7.453,6.262
35997,0.731,35.724,23.23,30.04,23.251,4.823,7.493,6.302
35998,0.728,35.77,23.234,30.059,23.258,4.824,7.453,6.18
35999,0.712,35.895,23.175,30.011,23.241,4.58,7.29,6.139
36000,0.721,35.973,23.221,30.03,23.237,4.822,7.41,6.179
36001,0.728,35.628,23.179,30.04,23.251,4.702,7.33,6.22
36002,0.731,35.769,23.179,30.04,23.244,4.701,7.41,6.18
36003,0.738,35.895,23.21,30.03,23.24,4.701,7.33,6.098
36004,0.744,35.963,23.195,30.059,23.261,4.863,7.532,6.3
36005,0.76,35.619,23.257,30.069,23.254,4.784,7.453,6.221
36006,0.754,35.73,23.215,30.069,23.244,4.742,7.412,6.22
36007,0.754,35.856,23.245,30.05,23.251,4.864,7.371,6.261
36008,0.757,35.944,23.23,30.049,23.251,4.784,7.492,6.18
36009,0.77,35.542,23.171,30.049,23.251,4.824,7.412,6.22
36010,0.774,35.662,23.218,30.011,23.237,4.621,7.208,6.139
36011,0.764,35.798,23.124,30.049,23.244,4.781,7.287,6.179
36012,0.761,35.866,23.186,30.049,23.251,4.742,7.288,6.22
36013,0.757,35.675,23.21,30.04,23.251,4.661,7.247,6.139
36014,0.738,35.789,23.261,30.03,23.244,4.66,7.206,6.138
36015,0.734,35.953,23.254,30.068,23.258,4.863,7.409,6.382
36016,0.751,36.021,23.222,30.078,23.251,4.784,7.289,6.263
36017,0.735,35.6,23.195,30.059,23.251,4.742,7.288,6.221
36018,0.734,35.74,23.226,30.069,23.251,4.742,7.329,6.302
36019,0.734,35.847,23.218,30.088,23.251,4.783,7.248,6.262
36020,0.734,35.886,23.199,30.069,23.251,4.702,7.206,6.262
36021,0.725,35.685,23.175,30.04,23.244,4.66,7.125,6.139
36022,0.737,35.817,23.155,30.059,23.247,4.782,7.246,6.301
36023,0.747,35.915,23.217,30.059,23.251,4.783,7.125,6.221
36024,0.757,35.733,23.21,30.03,23.237,4.661,7.124,6.22
36025,0.751,35.578,23.187,30.059,23.24,4.741,7.124,6.302
36026,0.757,35.768,23.206,30.117,23.265,4.905,7.368,6.425
36027,0.767,35.857,23.226,30.06,23.251,4.784,7.167,6.222
36028,0.741,35.608,23.206,30.078,23.251,4.742,7.206,6.139
36029,0.767,35.702,23.206,30.069,23.251,4.823,7.165,6.219
36030,0.761,35.827,23.202,30.088,23.254,4.824,7.165,6.261
36031,0.77,35.915,23.21,30.069,23.247,4.743,7.084,6.18
36032,0.767,35.455,23.175,30.05,23.24,4.661,7.002,6.22
36033,0.793,35.633,23.182,30.059,23.247,4.7,7.123,6.18
36034,0.81,35.769,23.21,30.069,23.244,4.701,7.043,6.139
36035,0.829,35.828,23.202,30.05,23.247,4.701,6.96,6.138
36036,0.862,35.512,23.179,30.049,23.251,4.701,7.041,6.26
36037,0.892,35.681,23.264,30.097,23.265,4.904,7.204,6.262
36038,0.912,35.837,23.219,30.079,23.251,4.784,7.125,6.18
36039,0.922,35.876,23.191,30.069,23.251,4.783,7.043,6.261
36040,0.935,35.637,23.249,30.088,23.254,4.824,7.082,6.262
36041,0.951,35.779,23.164,30.098,23.251,4.783,7.083,6.302
36042,0.971,35.905,23.186,30.088,23.251,4.824,6.961,6.14
36043,0.987,35.925,23.155,30.05,23.237,4.702,6.919,6.098
36044,1.036,35.628,23.174,30.088,23.251,4.701,6.959,6.097
36045,1.072,35.74,23.171,30.069,23.244,4.742,6.878,6.138
36046,1.115,35.875,23.186,30.088,23.24,4.701,6.837,6.138
36047,1.167,35.896,23.226,30.078,23.251,4.742,6.958,6.26
36048,1.223,35.513,23.21,30.117,23.261,4.945,7.0,6.343
36049,1.282,35.691,23.191,30.088,23.251,4.825,6.838,6.221
36050,1.325,35.75,23.21,30.098,23.251,4.824,6.918,6.261
36051,1.352,35.933,23.222,30.146,23.254,4.783,6.959,6.302
36052,1.391,35.561,23.187,30.117,23.254,4.864,6.919,6.384
36053,1.404,35.682,23.194,30.088,23.251,4.784,6.796,6.263
36054,1.395,35.769,23.187,30.059,23.244,4.742,6.795,6.302
36055,1.391,35.444,23.171,30.078,23.24,4.783,6.877,6.384
36056,1.421,35.508,23.175,30.088,23.251,4.783,6.837,6.263
36057,1.444,35.614,23.225,30.078,23.244,4.742,6.796,6.384
36058,1.441,35.721,23.218,30.069,23.24,4.783,6.836,6.385
36059,1.428,35.453,23.199,30.136,23.261,4.986,7.04,6.588
36060,1.411,35.566,23.21,30.098,23.251,4.826,6.879,6.427
36061,1.392,35.682,23.152,30.107,23.251,4.743,7.0,6.466
36062,1.382,35.779,23.182,30.107,23.254,4.823,7.001,6.548
36063,1.352,35.406,23.175,30.107,23.261,4.824,7.001,6.549
36064,1.28,35.527,23.214,30.088,23.251,4.783,6.919,6.468
36065,1.234,35.634,23.179,30.069,23.251,4.742,6.959,6.629
36066,1.204,35.74,23.21,30.097,23.251,4.701,7.0,6.753
36067,1.142,35.511,23.175,30.088,23.244,4.742,6.96,6.836
36068,1.077,35.643,23.198,30.088,23.24,4.701,6.919,7.04
36069,1.027,35.769,23.233,30.107,23.251,4.823,7.0,7.448
36070,0.978,35.866,23.234,30.127,23.258,4.824,7.123,7.574
36071,0.88,35.503,23.218,30.098,23.251,4.824,7.043,7.779
36072,0.804,35.653,23.175,30.098,23.251,4.743,7.042,8.025
36073,0.751,35.769,23.225,30.107,23.251,4.823,7.001,8.271
36074,0.708,35.818,23.222,30.136,23.251,4.824,7.041,8.477
36075,0.65,35.493,23.21,30.069,23.247,4.661,6.879,8.601
36076,0.61,35.633,23.195,30.097,23.247,4.822,7.0,8.927
36077,0.577,35.75,23.21,30.098,23.247,4.783,6.919,9.012
36078,0.551,35.761,23.198,30.098,23.251,4.661,6.959,9.135
36079,0.531,35.521,23.187,30.088,23.244,4.741,7.0,9.299
36080,0.55,35.643,23.186,30.117,23.254,4.823,7.041,9.544
36081,0.576,35.798,23.186,30.155,23.265,4.905,7.042,9.588
36082,0.629,35.56,23.167,30.118,23.251,4.825,7.001,9.669
36083,0.655,35.5,23.21,30.117,23.251,4.743,7.001,9.792
36084,0.688,35.643,23.226,30.107,23.258,4.864,7.041,9.915
36085,0.734,35.731,23.238,30.136,23.251,4.784,7.042,10.039
36086,0.764,35.434,23.207,30.108,23.244,4.702,6.879,10.08
36087,0.78,35.537,23.179,30.107,23.251,4.823,7.0,10.447
36088,0.81,35.682,23.175,30.117,23.251,4.824,6.96,10.572
36089,0.826,35.769,23.218,30.098,23.247,4.743,6.96,10.777
36090,0.83,35.3,23.175,30.098,23.244,4.742,6.96,11.064
36091,0.833,35.459,23.186,30.107,23.258,4.742,7.041,11.432
36092,0.843,35.614,23.186,30.165,23.268,4.864,7.082,11.639
36093,0.833,35.682,23.233,30.108,23.254,4.784,7.002,11.804
36094,0.826,35.424,23.21,30.127,23.251,4.824,6.919,12.05
36095,0.823,35.565,23.222,30.108,23.251,4.824,6.919,12.133
36096,0.826,35.711,23.226,30.136,23.254,4.865,6.959,12.256
36097,0.804,35.751,23.206,30.108,23.24,4.662,6.797,12.176
36098,0.797,35.396,23.191,30.117,23.244,4.741,6.877,12.378
36099,0.803,35.565,23.179,30.117,23.244,4.742,6.877,12.34
36100,0.807,35.663,23.229,30.117,23.244,4.661,6.837,12.339
36101,0.8,35.731,23.203,30.165,23.247,4.7,6.877,12.299
36102,0.813,35.453,23.167,30.127,23.251,4.904,7.04,12.38
36103,0.836,35.633,23.225,30.165,23.261,4.906,7.001,12.218
36104,0.82,35.711,23.179,30.137,23.254,4.784,6.96,12.094
36105,0.823,35.722,23.229,30.117,23.254,4.783,7.041,12.093
36106,0.823,35.396,23.199,30.136,23.251,4.742,7.001,11.971
36107,0.833,35.517,23.222,30.136,23.254,4.823,7.041,11.889
36108,0.823,35.614,23.202,30.117,23.24,4.743,6.96,11.685
36109,0.82,35.606,23.202,30.107,23.244,4.823,7.082,11.723
36110,0.833,35.5,23.21,30.136,23.254,4.743,7.042,11.561
36111,0.83,35.662,23.155,30.117,23.247,4.783,7.042,11.397
36112,0.817,35.74,23.159,30.117,23.247,4.702,7.042,11.354
36113,0.813,35.396,23.186,30.127,23.254,4.863,7.123,11.354
36114,0.826,35.498,23.194,30.165,23.265,4.946,7.246,11.313
36115,0.813,35.624,23.206,30.127,23.251,4.744,7.084,11.15
36116,0.81,35.702,23.194,30.136,23.251,4.783,7.083,11.108
36117,0.81,35.319,23.237,30.136,23.251,4.783,7.164,10.904
36118,0.82,35.469,23.207,30.156,23.258,4.783,7.165,10.821
36119,0.8,35.585,23.179,30.127,23.241,4.702,7.002,10.617
36120,0.797,35.615,23.214,30.127,23.247,4.701,7.082,10.574
36121,0.803,35.213,23.191,30.156,23.254,4.782,7.042,10.533
36122,0.813,35.372,23.144,30.146,23.247,4.702,6.96,10.329
36123,0.813,35.488,23.186,30.117,23.247,4.66,6.919,10.205
36124,0.813,35.557,23.167,30.136,23.251,4.741,7.041,10.245
36125,0.833,35.413,23.202,30.184,23.265,4.945,7.204,10.164
36126,0.833,35.527,23.163,30.156,23.258,4.744,7.043,10.0
36127,0.836,35.634,23.186,30.156,23.254,4.742,7.123,9.917
36128,0.839,35.721,23.214,30.156,23.254,4.783,7.002,9.754
36129,0.849,35.319,23.206,30.146,23.251,4.824,7.082,9.59
36130,0.843,35.449,23.198,30.156,23.247,4.702,6.92,9.466
36131,0.83,35.556,23.179,30.127,23.24,4.701,6.919,9.424
36132,0.836,35.624,23.186,30.146,23.247,4.742,6.878,9.342
36133,0.826,35.309,23.202,30.146,23.244,4.742,6.918,9.219
36134,0.817,35.459,23.175,30.137,23.237,4.701,6.837,9.056
36135,0.816,35.537,23.186,30.136,23.251,4.742,6.918,9.095
36136,0.823,35.96,23.19,30.175,23.265,4.864,7.081,9.095
36137,0.833,35.456,23.206,30.137,23.254,4.743,6.92,8.973
36138,0.817,35.575,23.21,30.156,23.247,4.742,6.959,8.85
36139,0.82,35.701,23.183,30.165,23.254,4.823,6.96,8.808
36140,0.826,35.396,23.218,30.146,23.251,4.824,6.96,8.889
36141,0.81,35.441,23.214,30.204,23.258,4.743,6.878,8.687
36142,0.826,35.537,23.171,30.118,23.247,4.62,6.755,8.522
36143,0.817,35.643,23.202,30.136,23.247,4.741,6.876,8.52
36144,0.826,35.251,23.183,30.165,23.244,4.661,6.877,8.398
36145,0.836,35.372,23.179,30.146,23.247,4.7,6.755,8.356
36146,0.839,35.479,23.179,30.137,23.24,4.701,6.795,8.356
36147,0.846,35.595,23.171,30.175,23.251,4.863,6.917,8.397
36148,0.853,35.212,23.206,30.204,23.254,4.865,6.878,8.275
36149,0.859,35.314,23.202,30.156,23.244,4.784,6.877,8.152
36150,0.843,35.43,23.187,30.175,23.247,4.783,6.877,8.15
36151,0.862,35.537,23.186,30.166,23.258,4.824,6.877,8.11
36152,0.856,35.289,23.198,30.165,23.251,4.824,6.877,8.069
36153,0.859,35.411,23.222,30.165,23.24,4.661,6.796,7.824
36154,0.84,35.508,23.202,30.165,23.244,4.741,6.836,7.985
36155,0.836,35.605,23.214,30.156,23.251,4.701,6.837,7.905
36156,0.833,35.318,23.187,30.165,23.24,4.66,6.796,7.782
36157,0.826,35.43,23.218,30.137,23.244,4.66,6.795,7.781
36158,0.826,35.566,23.218,30.156,23.247,4.782,6.958,7.944
36159,0.843,35.663,23.214,30.213,23.251,4.824,6.919,7.864
36160,0.833,35.28,23.226,30.156,23.251,4.824,6.878,7.741
36161,0.833,35.42,23.163,30.204,23.258,4.743,6.918,7.781
36162,0.846,35.517,23.186,30.175,23.247,4.783,6.837,7.7
36163,0.846,35.547,23.186,30.194,23.251,4.783,6.877,7.658
36164,0.846,35.231,23.179,30.156,23.24,4.62,6.715,7.414
36165,0.836,35.362,23.171,30.156,23.247,4.7,6.835,7.615
36166,0.856,35.479,23.186,30.175,23.24,4.701,6.796,7.495
36167,0.862,35.451,23.183,30.166,23.247,4.701,6.755,7.371
36168,0.859,35.441,23.163,30.165,23.237,4.66,6.754,7.452
36169,0.872,35.556,23.217,30.165,23.261,4.822,6.876,7.574
36170,0.882,35.701,23.191,30.213,23.254,4.783,6.837,7.413
36171,0.879,35.108,23.202,30.176,23.251,4.742,6.755,7.411
36172,0.856,35.179,23.171,30.185,23.258,4.783,6.957,7.411
36173,0.859,35.323,23.202,30.175,23.258,4.783,6.919,7.452
36174,0.859,35.421,23.202,30.194,23.254,4.742,6.878,7.371
36175,0.849,35.239,23.198,30.147,23.24,4.62,6.715,7.167
36176,0.833,35.381,23.187,30.156,23.244,4.7,6.835,7.246
36177,0.843,35.508,23.226,30.175,23.247,4.742,6.796,7.206
36178,0.839,35.595,23.199,30.156,23.247,4.701,6.714,7.165
36179,0.833,35.126,23.198,30.156,23.24,4.701,6.794,7.124
36180,0.833,35.265,23.206,30.194,23.254,4.823,6.877,7.327
36181,0.839,35.43,23.202,30.214,23.258,4.783,6.959,7.248
36182,0.846,35.479,23.179,30.185,23.247,4.742,6.878,7.084
36183,0.849,35.384,23.179,30.166,23.251,4.783,6.918,7.164
36184,0.862,35.517,23.21,30.175,23.251,4.783,6.919,7.124
36185,0.869,35.643,23.206,30.204,23.261,4.783,6.919,7.124
36186,0.863,35.673,23.191,30.175,23.244,4.62,6.837,6.921
36187,0.859,35.098,23.163,30.175,23.247,4.741,6.918,7.081
36188,0.875,35.284,23.194,30.166,23.251,4.742,6.878,7.002
36189,0.872,35.382,23.214,30.165,23.24,4.742,6.837,6.919
36190,0.872,35.412,23.144,30.165,23.247,4.701,6.837,6.878
36191,0.879,35.211,23.202,30.175,23.254,4.823,7.04,7.04
36192,0.885,35.381,23.194,30.233,23.258,4.905,7.001,6.96
36193,0.866,35.46,23.194,30.195,23.251,4.703,6.919,6.96
36194,0.879,35.614,23.226,30.195,23.254,4.782,7.0,6.919
36195,0.859,35.28,23.206,30.185,23.251,4.783,7.001,7.0
36196,0.869,35.42,23.21,30.194,23.254,4.783,6.96,6.919
36197,0.859,35.508,23.23,30.166,23.24,4.742,6.797,6.756
36198,0.856,35.087,23.167,30.175,23.244,4.783,6.958,6.795
36199,0.853,35.131,23.202,30.185,23.251,4.783,6.878,6.917
36200,0.853,35.246,23.206,30.194,23.247,4.702,6.877,6.796
36201,0.859,35.353,23.187,30.252,23.24,4.701,6.877,6.755
36202,0.856,35.162,23.155,30.185,23.251,4.863,6.877,6.836
36203,0.882,35.323,23.186,30.242,23.261,4.906,7.04,6.877
36204,0.882,35.43,23.206,30.214,23.251,4.825,6.92,6.796
36205,0.879,35.518,23.194,30.185,23.251,4.824,6.919,6.877
36206,0.879,35.097,23.187,30.204,23.254,4.824,6.878,6.796
36207,0.889,35.246,23.163,30.204,23.251,4.865,6.918,6.755
36208,0.885,35.353,23.171,30.185,23.24,4.743,6.756,6.673
36209,0.885,35.402,23.202,30.166,23.244,4.742,6.836,6.713
36210,0.892,35.163,23.183,30.194,23.251,4.742,6.837,6.754
36211,0.892,35.304,23.183,30.185,23.247,4.742,6.796,6.673
36212,0.879,35.411,23.198,30.185,23.24,4.661,6.795,6.631
36213,0.876,35.479,23.183,30.194,23.254,4.782,6.877,6.712
36214,0.882,35.125,23.198,30.214,23.261,4.905,7.0,6.754
36215,0.876,35.227,23.191,30.204,23.251,4.784,6.919,6.673
36216,0.876,35.353,23.171,30.204,23.251,4.824,6.878,6.672
36217,0.879,35.402,23.233,30.195,23.254,4.824,6.959,6.672
36218,0.866,35.191,23.179,30.204,23.251,4.865,6.919,6.713
36219,0.872,35.314,23.159,30.204,23.251,4.743,6.878,6.591
36220,0.859,35.392,23.214,30.185,23.244,4.823,6.918,6.631
36221,0.869,35.46,23.136,30.223,23.244,4.743,6.919,6.672
36222,0.882,35.24,23.182,30.204,23.244,4.783,7.0,6.591
36223,0.885,35.362,23.183,30.185,23.244,4.702,6.919,6.549
36224,0.889,35.45,23.261,30.194,23.247,4.782,6.959,6.752
36225,0.895,35.221,23.211,30.242,23.258,4.946,7.163,6.754
36226,0.905,35.142,23.187,30.214,23.247,4.785,7.084,6.673
36227,0.902,35.275,23.179,30.204,23.251,4.824,7.042,6.672
36228,0.908,35.363,23.194,30.223,23.251,4.865,7.082,6.631
36229,0.905,35.076,23.23,30.214,23.247,4.824,7.083,6.672
36230,0.915,35.188,23.187,30.214,23.254,4.783,7.042,6.509
36231,0.909,35.295,23.19,30.185,23.244,4.702,6.96,6.508
36232,0.908,35.401,23.187,30.223,23.244,4.742,7.0,6.589
36233,0.899,34.971,23.214,30.214,23.247,4.742,7.001,6.509
36234,0.899,35.11,23.163,30.204,23.244,4.783,6.96,6.467
36235,0.892,35.246,23.159,30.204,23.244,4.742,6.96,6.507
36236,0.895,35.343,23.206,30.233,23.254,4.905,7.122,6.67
36237,0.895,35.095,23.179,30.233,23.254,4.825,7.043,6.631
36238,0.889,35.236,23.175,30.214,23.251,4.865,7.042,6.55
36239,0.892,35.353,23.198,30.243,23.251,4.824,6.96,6.59
36240,0.895,35.411,23.171,30.233,23.254,4.905,7.041,6.631
36241,0.892,35.105,23.206,30.243,23.251,4.825,7.001,6.55
36242,0.892,35.217,23.155,30.195,23.24,4.743,6.919,6.468
36243,0.895,35.343,23.225,30.223,23.247,4.783,7.0,6.548
36244,0.899,35.363,23.187,30.214,23.247,4.824,6.919,6.468
36245,0.912,35.076,23.194,30.214,23.244,4.783,7.0,6.467
36246,0.918,35.236,23.198,30.223,23.24,4.824,6.96,6.548
36247,0.922,35.353,23.179,30.262,23.254,4.946,7.204,6.712
36248,0.944,35.411,23.21,30.243,23.251,4.825,7.043,6.632
36249,0.925,35.172,23.198,30.224,23.251,4.824,7.001,6.631
36250,0.935,35.285,23.175,30.224,23.258,4.824,7.123,6.55
36251,0.935,35.43,23.194,30.233,23.265,4.824,7.165,6.63
36252,0.925,35.297,23.163,30.252,23.248,4.743,7.002,6.428
36253,0.925,35.008,23.217,30.205,23.244,4.742,7.082,6.548
36254,0.931,35.139,23.218,30.223,23.251,4.742,7.083,6.468
36255,0.922,35.246,23.183,30.233,23.254,4.783,7.002,6.426
36256,0.925,35.027,23.179,30.224,23.244,4.742,7.001,6.507
36257,0.912,35.111,23.186,30.214,23.247,4.742,7.041,6.508
36258,0.928,35.294,23.214,30.271,23.265,4.905,7.245,6.63
36259,0.918,35.363,23.163,30.224,23.251,4.825,7.044,6.55
36260,0.925,35.066,23.198,30.243,23.251,4.824,7.123,6.59
36261,0.918,35.226,23.194,30.262,23.247,4.824,7.083,6.59
36262,0.925,35.333,23.179,30.253,23.258,4.824,7.123,6.59
36263,0.931,35.421,23.194,30.224,23.241,4.783,6.961,6.468
36264,0.925,34.99,23.226,30.204,23.244,4.742,7.0,6.467
36265,0.941,35.158,23.222,30.252,23.244,4.783,7.082,6.507
36266,0.938,35.304,23.199,30.253,23.244,4.783,7.083,6.467
36267,0.951,35.363,23.187,30.243,23.24,4.742,7.002,6.426
36268,0.948,35.038,23.171,30.233,23.247,4.783,7.041,6.548
36269,0.964,35.226,23.237,30.281,23.258,4.986,7.286,6.63
36270,0.968,35.333,23.187,30.262,23.251,4.744,7.044,6.468
36271,0.974,35.382,23.167,30.234,23.254,4.823,7.042,6.467
36272,0.961,35.172,23.186,30.252,23.247,4.824,7.123,6.467
36273,0.964,35.304,23.206,30.272,23.258,4.905,7.124,6.467
36274,0.961,35.43,23.187,30.253,23.244,4.784,7.043,6.386
36275,0.951,35.441,23.171,30.233,23.251,4.742,7.042,6.466
36276,0.961,35.057,23.186,30.243,23.247,4.742,7.001,6.467
36277,0.955,35.178,23.194,30.243,23.244,4.783,7.001,6.386
36278,0.951,35.314,23.163,30.224,23.24,4.661,6.96,6.385
36279,0.948,35.699,23.194,30.262,23.251,4.822,7.041,6.547
36280,0.964,35.271,23.159,30.281,23.258,4.905,7.164,6.508
36281,0.955,35.372,23.171,30.262,23.251,4.825,7.124,6.467
36282,0.964,35.469,23.155,30.272,23.244,4.865,7.083,6.548
36283,0.981,35.23,23.194,30.262,23.251,4.824,7.245,6.508
36284,0.984,35.266,23.218,30.262,23.254,4.783,7.206,6.508
36285,0.997,35.43,23.175,30.243,23.244,4.783,7.084,6.345
36286,0.991,35.47,23.19,30.243,23.247,4.742,7.205,6.425
36287,1.0,35.211,23.187,30.262,23.251,4.823,7.125,6.426
36288,1.004,35.333,23.183,30.243,23.244,4.743,7.165,6.385
36289,1.017,35.44,23.198,30.233,23.244,4.742,7.165,6.344
36290,1.01,35.527,23.163,30.243,23.247,4.783,7.246,6.466
36291,1.027,35.346,23.202,30.281,23.265,4.905,7.328,6.589
36292,1.023,35.478,23.159,30.262,23.251,4.784,7.248,6.468
36293,1.014,35.604,23.175,30.253,23.247,4.905,7.206,6.507
36294,1.017,35.663,23.21,30.262,23.254,4.825,7.369,6.508
36295,1.023,35.338,23.159,30.272,23.258,4.865,7.289,6.508
36296,1.017,35.507,23.182,30.272,23.251,4.824,7.247,6.386
36297,1.01,35.585,23.222,30.234,23.237,4.702,7.206,6.466
36298,1.02,35.673,23.21,30.272,23.254,4.823,7.247,6.467
36299,1.01,35.625,23.202,30.262,23.251,4.783,7.247,6.386
36300,1.01,35.73,23.202,30.262,23.244,4.783,7.166,6.425
36301,1.014,35.866,23.093,30.272,23.247,4.824,7.246,6.507
36302,1.036,35.934,23.186,30.291,23.265,4.987,7.328,6.589
36303,1.05,35.657,23.183,30.282,23.251,4.744,7.167,6.427
36304,1.05,35.788,23.198,30.262,23.251,4.823,7.246,6.466
36305,1.063,35.895,23.14,30.281,23.251,4.824,7.288,6.507
36306,1.069,35.935,23.163,30.282,23.258,4.824,7.247,6.508
36307,1.076,35.724,23.171,30.262,23.251,4.743,7.166,6.386
36308,1.079,35.827,23.163,30.253,23.24,4.701,7.206,6.385
36309,1.092,35.972,23.171,30.272,23.251,4.863,7.287,6.466
36310,1.099,35.878,23.198,30.253,23.247,4.784,7.247,6.426
36311,1.093,35.858,23.202,30.262,23.244,4.702,7.206,6.426
36312,1.079,35.973,23.155,30.253,23.24,4.823,7.247,6.466
36313,1.089,36.108,23.217,30.31,23.258,4.946,7.41,6.629
36314,1.102,35.956,23.241,30.282,23.254,4.825,7.249,6.468
36315,1.089,36.041,23.199,30.282,23.251,4.824,7.288,6.467
36316,1.089,36.157,23.183,30.282,23.254,4.865,7.369,6.467
36317,1.096,36.263,23.186,30.272,23.258,4.865,7.37,6.467
36318,1.096,36.197,23.206,30.282,23.251,4.784,7.289,6.467
36319,1.086,36.312,23.175,30.262,23.24,4.783,7.329,6.467
36320,1.096,36.437,23.198,30.281,23.251,4.824,7.289,6.467
36321,1.102,36.515,23.183,30.282,23.251,4.783,7.247,6.345
36322,1.106,36.123,23.179,30.243,23.247,4.824,7.166,6.343
36323,1.112,36.244,23.222,30.252,23.24,4.824,7.287,6.506
36324,1.119,36.398,23.238,30.301,23.261,4.987,7.41,6.589
36325,1.129,36.448,23.214,30.282,23.251,4.744,7.289,6.427
36326,1.132,36.477,23.198,30.282,23.244,4.864,7.329,6.466
36327,1.135,36.592,23.144,30.272,23.251,4.824,7.41,6.426
36328,1.142,36.737,23.186,30.301,23.247,4.824,7.33,6.466
36329,1.158,36.768,23.186,30.282,23.251,4.865,7.289,6.304
36330,1.139,36.432,23.136,30.243,23.24,4.662,7.288,6.343
36331,1.158,36.602,23.131,30.281,23.247,4.741,7.329,6.384
36332,1.148,36.718,23.182,30.282,23.24,4.823,7.289,6.344
36333,1.142,36.739,23.206,30.262,23.251,4.743,7.288,6.343
36334,1.138,36.662,23.21,30.262,23.251,4.783,7.288,6.425
36335,1.142,36.824,23.214,30.301,23.258,4.946,7.491,6.507
36336,1.158,36.979,23.195,30.301,23.254,4.825,7.331,6.467
36337,1.142,37.039,23.19,30.282,23.251,4.824,7.329,6.467
36338,1.148,36.857,23.155,30.301,23.254,4.865,7.289,6.548
36339,1.142,36.97,23.182,30.301,23.251,4.906,7.288,6.549
36340,1.155,37.058,23.194,30.272,23.251,4.825,7.288,6.427
36341,1.135,36.848,23.132,30.262,23.24,4.702,7.166,6.426
36342,1.148,36.941,23.139,30.291,23.254,4.823,7.206,6.385
36343,1.158,37.057,23.174,30.291,23.244,4.783,7.165,6.303
36344,1.158,37.126,23.19,30.272,23.24,4.783,7.165,6.343
36345,1.165,36.925,23.179,30.272,23.247,4.783,7.165,6.466
36346,1.171,37.105,23.179,30.329,23.258,4.946,7.287,6.589
36347,1.184,37.222,23.147,30.311,23.254,4.785,7.125,6.468
36348,1.181,37.31,23.139,30.301,23.258,4.824,7.124,6.426
36349,1.188,37.138,23.19,30.301,23.251,4.905,7.205,6.426
36350,1.178,37.28,23.112,30.311,23.254,4.825,7.165,6.426
36351,1.188,37.396,23.162,30.311,23.251,4.865,7.043,6.385
36352,1.165,37.436,23.139,30.272,23.244,4.743,7.123,6.344
36353,1.165,37.101,23.198,30.282,23.251,4.783,7.043,6.303
36354,1.168,37.232,23.198,30.31,23.24,4.783,7.001,6.262
36355,1.152,37.348,23.183,30.282,23.24,4.742,7.001,6.302
36356,1.145,37.407,23.163,30.291,23.247,4.783,7.123,6.384
36357,1.148,37.34,23.194,30.33,23.265,4.946,7.124,6.425
36358,1.148,37.454,23.175,30.292,23.248,4.825,7.124,6.385
36359,1.142,37.561,23.194,30.301,23.254,4.824,7.002,6.425
36360,1.135,37.591,23.19,30.32,23.254,4.783,7.001,6.426
36361,1.132,37.409,23.19,30.311,23.258,4.864,7.001,6.385
36362,1.129,37.522,23.163,30.301,23.247,4.743,6.797,6.181
36363,1.119,37.61,23.175,30.291,23.251,4.783,6.958,6.342
36364,1.122,37.659,23.218,30.301,23.251,4.864,6.96,6.262
36365,1.122,37.391,23.187,30.301,23.251,4.784,6.919,6.262
36366,1.116,37.512,23.186,30.311,23.244,4.742,6.919,6.262
36367,1.109,37.619,23.175,30.291,23.254,4.864,7.0,6.343
36368,1.119,37.553,23.198,30.349,23.265,4.987,7.082,6.343
36369,1.112,37.553,23.202,30.321,23.251,4.866,7.002,6.303
36370,1.109,37.677,23.167,30.311,23.251,4.784,7.001,6.343
36371,1.102,37.765,23.178,30.32,23.254,4.824,7.041,6.303
36372,1.086,37.459,23.163,30.311,23.254,4.824,7.001,6.302
36373,1.07,37.552,23.194,30.311,23.247,4.702,6.879,6.18
36374,1.05,37.658,23.21,30.291,23.251,4.782,7.0,6.301
36375,1.046,37.755,23.155,30.291,23.247,4.824,6.96,6.221
36376,1.033,37.497,23.194,30.301,23.251,4.743,6.919,6.22
36377,1.02,37.609,23.167,30.301,23.244,4.742,6.878,6.18
36378,1.004,37.754,23.171,30.291,23.251,4.823,7.081,6.342
36379,1.014,37.861,23.202,30.33,23.268,4.905,7.083,6.343
36380,0.997,37.546,23.194,30.32,23.248,4.825,7.042,6.262
36381,0.984,37.706,23.202,30.311,23.251,4.783,7.042,6.262
36382,0.981,37.803,23.148,30.32,23.251,4.824,7.082,6.302
36383,0.994,37.871,23.186,30.33,23.254,4.824,7.123,6.221
36384,0.987,37.546,23.206,30.292,23.244,4.702,6.921,6.139
36385,0.974,37.667,23.163,30.301,23.251,4.782,6.959,6.301
36386,0.974,37.793,23.167,30.32,23.251,4.824,7.041,6.221
36387,0.971,37.833,23.143,30.301,23.244,4.783,7.001,6.22
36388,0.971,37.642,23.178,30.291,23.251,4.702,6.96,6.18
36389,0.977,37.774,23.218,30.32,23.254,4.823,7.041,6.301
36390,0.984,37.91,23.179,30.33,23.258,4.824,7.001,6.221
36391,0.961,37.92,23.175,30.311,23.251,4.783,6.96,6.22
36392,0.945,37.614,23.163,30.32,23.254,4.824,7.0,6.22
36393,0.938,37.754,23.217,30.311,23.251,4.824,7.041,6.261
36394,0.932,37.823,23.202,30.32,23.254,4.783,6.96,6.221
36395,0.912,37.737,23.148,30.282,23.244,4.661,6.919,6.098
36396,0.899,37.669,23.163,30.31,23.254,4.741,6.959,6.138
36397,0.889,37.755,23.151,30.32,23.244,4.864,6.96,6.138
36398,0.889,37.871,23.171,30.301,23.247,4.662,6.919,6.057
36399,0.872,37.604,23.182,30.311,23.247,4.782,6.959,6.137
36400,0.879,37.716,23.171,30.349,23.258,4.864,7.122,6.382
36401,0.882,37.871,23.19,30.34,23.251,4.743,6.961,6.263
36402,0.866,37.939,23.163,30.321,23.251,4.783,7.0,6.221
36403,0.862,37.508,23.182,30.32,23.251,4.783,6.96,6.18
36404,0.866,37.619,23.214,30.34,23.258,4.824,6.96,6.301
36405,0.866,37.764,23.195,30.34,23.251,4.702,6.919,6.099
36406,0.859,37.794,23.171,30.301,23.244,4.66,6.919,6.138
36407,0.866,37.517,23.136,30.349,23.244,4.741,6.837,6.179
36408,0.862,37.658,23.135,30.321,23.247,4.742,6.877,6.179
36409,0.866,37.745,23.217,30.311,23.24,4.701,6.877,6.098
36410,0.859,37.804,23.124,30.32,23.247,4.742,6.877,6.219
36411,0.869,37.497,23.131,30.34,23.261,4.864,7.04,6.302
36412,0.872,37.657,23.19,30.34,23.251,4.784,6.92,6.221
36413,0.843,37.755,23.194,30.34,23.251,4.783,6.878,6.22
36414,0.853,37.813,23.155,30.34,23.251,4.783,6.918,6.261
36415,0.83,37.603,23.132,30.321,23.254,4.824,6.959,6.221
36416,0.833,37.735,23.17,30.33,23.254,4.743,6.797,6.139
36417,0.81,37.832,23.159,30.32,23.244,4.661,6.714,6.138
36418,0.816,37.891,23.124,30.311,23.254,4.7,6.835,6.179
36419,0.816,37.527,23.201,30.32,23.247,4.782,6.796,6.179
36420,0.8,37.667,23.109,30.32,23.244,4.661,6.836,6.139
36421,0.797,37.765,23.147,30.32,23.251,4.7,6.837,6.219
36422,0.813,38.053,23.174,30.349,23.265,4.904,6.999,6.383
36423,0.82,37.634,23.214,30.34,23.251,4.784,6.797,6.222
36424,0.807,37.716,23.198,30.33,23.251,4.742,6.755,6.22
36425,0.826,37.813,23.191,30.34,23.254,4.823,6.876,6.302
36426,0.83,37.507,23.21,30.34,23.254,4.865,6.837,6.302
36427,0.833,37.533,23.175,30.34,23.254,4.743,6.755,6.14
36428,0.817,37.639,23.147,30.311,23.244,4.701,6.795,6.301
36429,0.833,37.755,23.21,30.32,23.251,4.742,6.795,6.221
36430,0.843,37.392,23.148,30.32,23.247,4.661,6.714,6.18
36431,0.83,37.503,23.159,30.32,23.244,4.741,6.754,6.179
36432,0.82,37.638,23.147,30.33,23.247,4.783,6.754,6.22
36433,0.833,37.755,23.194,30.349,23.261,4.824,6.876,6.302
36434,0.826,37.392,23.179,30.321,23.258,4.783,6.715,6.262
36435,0.804,37.522,23.19,30.32,23.251,4.742,6.794,6.302
36436,0.807,37.648,23.179,30.349,23.254,4.783,6.755,6.262
36437,0.794,37.697,23.147,30.349,23.251,4.824,6.795,6.18
36438,0.806,37.468,23.174,30.33,23.247,4.743,6.633,6.098
36439,0.79,37.571,23.198,30.311,23.24,4.701,6.631,6.178
36440,0.79,37.716,23.136,30.339,23.247,4.742,6.712,6.22
36441,0.79,37.794,23.17,30.349,23.244,4.701,6.632,6.22
36442,0.8,37.392,23.143,30.321,23.24,4.66,6.59,6.18
36443,0.8,37.522,23.186,30.32,23.244,4.66,6.631,6.179
36444,0.807,37.677,23.171,30.378,23.254,4.863,6.794,6.261
36445,0.826,37.736,23.159,30.35,23.251,4.824,6.633,6.18
36446,0.817,37.41,23.182,30.359,23.251,4.783,6.631,6.22
36447,0.816,37.561,23.171,30.359,23.251,4.824,6.753,6.22
36448,0.813,37.648,23.155,30.378,23.251,4.783,6.592,6.261
36449,0.839,37.649,23.213,30.34,23.254,4.783,6.631,6.221
36450,0.823,37.419,23.175,30.321,23.24,4.62,6.59,6.139
36451,0.839,37.57,23.182,30.33,23.251,4.741,6.631,6.219
36452,0.817,37.658,23.171,30.34,23.251,4.701,6.672,6.139
36453,0.813,37.448,23.19,30.349,23.247,4.701,6.55,6.179
36454,0.807,37.408,23.187,30.397,23.254,4.782,6.712,6.22
36455,0.8,37.57,23.163,30.369,23.261,4.946,6.754,6.302
36456,0.803,37.639,23.167,30.34,23.251,4.744,6.714,6.262
36457,0.787,37.362,23.132,30.349,23.251,4.742,6.754,6.262
36458,0.8,37.474,23.151,30.359,23.254,4.823,6.795,6.302
36459,0.797,37.6,23.206,30.369,23.258,4.824,6.836,6.302
36460,0.794,37.668,23.128,30.35,23.247,4.661,6.674,6.099
36461,0.78,37.343,23.147,30.33,23.251,4.7,6.713,6.219
36462,0.79,37.483,23.178,30.34,23.247,4.742,6.794,6.22
36463,0.8,37.609,23.214,30.349,23.251,4.742,6.755,6.139
36464,0.8,37.687,23.089,30.34,23.244,4.661,6.795,6.219
36465,0.8,37.237,23.092,30.34,23.258,4.822,6.795,6.383
36466,0.816,37.405,23.154,30.378,23.258,4.783,6.755,6.263
36467,0.813,37.503,23.135,30.35,23.251,4.742,6.714,6.221
36468,0.82,37.562,23.159,30.359,23.251,4.742,6.835,6.302
36469,0.826,37.303,23.202,30.34,23.254,4.783,6.877,6.302
36470,0.817,37.454,23.187,30.359,23.254,4.742,6.715,6.262
36471,0.826,37.513,23.171,30.311,23.24,4.661,6.632,6.099
36472,0.813,37.571,23.194,30.33,23.251,4.7,6.794,6.178
36473,0.81,37.361,23.19,30.34,23.251,4.701,6.795,6.179
36474,0.81,37.503,23.163,30.407,23.247,4.701,6.714,6.179
36475,0.807,37.59,23.194,30.34,23.247,4.701,6.754,6.139
36476,0.8,37.62,23.171,30.349,23.251,4.782,6.836,6.301
36477,0.81,37.371,23.151,30.445,23.261,4.864,6.755,6.18
36478,0.803,37.474,23.163,30.35,23.251,4.784,6.795,6.22
36479,0.803,37.561,23.214,30.349,23.251,4.783,6.755,6.22
36480,0.797,37.581,23.159,30.388,23.254,4.742,6.795,6.261
36481,0.803,37.371,23.155,30.359,23.251,4.823,6.795,6.221
36482,0.8,37.464,23.167,30.34,23.244,4.621,6.592,6.18
36483,0.807,37.552,23.21,30.34,23.251,4.741,6.671,6.179
36484,0.81,37.294,23.159,30.34,23.24,4.742,6.631,6.179
36485,0.813,37.368,23.171,30.34,23.244,4.661,6.672,6.098
36486,0.82,37.474,23.163,30.33,23.247,4.7,6.753,6.138
36487,0.823,37.58,23.093,30.349,23.247,4.742,6.917,6.301
36488,0.843,37.323,23.154,30.388,23.265,4.823,6.919,6.221
36489,0.83,37.406,23.186,30.35,23.241,4.824,6.959,6.139
36490,0.839,37.522,23.136,30.349,23.254,4.783,6.96,6.179
36491,0.843,37.629,23.163,30.349,23.251,4.783,7.0,6.261
36492,0.826,37.323,23.178,30.359,23.251,4.783,7.041,6.18
36493,0.823,37.445,23.229,30.34,23.244,4.661,6.92,6.139
36494,0.813,37.532,23.136,30.33,23.251,4.741,7.0,6.219
36495,0.81,37.639,23.186,30.34,23.251,4.783,7.041,6.18
36496,0.8,37.237,23.155,30.349,23.247,4.742,7.042,6.179
36497,0.803,37.377,23.155,30.388,23.244,4.661,7.001,6.179
36498,0.807,37.522,23.147,30.369,23.254,4.782,7.123,6.301
36499,0.82,37.61,23.221,30.369,23.261,4.824,7.165,6.343
36500,0.807,37.246,23.058,30.359,23.251,4.824,7.043,6.343
36501,0.8,37.367,23.142,30.359,23.247,4.824,7.123,6.221
36502,0.81,37.464,23.182,30.34,23.258,4.783,7.205,6.302
36503,0.82,37.513,23.206,30.349,23.251,4.824,7.084,6.302
36504,0.813,37.38,23.167,30.321,23.24,4.661,7.002,6.14
36505,0.82,37.484,23.206,30.359,23.247,4.741,7.123,6.179
36506,0.826,37.609,23.159,30.349,23.251,4.742,7.043,6.22
36507,0.826,37.975,23.1,30.34,23.247,4.783,7.001,6.22
36508,0.82,37.835,23.139,30.34,23.24,4.742,7.082,6.18
36509,0.836,37.948,23.206,30.349,23.254,4.823,7.205,6.261
36510,0.852,38.093,23.159,30.388,23.261,4.905,7.125,6.221
36511,0.846,37.107,23.139,30.34,23.251,4.744,7.083,6.261
36512,0.83,36.925,23.17,30.349,23.251,4.823,7.083,6.221
36513,0.833,37.048,23.194,30.34,23.254,4.865,7.083,6.261
36514,0.833,37.135,23.14,30.368,23.251,4.824,7.042,6.262
36515,0.817,37.251,23.151,30.33,23.251,4.702,6.96,6.139
36516,0.807,37.415,23.151,30.33,23.244,4.782,7.041,6.179
36517,0.81,37.57,23.131,30.378,23.244,4.783,7.042,6.22
36518,0.813,37.629,23.116,30.34,23.247,4.661,7.042,6.22
36519,0.8,37.649,23.194,30.33,23.247,4.7,7.042,6.139
36520,0.8,37.803,23.097,30.349,23.251,4.782,7.164,6.382
36521,0.816,37.958,23.162,30.388,23.258,4.905,7.165,6.344
36522,0.81,37.988,23.151,30.359,23.251,4.784,7.124,6.303
36523,0.816,36.838,23.155,30.359,23.251,4.824,7.083,6.343
36524,0.813,36.979,23.085,30.349,23.251,4.702,7.083,6.303
36525,0.829,37.115,23.162,30.359,23.258,4.863,7.164,6.302
36526,0.82,37.165,23.136,30.311,23.241,4.662,6.921,6.221
36527,0.817,37.194,23.159,30.33,23.244,4.741,7.041,6.302
36528,0.829,37.367,23.151,30.34,23.251,4.742,7.042,6.18
36529,0.833,37.445,23.19,30.33,23.244,4.742,7.001,6.179
36530,0.836,37.513,23.179,30.33,23.247,4.661,7.001,6.179
36531,0.836,37.101,23.143,30.33,23.251,4.741,7.041,6.261
36532,0.839,37.26,23.202,30.378,23.261,4.823,7.123,6.343
36533,0.826,37.377,23.202,30.359,23.251,4.743,7.083,6.343
36534,0.826,37.378,23.175,30.359,23.247,4.742,7.002,6.303
36535,0.817,37.225,23.14,30.349,23.254,4.783,7.082,6.302
36536,0.826,37.348,23.166,30.359,23.254,4.783,7.123,6.302
36537,0.813,37.464,23.171,30.321,23.247,4.62,6.961,6.18
36538,0.803,37.245,23.143,30.32,23.247,4.741,7.041,6.139
36539,0.807,37.099,23.194,30.34,23.247,4.742,7.082,6.26
36540,0.8,37.232,23.179,30.34,23.244,4.701,7.042,6.221
36541,0.797,37.31,23.155,30.34,23.244,4.701,7.082,6.22
36542,0.8,37.099,23.178,30.33,23.251,4.701,7.123,6.302
36543,0.82,37.232,23.202,30.378,23.261,4.823,7.287,6.343
36544,0.82,37.338,23.155,30.359,23.244,4.743,7.166,6.262
36545,0.826,37.407,23.132,30.359,23.251,4.742,7.084,6.302
36546,0.83,37.043,23.155,30.359,23.251,4.742,7.123,6.262
36547,0.833,37.193,23.151,30.359,23.251,4.742,7.124,6.262
36548,0.83,37.319,23.178,30.34,23.254,4.661,7.002,6.18
36549,0.826,37.349,23.14,30.311,23.237,4.66,7.041,6.179
36550,0.836,36.994,23.174,30.339,23.251,4.7,7.042,6.22
36551,0.836,37.144,23.163,30.34,23.244,4.701,7.001,6.139
36552,0.826,37.232,23.21,30.33,23.244,4.701,6.919,6.098
36553,0.83,37.329,23.187,30.349,23.251,4.701,7.122,6.341
36554,0.83,37.013,23.202,30.369,23.265,4.823,7.083,6.181
36555,0.813,37.116,23.187,30.359,23.248,4.743,7.083,6.179
36556,0.813,37.232,23.151,30.349,23.254,4.701,6.961,6.22
36557,0.813,37.3,23.124,30.349,23.254,4.782,7.041,6.22
36558,0.813,36.994,23.166,30.359,23.251,4.783,6.96,6.302
36559,0.8,37.087,23.198,30.34,23.24,4.661,6.838,6.099
36560,0.8,37.203,23.12,30.349,23.251,4.741,6.958,6.219
36561,0.797,37.252,23.123,30.34,23.254,4.742,6.96,6.261
36562,0.8,37.185,23.166,30.34,23.24,4.661,6.878,6.221
36563,0.81,37.319,23.218,30.33,23.244,4.619,6.877,6.22
36564,0.813,37.445,23.148,30.359,23.261,4.781,7.081,6.342
36565,0.836,37.638,23.194,30.359,23.258,4.702,7.002,6.303
36566,0.826,37.093,23.175,30.349,23.244,4.742,6.96,6.262
36567,0.833,37.212,23.19,30.349,23.251,4.701,6.96,6.302
36568,0.836,37.319,23.159,30.34,23.251,4.742,7.0,6.343
36569,0.846,37.032,23.19,30.34,23.247,4.701,6.96,6.221
36570,0.83,37.058,23.144,30.311,23.24,4.66,6.919,6.18
36571,0.843,37.202,23.151,30.32,23.254,4.782,6.959,6.261
36572,0.833,37.29,23.21,30.34,23.247,4.702,6.96,6.221
36573,0.82,36.917,23.175,30.321,23.244,4.66,7.0,6.18
36574,0.82,37.038,23.186,30.32,23.251,4.7,7.041,6.22
36575,0.826,37.221,23.186,30.349,23.261,4.782,7.164,6.383
36576,0.82,37.3,23.179,30.33,23.251,4.742,7.084,6.303
36577,0.813,36.994,23.163,30.33,23.251,4.742,7.164,6.262
36578,0.81,37.115,23.139,30.34,23.258,4.742,7.165,6.302
36579,0.807,37.251,23.198,30.349,23.254,4.823,7.124,6.343
36580,0.803,37.31,23.175,30.359,23.251,4.621,7.083,6.14
36581,0.787,36.898,23.128,30.302,23.24,4.659,7.002,6.179
36582,0.803,37.047,23.17,30.33,23.251,4.7,7.163,6.261
36583,0.813,37.154,23.155,30.33,23.247,4.701,7.124,6.221
36584,0.816,37.213,23.167,30.33,23.244,4.62,7.002,6.18
36585,0.816,36.83,23.178,30.33,23.247,4.7,7.123,6.301
36586,0.829,37.018,23.186,30.368,23.268,4.904,7.287,6.425
36587,0.83,37.116,23.194,30.397,23.248,4.744,7.125,6.304
36588,0.826,37.136,23.14,30.331,23.251,4.742,7.165,6.302
36589,0.826,36.954,23.19,30.33,23.258,4.742,7.124,6.302
36590,0.839,37.096,23.163,30.407,23.254,4.823,7.124,6.343
36591,0.833,37.212,23.139,30.312,23.251,4.661,6.961,6.181
36592,0.817,37.166,23.186,30.301,23.251,4.66,7.0,6.301
36593,0.826,36.945,23.171,30.32,23.251,4.7,7.001,6.262
36594,0.813,37.077,23.147,30.311,23.244,4.742,7.001,6.262
36595,0.807,37.174,23.139,30.32,23.244,4.661,6.96,6.221
36596,0.803,36.954,23.163,30.311,23.244,4.741,7.082,6.342
36597,0.813,36.933,23.194,30.368,23.261,4.823,7.123,6.343
36598,0.813,37.038,23.132,30.33,23.251,4.702,7.043,6.262
36599,0.797,37.145,23.213,30.34,23.251,4.823,6.96,6.262
36600,0.787,36.868,23.159,30.321,23.251,4.702,7.041,6.343
36601,0.797,36.97,23.159,30.349,23.258,4.742,7.001,6.303
36602,0.8,37.067,23.19,30.321,23.247,4.62,6.879,6.18
36603,0.797,37.126,23.167,30.292,23.24,4.7,6.877,6.261
36604,0.8,36.81,23.163,30.31,23.24,4.742,6.837,6.262
36605,0.8,36.951,23.128,30.32,23.247,4.701,6.877,6.18
36606,0.81,37.067,23.123,30.311,23.244,4.742,6.796,6.179
36607,0.807,37.145,23.159,30.301,23.244,4.661,6.958,6.261
36608,0.813,36.829,23.155,30.339,23.258,4.904,7.041,6.343
36609,0.823,36.979,23.186,30.321,23.247,4.744,6.92,6.14
36610,0.82,37.086,23.159,30.33,23.254,4.783,7.0,6.219
36611,0.82,37.155,23.159,30.32,23.251,4.783,6.96,6.261
36612,0.82,36.896,23.217,30.32,23.251,4.702,7.041,6.262
36613,0.817,37.038,23.195,30.32,23.247,4.66,6.92,6.18
36614,0.797,37.135,23.155,30.282,23.244,4.619,6.878,6.179
36615,0.797,37.203,23.143,30.32,23.251,4.7,6.959,6.179
36616,0.794,36.926,23.159,30.301,23.244,4.701,6.878,6.139
36617,0.787,37.067,23.143,30.311,23.247,4.62,6.837,6.138
36618,0.79,37.174,23.135,30.301,23.244,4.7,6.918,6.179
36619,0.79,37.213,23.19,30.358,23.258,4.863,7.081,6.342
36620,0.793,36.945,23.159,30.321,23.251,4.743,6.92,6.221
36621,0.777,37.029,23.171,30.33,23.247,4.742,6.919,6.22
36622,0.784,37.164,23.194,30.32,23.251,4.783,6.919,6.22
36623,0.793,37.117,23.179,30.34,23.258,4.783,7.0,6.22
36624,0.8,36.982,23.163,30.311,23.251,4.742,6.838,6.139
36625,0.797,37.067,23.12,30.291,23.237,4.62,6.837,6.098
36626,0.807,37.193,23.159,30.301,23.247,4.659,6.796,6.138
36627,0.816,36.916,23.132,30.32,23.247,4.66,6.877,6.138
36628,0.813,36.99,23.155,30.311,23.251,4.66,6.796,6.138
36629,0.81,37.077,23.174,30.301,23.244,4.66,6.877,6.179
36630,0.82,37.231,23.167,30.339,23.254,4.863,6.959,6.22
36631,0.833,36.811,23.155,30.321,23.254,4.743,6.838,6.139
36632,0.817,36.922,23.198,30.301,23.251,4.701,6.837,6.098
36633,0.81,37.048,23.179,30.311,23.254,4.782,6.877,6.178
36634,0.81,37.135,23.194,30.32,23.254,4.783,6.918,6.139
36635,0.8,36.752,23.14,30.311,23.251,4.661,6.796,6.138
36636,0.79,36.864,23.131,30.282,23.244,4.619,6.795,6.098
36637,0.79,37.018,23.163,30.301,23.251,4.7,6.877,6.138
36638,0.797,37.087,23.147,30.311,23.251,4.66,6.796,6.098
36639,0.781,36.886,23.174,30.301,23.247,4.66,6.795,6.056
36640,0.78,37.018,23.128,30.311,23.244,4.66,6.836,6.178
36641,0.784,37.173,23.166,30.33,23.265,4.863,6.958,6.261
36642,0.787,37.213,23.245,30.32,23.254,4.743,6.838,6.18
36643,0.787,36.801,23.171,30.301,23.247,4.701,6.877,6.098
36644,0.793,36.931,23.182,30.301,23.251,4.742,6.837,6.138
36645,0.8,37.048,23.171,30.32,23.251,4.783,6.877,6.138
36646,0.8,37.097,23.155,30.32,23.251,4.702,6.837,6.016
36647,0.794,36.79,23.139,30.282,23.237,4.701,6.877,6.096
36648,0.803,36.96,23.143,30.291,23.254,4.701,6.877,6.097
36649,0.81,37.067,23.182,30.31,23.244,4.701,6.837,6.097
36650,0.813,37.404,23.144,30.282,23.244,4.62,6.877,6.056
36651,0.813,36.985,23.147,30.291,23.247,4.7,6.959,6.097
36652,0.829,37.134,23.21,30.339,23.261,4.823,7.041,6.178
36653,0.804,37.203,23.202,30.301,23.251,4.661,6.96,6.139
36654,0.803,36.839,23.194,30.32,23.251,4.782,7.122,6.138
36655,0.797,36.826,23.171,30.301,23.251,4.742,7.165,6.179
36656,0.794,36.96,23.198,30.32,23.261,4.742,7.124,6.179
36657,0.777,37.038,23.155,30.263,23.241,4.661,7.043,6.057
36658,0.78,36.799,23.159,30.301,23.251,4.66,7.042,6.219
36659,0.78,36.912,23.147,30.301,23.244,4.7,7.164,6.18
36660,0.774,37.047,23.155,30.291,23.247,4.701,7.084,6.098
36661,0.771,37.116,23.139,30.291,23.247,4.701,7.164,6.178
36662,0.783,36.781,23.202,30.32,23.261,4.863,7.287,6.261
36663,0.806,36.921,23.179,30.301,23.251,4.743,7.207,6.18
36664,0.8,37.028,23.186,30.301,23.251,4.701,7.206,6.22
36665,0.8,37.097,23.179,30.311,23.258,4.782,7.206,6.139
36666,0.813,36.915,23.175,30.301,23.251,4.783,7.206,6.219
36667,0.813,37.057,23.14,30.282,23.244,4.661,7.165,6.058
36668,0.803,37.135,23.135,30.262,23.244,4.7,7.124,6.137
36669,0.826,37.194,23.147,30.301,23.247,4.66,7.165,6.098
36670,0.813,36.667,23.139,30.282,23.251,4.66,7.124,6.097
36671,0.81,36.805,23.151,30.282,23.247,4.579,7.083,6.138
36672,0.813,36.941,23.174,30.291,23.254,4.74,7.205,6.179
36673,0.82,37.009,23.155,30.339,23.258,4.823,7.287,6.22
36674,0.807,36.79,23.151,30.282,23.251,4.621,7.125,6.22
36675,0.803,36.941,23.147,30.291,23.251,4.741,7.124,6.18
36676,0.79,37.048,23.167,30.291,23.251,4.742,7.165,6.179
36677,0.787,37.068,23.175,30.282,23.251,4.701,7.124,6.179
36678,0.78,36.819,23.159,30.243,23.244,4.579,6.88,5.976
36679,0.764,36.922,23.128,30.281,23.247,4.659,7.081,6.218
36680,0.774,37.057,23.151,30.282,23.247,4.66,7.042,6.139
36681,0.767,36.924,23.147,30.272,23.247,4.619,6.92,6.138
36682,0.78,36.846,23.178,30.262,23.247,4.659,6.959,6.098
36683,0.793,36.97,23.143,30.301,23.254,4.782,7.163,6.341
36684,0.803,37.115,23.139,30.311,23.258,4.702,7.043,6.181
36685,0.794,36.666,23.182,30.272,23.251,4.742,7.042,6.261
36686,0.806,36.757,23.159,30.282,23.244,4.701,7.042,6.139
36687,0.81,36.873,23.167,30.301,23.258,4.742,7.082,6.26
36688,0.81,36.97,23.143,30.291,23.251,4.701,7.083,6.139
36689,0.807,36.895,23.174,30.243,23.244,4.66,6.961,6.098
36690,0.813,37.057,23.175,30.32,23.254,4.741,7.082,6.138
36691,0.813,37.174,23.155,30.282,23.251,4.661,7.083,6.098
36692,0.8,37.242,23.178,30.262,23.24,4.7,7.002,6.097
36693,0.794,36.629,23.202,30.262,23.244,4.701,7.041,6.097
36694,0.8,36.786,23.105,30.281,23.261,4.823,7.204,6.3
36695,0.81,36.941,23.158,30.282,23.258,4.743,7.043,6.14
36696,0.787,36.961,23.132,30.272,23.251,4.701,7.164,6.219
36697,0.787,36.732,23.155,30.272,23.254,4.742,7.124,6.22
36698,0.784,36.892,23.135,30.282,23.258,4.783,7.165,6.18
36699,0.78,36.999,23.166,30.282,23.254,4.783,7.124,6.179
36700,0.774,37.02,23.139,30.243,23.24,4.498,7.002,6.057
36701,0.771,36.847,23.147,30.272,23.254,4.699,7.041,6.219
36702,0.78,36.961,23.198,30.272,23.254,4.66,7.001,6.139
36703,0.78,37.067,23.155,30.253,23.247,4.66,7.041,6.057
36704,0.777,37.087,23.151,30.243,23.237,4.66,7.042,6.097
36705,0.79,36.704,23.159,30.281,23.254,4.822,7.245,6.341
36706,0.816,36.863,23.159,30.282,23.254,4.702,7.125,6.181
36707,0.794,36.942,23.167,30.272,23.254,4.742,7.165,6.139
36708,0.806,37.086,23.139,30.272,23.258,4.742,7.124,6.219
36709,0.803,36.723,23.151,30.272,23.251,4.783,7.165,6.22
36710,0.813,36.883,23.167,30.262,23.251,4.702,7.084,6.058
36711,0.8,36.932,23.139,30.224,23.237,4.579,7.123,6.015
36712,0.803,36.674,23.209,30.271,23.251,4.7,7.124,6.056
36713,0.8,36.738,23.124,30.262,23.247,4.701,7.083,6.137
36714,0.794,36.864,23.127,30.243,23.244,4.579,7.164,6.098
36715,0.784,36.932,23.143,30.243,23.251,4.7,7.287,6.056
36716,0.793,36.616,23.155,30.252,23.261,4.823,7.451,6.259
36717,0.793,36.776,23.135,30.262,23.247,4.661,7.371,6.18
36718,0.777,36.864,23.147,30.253,23.251,4.741,7.411,6.139
36719,0.78,36.951,23.104,30.262,23.251,4.701,7.371,6.179
36720,0.771,36.588,23.139,30.262,23.247,4.742,7.37,6.22
36721,0.774,36.709,23.17,30.262,23.251,4.661,7.411,6.139
36722,0.771,36.806,23.194,30.234,23.244,4.579,7.33,6.098
36723,0.783,36.903,23.112,30.243,23.251,4.7,7.37,6.138
36724,0.793,36.683,23.139,30.243,23.251,4.701,7.289,6.098
36725,0.79,36.805,23.147,30.243,23.244,4.62,7.369,6.056
36726,0.79,36.903,23.143,30.243,23.247,4.659,7.37,6.097
36727,0.803,36.99,23.163,30.262,23.258,4.822,7.492,6.26
36728,0.81,36.693,23.143,30.262,23.258,4.743,7.453,6.139
36729,0.803,36.777,23.174,30.243,23.244,4.701,7.452,6.138
36730,0.807,36.921,23.171,30.252,23.254,4.742,7.452,6.138
36731,0.81,36.952,23.155,30.262,23.254,4.701,7.452,6.098
36732,0.81,36.616,23.206,30.253,23.254,4.782,7.452,6.056
36733,0.794,36.738,23.159,30.233,23.24,4.539,7.29,6.015
36734,0.787,36.835,23.171,30.243,23.251,4.74,7.41,6.096
36735,0.79,36.874,23.171,30.243,23.244,4.701,7.371,6.016
36736,0.774,36.635,23.167,30.233,23.244,4.701,7.33,6.015
36737,0.777,36.747,23.167,30.224,23.244,4.66,7.248,5.974
36738,0.774,36.864,23.147,30.233,23.254,4.782,7.369,6.177
36739,0.78,37.076,23.135,30.272,23.258,4.742,7.33,6.179
36740,0.771,37.164,23.139,30.243,23.247,4.701,7.329,6.098
36741,0.774,37.28,23.131,30.243,23.251,4.742,7.329,6.138
36742,0.78,37.377,23.178,30.262,23.251,4.742,7.37,6.179
36743,0.79,36.256,23.132,30.253,23.254,4.742,7.33,6.139
36744,0.797,36.302,23.163,30.224,23.24,4.661,7.248,5.976
36745,0.784,36.418,23.186,30.243,23.247,4.7,7.288,6.055
36746,0.8,36.534,23.163,30.243,23.251,4.66,7.247,6.097
36747,0.8,36.516,23.171,30.224,23.244,4.579,7.166,5.975
36748,0.8,36.65,23.139,30.224,23.244,4.659,7.246,6.015
36749,0.803,36.767,23.104,30.224,23.251,4.741,7.288,6.137
36750,0.82,36.883,23.158,30.262,23.261,4.864,7.369,6.138
36751,0.81,36.443,23.163,30.234,23.251,4.662,7.289,6.098
36752,0.8,36.582,23.186,30.243,23.247,4.741,7.288,6.097
36753,0.794,36.718,23.069,30.243,23.258,4.742,7.329,6.056
36754,0.797,36.787,23.15,30.243,23.251,4.742,7.289,6.097
36755,0.784,36.433,23.143,30.205,23.24,4.62,7.125,5.894
36756,0.774,36.573,23.159,30.223,23.251,4.7,7.165,6.095
36757,0.784,36.699,23.182,30.233,23.247,4.701,7.246,6.097
36758,0.777,36.758,23.151,30.204,23.244,4.701,7.166,5.975
36759,0.771,36.403,23.182,30.214,23.24,4.66,7.206,6.096
36760,0.767,36.553,23.155,30.243,23.254,4.822,7.287,6.219
36761,0.783,36.689,23.155,30.252,23.251,4.824,7.247,6.139
36762,0.774,36.662,23.182,30.233,23.258,4.783,7.125,6.098
36763,0.784,36.489,23.132,30.224,23.247,4.783,7.165,6.138
36764,0.787,36.631,23.143,30.233,23.251,4.783,7.246,6.138
36765,0.8,36.728,23.127,30.233,23.258,4.702,7.206,6.098
36766,0.794,36.672,23.155,30.195,23.241,4.498,7.084,6.016
36767,0.793,36.499,23.139,30.223,23.254,4.74,7.164,6.056
36768,0.8,36.65,23.182,30.224,23.251,4.701,7.165,6.097
36769,0.807,36.728,23.046,30.214,23.24,4.701,7.043,6.056
36770,0.8,36.288,23.123,30.204,23.244,4.66,7.123,6.056
36771,0.81,36.37,23.182,30.204,23.251,4.66,7.246,6.178
36772,0.816,36.515,23.179,30.252,23.261,4.782,7.125,6.139
36773,0.8,36.602,23.108,30.262,23.251,4.783,7.165,6.098
36774,0.8,36.392,23.108,30.214,23.254,4.742,7.124,6.138
36775,0.79,36.534,23.115,30.214,23.254,4.742,7.165,6.098
36776,0.787,36.66,23.143,30.214,23.251,4.701,7.165,6.056
36777,0.787,36.729,23.131,30.185,23.24,4.66,7.002,5.975
36778,0.774,36.365,23.139,30.194,23.247,4.7,7.204,6.055
36779,0.774,36.505,23.155,30.223,23.251,4.742,7.125,6.056
36780,0.767,36.631,23.171,30.214,23.247,4.701,7.083,6.015
36781,0.761,36.7,23.163,30.195,23.247,4.62,7.042,6.015
36782,0.767,36.249,23.198,30.195,23.247,4.741,7.164,6.137
36783,0.79,36.437,23.144,30.262,23.258,4.783,7.165,6.057
36784,0.79,36.554,23.12,30.224,23.251,4.702,7.124,6.056
36785,0.79,36.612,23.147,30.214,23.247,4.701,7.205,6.137
36786,0.797,36.402,23.143,30.214,23.258,4.782,7.206,6.098
36787,0.8,36.553,23.135,30.204,23.251,4.742,7.165,6.097
36788,0.794,36.641,23.139,30.185,23.237,4.579,7.002,5.975
36789,0.793,36.632,23.131,30.185,23.251,4.74,7.082,6.015
36790,0.803,36.268,23.163,30.194,23.247,4.661,7.083,6.056
36791,0.807,36.389,23.147,30.195,23.247,4.619,7.042,5.975
36792,0.8,36.476,23.198,30.185,23.244,4.659,7.001,5.974
36793,0.794,36.88,23.128,30.185,23.251,4.782,7.123,6.177
36794,0.806,36.539,23.162,30.223,23.254,4.783,7.205,6.139
36795,0.787,36.66,23.139,30.195,23.251,4.661,7.084,6.138
36796,0.784,36.748,23.159,30.214,23.247,4.741,7.042,6.138
36797,0.78,36.346,23.167,30.195,23.254,4.823,7.123,6.138
36798,0.787,36.332,23.178,30.195,23.254,4.743,7.043,6.138
36799,0.771,36.466,23.116,30.195,23.244,4.579,6.879,6.057
36800,0.767,36.535,23.119,30.195,23.244,4.7,7.0,6.097
36801,0.777,36.325,23.166,30.185,23.247,4.66,7.082,5.975
36802,0.767,36.437,23.178,30.175,23.247,4.7,7.002,6.015
36803,0.77,36.573,23.058,30.185,23.24,4.66,6.96,6.056
36804,0.783,36.661,23.123,30.194,23.258,4.782,7.122,6.219
36805,0.803,36.287,23.166,30.214,23.258,4.742,7.083,6.058
36806,0.803,36.399,23.155,30.166,23.251,4.742,7.002,6.137
36807,0.8,36.515,23.155,30.204,23.251,4.742,7.082,6.138
36808,0.807,36.593,23.139,30.195,23.254,4.742,7.083,6.138
36809,0.82,36.258,23.112,30.195,23.251,4.701,7.042,6.016
36810,0.807,36.37,23.123,30.166,23.237,4.66,6.92,6.015
36811,0.803,36.496,23.166,30.175,23.247,4.7,6.878,6.015
36812,0.807,36.554,23.186,30.175,23.247,4.66,7.0,6.056
36813,0.794,36.229,23.093,30.175,23.244,4.66,6.96,5.975
36814,0.793,36.36,23.154,30.166,23.251,4.66,6.96,6.096
36815,0.79,36.495,23.155,30.194,23.251,4.822,7.082,6.219
36816,0.803,36.573,23.174,30.214,23.258,4.743,7.042,6.058
36817,0.784,36.267,23.143,30.176,23.258,4.701,7.001,6.056
36818,0.784,36.389,23.135,30.166,23.247,4.742,7.001,6.097
36819,0.787,36.505,23.155,30.175,23.247,4.783,7.041,6.138
36820,0.777,36.545,23.132,30.185,23.254,4.742,7.042,6.057
36821,0.767,36.238,23.143,30.137,23.237,4.661,6.96,6.056
36822,0.774,36.369,23.17,30.175,23.251,4.741,7.0,6.097
36823,0.787,36.476,23.108,30.185,23.247,4.701,6.919,6.056
36824,0.79,36.334,23.143,30.156,23.24,4.701,6.919,6.015
36825,0.79,36.265,23.127,30.146,23.247,4.62,6.919,6.137
36826,0.81,36.408,23.155,30.175,23.265,4.863,7.163,6.219
36827,0.813,36.544,23.139,30.166,23.248,4.743,7.002,6.139
36828,0.807,36.171,23.163,30.165,23.247,4.742,7.041,6.138
36829,0.81,36.263,23.116,30.146,23.258,4.783,7.082,6.098
36830,0.826,36.408,23.143,30.165,23.254,4.783,7.083,6.178
36831,0.813,36.505,23.178,30.165,23.254,4.702,7.042,6.098
36832,0.803,36.152,23.143,30.127,23.234,4.62,6.96,6.016
36833,0.794,36.33,23.092,30.165,23.251,4.741,7.041,6.096
36834,0.797,36.447,23.127,30.156,23.247,4.661,7.001,6.016
36835,0.794,36.525,23.174,30.137,23.244,4.66,7.123,5.974
36836,0.78,36.152,23.155,30.136,23.251,4.66,7.124,6.055
36837,0.78,36.321,23.139,30.156,23.261,4.782,7.287,6.219
36838,0.793,36.476,23.166,30.156,23.251,4.661,7.207,6.098
36839,0.78,36.516,23.108,30.156,23.251,4.782,7.206,6.178
36840,0.777,36.181,23.131,30.146,23.251,4.742,7.206,6.179
36841,0.777,36.302,23.155,30.165,23.258,4.742,7.206,6.139
36842,0.79,36.408,23.155,30.175,23.254,4.783,7.247,6.138
36843,0.79,36.467,23.085,30.118,23.24,4.661,7.084,6.057
36844,0.79,36.113,23.119,30.136,23.247,4.741,7.123,6.097
36845,0.79,36.253,23.135,30.146,23.251,4.701,7.124,6.056
36846,0.8,36.379,23.104,30.127,23.244,4.66,7.165,6.097
36847,0.797,36.4,23.127,30.127,23.244,4.7,7.165,6.097
36848,0.803,36.179,23.143,30.165,23.258,4.782,7.287,6.26
36849,0.816,36.331,23.112,30.165,23.258,4.742,7.207,6.099
36850,0.816,36.447,23.147,30.127,23.251,4.701,7.165,6.178
36851,0.82,36.458,23.155,30.127,23.247,4.782,7.206,6.179
36852,0.82,36.113,23.186,30.146,23.254,4.783,7.206,6.139
36853,0.813,36.215,23.116,30.146,23.247,4.702,7.206,6.138
36854,0.803,36.283,23.096,30.117,23.24,4.66,7.043,6.057
36855,0.807,36.13,23.119,30.136,23.251,4.7,7.123,6.137
36856,0.803,36.186,23.123,30.146,23.247,4.66,7.165,6.138
36857,0.787,36.321,23.135,30.137,23.244,4.66,7.084,6.098
36858,0.79,36.428,23.178,30.108,23.24,4.741,7.083,6.056
36859,0.793,36.084,23.124,30.184,23.265,4.823,7.286,6.219
36860,0.79,36.176,23.155,30.137,23.251,4.743,7.125,6.22
36861,0.79,36.331,23.182,30.146,23.244,4.742,7.124,6.22
36862,0.797,36.399,23.179,30.137,23.254,4.783,7.165,6.261
36863,0.813,36.026,23.151,30.184,23.261,4.783,7.084,6.221
36864,0.82,36.166,23.12,30.127,23.247,4.702,7.042,6.098
36865,0.81,36.244,23.112,30.117,23.247,4.66,7.123,6.138
36866,0.833,36.37,23.115,30.127,23.251,4.7,7.165,6.138
36867,0.846,36.122,23.131,30.117,23.251,4.742,7.206,6.098
36868,0.859,36.263,23.147,30.107,23.244,4.661,7.206,6.097
36869,0.856,36.37,23.077,30.117,23.254,4.782,7.328,6.219
36870,0.879,36.457,23.154,30.155,23.268,4.824,7.451,6.22
36871,0.879,36.065,23.167,30.108,23.258,4.743,7.371,6.098
36872,0.872,36.205,23.178,30.127,23.251,4.742,7.452,6.178
36873,0.876,36.36,23.136,30.146,23.254,4.783,7.412,6.179
36874,0.885,36.399,23.151,30.127,23.254,4.783,7.493,6.139
36875,0.869,36.045,23.139,30.117,23.237,4.702,7.29,6.016
36876,0.85,36.157,23.124,30.117,23.247,4.742,7.451,6.137
36877,0.862,36.311,23.155,30.107,23.247,4.742,7.452,6.138
36878,0.859,36.322,23.139,30.107,23.251,4.701,7.452,6.098
36879,0.84,36.044,23.131,30.107,23.244,4.66,7.412,6.138
36880,0.849,36.185,23.182,30.127,23.254,4.822,7.615,6.179
36881,0.862,36.34,23.155,30.146,23.265,4.865,7.617,6.22
36882,0.853,36.112,23.194,30.108,23.251,4.702,7.535,6.22
36883,0.869,36.109,23.124,30.127,23.251,4.823,7.453,6.18
36884,0.866,36.253,23.123,30.127,23.254,4.824,7.534,6.179
36885,0.882,36.351,23.143,30.127,23.254,4.783,7.534,6.22
36886,0.892,35.958,23.127,30.117,23.244,4.661,7.412,6.017
36887,0.886,36.031,23.155,30.107,23.251,4.7,7.452,6.137
36888,0.905,36.166,23.151,30.107,23.251,4.742,7.452,6.138
36889,0.908,36.273,23.151,30.107,23.247,4.701,7.371,6.098
36890,0.915,35.919,23.124,30.098,23.24,4.66,7.411,6.016
36891,0.922,36.059,23.143,30.098,23.251,4.7,7.533,6.137
36892,0.935,36.224,23.159,30.126,23.261,4.823,7.575,6.219
36893,0.915,36.274,23.178,30.108,23.247,4.743,7.575,6.098
36894,0.909,36.053,23.143,30.088,23.251,4.742,7.535,6.219
36895,0.892,36.214,23.147,30.107,23.251,4.742,7.616,6.18
36896,0.886,36.321,23.151,30.107,23.251,4.742,7.617,6.139
36897,0.885,36.399,23.147,30.098,23.244,4.661,7.454,6.057
36898,0.863,36.016,23.131,30.098,23.251,4.741,7.574,6.137
36899,0.879,36.185,23.147,30.098,23.251,4.742,7.575,6.138
36900,0.885,36.302,23.155,30.098,23.247,4.701,7.575,6.057
36901,0.882,36.341,23.124,30.079,23.247,4.742,7.535,6.015
36902,0.892,35.939,23.151,30.088,23.251,4.823,7.616,6.178
36903,0.905,36.136,23.112,30.126,23.261,4.824,7.617,6.179
36904,0.908,36.215,23.108,30.088,23.244,4.743,7.576,6.098
36905,0.905,36.225,23.154,30.107,23.251,4.823,7.616,6.178
36906,0.918,36.043,23.139,30.107,23.254,4.783,7.617,6.22
36907,0.918,36.176,23.163,30.107,23.258,4.824,7.617,6.18
36908,0.912,36.263,23.178,30.079,23.251,4.743,7.495,6.139
36909,0.892,36.178,23.136,30.05,23.24,4.701,7.534,6.098
36910,0.889,36.043,23.116,30.078,23.251,4.742,7.494,6.138
36911,0.885,36.157,23.147,30.069,23.244,4.742,7.534,6.098
36912,0.872,36.254,23.092,30.05,23.247,4.701,7.453,6.016
36913,0.863,35.929,23.123,30.059,23.247,4.742,7.452,6.056
36914,0.869,36.05,23.127,30.107,23.261,4.864,7.615,6.3
36915,0.866,36.176,23.135,30.098,23.254,4.743,7.454,6.099
36916,0.849,36.244,23.139,30.088,23.254,4.783,7.412,6.178
36917,0.84,35.996,23.166,30.078,23.258,4.824,7.411,6.179
36918,0.826,36.137,23.182,30.078,23.258,4.824,7.493,6.179
36919,0.817,36.263,23.089,30.107,23.251,4.783,7.29,6.098
36920,0.807,36.322,23.107,30.05,23.244,4.62,7.207,6.097
36921,0.797,35.872,23.139,30.059,23.251,4.781,7.369,6.097
36922,0.807,36.001,23.159,30.078,23.254,4.702,7.33,6.056
36923,0.81,36.127,23.093,30.05,23.244,4.701,7.289,6.056
36924,0.813,36.186,23.115,30.059,23.247,4.742,7.329,6.097
36925,0.807,35.832,23.174,30.088,23.254,4.905,7.41,6.341
36926,0.829,36.011,23.14,30.107,23.254,4.744,7.33,6.14
36927,0.82,36.099,23.143,30.079,23.244,4.783,7.329,6.179
36928,0.82,36.148,23.159,30.078,23.247,4.783,7.289,6.22
36929,0.83,35.86,23.171,30.069,23.251,4.742,7.288,6.139
36930,0.817,36.011,23.151,30.078,23.258,4.823,7.288,6.138
36931,0.82,36.099,23.167,30.03,23.241,4.661,7.125,6.098
36932,0.8,36.148,23.128,30.059,23.251,4.822,7.205,6.138
36933,0.794,35.918,23.143,30.049,23.251,4.743,7.165,6.098
36934,0.78,36.05,23.116,30.049,23.247,4.661,7.084,6.138
36935,0.767,36.147,23.139,30.049,23.244,4.619,7.123,6.057
36936,0.767,36.474,23.131,30.059,23.254,4.822,7.287,6.219
36937,0.783,36.036,23.151,30.088,23.261,4.824,7.166,6.139
36938,0.758,36.109,23.155,30.04,23.254,4.743,7.165,6.098
36939,0.757,36.205,23.116,30.068,23.254,4.783,7.124,6.138
36940,0.751,35.957,23.139,30.078,23.251,4.824,7.165,6.179
36941,0.754,36.002,23.139,30.069,23.254,4.783,7.165,6.22
36942,0.751,36.108,23.174,30.03,23.237,4.661,7.002,6.058
36943,0.77,36.215,23.054,30.049,23.251,4.741,7.001,6.097
36944,0.767,35.804,23.123,30.04,23.251,4.742,7.041,6.056
36945,0.77,35.914,23.147,30.04,23.247,4.661,6.96,6.056
36946,0.761,36.031,23.135,30.03,23.247,4.7,7.0,6.097
36947,0.761,36.147,23.127,30.059,23.254,4.823,7.082,6.26
36948,0.78,35.726,23.143,30.069,23.251,4.743,7.083,6.18
36949,0.767,35.818,23.065,30.05,23.247,4.823,6.961,6.098
36950,0.764,35.972,23.127,30.03,23.251,4.743,6.96,6.097
36951,0.774,36.05,23.17,30.04,23.251,4.864,6.96,6.178
36952,0.774,35.859,23.155,30.059,23.254,4.824,6.96,6.098
36953,0.735,35.953,23.112,30.04,23.237,4.661,6.878,6.097
36954,0.76,36.108,23.139,30.049,23.244,4.741,6.959,6.138
36955,0.761,36.167,23.135,30.04,23.251,4.742,6.878,6.057
36956,0.748,35.832,23.116,30.001,23.244,4.701,6.796,6.097
36957,0.747,35.972,23.139,30.02,23.244,4.66,6.836,6.016
36958,0.751,36.098,23.135,30.049,23.261,4.863,7.04,6.218
36959,0.751,36.148,23.139,30.049,23.247,4.784,6.96,6.18
36960,0.741,35.784,23.147,30.049,23.254,4.783,6.919,6.139
36961,0.741,35.943,23.159,30.049,23.258,4.783,7.041,6.179
36962,0.747,36.041,23.202,30.049,23.251,4.864,7.042,6.139
36963,0.76,36.07,23.112,30.03,23.251,4.784,6.839,6.098
36964,0.741,35.869,23.123,29.992,23.24,4.62,6.796,6.056
36965,0.751,36.011,23.127,30.02,23.244,4.741,6.917,6.056
36966,0.757,36.108,23.116,30.03,23.251,4.742,6.919,6.097
36967,0.764,35.898,23.131,30.02,23.244,4.661,6.878,6.016
36968,0.764,35.791,23.147,30.011,23.24,4.741,6.918,6.137
36969,0.777,35.972,23.155,30.087,23.261,4.864,7.122,6.219
36970,0.787,36.06,23.12,30.031,23.247,4.743,6.961,6.098
36971,0.777,35.735,23.159,30.03,23.254,4.783,6.878,6.056
36972,0.774,35.818,23.159,30.04,23.247,4.824,6.959,6.137
36973,0.767,35.943,23.159,30.03,23.254,4.783,6.96,6.179
36974,0.764,36.06,23.151,30.011,23.247,4.742,6.919,6.057
36975,0.754,35.716,23.167,30.001,23.24,4.579,6.837,6.097
36976,0.751,35.885,23.171,30.02,23.251,4.7,6.918,6.097
36977,0.751,36.011,23.159,30.011,23.247,4.742,6.837,6.097
36978,0.744,36.089,23.147,30.001,23.244,4.661,6.796,6.016
36979,0.738,35.783,23.143,30.068,23.244,4.66,6.877,6.056
36980,0.747,35.953,23.124,30.03,23.254,4.904,7.0,6.219
36981,0.76,36.069,23.159,30.04,23.254,4.744,7.001,6.098
36982,0.748,36.119,23.112,30.011,23.251,4.783,6.96,6.097
36983,0.754,35.716,23.115,30.02,23.251,4.702,7.0,6.138
36984,0.764,35.827,23.139,30.02,23.254,4.863,7.001,6.219
36985,0.764,35.953,23.124,30.03,23.254,4.743,7.001,6.017
36986,0.764,35.993,23.131,29.982,23.244,4.661,6.879,6.015
36987,0.77,35.734,23.135,30.01,23.251,4.782,7.04,6.056
36988,0.783,35.885,23.155,30.001,23.247,4.702,7.001,6.056
36989,0.78,35.992,23.108,30.001,23.251,4.742,6.919,5.975
36990,0.787,36.012,23.096,30.001,23.247,4.742,7.041,6.055
36991,0.793,35.763,23.15,30.011,23.258,4.905,7.123,6.219
36992,0.8,35.914,23.147,30.011,23.261,4.744,7.043,6.139
36993,0.774,35.992,23.128,29.991,23.251,4.783,7.042,6.138
36994,0.78,36.012,23.143,30.001,23.254,4.783,7.082,6.057
36995,0.777,35.725,23.131,30.02,23.254,4.783,7.164,6.178
36996,0.774,35.856,23.151,30.011,23.251,4.783,7.084,6.017
36997,0.761,35.944,23.12,29.982,23.237,4.661,6.961,6.015
36998,0.761,35.657,23.155,29.991,23.244,4.741,7.163,6.015
36999,0.757,35.731,23.057,29.991,23.247,4.701,7.206,6.056
37000,0.751,35.837,23.111,29.982,23.244,4.701,7.084,6.015
37001,0.744,35.934,23.166,29.972,23.244,4.62,7.123,6.056
37002,0.754,35.705,23.136,30.001,23.258,4.863,7.287,6.219
37003,0.783,35.856,23.038,30.03,23.254,4.743,7.207,6.139
37004,0.771,35.953,23.119,30.001,23.251,4.823,7.206,6.179
37005,0.774,36.031,23.155,29.991,23.254,4.824,7.247,6.179
37006,0.793,35.572,23.159,30.001,23.247,4.824,7.288,6.22
37007,0.81,35.73,23.135,30.001,23.251,4.783,7.288,6.098
37008,0.826,35.799,23.194,29.972,23.233,4.58,7.125,6.056
37009,0.859,35.905,23.155,29.981,23.251,4.781,7.287,6.056
37010,0.892,35.666,23.112,29.991,23.247,4.824,7.247,6.137
37011,0.918,35.779,23.178,29.982,23.244,4.743,7.247,6.098
37012,0.935,35.905,23.108,29.953,23.244,4.742,7.288,6.097
37013,0.958,35.992,23.123,29.991,23.261,4.864,7.41,6.26
37014,0.987,35.677,23.096,30.01,23.258,4.824,7.33,6.18
37015,1.004,35.779,23.131,29.991,23.251,4.783,7.289,6.179
37016,0.994,35.895,23.163,29.982,23.251,4.742,7.288,6.179
37017,1.01,35.963,23.128,30.001,23.251,4.783,7.247,6.261
37018,1.027,35.734,23.178,29.982,23.258,4.824,7.247,6.221
37019,1.053,35.866,23.147,29.982,23.247,4.661,7.125,6.139
37020,1.066,35.953,23.085,29.991,23.251,4.66,7.287,6.179
37021,1.121,36.079,23.182,29.962,23.247,4.782,7.207,6.179
37022,1.161,35.61,23.104,29.972,23.247,4.742,7.165,6.139
37023,1.22,35.73,23.127,29.972,23.247,4.661,7.124,6.219
37024,1.279,35.856,23.116,29.962,23.247,4.7,7.205,6.342
37025,1.329,35.781,23.139,30.001,23.258,4.863,7.287,6.343
37026,1.368,35.818,23.143,29.972,23.247,4.702,7.207,6.262
37027,1.388,35.943,23.124,29.972,23.254,4.782,7.206,6.343
37028,1.408,36.031,23.182,29.981,23.247,4.742,7.206,6.343
37029,1.414,35.495,23.151,30.01,23.258,4.823,7.165,6.343
37030,1.408,35.566,23.131,29.982,23.247,4.743,7.124,6.303
37031,1.408,35.701,23.166,29.924,23.233,4.62,7.043,6.302
37032,1.437,35.789,23.136,29.971,23.251,4.781,7.123,6.343
37033,1.418,35.55,23.139,29.953,23.244,4.702,7.083,6.384
37034,1.395,35.682,23.092,29.962,23.247,4.701,7.002,6.425
37035,1.362,35.808,23.154,29.962,23.24,4.701,7.041,6.385
37036,1.352,35.895,23.167,29.981,23.254,4.782,7.245,6.629
37037,1.342,35.628,23.139,30.001,23.254,4.824,7.125,6.55
37038,1.3,35.721,23.198,29.953,23.254,4.743,7.124,6.59
37039,1.228,35.866,23.132,29.972,23.251,4.742,7.124,6.631
37040,1.195,35.944,23.127,29.972,23.258,4.783,7.124,6.753
37041,1.142,35.628,23.19,29.981,23.244,4.824,7.124,6.836
37042,1.083,35.769,23.116,29.962,23.237,4.702,6.921,6.958
37043,1.031,35.857,23.127,29.943,23.251,4.742,7.081,7.163
37044,1.004,35.925,23.1,29.952,23.251,4.742,7.042,7.409
37045,0.945,35.571,23.131,29.943,23.247,4.742,7.042,7.615
37046,0.886,35.692,23.163,29.952,23.247,4.62,7.001,7.861
37047,0.833,35.827,23.136,29.962,23.247,4.741,7.082,8.27
37048,0.807,35.876,23.194,29.981,23.268,4.823,7.205,8.599
37049,0.761,35.695,23.136,30.02,23.254,4.702,7.043,8.765
37050,0.725,35.827,23.139,29.953,23.251,4.742,7.082,8.929
37051,0.689,35.934,23.202,29.962,23.254,4.823,7.164,9.215
37052,0.675,35.782,23.152,29.962,23.258,4.783,7.084,9.34
37053,0.633,35.598,23.139,29.953,23.241,4.661,6.88,9.301
37054,0.603,35.721,23.1,29.953,23.251,4.741,6.959,9.544
37055,0.616,35.837,23.147,29.953,23.247,4.701,6.96,9.547
37056,0.619,35.55,23.174,29.943,23.244,4.742,6.919,9.628
37057,0.645,35.643,23.124,29.924,23.247,4.661,6.878,9.71
37058,0.681,35.769,23.186,29.933,23.251,4.741,7.04,9.874
37059,0.724,35.905,23.163,29.981,23.261,4.864,7.042,9.997
37060,0.75,35.465,23.12,29.962,23.251,4.743,7.001,10.039
37061,0.783,35.575,23.162,29.962,23.254,4.783,6.96,10.08
37062,0.81,35.711,23.108,29.972,23.251,4.783,7.0,10.325
37063,0.836,35.818,23.131,29.962,23.254,4.742,7.001,10.49
37064,0.843,35.512,23.108,29.933,23.24,4.661,6.797,10.614
37065,0.846,35.643,23.135,29.962,23.244,4.741,6.958,10.981
37066,0.862,35.779,23.131,29.953,23.244,4.701,6.919,11.187
37067,0.859,35.847,23.139,29.933,23.244,4.66,6.959,11.352
37068,0.853,35.493,23.155,29.933,23.244,4.619,6.878,11.517
37069,0.862,35.662,23.112,29.943,23.251,4.781,7.04,11.884
37070,0.875,35.827,23.127,29.962,23.265,4.783,7.042,11.806
37071,0.863,35.828,23.151,29.933,23.251,4.742,7.082,11.968
37072,0.862,35.464,23.131,29.943,23.251,4.783,7.123,12.051
37073,0.859,35.604,23.123,29.933,23.254,4.783,7.124,12.093
37074,0.862,35.73,23.116,29.952,23.254,4.742,7.165,12.052
37075,0.849,35.741,23.186,29.914,23.24,4.579,6.962,11.889
37076,0.833,35.454,23.132,29.923,23.258,4.7,7.082,12.01
37077,0.836,35.623,23.163,29.933,23.251,4.742,7.123,11.889
37078,0.839,35.73,23.167,29.924,23.247,4.661,7.083,11.806
37079,0.83,36.0,23.159,29.933,23.244,4.66,7.083,11.724
37080,0.833,35.59,23.124,29.952,23.251,4.822,7.286,11.846
37081,0.843,35.788,23.162,29.953,23.258,4.783,7.207,11.603
37082,0.83,35.838,23.077,29.933,23.251,4.702,7.084,11.56
37083,0.839,35.493,23.096,29.924,23.254,4.701,7.205,11.437
37084,0.846,35.518,23.08,29.933,23.247,4.742,7.165,11.314
37085,0.862,35.653,23.103,29.933,23.254,4.823,7.124,11.232
37086,0.853,35.75,23.111,29.933,23.24,4.621,7.002,11.068
37087,0.846,35.396,23.147,29.924,23.24,4.741,7.082,11.066
37088,0.856,35.546,23.178,29.923,23.251,4.701,7.083,10.985
37089,0.862,35.672,23.128,29.923,23.247,4.701,7.042,10.822
37090,0.862,35.76,23.127,29.914,23.244,4.62,7.042,10.739
37091,0.862,35.463,23.174,29.923,23.247,4.741,7.082,10.819
37092,0.879,35.643,23.136,29.971,23.265,4.823,7.123,10.657
37093,0.863,35.759,23.116,29.924,23.251,4.702,7.043,10.534
37094,0.856,35.837,23.092,29.933,23.251,4.701,7.042,10.492
37095,0.856,35.387,23.186,29.952,23.251,4.742,7.042,10.369
37096,0.856,35.498,23.132,29.924,23.254,4.783,7.042,10.246
37097,0.853,35.643,23.147,29.923,23.247,4.702,6.92,10.042
37098,0.84,35.664,23.178,29.885,23.24,4.66,6.959,10.04
37099,0.839,35.482,23.136,29.923,23.244,4.7,7.0,9.958
37100,0.843,35.614,23.139,29.923,23.251,4.701,7.001,9.835
37101,0.839,35.721,23.155,29.914,23.247,4.66,6.96,9.712
37102,0.83,35.779,23.096,29.904,23.251,4.7,7.041,9.63
37103,0.859,35.512,23.127,29.952,23.261,4.823,7.204,9.67
37104,0.872,35.653,23.104,29.933,23.254,4.743,7.003,9.507
37105,0.872,35.76,23.119,29.924,23.254,4.783,6.96,9.425
37106,0.876,35.761,23.088,29.923,23.254,4.742,7.082,9.342
37107,0.882,35.463,23.104,29.914,23.258,4.783,7.083,9.26
37108,0.876,35.595,23.166,29.923,23.254,4.742,7.002,9.097
37109,0.876,35.682,23.124,29.895,23.244,4.539,6.96,9.014
37110,0.889,35.511,23.123,29.923,23.254,4.74,7.0,8.972
37111,0.882,35.461,23.162,29.914,23.244,4.701,7.001,8.809
37112,0.876,35.595,23.112,29.904,23.244,4.66,7.001,8.767
37113,0.869,35.692,23.127,29.904,23.24,4.7,6.96,8.767
37114,0.882,35.338,23.092,29.933,23.258,4.823,7.122,8.807
37115,0.882,35.478,23.154,29.924,23.251,4.743,6.921,8.645
37116,0.863,35.595,23.132,29.914,23.251,4.701,7.0,8.603
37117,0.859,35.692,23.139,29.914,23.247,4.782,6.96,8.521
37118,0.866,35.348,23.166,29.895,23.254,4.702,7.0,8.439
37119,0.862,35.498,23.136,29.933,23.251,4.782,6.96,8.357
37120,0.849,35.595,23.124,29.885,23.24,4.539,6.797,8.234
37121,0.846,35.673,23.174,29.904,23.251,4.74,6.836,8.273
37122,0.856,35.347,23.097,29.914,23.244,4.701,6.918,8.233
37123,0.859,35.469,23.108,29.895,23.244,4.62,6.837,8.07
37124,0.859,35.585,23.119,29.894,23.244,4.578,6.918,8.028
37125,0.866,35.653,23.166,29.914,23.258,4.781,7.041,8.231
37126,0.889,35.472,23.12,29.914,23.254,4.702,6.96,8.07
37127,0.882,35.585,23.135,29.904,23.251,4.742,6.96,8.028
37128,0.882,35.711,23.194,29.914,23.251,4.742,7.0,7.946
37129,0.895,35.77,23.14,29.914,23.251,4.742,7.082,7.905
37130,0.895,35.396,23.124,29.914,23.254,4.701,7.002,7.742
37131,0.889,35.517,23.139,29.856,23.244,4.62,6.797,7.618
37132,0.882,35.624,23.092,29.894,23.258,4.7,6.999,7.82
37133,0.882,35.683,23.1,29.894,23.251,4.66,6.919,7.619
37134,0.879,35.415,23.108,29.875,23.247,4.66,6.919,7.617
37135,0.872,35.527,23.112,29.875,23.244,4.619,6.959,7.535
37136,0.872,35.653,23.119,29.923,23.261,4.781,7.163,7.657
37137,0.885,35.683,23.155,29.923,23.261,4.783,7.002,7.536
37138,0.866,35.367,23.132,29.895,23.251,4.742,7.001,7.534
37139,0.866,35.517,23.123,29.914,23.251,4.742,7.041,7.534
37140,0.866,35.634,23.127,29.904,23.254,4.823,7.042,7.534
37141,0.876,35.395,23.147,29.914,23.247,4.824,7.001,7.453
37142,0.866,35.479,23.124,29.914,23.237,4.621,6.757,7.29
37143,0.869,35.595,23.116,29.895,23.247,4.7,6.957,7.369
37144,0.869,35.682,23.139,29.894,23.247,4.701,6.919,7.33
37145,0.872,35.194,23.147,29.875,23.244,4.742,6.837,7.248
37146,0.882,35.304,23.108,29.875,23.244,4.661,6.918,7.247
37147,0.885,35.44,23.108,29.894,23.254,4.741,6.959,7.369
37148,0.902,35.556,23.166,29.904,23.261,4.783,7.0,7.289
37149,0.895,35.317,23.124,29.875,23.258,4.742,6.96,7.207
37150,0.908,35.459,23.135,29.894,23.251,4.661,6.96,7.206
37151,0.905,35.566,23.163,29.894,23.254,4.782,7.041,7.287
37152,0.912,35.644,23.096,29.894,23.261,4.742,7.042,7.166
37153,0.892,35.136,23.115,29.856,23.244,4.579,6.92,7.043
37154,0.889,35.294,23.092,29.894,23.247,4.74,7.041,7.123
37155,0.889,35.42,23.154,29.866,23.251,4.661,7.042,7.083
37156,0.882,35.479,23.135,29.875,23.24,4.66,7.042,7.002
37157,0.882,35.326,23.12,29.856,23.247,4.7,7.001,7.001
37158,0.885,35.478,23.162,29.884,23.254,4.823,7.245,7.163
37159,0.892,35.633,23.128,29.923,23.258,4.702,7.206,7.043
37160,0.879,35.663,23.127,29.876,23.251,4.742,7.206,7.082
37161,0.876,35.242,23.135,29.894,23.251,4.783,7.206,7.002
37162,0.879,35.391,23.143,29.962,23.254,4.742,7.247,7.041
37163,0.889,35.488,23.081,29.886,23.251,4.661,7.206,6.879
37164,0.882,35.748,23.096,29.856,23.24,4.66,7.206,6.918
37165,0.895,35.396,23.115,29.875,23.251,4.7,7.206,6.919
37166,0.892,35.508,23.147,29.865,23.247,4.701,7.206,6.878
37167,0.895,35.585,23.135,29.865,23.244,4.701,7.206,6.796
37168,0.902,35.231,23.139,29.865,23.244,4.701,7.287,6.877
37169,0.918,35.266,23.163,29.913,23.261,4.904,7.41,6.959
37170,0.928,35.41,23.139,29.876,23.254,4.744,7.411,6.838
37171,0.915,35.479,23.151,29.865,23.254,4.701,7.289,6.837
37172,0.925,35.336,23.104,29.875,23.251,4.742,7.369,6.796
37173,0.909,35.459,23.084,29.875,23.258,4.742,7.33,6.877
37174,0.905,35.614,23.092,29.856,23.251,4.701,7.289,6.715
37175,0.892,35.644,23.154,29.837,23.237,4.66,7.329,6.754
37176,0.899,35.088,23.139,29.875,23.244,4.741,7.289,6.795
37177,0.892,35.226,23.135,29.865,23.247,4.701,7.288,6.673
37178,0.899,35.343,23.135,29.856,23.24,4.66,7.247,6.713
37179,0.899,35.44,23.139,29.846,23.244,4.66,7.288,6.754
37180,0.895,35.259,23.139,29.884,23.251,4.822,7.491,6.836
37181,0.908,35.42,23.17,29.894,23.247,4.783,7.331,6.714
37182,0.899,35.517,23.12,29.875,23.251,4.742,7.329,6.754
37183,0.905,35.586,23.092,29.865,23.251,4.742,7.289,6.673
37184,0.918,35.222,23.107,29.865,23.254,4.701,7.329,6.753
37185,0.918,35.372,23.088,29.865,23.254,4.66,7.289,6.632
37186,0.918,35.469,23.084,29.827,23.237,4.619,7.207,6.59
37187,0.922,35.528,23.103,29.865,23.251,4.659,7.287,6.59
37188,0.925,35.279,23.135,29.856,23.247,4.66,7.329,6.631
37189,0.918,35.43,23.135,29.846,23.244,4.66,7.289,6.509
37190,0.928,35.508,23.092,29.837,23.244,4.579,7.207,6.549
37191,0.935,35.547,23.17,29.875,23.258,4.822,7.369,6.752
37192,0.951,35.317,23.116,29.913,23.258,4.743,7.289,6.551
37193,0.925,35.373,23.108,29.876,23.251,4.661,7.288,6.59
37194,0.931,35.488,23.127,29.865,23.254,4.741,7.288,6.631
37195,0.922,35.326,23.139,29.885,23.251,4.701,7.207,6.631
37196,0.915,35.219,23.135,29.866,23.258,4.742,7.287,6.55
37197,0.918,35.333,23.073,29.846,23.244,4.661,7.085,6.468
37198,0.915,35.421,23.123,29.856,23.251,4.741,7.205,6.507
37199,0.922,35.249,23.131,29.846,23.247,4.701,7.165,6.508
37200,0.912,35.362,23.123,29.846,23.244,4.62,7.206,6.508
37201,0.925,35.469,23.143,29.837,23.244,4.578,7.165,6.467
37202,0.905,35.585,23.139,29.875,23.261,4.781,7.287,6.67
37203,0.944,35.116,23.155,29.885,23.261,4.824,7.329,6.469
37204,0.928,35.217,23.155,29.856,23.251,4.743,7.207,6.507
37205,0.938,35.352,23.108,29.865,23.254,4.742,7.287,6.549
37206,0.935,35.44,23.154,29.865,23.254,4.661,7.247,6.59
37207,0.938,35.172,23.128,29.865,23.254,4.782,7.288,6.509
37208,0.945,35.304,23.155,29.837,23.24,4.62,7.044,6.386
37209,0.935,35.43,23.139,29.865,23.251,4.741,7.164,6.425
37210,0.951,35.508,23.108,29.837,23.251,4.661,7.084,6.385
37211,0.951,35.125,23.162,29.846,23.244,4.7,7.164,6.344
37212,0.951,35.275,23.093,29.837,23.251,4.66,7.124,6.343
37213,0.941,35.411,23.147,29.865,23.251,4.741,7.205,6.547
37214,0.958,35.489,23.128,29.894,23.251,4.823,7.206,6.427
37215,0.948,35.183,23.159,29.856,23.251,4.743,7.165,6.385
37216,0.941,35.342,23.128,29.856,23.254,4.701,7.124,6.425
37217,0.932,35.459,23.112,29.856,23.251,4.782,7.165,6.466
37218,0.938,35.489,23.131,29.856,23.258,4.742,7.165,6.467
37219,0.932,35.163,23.104,29.837,23.247,4.539,7.002,6.304
37220,0.925,35.266,23.143,29.836,23.251,4.659,7.163,6.425
37221,0.938,35.391,23.092,29.846,23.254,4.7,7.165,6.344
37222,0.932,35.642,23.127,29.846,23.244,4.66,7.043,6.303
37223,0.944,35.318,23.108,29.837,23.244,4.579,7.082,6.262
37224,0.941,35.469,23.127,29.846,23.254,4.74,7.245,6.424
37225,0.964,35.595,23.147,29.884,23.261,4.783,7.166,6.426
37226,0.971,35.117,23.104,29.837,23.251,4.742,7.124,6.344
37227,0.964,35.131,23.127,29.846,23.251,4.701,7.165,6.384
37228,0.981,35.265,23.151,29.856,23.251,4.782,7.165,6.385
37229,0.984,35.391,23.104,29.856,23.251,4.783,7.165,6.344
37230,0.984,35.124,23.143,29.827,23.247,4.661,7.002,6.262
37231,0.971,35.217,23.1,29.836,23.244,4.7,7.082,6.302
37232,0.981,35.391,23.108,29.846,23.244,4.701,7.083,6.262
37233,0.974,35.479,23.108,29.837,23.247,4.66,7.083,6.221
37234,0.971,35.087,23.119,29.817,23.237,4.66,7.002,6.302
37235,0.974,35.255,23.104,29.846,23.258,4.741,7.123,6.384
37236,0.974,35.43,23.131,29.875,23.261,4.823,7.165,6.344
37237,0.968,35.46,23.135,29.846,23.244,4.702,7.043,6.303
37238,0.971,35.067,23.159,29.827,23.251,4.742,7.042,6.343
37239,0.971,35.226,23.116,29.836,23.251,4.742,7.164,6.343
37240,0.968,35.353,23.112,29.865,23.251,4.742,7.084,6.343
37241,0.964,35.411,23.158,29.837,23.251,4.661,7.002,6.262
37242,0.958,35.278,23.046,29.836,23.251,4.782,7.082,6.302
37243,0.977,35.449,23.084,29.856,23.244,4.702,7.042,6.221
37244,0.981,35.547,23.08,29.827,23.244,4.66,7.042,6.22
37245,0.984,35.557,23.139,29.808,23.24,4.619,7.042,6.18
37246,0.987,35.145,23.116,29.836,23.251,4.741,7.042,6.342
37247,1.013,35.313,23.147,29.875,23.258,4.783,7.204,6.384
37248,1.01,35.421,23.116,29.846,23.251,4.742,7.125,6.263
37249,1.01,35.412,23.108,29.846,23.254,4.701,7.124,6.262
37250,1.017,35.239,23.154,29.837,23.254,4.782,7.165,6.302
37251,1.027,35.391,23.116,29.846,23.251,4.702,7.206,6.221
37252,1.033,35.488,23.092,29.827,23.247,4.62,7.043,6.058
37253,1.014,35.336,23.092,29.836,23.254,4.741,7.082,6.3
37254,1.01,35.306,23.107,29.817,23.24,4.661,7.123,6.18
37255,1.01,35.43,23.115,29.827,23.244,4.66,7.043,6.139
37256,1.001,35.518,23.123,29.827,23.247,4.66,7.082,6.179
37257,1.013,35.26,23.123,29.836,23.265,4.782,7.205,6.22
37258,1.027,35.401,23.182,29.856,23.258,4.702,7.165,6.18
37259,1.014,35.508,23.116,29.827,23.254,4.701,7.124,6.139
37260,1.014,35.605,23.096,29.846,23.251,4.701,7.205,6.219
37261,1.02,35.452,23.166,29.856,23.247,4.782,7.125,6.22
37262,1.023,35.604,23.081,29.837,23.251,4.661,7.124,6.139
37263,1.02,35.702,23.088,29.827,23.237,4.579,7.002,6.138
37264,1.03,35.789,23.068,29.827,23.247,4.7,7.041,6.179
37265,1.043,42.416,23.127,29.836,23.254,4.62,7.001,6.179
37266,1.05,42.559,23.112,29.808,23.251,4.659,7.041,6.098
37267,1.046,42.608,23.119,29.826,23.251,4.619,7.042,6.138
37268,1.063,42.637,23.155,29.855,23.261,4.822,7.164,6.26
37269,1.073,32.281,23.124,29.846,23.251,4.661,7.043,6.221
37270,1.076,32.369,23.123,29.817,23.251,4.7,7.042,6.139
37271,1.083,32.543,23.127,29.827,23.258,4.701,7.123,6.179
37272,1.086,32.679,23.131,29.827,23.251,4.742,7.124,6.179
37273,1.086,36.881,23.096,29.836,23.251,4.701,7.124,6.139
37274,1.063,36.98,23.111,29.808,23.244,4.62,7.124,6.098
37275,1.076,37.106,23.127,29.826,23.254,4.741,7.165,6.097
37276,1.076,37.136,23.108,29.836,23.251,4.701,7.206,6.178
37277,1.073,35.132,23.108,29.808,23.247,4.579,7.165,6.139
37278,1.063,35.256,23.08,29.807,23.244,4.618,7.287,6.098
37279,1.082,35.43,23.107,29.846,23.261,4.863,7.451,6.26
37280,1.092,35.853,23.154,29.837,23.251,4.702,7.371,6.139
37281,1.089,36.107,23.116,29.817,23.251,4.701,7.411,6.179
37282,1.083,36.253,23.116,29.836,23.254,4.66,7.452,6.179
37283,1.096,36.36,23.1,29.836,23.251,4.7,7.493,6.179
37284,1.109,35.843,23.147,29.836,23.251,4.701,7.453,6.179
37285,1.106,35.876,23.124,29.798,23.237,4.538,7.29,6.098
37286,1.112,35.982,23.123,29.807,23.247,4.659,7.451,6.138
37287,1.125,36.108,23.12,29.817,23.247,4.66,7.412,6.179
37288,1.125,36.061,23.096,29.817,23.244,4.66,7.371,6.139
37289,1.122,36.186,23.111,29.817,23.247,4.579,7.37,6.057
37290,1.138,36.321,23.143,29.836,23.254,4.781,7.573,6.3
37291,1.155,36.428,23.135,29.827,23.251,4.702,7.372,6.14
37292,1.152,36.113,23.139,29.827,23.254,4.701,7.452,6.219
37293,1.139,36.244,23.108,29.827,23.247,4.742,7.452,6.22
37294,1.142,36.379,23.147,29.836,23.254,4.742,7.452,6.22
37295,1.138,36.438,23.159,29.827,23.254,4.661,7.412,6.139
37296,1.125,36.276,23.12,29.779,23.24,4.66,7.289,6.138
37297,1.132,36.456,23.131,29.817,23.251,4.7,7.329,6.138
37298,1.135,36.554,23.092,29.817,23.254,4.66,7.207,6.138
37299,1.138,36.612,23.107,29.798,23.24,4.66,7.287,6.098
37300,1.132,36.45,23.112,29.817,23.247,4.66,7.247,6.219
37301,1.151,36.602,23.139,29.846,23.265,4.863,7.491,6.342
37302,1.155,36.738,23.108,29.827,23.251,4.743,7.331,6.181
37303,1.158,36.758,23.092,29.827,23.251,4.742,7.289,6.261
37304,1.158,36.662,23.139,29.817,23.254,4.742,7.288,6.221
37305,1.171,36.805,23.124,29.846,23.251,4.823,7.247,6.139
37306,1.181,36.912,23.155,29.846,23.254,4.621,7.206,6.057
37307,1.168,37.182,23.108,29.779,23.244,4.537,7.125,6.097
37308,1.181,36.734,23.104,29.826,23.254,4.618,7.165,6.178
37309,1.184,36.873,23.092,29.836,23.247,4.659,7.165,6.179
37310,1.184,36.951,23.115,29.817,23.244,4.7,7.124,6.098
37311,1.184,36.894,23.096,29.807,23.24,4.579,7.165,6.097
37312,1.191,36.951,23.076,29.836,23.261,4.822,7.328,6.219
37313,1.211,37.134,23.107,29.846,23.254,4.743,7.167,6.18
37314,1.185,37.174,23.147,29.827,23.251,4.701,7.165,6.139
37315,1.181,36.877,23.147,29.817,23.251,4.742,7.165,6.219
37316,1.181,37.009,23.155,29.817,23.254,4.783,7.165,6.139
37317,1.181,37.135,23.12,29.827,23.251,4.702,7.124,6.098
37318,1.175,37.194,23.151,29.779,23.244,4.62,7.043,6.056
37319,1.175,36.993,23.096,29.807,23.247,4.7,7.082,6.137
37320,1.168,37.135,23.108,29.836,23.244,4.701,7.123,6.138
37321,1.171,37.232,23.147,29.817,23.24,4.701,7.043,6.098
37322,1.181,37.281,23.03,29.807,23.244,4.62,7.042,6.138
37323,1.188,37.118,23.099,29.826,23.258,4.781,7.123,6.341
37324,1.197,37.251,23.119,29.836,23.258,4.702,7.043,6.181
37325,1.185,37.339,23.155,29.817,23.254,4.701,7.123,6.139
37326,1.197,37.407,23.155,29.827,23.251,4.742,7.083,6.219
37327,1.198,37.283,23.139,29.836,23.254,4.701,7.083,6.22
37328,1.207,37.406,23.092,29.817,23.254,4.742,7.042,6.139
37329,1.198,37.503,23.096,29.788,23.237,4.579,6.96,6.057
37330,1.207,37.542,23.174,29.817,23.247,4.659,7.0,6.137
37331,1.207,37.313,23.077,29.817,23.251,4.66,7.082,6.057
37332,1.207,37.425,23.092,29.827,23.244,4.66,7.002,6.097
37333,1.185,37.532,23.1,29.798,23.244,4.66,7.082,6.138
37334,1.181,37.562,23.15,29.836,23.258,4.782,7.245,6.301
37335,1.181,37.418,23.131,29.836,23.247,4.742,7.206,6.221
37336,1.162,37.532,23.096,29.798,23.251,4.701,7.165,6.058
37337,1.158,37.639,23.1,29.817,23.254,4.742,7.206,6.097
37338,1.148,37.534,23.131,29.807,23.258,4.783,7.247,6.178
37339,1.148,37.485,23.131,29.826,23.254,4.661,7.247,6.057
37340,1.126,37.581,23.088,29.779,23.234,4.579,7.125,6.056
37341,1.116,37.677,23.123,29.817,23.251,4.74,7.165,6.137
37342,1.106,37.352,23.139,29.817,23.244,4.701,7.246,6.138
37343,1.122,37.426,23.065,29.798,23.244,4.66,7.166,6.057
37344,1.116,37.532,23.099,29.788,23.24,4.66,7.206,6.097
37345,1.115,37.629,23.119,29.826,23.258,4.782,7.287,6.26
37346,1.125,37.572,23.108,29.836,23.258,4.783,7.247,6.139
37347,1.109,37.677,23.096,29.798,23.247,4.702,7.247,6.179
37348,1.093,37.793,23.018,29.817,23.244,4.701,7.247,6.179
37349,1.102,37.891,23.083,29.817,23.254,4.742,7.288,6.139
37350,1.099,39.704,23.146,29.798,23.254,4.701,7.247,6.098
37351,1.083,39.828,23.085,29.798,23.24,4.579,7.125,5.975
37352,1.076,39.925,23.111,29.817,23.251,4.74,7.246,6.015
37353,1.06,39.974,23.1,29.807,23.254,4.661,7.206,6.096
37354,1.034,36.599,23.158,29.788,23.247,4.7,7.125,5.975
37355,1.024,36.718,23.108,29.778,23.244,4.62,7.205,6.015
37356,1.02,36.863,23.123,29.807,23.261,4.863,7.328,6.218
37357,1.023,36.97,23.116,29.817,23.254,4.784,7.207,6.017
37358,1.001,37.911,23.127,29.807,23.258,4.702,7.165,6.015
37359,1.0,38.064,23.147,29.807,23.247,4.701,7.206,6.137
37360,0.987,38.181,23.104,29.807,23.251,4.701,7.206,6.098
37361,0.978,38.182,23.147,29.817,23.247,4.742,7.125,6.138
37362,0.951,37.415,23.081,29.807,23.237,4.661,7.124,6.016
37363,0.967,37.541,23.1,29.807,23.254,4.7,7.043,5.974
37364,0.964,37.629,23.115,29.798,23.247,4.701,7.164,5.974
37365,0.951,37.87,23.131,29.788,23.244,4.66,7.084,5.933
37366,0.961,37.661,23.123,29.798,23.24,4.619,7.123,5.933
37367,0.958,37.803,23.123,29.817,23.258,4.781,7.408,6.136
37368,0.968,37.919,23.069,29.846,23.254,4.742,7.208,6.016
37369,0.945,37.527,23.096,29.817,23.251,4.742,7.287,6.056
37370,0.951,37.552,23.147,29.807,23.251,4.701,7.288,5.975
37371,0.948,37.668,23.089,29.817,23.258,4.782,7.288,6.096
37372,0.945,37.784,23.088,29.827,23.254,4.742,7.288,5.975
37373,0.932,37.564,23.1,29.769,23.24,4.62,7.247,5.893
37374,0.905,37.677,23.166,29.797,23.251,4.781,7.288,6.014
37375,0.912,37.822,23.128,29.807,23.251,4.702,7.288,6.015
37376,0.899,37.881,23.12,29.788,23.247,4.66,7.288,5.974
37377,0.889,37.489,23.1,29.798,23.244,4.619,7.288,5.933
37378,0.885,37.619,23.143,29.788,23.251,4.781,7.369,6.096
37379,0.892,37.774,23.147,29.826,23.261,4.824,7.37,6.016
37380,0.863,37.814,23.124,29.817,23.251,4.743,7.37,6.056
37381,0.866,37.536,23.131,29.807,23.251,4.742,7.33,6.056
37382,0.859,37.696,23.116,29.836,23.251,4.823,7.329,6.097
37383,0.879,37.813,23.092,29.798,23.254,4.743,7.37,6.056
37384,0.866,37.852,23.135,29.788,23.24,4.579,7.167,5.893
37385,0.856,37.479,23.147,29.788,23.251,4.781,7.287,6.014
37386,0.882,37.609,23.147,29.788,23.247,4.661,7.288,5.974
37387,0.863,37.716,23.1,29.798,23.247,4.741,7.207,5.974
37388,0.879,37.736,23.108,29.788,23.244,4.661,7.206,6.055
37389,0.869,37.593,23.1,29.798,23.254,4.782,7.328,6.178
37390,0.889,37.754,23.123,29.807,23.254,4.742,7.289,6.057
37391,0.869,37.804,23.065,29.779,23.247,4.661,7.207,6.056
37392,0.876,37.833,23.095,29.807,23.258,4.741,7.206,6.097
37393,0.859,37.565,23.1,29.807,23.251,4.783,7.165,6.097
37394,0.853,37.706,23.131,29.807,23.251,4.742,7.124,6.016
37395,0.84,37.775,23.151,29.759,23.237,4.579,7.043,5.974
37396,0.843,37.612,23.139,29.778,23.251,4.7,7.123,6.055
37397,0.839,37.582,23.135,29.797,23.244,4.782,7.043,5.975
37398,0.833,37.706,23.139,29.769,23.247,4.702,7.001,5.974
37399,0.833,37.784,23.1,29.778,23.247,4.66,6.96,6.055
37400,0.826,37.421,23.131,29.826,23.254,4.863,7.204,6.178
37401,0.836,37.551,23.123,29.827,23.254,4.743,7.043,6.057
37402,0.82,37.639,23.092,29.808,23.247,4.742,7.001,6.137
37403,0.833,37.736,23.061,29.798,23.251,4.701,7.041,6.098
37404,0.839,37.487,23.111,29.807,23.254,4.742,7.082,6.097
37405,0.833,37.629,23.119,29.798,23.258,4.701,7.042,6.056
37406,0.839,37.745,23.104,29.778,23.237,4.579,6.92,5.975
37407,0.839,37.813,23.139,29.807,23.258,4.7,7.0,6.055
37408,0.833,37.315,23.085,29.798,23.251,4.579,6.919,6.097
37409,0.849,37.464,23.1,29.788,23.244,4.659,6.959,6.056
37410,0.846,37.561,23.131,29.788,23.244,4.7,7.0,6.056
37411,0.853,37.668,23.073,29.836,23.258,4.823,7.082,6.178
37412,0.866,37.439,23.08,29.798,23.251,4.702,7.002,6.017
37413,0.84,37.532,23.1,29.798,23.244,4.742,6.96,6.056
37414,0.843,37.667,23.127,29.798,23.247,4.701,7.041,6.097
37415,0.846,37.707,23.104,29.798,23.254,4.742,7.001,6.138
37416,0.833,37.468,23.1,29.798,23.251,4.742,6.919,6.057
37417,0.813,37.58,23.104,29.759,23.244,4.579,6.878,6.015
37418,0.816,37.697,23.123,29.788,23.247,4.74,6.959,6.056
37419,0.816,37.727,23.108,29.798,23.251,4.742,6.878,6.056
37420,0.8,37.478,23.084,29.778,23.247,4.661,6.959,6.015
37421,0.803,37.58,23.103,29.788,23.244,4.66,6.96,6.056
37422,0.813,37.725,23.131,29.836,23.254,4.863,7.122,6.259
37423,0.833,37.65,23.077,29.798,23.247,4.702,6.961,6.058
37424,0.82,37.448,23.107,29.798,23.254,4.66,6.96,6.097
37425,0.839,37.571,23.123,29.798,23.254,4.7,7.0,6.138
37426,0.839,37.687,23.092,29.798,23.254,4.782,7.041,6.098
37427,0.852,37.41,23.1,29.798,23.251,4.742,7.042,6.016
37428,0.843,37.474,22.998,29.798,23.24,4.579,6.96,5.974
37429,0.843,37.609,23.087,29.788,23.251,4.74,7.041,6.096
37430,0.839,37.678,23.166,29.778,23.247,4.661,7.042,5.975
37431,0.826,37.276,23.12,29.797,23.24,4.7,7.042,5.974
37432,0.839,37.425,23.104,29.778,23.247,4.62,7.042,6.055
37433,0.83,37.561,23.111,29.788,23.265,4.822,7.245,6.178
37434,0.836,37.648,23.147,29.798,23.251,4.743,7.125,6.017
37435,0.836,37.285,23.128,29.798,23.251,4.742,7.165,6.096
37436,0.839,37.435,23.077,29.788,23.254,4.701,7.206,6.056
37437,0.836,37.561,23.1,29.807,23.258,4.782,7.206,6.056
37438,0.833,37.61,23.131,29.779,23.244,4.62,7.125,6.015
37439,0.817,37.285,23.12,29.759,23.244,4.619,6.921,6.015
37440,0.826,37.435,23.116,29.807,23.254,4.659,7.041,6.096
37441,0.83,37.551,23.104,29.779,23.247,4.66,7.042,6.016
37442,0.82,37.6,23.1,29.778,23.244,4.66,7.042,6.056
37443,0.823,37.428,23.076,29.769,23.251,4.66,6.96,6.015
37444,0.833,37.542,23.139,29.817,23.254,4.782,7.163,6.178
37445,0.852,37.677,23.166,29.798,23.261,4.742,7.043,6.098
37446,0.836,37.698,23.104,29.817,23.251,4.661,7.042,6.097
37447,0.839,37.391,23.108,29.817,23.258,4.741,7.082,6.056
37448,0.846,37.532,23.053,29.807,23.254,4.701,7.042,6.137
37449,0.856,37.629,23.103,29.807,23.251,4.701,6.96,6.098
37450,0.856,37.956,23.147,29.759,23.237,4.62,6.838,5.975
37451,0.853,37.346,23.124,29.807,23.251,4.7,6.999,6.137
37452,0.859,37.483,23.104,29.798,23.251,4.701,7.001,6.098
37453,0.84,37.561,23.1,29.769,23.247,4.62,6.919,5.975
37454,0.839,37.361,23.154,29.769,23.251,4.659,6.959,6.096
37455,0.839,37.426,23.12,29.807,23.261,4.822,7.0,6.26
37456,0.849,37.57,23.108,29.798,23.244,4.743,6.919,6.099
37457,0.84,37.639,23.08,29.788,23.251,4.701,7.041,6.056
37458,0.843,37.736,23.111,29.778,23.251,4.701,7.082,6.056
37459,0.839,37.871,23.123,29.797,23.258,4.701,7.083,6.097
37460,0.833,38.006,23.065,29.807,23.254,4.701,7.083,6.097
37461,0.807,38.036,23.095,29.759,23.237,4.579,6.961,6.056
37462,0.813,37.03,23.1,29.797,23.247,4.659,7.041,6.056
37463,0.826,37.154,23.092,29.778,23.247,4.66,7.082,6.056
37464,0.839,37.261,23.119,29.778,23.244,4.66,7.042,6.056
37465,0.839,37.329,23.127,29.769,23.247,4.619,7.042,6.178
37466,0.856,37.445,23.131,29.826,23.261,4.822,7.286,6.22
37467,0.862,37.609,23.116,29.798,23.251,4.661,7.166,6.098
37468,0.856,37.678,23.045,29.798,23.244,4.7,7.246,6.097
37469,0.856,37.774,23.08,29.769,23.254,4.66,7.206,6.138
37470,0.859,37.238,23.139,29.788,23.258,4.741,7.247,6.098
37471,0.872,37.367,23.081,29.778,23.254,4.62,7.084,6.016
37472,0.859,37.474,23.045,29.759,23.234,4.537,7.123,6.015
37473,0.859,37.533,23.103,29.769,23.251,4.699,7.165,6.015
37474,0.853,37.389,23.139,29.778,23.24,4.66,7.084,6.015
37475,0.846,37.512,23.1,29.778,23.244,4.66,7.083,5.974
37476,0.833,37.61,23.096,29.769,23.244,4.619,7.042,6.055
37477,0.852,37.659,23.104,29.797,23.265,4.822,7.326,6.178
37478,0.843,37.438,23.135,29.788,23.251,4.661,7.126,6.139
37479,0.833,37.542,23.108,29.788,23.251,4.7,7.124,6.138
37480,0.826,37.658,23.108,29.788,23.251,4.742,7.165,6.138
37481,0.833,37.448,23.127,29.798,23.254,4.742,7.165,6.179
37482,0.833,37.35,23.116,29.798,23.254,4.661,7.084,6.017
37483,0.836,37.464,23.061,29.769,23.24,4.538,7.002,6.096
37484,0.833,37.561,23.127,29.788,23.251,4.659,7.123,6.097
37485,0.839,37.361,23.143,29.769,23.254,4.66,7.083,6.138
37486,0.849,37.474,23.135,29.759,23.244,4.66,7.042,6.098
37487,0.853,37.58,23.092,29.759,23.251,4.66,7.042,6.138
37488,0.862,37.687,23.088,29.807,23.258,4.782,7.286,6.219
37489,0.869,37.285,23.088,29.798,23.254,4.661,7.125,6.139
37490,0.872,37.348,23.135,29.769,23.251,4.579,7.205,6.138
37491,0.866,37.493,23.1,29.788,23.251,4.7,7.165,6.179
37492,0.876,37.581,23.076,29.788,23.254,4.701,7.287,6.22
37493,0.869,37.303,23.107,29.769,23.251,4.742,7.166,6.139
37494,0.853,37.406,23.112,29.759,23.244,4.62,7.124,6.138
37495,0.849,37.57,23.104,29.778,23.247,4.659,7.205,6.138
37496,0.836,37.62,23.123,29.778,23.251,4.7,7.206,6.179
37497,0.839,37.227,23.092,29.759,23.24,4.66,7.206,6.098
37498,0.83,37.348,23.107,29.759,23.244,4.66,7.206,6.138
37499,0.839,37.503,23.092,29.807,23.261,4.863,7.409,6.341
37500,0.839,37.552,23.111,29.798,23.247,4.702,7.289,6.181
37501,0.833,37.294,23.096,29.778,23.251,4.66,7.288,6.22
37502,0.826,37.444,23.119,29.788,23.244,4.619,7.369,6.22
37503,0.843,37.561,23.073,29.788,23.251,4.7,7.411,6.261
37504,0.846,37.572,23.088,29.778,23.251,4.66,7.289,6.139
37505,0.84,37.208,23.1,29.75,23.244,4.579,7.207,6.138
37506,0.846,37.367,23.069,29.797,23.247,4.7,7.287,6.179
37507,0.853,37.464,23.107,29.788,23.247,4.579,7.288,6.179
37508,0.859,37.552,23.1,29.769,23.251,4.659,7.288,6.179
37509,0.859,37.274,23.057,29.769,23.247,4.66,7.288,6.261
37510,0.869,37.396,23.166,29.788,23.251,4.822,7.451,6.384
37511,0.879,37.503,23.124,29.778,23.254,4.661,7.29,6.222
37512,0.869,37.274,23.108,29.769,23.251,4.7,7.247,6.261
37513,0.869,37.329,23.131,29.769,23.251,4.66,7.328,6.262
37514,0.866,37.445,23.1,29.778,23.254,4.782,7.329,6.302
37515,0.862,37.551,23.08,29.797,23.251,4.62,7.248,6.221
37516,0.84,37.121,23.061,29.731,23.24,4.537,7.206,6.22
37517,0.836,37.26,23.107,29.778,23.251,4.659,7.247,6.261
37518,0.839,37.387,23.065,29.769,23.251,4.66,7.247,6.18
37519,0.833,37.465,23.08,29.769,23.244,4.7,7.288,6.179
37520,0.826,37.111,23.142,29.769,23.251,4.66,7.207,6.301
37521,0.846,37.26,23.069,29.807,23.261,4.782,7.369,6.425
37522,0.846,37.406,23.103,29.798,23.254,4.742,7.208,6.304
37523,0.849,37.446,23.096,29.769,23.251,4.661,7.328,6.302
37524,0.843,37.225,23.154,29.769,23.251,4.782,7.289,6.302
37525,0.853,37.367,23.151,29.788,23.254,4.702,7.247,6.343
37526,0.856,37.484,23.112,29.769,23.247,4.701,7.247,6.303
37527,0.853,37.523,23.073,29.74,23.24,4.579,7.044,6.221
37528,0.856,37.025,23.025,29.759,23.251,4.7,7.286,6.302
37529,0.856,37.164,23.068,29.778,23.244,4.66,7.166,6.302
37530,0.859,37.271,23.131,29.75,23.244,4.66,7.124,6.18
37531,0.853,37.281,23.03,29.778,23.251,4.619,7.124,6.301
37532,0.869,37.157,23.115,29.788,23.254,4.822,7.327,6.465
37533,0.869,37.318,23.139,29.778,23.254,4.743,7.248,6.223
37534,0.846,37.378,23.155,29.778,23.251,4.742,7.247,6.302
37535,0.84,37.417,23.12,29.778,23.247,4.661,7.288,6.343
37536,0.843,37.11,23.108,29.769,23.251,4.741,7.247,6.343
37537,0.839,37.26,23.1,29.788,23.251,4.783,7.247,6.262
37538,0.826,37.319,23.072,29.75,23.244,4.661,7.166,6.221
37539,0.836,37.138,23.08,29.759,23.251,4.7,7.206,6.261
37540,0.823,37.117,23.107,29.749,23.247,4.742,7.247,6.221
37541,0.83,37.232,23.076,29.759,23.247,4.661,7.166,6.22
37542,0.823,37.329,23.092,29.749,23.247,4.66,7.246,6.261
37543,0.833,37.052,23.096,29.778,23.254,4.741,7.41,6.424
37544,0.849,37.183,23.135,29.797,23.254,4.742,7.289,6.304
37545,0.843,37.29,23.131,29.778,23.254,4.701,7.369,6.221
37546,0.853,37.368,23.104,29.788,23.251,4.742,7.33,6.302
37547,0.859,36.995,23.1,29.778,23.254,4.701,7.37,6.384
37548,0.859,37.135,23.096,29.769,23.251,4.701,7.452,6.303
37549,0.859,37.222,23.068,29.749,23.24,4.579,7.29,6.18
37550,0.853,37.3,23.135,29.759,23.251,4.7,7.369,6.179
37551,0.849,36.965,23.092,29.749,23.247,4.701,7.33,6.22
37552,0.853,37.106,23.072,29.768,23.251,4.66,7.329,6.18
37553,0.843,37.212,23.111,29.749,23.247,4.66,7.41,6.261
37554,0.853,37.29,23.162,29.797,23.258,4.863,7.533,6.384
37555,0.853,36.975,23.1,29.778,23.247,4.702,7.331,6.222
37556,0.833,37.077,23.08,29.769,23.251,4.782,7.329,6.302
37557,0.833,37.203,23.123,29.778,23.254,4.661,7.41,6.221
37558,0.83,37.242,23.1,29.778,23.254,4.7,7.411,6.22
37559,0.839,37.041,23.092,29.759,23.24,4.701,7.289,6.098
37560,0.817,37.135,23.076,29.73,23.244,4.701,7.288,6.26
37561,0.826,37.289,23.084,29.768,23.251,4.701,7.329,6.221
37562,0.83,37.301,23.076,29.769,23.247,4.66,7.289,6.22
37563,0.83,37.051,23.072,29.759,23.244,4.579,7.288,6.139
37564,0.83,37.174,23.119,29.759,23.251,4.74,7.369,6.301
37565,0.846,37.299,23.123,29.778,23.265,4.823,7.452,6.221
37566,0.853,37.205,23.123,29.778,23.251,4.702,7.33,6.22
37567,0.843,37.041,23.096,29.778,23.251,4.742,7.248,6.18
37568,0.843,37.164,23.111,29.778,23.247,4.742,7.41,6.301
37569,0.859,37.271,23.088,29.759,23.261,4.823,7.371,6.262
37570,0.846,36.898,23.123,29.74,23.244,4.58,7.248,6.058
37571,0.84,36.961,23.104,29.74,23.244,4.7,7.288,6.178
37572,0.849,37.115,23.057,29.759,23.251,4.66,7.329,6.139
37573,0.84,37.184,23.131,29.74,23.251,4.66,7.248,6.219
37574,0.836,37.712,23.131,29.74,23.244,4.619,7.288,6.139
37575,0.836,37.861,23.073,29.749,23.251,4.7,7.451,6.301
37576,0.839,38.025,23.092,29.788,23.261,4.823,7.452,6.302
37577,0.826,38.075,23.065,29.769,23.251,4.702,7.371,6.221
37578,0.826,36.484,23.072,29.749,23.247,4.66,7.289,6.22
37579,0.826,36.631,23.092,29.759,23.254,4.822,7.329,6.18
37580,0.807,36.767,23.1,29.788,23.254,4.743,7.329,6.22
37581,0.81,36.835,23.08,29.759,23.24,4.579,7.167,6.098
37582,0.787,36.989,23.084,29.759,23.247,4.659,7.287,6.219
37583,0.819,37.163,23.096,29.759,23.251,4.7,7.207,6.139
37584,0.826,37.261,23.115,29.749,23.251,4.66,7.165,6.138
37585,0.817,37.3,23.073,29.749,23.24,4.66,7.206,6.138
37586,0.82,36.888,23.099,29.759,23.251,4.822,7.287,6.219
37587,0.833,37.066,23.111,29.788,23.254,4.824,7.247,6.22
37588,0.843,37.154,23.061,29.759,23.244,4.783,7.206,6.139
37589,0.833,37.175,23.064,29.759,23.251,4.702,7.247,6.219
37590,0.846,36.945,23.146,29.749,23.258,4.742,7.206,6.22
37591,0.849,37.067,23.089,29.768,23.247,4.783,7.206,6.22
37592,0.843,37.174,23.076,29.74,23.244,4.58,7.165,6.058
37593,0.833,37.453,23.096,29.749,23.247,4.74,7.246,6.178
37594,0.833,36.823,23.108,29.749,23.247,4.661,7.125,6.179
37595,0.83,36.941,23.041,29.749,23.251,4.66,7.124,6.057
37596,0.82,37.048,23.068,29.73,23.244,4.579,7.165,6.097
37597,0.817,36.886,23.107,29.759,23.258,4.822,7.287,6.3
37598,0.82,36.97,23.076,29.778,23.254,4.743,7.247,6.18
37599,0.81,37.077,23.072,29.75,23.251,4.783,7.206,6.139
37600,0.81,37.174,23.119,29.759,23.251,4.742,7.247,6.179
37601,0.81,36.772,23.061,29.778,23.251,4.823,7.166,6.22
37602,0.807,36.893,23.088,29.769,23.254,4.783,7.165,6.18
37603,0.807,36.999,23.1,29.74,23.24,4.58,7.043,6.057
37604,0.81,37.077,23.154,29.759,23.251,4.7,7.164,6.137
37605,0.823,36.838,23.124,29.74,23.247,4.701,7.043,6.138
37606,0.826,36.98,23.069,29.759,23.244,4.701,7.082,6.098
37607,0.82,37.096,23.084,29.74,23.247,4.66,7.042,6.138
37608,0.83,37.174,23.037,29.778,23.261,4.822,7.245,6.26
37609,0.839,36.791,23.076,29.788,23.258,4.743,7.084,6.139
37610,0.839,36.893,23.135,29.759,23.251,4.701,7.083,6.219
37611,0.836,37.038,23.065,29.759,23.251,4.782,7.123,6.139
37612,0.843,37.068,23.092,29.749,23.251,4.783,7.124,6.219
37613,0.833,37.289,23.096,29.749,23.251,4.742,7.043,6.139
37614,0.817,37.368,23.158,29.72,23.24,4.661,6.96,6.138
37615,0.82,37.503,23.077,29.768,23.254,4.7,7.041,6.179
37616,0.817,37.552,23.068,29.749,23.244,4.742,7.001,6.139
37617,0.8,36.689,23.076,29.73,23.247,4.661,7.001,6.098
37618,0.807,36.805,23.057,29.711,23.24,4.66,7.001,6.178
37619,0.813,36.96,23.092,29.778,23.254,4.822,7.123,6.301
37620,0.816,36.99,23.123,29.759,23.251,4.743,7.043,6.18
37621,0.8,36.828,23.088,29.788,23.247,4.742,7.164,6.22
37622,0.813,36.96,23.065,29.769,23.247,4.742,7.124,6.22
37623,0.816,37.077,23.123,29.759,23.251,4.783,7.124,6.261
37624,0.816,36.944,23.159,29.759,23.247,4.702,7.043,6.139
37625,0.803,36.875,23.128,29.721,23.24,4.66,7.001,6.179
37626,0.816,37.009,23.127,29.749,23.258,4.782,7.041,6.179
37627,0.826,37.106,23.096,29.74,23.251,4.742,7.001,6.22
37628,0.826,36.685,23.065,29.73,23.251,4.661,6.96,6.18
37629,0.82,36.748,23.084,29.749,23.24,4.66,7.0,6.261
37630,0.839,36.902,23.1,29.768,23.251,4.904,7.123,6.384
37631,0.852,37.047,23.119,29.807,23.251,4.703,6.961,6.222
37632,0.836,36.742,23.061,29.74,23.251,4.823,7.041,6.22
37633,0.823,36.864,23.099,29.759,23.254,4.783,7.001,6.18
37634,0.817,36.98,23.147,29.778,23.251,4.742,7.041,6.22
37635,0.816,37.067,23.116,29.769,23.244,4.783,6.96,6.22
37636,0.813,36.742,23.073,29.74,23.24,4.58,6.919,6.18
37637,0.8,36.912,23.08,29.768,23.251,4.74,7.0,6.098
37638,0.79,37.019,23.092,29.749,23.247,4.742,6.919,6.138
37639,0.797,37.097,23.088,29.749,23.24,4.661,6.796,6.179
37640,0.787,36.743,23.111,29.74,23.244,4.66,6.917,6.22
37641,0.797,36.912,23.092,29.778,23.261,4.863,7.041,6.261
37642,0.81,37.057,23.068,29.778,23.254,4.743,6.879,6.221
37643,0.807,37.049,23.096,29.759,23.251,4.742,6.959,6.261
37644,0.807,36.8,23.119,29.74,23.254,4.742,6.919,6.262
37645,0.81,36.96,23.096,29.768,23.258,4.864,6.959,6.302
37646,0.816,37.058,23.088,29.759,23.247,4.743,6.919,6.18
37647,0.813,37.078,23.096,29.721,23.24,4.62,6.796,6.057
37648,0.82,36.848,23.1,29.749,23.251,4.781,6.877,6.137
37649,0.82,36.97,23.072,29.759,23.244,4.742,6.877,6.138
37650,0.826,37.086,23.08,29.74,23.244,4.661,6.837,6.057
37651,0.826,37.078,23.084,29.74,23.247,4.741,6.918,6.219
37652,0.833,36.809,23.096,29.778,23.268,4.864,7.0,6.302
37653,0.82,36.912,23.108,29.759,23.254,4.824,7.082,6.262
37654,0.81,37.009,23.096,29.749,23.258,4.783,6.961,6.221
37655,0.813,36.78,23.068,29.759,23.251,4.824,7.0,6.22
37656,0.813,36.864,23.115,29.759,23.258,4.824,7.041,6.261
37657,0.794,37.009,23.092,29.74,23.247,4.702,6.96,6.099
37658,0.787,37.039,23.049,29.73,23.244,4.701,6.96,6.219
37659,0.793,36.684,23.095,29.739,23.251,4.742,7.041,6.18
37660,0.787,36.805,23.108,29.74,23.251,4.701,7.001,6.179
37661,0.777,36.922,23.08,29.749,23.244,4.742,6.96,6.22
37662,0.79,37.019,23.096,29.759,23.254,4.864,7.204,6.342
37663,0.803,36.828,23.115,29.788,23.258,4.865,7.084,6.262
37664,0.797,36.922,23.112,29.75,23.251,4.784,7.123,6.221
37665,0.803,37.028,23.092,29.759,23.251,4.824,7.124,6.22
37666,0.807,37.125,23.08,29.759,23.254,4.783,7.124,6.22
37667,0.816,36.647,23.049,29.759,23.254,4.742,7.124,6.261
37668,0.807,36.767,23.076,29.74,23.24,4.661,6.961,6.058
37669,0.81,36.873,23.068,29.749,23.247,4.7,7.082,6.178
37670,0.826,36.922,23.096,29.74,23.251,4.742,7.083,6.139
37671,0.823,36.722,23.104,29.74,23.244,4.742,7.042,6.098
37672,0.81,36.825,23.065,29.74,23.244,4.701,7.082,6.178
37673,0.807,36.941,23.127,29.749,23.251,4.823,7.286,6.383
37674,0.823,37.038,23.116,29.768,23.254,4.824,7.166,6.181
37675,0.8,36.646,23.088,29.759,23.251,4.824,7.165,6.261
37676,0.794,36.776,23.096,29.788,23.251,4.702,7.124,6.262
37677,0.79,36.893,23.076,29.759,23.251,4.782,7.205,6.262
37678,0.793,36.999,23.119,29.759,23.258,4.824,7.206,6.262
37679,0.79,36.665,23.034,29.74,23.241,4.621,7.125,6.139
37680,0.78,36.786,23.115,29.749,23.251,4.7,7.205,6.219
37681,0.787,36.902,23.135,29.788,23.251,4.742,7.206,6.18
37682,0.784,36.731,23.069,29.74,23.244,4.742,7.125,6.179
37683,0.78,36.72,23.103,29.73,23.244,4.701,7.205,6.179
37684,0.797,36.844,23.096,29.759,23.258,4.782,7.369,6.342
37685,0.807,36.999,23.111,29.788,23.261,4.824,7.248,6.221
37686,0.82,36.636,23.069,29.75,23.251,4.783,7.288,6.22
37687,0.807,36.738,23.092,29.749,23.251,4.824,7.288,6.22
37688,0.797,36.873,23.076,29.759,23.258,4.783,7.288,6.18
37689,0.813,36.97,23.084,29.769,23.254,4.824,7.329,6.179
37690,0.829,36.617,23.123,29.74,23.247,4.661,7.126,6.017
37691,0.82,36.728,23.08,29.749,23.244,4.741,7.205,6.056
37692,0.82,36.873,23.057,29.74,23.251,4.742,7.247,6.056
37693,0.813,36.932,23.099,29.749,23.244,4.742,7.247,6.097
37694,0.813,36.597,23.096,29.74,23.244,4.701,7.206,6.056
37695,0.81,36.737,23.068,29.759,23.251,4.863,7.287,6.178
37696,0.816,36.892,23.107,29.797,23.261,4.865,7.329,6.179
37697,0.8,36.951,23.073,29.75,23.251,4.743,7.289,6.139
37698,0.794,36.597,23.107,29.759,23.254,4.823,7.247,6.179
37699,0.784,36.737,23.065,29.759,23.258,4.865,7.328,6.179
37700,0.787,36.864,23.115,29.778,23.258,4.824,7.289,6.22
37701,0.774,36.903,23.116,29.75,23.241,4.743,7.166,6.058
37702,0.771,36.558,23.065,29.749,23.247,4.783,7.287,6.178
37703,0.79,36.718,23.142,29.74,23.247,4.742,7.288,6.139
37704,0.8,36.796,23.108,29.74,23.244,4.701,7.166,6.098
37705,0.79,36.816,23.104,29.72,23.244,4.701,7.165,6.056
37706,0.8,36.644,23.084,29.749,23.251,4.823,7.246,6.219
37707,0.82,36.824,23.1,29.788,23.261,4.946,7.247,6.22
37708,0.817,36.903,23.084,29.74,23.254,4.825,7.206,6.139
37709,0.82,36.721,23.045,29.749,23.247,4.783,7.165,6.138
37710,0.826,36.528,23.119,29.759,23.251,4.864,7.206,6.179
37711,0.826,36.689,23.092,29.769,23.247,4.865,7.206,6.098
37712,0.82,36.777,23.037,29.721,23.244,4.662,7.003,5.975
37713,0.803,36.5,23.091,29.73,23.251,4.782,7.041,6.137
37714,0.807,36.612,23.127,29.739,23.247,4.742,7.123,6.098
37715,0.803,36.738,23.123,29.74,23.247,4.701,7.043,6.016
37716,0.8,36.825,23.069,29.74,23.244,4.701,7.001,6.056
37717,0.794,36.385,23.103,29.73,23.254,4.823,7.123,6.219
37718,0.797,36.544,23.131,29.768,23.261,4.865,7.205,6.139
37719,0.797,36.66,23.081,29.74,23.251,4.824,7.125,6.057
37720,0.787,36.719,23.1,29.759,23.254,4.865,7.205,6.137
37721,0.787,36.528,23.08,29.759,23.251,4.906,7.165,6.219
37722,0.793,36.65,23.064,29.769,23.251,4.865,7.165,6.18
37723,0.793,36.748,23.115,29.73,23.244,4.702,7.043,5.976
37724,0.79,36.806,23.096,29.759,23.244,4.742,7.164,6.096
37725,0.8,36.442,23.088,29.749,23.247,4.742,7.043,6.056
37726,0.8,36.554,23.092,29.74,23.244,4.823,7.123,6.015
37727,0.8,36.66,23.088,29.759,23.237,4.743,7.083,6.056
37728,0.8,36.729,23.084,29.74,23.258,4.783,7.245,6.178
37729,0.829,36.566,23.076,29.787,23.265,4.864,7.247,6.139
37730,0.826,36.651,23.092,29.75,23.248,4.824,7.084,6.098
37731,0.83,36.786,23.072,29.759,23.258,4.783,7.123,6.097
37732,0.826,36.826,23.064,29.759,23.258,4.824,7.124,6.097
37733,0.813,36.347,23.064,29.749,23.251,4.824,7.083,6.138
37734,0.813,36.466,23.076,29.749,23.244,4.702,7.042,6.016
37735,0.813,36.583,23.068,29.74,23.244,4.742,7.123,6.137
37736,0.803,36.872,23.084,29.759,23.251,4.783,7.083,6.179
37737,0.79,36.491,23.061,29.73,23.247,4.742,7.083,6.139
37738,0.78,36.593,23.033,29.72,23.244,4.742,7.083,6.098
37739,0.787,36.699,23.068,29.759,23.251,4.823,7.164,6.178
37740,0.797,36.403,23.123,29.769,23.258,4.865,7.246,6.22
37741,0.787,36.409,23.061,29.759,23.247,4.824,7.125,6.058
37742,0.793,36.544,23.08,29.769,23.251,4.824,7.165,6.219
37743,0.793,36.632,23.068,29.749,23.254,4.865,7.206,6.18
37744,0.81,36.373,23.119,29.768,23.251,4.824,7.125,6.139
37745,0.8,36.467,23.041,29.74,23.244,4.661,6.961,6.016
37746,0.794,36.602,23.08,29.759,23.251,4.782,7.082,6.218
37747,0.816,36.69,23.068,29.769,23.247,4.742,7.123,6.098
37748,0.816,36.297,23.092,29.749,23.244,4.742,7.043,6.097
37749,0.813,36.428,23.076,29.73,23.247,4.742,6.96,6.056
37750,0.813,36.554,23.084,29.749,23.254,4.864,7.122,6.219
37751,0.829,36.68,23.107,29.778,23.258,4.824,7.165,6.098
37752,0.82,36.393,23.069,29.75,23.251,4.824,7.084,6.138
37753,0.813,36.534,23.142,29.74,23.251,4.824,7.123,6.138
37754,0.816,36.66,23.096,29.768,23.258,4.824,7.124,6.219
37755,0.807,36.719,23.053,29.759,23.251,4.743,7.002,6.058
37756,0.8,36.326,23.045,29.73,23.244,4.701,6.96,6.097
37757,0.79,36.476,23.06,29.739,23.247,4.742,7.041,6.097
37758,0.797,36.602,22.994,29.759,23.251,4.661,7.001,6.056
37759,0.794,36.622,23.079,29.74,23.251,4.66,6.96,6.097
37760,0.79,36.335,23.107,29.749,23.258,4.741,7.082,6.138
37761,0.8,36.514,23.115,29.855,23.265,4.864,7.164,6.219
37762,0.79,36.622,23.08,29.76,23.251,4.824,6.962,6.139
37763,0.79,36.623,23.1,29.778,23.251,4.783,6.96,6.138
37764,0.8,36.325,23.104,29.75,23.254,4.742,7.041,6.138
37765,0.81,36.457,23.084,29.788,23.254,4.823,7.001,6.138
37766,0.81,36.554,23.08,29.74,23.247,4.702,6.919,5.976
37767,0.787,36.401,23.064,29.74,23.247,4.742,7.0,6.137
37768,0.803,36.39,23.092,29.759,23.244,4.742,6.919,6.138
37769,0.81,36.515,23.08,29.74,23.247,4.742,6.878,6.057
37770,0.82,36.583,23.076,29.74,23.247,4.701,6.837,6.015
37771,0.813,36.248,23.1,29.74,23.258,4.782,6.999,6.259
37772,0.836,36.389,23.096,29.797,23.261,4.824,7.041,6.221
37773,0.826,36.496,23.131,29.75,23.247,4.783,7.001,6.139
37774,0.82,36.573,23.081,29.759,23.254,4.742,6.96,6.219
37775,0.82,36.172,23.084,29.769,23.258,4.783,7.041,6.18
37776,0.813,36.321,23.076,29.749,23.251,4.824,7.082,6.139
37777,0.8,36.437,23.049,29.74,23.24,4.621,6.92,6.057
37778,0.79,36.506,23.056,29.74,23.247,4.741,7.081,6.178
37779,0.79,36.228,23.06,29.749,23.244,4.742,7.042,6.179
37780,0.793,36.36,23.095,29.749,23.24,4.783,7.001,6.22
37781,0.787,36.467,23.1,29.74,23.247,4.702,7.001,6.18
37782,0.771,36.583,23.053,29.74,23.254,4.823,7.123,6.342
37783,0.803,36.344,23.146,29.778,23.261,4.946,7.124,6.262
37784,0.81,36.447,23.112,29.75,23.254,4.785,7.083,6.221
37785,0.81,36.583,23.069,29.759,23.247,4.824,7.083,6.261
37786,0.813,36.603,23.084,29.759,23.254,4.824,7.123,6.221
37787,0.823,36.172,23.068,29.759,23.251,4.743,7.165,6.261
37788,0.817,36.283,23.092,29.749,23.251,4.661,7.002,6.221
37789,0.797,36.36,23.041,29.72,23.244,4.782,6.96,6.18
37790,0.826,36.438,23.095,29.739,23.254,4.702,7.082,6.179
37791,0.826,36.247,23.076,29.74,23.247,4.742,7.002,6.179
37792,0.813,36.37,23.037,29.72,23.247,4.62,7.001,6.057
37793,0.81,36.467,23.126,29.749,23.244,4.741,7.001,6.219
37794,0.82,36.477,23.1,29.797,23.265,4.905,7.204,6.342
37795,0.817,36.209,23.1,29.759,23.251,4.703,7.003,6.181
37796,0.816,36.312,23.096,29.749,23.254,4.742,7.041,6.179
37797,0.797,36.437,23.08,29.74,23.244,4.742,7.042,6.261
37798,0.794,36.285,23.092,29.768,23.258,4.742,7.082,6.302
37799,0.806,36.38,23.049,29.749,23.251,4.701,6.961,6.14
37800,0.787,36.457,23.119,29.72,23.247,4.701,6.919,6.219
37801,0.787,36.611,23.088,29.759,23.251,4.742,6.919,6.22
37802,0.787,36.057,23.065,29.759,23.247,4.661,6.919,6.139
37803,0.797,36.157,23.072,29.73,23.244,4.66,6.837,6.138
37804,0.79,36.273,23.092,29.739,23.251,4.7,6.918,6.219
37805,0.81,36.379,23.115,29.787,23.261,4.904,7.081,6.302
37806,0.816,36.122,23.073,29.74,23.251,4.744,6.839,6.262
37807,0.82,36.253,23.084,29.759,23.251,4.742,6.918,6.221
37808,0.823,36.389,23.068,29.769,23.258,4.701,6.878,6.261
37809,0.823,36.457,23.084,29.769,23.251,4.782,6.918,6.221
37810,0.826,36.094,23.08,29.749,23.251,4.661,6.756,6.139
37811,0.813,36.215,23.029,29.72,23.244,4.7,6.795,6.219
37812,0.829,36.36,23.08,29.749,23.247,4.66,6.795,6.18
37813,0.82,36.419,23.08,29.74,23.244,4.741,6.795,6.22
37814,0.803,36.093,23.049,29.74,23.244,4.661,6.714,6.139
37815,0.8,36.234,23.095,29.749,23.244,4.7,6.794,6.26
37816,0.81,36.379,23.084,29.778,23.265,4.904,6.917,6.302
37817,0.81,36.419,23.092,29.75,23.251,4.703,6.715,6.221
37818,0.8,36.064,23.084,29.749,23.247,4.701,6.794,6.261
37819,0.794,36.224,23.076,29.749,23.247,4.701,6.755,6.221
37820,0.79,36.302,23.123,29.768,23.251,4.742,6.795,6.302
37821,0.787,36.619,23.088,29.749,23.247,4.661,6.673,6.14
37822,0.78,36.182,23.057,29.73,23.244,4.7,6.794,6.301
37823,0.793,36.331,23.095,29.739,23.251,4.701,6.714,6.14
37824,0.806,36.418,23.053,29.749,23.251,4.701,6.672,6.179
37825,0.8,36.103,23.06,29.73,23.247,4.66,6.631,6.139
37826,0.8,36.08,23.017,29.749,23.244,4.7,6.753,6.301
37827,0.82,36.262,23.044,29.768,23.265,4.823,6.754,6.302
37828,0.82,36.331,23.056,29.759,23.248,4.702,6.714,6.221
37829,0.81,36.025,23.084,29.74,23.254,4.782,6.754,6.302
37830,0.82,36.156,23.076,29.749,23.247,4.742,6.795,6.262
37831,0.826,36.282,23.08,29.759,23.251,4.783,6.755,6.221
37832,0.833,36.36,23.076,29.73,23.24,4.62,6.592,6.098
37833,0.81,35.997,23.068,29.72,23.244,4.7,6.671,6.219
37834,0.813,36.166,23.037,29.73,23.24,4.701,6.753,6.261
37835,0.82,36.302,23.052,29.73,23.244,4.701,6.632,6.139
37836,0.807,36.37,23.052,29.739,23.247,4.701,6.672,6.057
37837,0.8,36.016,23.076,29.74,23.247,4.782,6.835,6.341
37838,0.803,36.204,23.076,29.768,23.261,4.824,6.958,6.262
37839,0.807,36.302,23.06,29.74,23.251,4.743,6.797,6.221
37840,0.797,36.361,23.099,29.749,23.251,4.783,6.917,6.342
37841,0.794,35.968,23.096,29.768,23.251,4.824,7.081,6.262
37842,0.79,36.117,23.092,29.759,23.254,4.743,7.002,6.302
37843,0.787,36.244,23.104,29.74,23.247,4.62,6.919,6.18
37844,0.793,36.235,23.084,29.72,23.237,4.659,7.081,6.22
37845,0.8,36.005,23.072,29.749,23.247,4.741,7.123,6.18
37846,0.813,36.127,23.068,29.759,23.247,4.742,7.124,6.139
37847,0.81,36.263,23.06,29.721,23.247,4.701,7.165,6.138
37848,0.813,36.264,23.045,29.759,23.244,4.782,7.287,6.219
37849,0.823,36.005,23.099,29.778,23.261,4.824,7.451,6.22
37850,0.82,36.108,23.045,29.769,23.251,4.743,7.29,6.139
37851,0.833,36.224,23.068,29.759,23.251,4.783,7.369,6.179
37852,0.833,36.158,23.103,29.749,23.251,4.783,7.452,6.22
37853,0.82,36.071,23.115,29.749,23.258,4.742,7.33,6.18
37854,0.81,36.166,23.049,29.74,23.241,4.579,7.289,6.057
37855,0.807,36.292,23.056,29.749,23.251,4.74,7.329,6.178
37856,0.81,35.958,23.084,29.74,23.251,4.701,7.37,6.098
37857,0.807,36.041,23.068,29.74,23.244,4.742,7.33,6.056
37858,0.797,36.166,23.068,29.73,23.251,4.701,7.37,6.137
37859,0.807,36.302,23.068,29.778,23.261,4.945,7.533,6.301
37860,0.794,36.015,23.103,29.74,23.254,4.744,7.453,6.18
37861,0.787,36.128,23.065,29.768,23.251,4.701,7.452,6.261
37862,0.793,36.273,23.049,29.769,23.251,4.742,7.452,6.18
37863,0.793,36.322,23.099,29.769,23.251,4.783,7.574,6.22
37864,0.81,35.948,23.084,29.749,23.251,4.661,7.535,6.139
37865,0.807,36.069,23.061,29.73,23.237,4.66,7.453,6.138
37866,0.816,36.214,23.064,29.749,23.247,4.741,7.534,6.219
37867,0.823,36.293,23.076,29.73,23.247,4.783,7.494,6.18
37868,0.817,35.881,23.06,29.73,23.247,4.62,7.412,6.057
37869,0.816,36.021,23.103,29.739,23.244,4.659,7.615,6.137
37870,0.829,36.137,23.057,29.768,23.265,4.863,7.657,6.301
37871,0.852,36.206,23.084,29.749,23.251,4.662,7.617,6.18
37872,0.84,35.938,23.084,29.74,23.251,4.741,7.576,6.22
37873,0.846,36.079,23.107,29.759,23.251,4.742,7.616,6.22
37874,0.827,36.205,23.061,29.749,23.254,4.823,7.698,6.261
37875,0.839,36.235,23.072,29.759,23.254,4.743,7.577,6.139
37876,0.836,35.928,23.084,29.73,23.24,4.661,7.535,6.098
37877,0.826,36.079,23.092,29.749,23.251,4.741,7.616,6.138
37878,0.839,36.195,23.072,29.73,23.244,4.701,7.576,6.138
37879,0.839,36.34,23.064,29.739,23.251,4.66,7.535,6.138
37880,0.839,35.891,23.045,29.74,23.244,4.619,7.575,6.138
37881,0.852,36.059,23.072,29.778,23.258,4.822,7.779,6.301
37882,0.862,36.166,23.06,29.759,23.251,4.661,7.618,6.262
37883,0.853,35.918,23.08,29.759,23.251,4.782,7.657,6.221
37884,0.879,36.002,23.068,29.749,23.251,4.824,7.617,6.22
37885,0.882,36.147,23.049,29.759,23.254,4.783,7.698,6.18
37886,0.889,36.225,23.068,29.74,23.254,4.824,7.618,6.098
37887,0.879,35.727,23.076,29.711,23.24,4.58,7.454,6.097
37888,0.885,35.856,23.072,29.739,23.247,4.7,7.493,6.178
37889,0.885,35.982,23.06,29.73,23.251,4.66,7.494,6.098
37890,0.889,36.051,23.037,29.73,23.244,4.7,7.453,6.097
37891,0.885,35.869,23.068,29.73,23.244,4.62,7.452,6.138
37892,0.892,36.03,23.088,29.749,23.254,4.822,7.615,6.26
37893,0.902,36.185,23.119,29.768,23.258,4.824,7.495,6.18
37894,0.882,36.235,23.053,29.759,23.251,4.702,7.534,6.139
37895,0.885,35.823,23.052,29.749,23.251,4.782,7.453,6.057
37896,0.889,35.972,23.076,29.749,23.254,4.742,7.452,6.219
37897,0.892,36.089,23.076,29.759,23.258,4.742,7.412,6.139
37898,0.879,36.138,23.084,29.721,23.244,4.62,7.249,6.016
37899,0.885,35.832,23.1,29.73,23.254,4.741,7.288,6.096
37900,0.885,35.972,23.041,29.759,23.247,4.742,7.329,6.056
37901,0.885,36.098,23.076,29.749,23.244,4.661,7.289,6.056
37902,0.889,36.119,23.068,29.73,23.24,4.619,7.288,6.178
37903,0.899,35.803,23.115,29.749,23.258,4.822,7.41,6.179
37904,0.918,36.01,23.018,29.788,23.265,4.743,7.289,6.098
37905,0.899,36.06,23.033,29.759,23.254,4.701,7.288,6.138
37906,0.895,36.09,23.056,29.759,23.254,4.742,7.288,6.138
37907,0.905,35.821,23.037,29.759,23.254,4.823,7.288,6.179
37908,0.902,35.943,23.076,29.759,23.251,4.783,7.247,6.22
37909,0.902,36.041,23.08,29.721,23.24,4.58,7.044,5.976
37910,0.905,35.859,23.033,29.73,23.254,4.781,7.164,6.137
37911,0.925,35.857,23.064,29.739,23.251,4.742,7.124,6.057
37912,0.925,35.982,23.084,29.73,23.24,4.661,7.083,6.056
37913,0.915,36.06,23.096,29.739,23.24,4.66,7.123,6.056
37914,0.915,35.716,23.045,29.759,23.261,4.863,7.246,6.219
37915,0.925,35.866,23.037,29.759,23.254,4.743,7.044,6.18
37916,0.905,35.963,23.064,29.749,23.254,4.783,7.123,6.098
37917,0.905,36.031,23.029,29.749,23.251,4.702,7.165,6.097
37918,0.899,35.754,23.06,29.749,23.258,4.782,7.124,6.138
37919,0.892,35.914,23.068,29.759,23.251,4.783,7.165,6.138
37920,0.879,35.992,23.068,29.721,23.24,4.661,6.962,6.016
37921,0.856,36.079,23.088,29.739,23.251,4.741,7.041,6.178
37922,0.853,35.754,23.057,29.749,23.251,4.701,7.001,6.057
37923,0.859,35.904,23.134,29.73,23.244,4.66,7.001,6.056
37924,0.856,36.021,23.061,29.739,23.24,4.619,6.919,5.975
37925,0.859,36.099,23.064,29.759,23.251,4.741,7.081,6.137
37926,0.885,35.774,23.092,29.778,23.265,4.823,7.042,6.179
37927,0.872,35.885,23.053,29.759,23.248,4.743,7.001,6.139
37928,0.876,36.011,23.041,29.759,23.258,4.783,7.001,6.138
37929,0.863,36.051,23.087,29.759,23.247,4.783,7.041,6.138
37930,0.872,35.735,23.072,29.749,23.254,4.742,7.042,6.138
37931,0.859,35.885,23.08,29.749,23.251,4.661,6.92,6.016
37932,0.843,35.954,23.068,29.711,23.24,4.741,6.878,6.056
37933,0.843,36.021,23.154,29.739,23.247,4.661,6.877,6.056
37934,0.82,35.782,23.053,29.73,23.247,4.7,6.877,6.056
37935,0.823,35.933,23.06,29.739,23.244,4.66,6.837,6.015
37936,0.823,36.021,23.021,29.73,23.244,4.741,6.837,6.137
37937,0.817,35.965,23.076,29.759,23.258,4.864,7.04,6.219
37938,0.826,35.715,23.08,29.749,23.247,4.743,6.839,6.139
37939,0.81,35.846,23.076,29.73,23.254,4.823,6.837,5.976
37940,0.797,35.963,23.037,29.739,23.254,4.824,6.918,6.137
37941,0.787,35.753,23.021,29.759,23.254,4.865,6.878,6.098
37942,0.787,35.847,23.072,29.778,23.254,4.702,6.837,6.016
37943,0.777,35.934,23.076,29.711,23.24,4.701,6.796,6.096
37944,0.79,36.069,23.025,29.739,23.244,4.701,6.836,6.056
37945,0.79,35.706,23.099,29.73,23.244,4.701,6.796,6.015
37946,0.774,35.827,23.065,29.73,23.244,4.701,6.795,5.974
37947,0.774,35.943,23.08,29.739,23.247,4.66,6.877,6.096
37948,0.787,36.06,23.072,29.778,23.261,4.904,6.959,6.178
37949,0.797,35.668,23.072,29.759,23.247,4.744,6.919,6.139
37950,0.794,35.788,23.072,29.759,23.251,4.823,6.919,6.098
37951,0.797,35.905,23.049,29.74,23.251,4.743,6.959,6.097
37952,0.797,35.983,23.045,29.759,23.258,4.823,7.0,6.178
37953,0.787,35.734,23.095,29.74,23.251,4.783,6.96,6.017
37954,0.771,35.856,23.049,29.72,23.251,4.661,6.919,6.056
37955,0.777,35.982,23.08,29.749,23.251,4.782,7.041,6.015
37956,0.774,36.022,23.049,29.759,23.244,4.742,7.123,6.015
37957,0.761,35.591,23.088,29.73,23.247,4.661,7.043,6.015
37958,0.751,35.74,23.076,29.73,23.247,4.66,7.123,6.056
37959,0.754,35.875,23.092,29.778,23.261,4.863,7.287,6.178
37960,0.761,35.915,23.029,29.769,23.254,4.784,7.247,6.139
37961,0.741,35.695,23.021,29.74,23.251,4.742,7.288,6.138
37962,0.744,35.846,23.083,29.759,23.251,4.823,7.288,6.179
37963,0.754,35.925,23.064,29.749,23.251,4.865,7.329,6.139
37964,0.77,36.309,23.029,29.759,23.247,4.702,7.248,6.016
37965,0.757,35.814,23.037,29.721,23.24,4.62,7.328,6.056
37966,0.764,35.972,23.064,29.749,23.254,4.741,7.329,6.097
37967,0.774,36.098,23.084,29.74,23.244,4.701,7.289,6.016
37968,0.777,35.591,23.068,29.74,23.244,4.742,7.329,6.015
37969,0.774,35.548,23.096,29.749,23.244,4.742,7.329,6.056
37970,0.79,35.701,23.061,29.778,23.261,4.905,7.573,6.259
37971,0.79,35.837,23.049,29.75,23.251,4.744,7.372,6.058
37972,0.774,35.608,23.06,29.74,23.251,4.742,7.411,6.056
37973,0.771,35.73,23.084,29.749,23.254,4.742,7.452,6.137
37974,0.764,35.895,22.99,29.759,23.254,4.783,7.452,6.179
37975,0.757,35.963,23.028,29.749,23.247,4.783,7.371,6.098
37976,0.751,35.542,23.06,29.72,23.24,4.661,7.33,6.056
37977,0.754,35.71,23.056,29.768,23.254,4.741,7.451,6.137
37978,0.751,35.827,23.092,29.749,23.244,4.701,7.412,6.057
37979,0.748,35.905,23.057,29.72,23.254,4.701,7.371,6.056
37980,0.738,35.532,23.029,29.739,23.244,4.66,7.452,6.056
37981,0.751,35.701,23.072,29.778,23.265,4.822,7.656,6.219
37982,0.754,35.837,23.057,29.769,23.248,4.743,7.455,6.139
37983,0.748,35.867,23.099,29.749,23.251,4.783,7.493,6.057
37984,0.76,35.647,23.061,29.759,23.247,4.742,7.494,6.137
37985,0.767,35.788,23.06,29.788,23.251,4.783,7.494,6.098
37986,0.761,35.914,23.095,29.75,23.251,4.702,7.371,6.056
37987,0.764,35.916,23.053,29.72,23.24,4.62,7.37,5.975
37988,0.77,35.532,23.084,29.768,23.251,4.741,7.37,6.055
37989,0.764,35.672,23.123,29.74,23.247,4.701,7.411,6.056
37990,0.767,35.789,23.061,29.797,23.244,4.66,7.33,6.015
37991,0.774,35.809,23.041,29.711,23.24,4.7,7.329,6.096
37992,0.78,35.627,23.076,29.778,23.265,4.863,7.614,6.26
37993,0.8,35.75,23.068,29.74,23.248,4.824,7.413,6.139
37994,0.771,35.856,23.072,29.74,23.251,4.783,7.411,6.016
37995,0.767,35.704,23.041,29.749,23.254,4.702,7.411,6.137
37996,0.764,35.607,23.087,29.74,23.258,4.823,7.411,6.098
37997,0.761,35.749,23.061,29.759,23.251,4.783,7.33,6.016
37998,0.754,35.818,23.06,29.721,23.24,4.62,7.289,6.015
37999,0.751,35.521,23.088,29.749,23.24,4.741,7.329,6.015
38000,0.754,35.624,23.041,29.73,23.247,4.783,7.207,6.015
38001,0.754,35.769,23.064,29.739,23.247,4.661,7.247,5.934
38002,0.754,35.828,23.049,29.74,23.247,4.7,7.206,6.014
38003,0.757,43.212,23.115,29.768,23.254,4.863,7.45,6.178
38004,0.767,43.497,23.061,29.778,23.265,4.824,7.29,6.057
38005,0.78,43.509,23.029,29.769,23.251,4.783,7.288,6.097
38006,0.777,43.509,23.068,29.74,23.247,4.783,7.207,6.138
38007,0.774,31.945,23.06,29.768,23.251,4.742,7.287,6.016
38008,0.777,32.058,23.06,29.74,23.251,4.742,7.247,6.096
38009,0.78,32.214,23.068,29.74,23.24,4.742,7.084,5.935
38010,0.78,32.331,23.014,29.74,23.244,4.742,7.123,6.014
38011,0.784,36.867,23.06,29.74,23.251,4.742,7.124,5.934
38012,0.787,37.038,23.107,29.74,23.24,4.742,7.083,5.974
38013,0.78,37.116,23.08,29.72,23.247,4.742,7.042,6.015
38014,0.761,37.155,23.061,29.778,23.251,4.783,7.204,6.096
38015,0.774,34.777,23.076,29.788,23.261,4.905,7.247,6.138
38016,0.774,34.897,23.084,29.75,23.251,4.784,7.166,6.057
38017,0.764,35.042,23.084,29.74,23.254,4.742,7.084,6.056
38018,0.79,35.073,23.068,29.759,23.251,4.823,7.164,6.137
38019,0.813,35.83,23.08,29.769,23.254,4.824,7.165,6.016
38020,0.826,35.982,23.01,29.749,23.251,4.783,7.043,5.974
38021,0.839,36.06,23.064,29.74,23.244,4.783,7.123,6.015
38022,0.885,36.061,23.076,29.749,23.244,4.824,7.083,6.056
38023,0.915,35.303,23.084,29.73,23.247,4.743,7.042,5.934
38024,0.931,35.42,22.982,29.739,23.244,4.783,7.042,5.933
38025,0.957,35.527,23.021,29.74,23.244,4.742,7.082,6.014
38026,0.977,35.451,23.072,29.797,23.258,4.905,7.205,6.096
38027,1.0,35.575,23.06,29.75,23.254,4.825,7.084,6.016
38028,1.004,35.692,23.06,29.749,23.251,4.783,7.164,6.056
38029,1.027,35.789,23.095,29.749,23.254,4.864,7.084,6.056
38030,1.069,35.416,23.076,29.749,23.258,4.824,7.083,6.015
38031,1.095,35.527,23.064,29.749,23.251,4.783,7.002,5.974
38032,1.132,35.624,23.092,29.711,23.247,4.661,6.96,5.974
38033,1.181,35.721,23.068,29.72,23.244,4.782,7.041,6.015
38034,1.223,35.329,23.076,29.739,23.254,4.742,7.001,5.974
38035,1.269,35.478,23.033,29.749,23.247,4.701,6.919,5.893
38036,1.312,35.576,23.083,29.73,23.24,4.742,7.0,6.014
38037,1.345,35.682,23.053,29.759,23.258,4.823,7.123,6.178
38038,1.365,35.482,23.08,29.759,23.258,4.824,7.002,6.057
38039,1.352,35.585,23.1,29.759,23.251,4.783,7.041,6.097
38040,1.346,35.701,23.03,29.749,23.247,4.824,6.96,6.138
38041,1.339,35.77,23.06,29.759,23.254,4.865,7.0,6.219
38042,1.381,35.406,23.084,29.759,23.254,4.784,7.001,6.261
38043,1.378,35.508,23.053,29.711,23.24,4.661,6.838,6.017
38044,1.372,35.633,23.052,29.797,23.244,4.863,6.958,6.178
38045,1.352,35.663,23.037,29.759,23.244,4.784,7.0,6.179
38046,1.349,35.309,23.068,29.749,23.247,4.742,6.96,6.139
38047,1.339,35.459,23.049,29.749,23.244,4.701,6.919,6.138
38048,1.332,35.575,23.056,29.749,23.254,4.823,7.122,6.301
38049,1.303,35.625,23.115,29.768,23.268,4.865,7.083,6.262
38050,1.238,35.376,23.053,29.759,23.244,4.824,7.042,6.343
38051,1.182,35.488,23.056,29.749,23.251,4.783,7.042,6.466
38052,1.129,35.605,23.095,29.749,23.251,4.864,7.164,6.629
38053,1.083,35.471,23.029,29.759,23.258,4.784,7.002,6.712
38054,1.021,35.441,23.04,29.721,23.244,4.702,6.919,6.835
38055,0.958,35.575,23.037,29.73,23.247,4.742,7.0,7.121
38056,0.912,35.701,23.064,29.72,23.251,4.742,7.001,7.327
38057,0.837,35.309,23.08,29.739,23.244,4.783,6.96,7.532
38058,0.781,35.411,23.064,29.73,23.251,4.742,6.878,7.941
38059,0.741,35.575,23.115,29.759,23.261,4.905,7.121,8.352
38060,0.728,35.673,22.987,29.769,23.247,4.703,7.002,8.478
38061,0.682,35.367,23.06,29.74,23.251,4.863,7.001,8.764
38062,0.652,35.498,23.103,29.74,23.244,4.824,7.001,8.929
38063,0.623,35.633,23.049,29.749,23.258,4.865,7.001,9.093
38064,0.619,35.711,23.06,29.749,23.247,4.784,6.919,9.095
38065,0.59,35.262,22.998,29.711,23.237,4.742,7.0,9.176
38066,0.613,35.43,23.04,29.749,23.247,4.742,7.082,9.38
38067,0.639,35.556,23.045,29.749,23.247,4.783,7.083,9.464
38068,0.678,35.615,23.052,29.74,23.247,4.702,7.042,9.546
38069,0.721,35.203,23.099,29.73,23.24,4.742,7.204,9.669
38070,0.767,35.381,23.084,29.768,23.254,4.905,7.409,9.914
38071,0.806,35.508,23.049,29.749,23.244,4.865,7.289,9.957
38072,0.813,35.528,23.08,29.749,23.251,4.824,7.329,10.161
38073,0.833,35.461,23.045,29.749,23.247,4.824,7.37,10.407
38074,0.839,35.585,23.072,29.759,23.254,4.865,7.411,10.653
38075,0.846,35.701,23.049,29.759,23.251,4.743,7.33,10.818
38076,0.843,35.702,23.048,29.721,23.24,4.701,7.289,11.105
38077,0.846,35.348,23.037,29.749,23.254,4.823,7.41,11.351
38078,0.827,35.488,23.06,29.72,23.251,4.743,7.452,11.517
38079,0.833,35.576,23.084,29.72,23.244,4.742,7.371,11.721
38080,0.81,35.586,23.002,29.749,23.237,4.661,7.411,11.927
38081,0.829,35.462,23.068,29.759,23.261,4.822,7.533,12.173
38082,0.833,35.623,23.099,29.759,23.251,4.743,7.453,12.094
38083,0.826,35.702,23.084,29.74,23.254,4.783,7.412,12.256
38084,0.833,35.319,23.033,29.787,23.247,4.783,7.452,12.257
38085,0.839,35.411,23.025,29.769,23.251,4.824,7.452,12.217
38086,0.833,35.556,23.06,29.74,23.251,4.824,7.452,12.135
38087,0.83,35.624,23.045,29.73,23.24,4.702,7.29,11.931
38088,0.826,35.222,23.033,29.73,23.247,4.823,7.369,12.01
38089,0.839,35.362,23.076,29.739,23.251,4.783,7.33,11.889
38090,0.839,35.488,23.068,29.73,23.254,4.702,7.289,11.766
38091,0.839,35.576,23.025,29.72,23.244,4.742,7.247,11.642
38092,0.839,35.337,23.095,29.739,23.247,4.823,7.41,11.682
38093,0.846,35.507,23.076,29.759,23.265,4.824,7.289,11.601
38094,0.833,35.624,23.057,29.749,23.258,4.824,7.41,11.438
38095,0.833,35.692,23.06,29.749,23.254,4.783,7.289,11.314
38096,0.839,35.252,23.041,29.749,23.251,4.824,7.329,11.272
38097,0.83,35.401,23.084,29.749,23.251,4.824,7.289,11.15
38098,0.823,35.517,23.057,29.74,23.247,4.702,7.125,11.026
38099,0.817,35.547,23.064,29.711,23.251,4.742,7.205,10.944
38100,0.82,35.289,23.08,29.749,23.247,4.783,7.165,10.902
38101,0.81,35.411,23.045,29.73,23.251,4.702,7.206,10.821
38102,0.816,35.517,23.107,29.73,23.247,4.701,7.125,10.698
38103,0.813,35.566,23.065,29.749,23.244,4.701,7.205,10.697
38104,0.833,35.356,23.064,29.778,23.261,4.945,7.328,10.697
38105,0.843,35.488,23.033,29.75,23.251,4.744,7.207,10.453
38106,0.833,35.595,23.064,29.759,23.247,4.823,7.287,10.369
38107,0.833,35.941,23.064,29.759,23.254,4.702,7.288,10.287
38108,0.833,35.331,23.072,29.769,23.258,4.823,7.288,10.164
38109,0.849,35.459,23.084,29.749,23.247,4.783,7.247,10.041
38110,0.853,35.547,23.076,29.72,23.244,4.62,7.166,9.796
38111,0.843,35.231,23.021,29.739,23.247,4.741,7.287,9.793
38112,0.853,35.237,23.072,29.74,23.24,4.742,7.247,9.712
38113,0.843,35.353,23.021,29.73,23.244,4.783,7.206,9.548
38114,0.839,35.469,23.037,29.72,23.247,4.661,7.206,9.506
38115,0.833,35.211,23.048,29.73,23.251,4.904,7.369,9.546
38116,0.846,35.381,23.064,29.768,23.251,4.784,7.33,9.303
38117,0.83,35.469,23.064,29.749,23.251,4.824,7.329,9.26
38118,0.83,35.585,23.076,29.74,23.251,4.743,7.37,9.178
38119,0.83,35.212,23.084,29.749,23.258,4.823,7.411,9.137
38120,0.82,35.391,23.068,29.768,23.254,4.783,7.33,9.014
38121,0.817,35.488,23.037,29.721,23.24,4.661,7.248,8.85
38122,0.816,35.547,23.06,29.739,23.247,4.782,7.369,8.808
38123,0.833,35.279,23.049,29.73,23.244,4.742,7.37,8.767
38124,0.833,35.391,23.029,29.73,23.244,4.701,7.289,8.645
38125,0.839,35.517,23.044,29.72,23.244,4.66,7.288,8.521
38126,0.839,35.605,23.076,29.739,23.258,4.863,7.369,8.683
38127,0.859,35.203,23.068,29.768,23.251,4.824,7.33,8.481
38128,0.856,35.333,23.068,29.749,23.247,4.783,7.289,8.479
38129,0.859,35.43,23.092,29.74,23.251,4.783,7.288,8.479
38130,0.869,35.498,23.072,29.74,23.254,4.783,7.247,8.398
38131,0.876,35.346,23.068,29.74,23.258,4.864,7.247,8.194
38132,0.869,35.44,23.045,29.73,23.244,4.662,7.003,8.07
38133,0.859,35.575,23.064,29.768,23.244,4.822,7.163,8.109
38134,0.862,35.596,23.045,29.73,23.254,4.743,7.165,8.109
38135,0.859,35.174,23.064,29.73,23.244,4.701,7.124,7.987
38136,0.853,35.304,23.064,29.701,23.244,4.66,7.083,7.946
38137,0.82,35.411,23.068,29.73,23.244,4.782,7.205,8.026
38138,0.846,35.354,23.072,29.797,23.265,4.946,7.247,7.946
38139,0.843,35.287,23.092,29.74,23.251,4.785,7.125,7.945
38140,0.826,35.42,23.092,29.749,23.251,4.824,7.165,7.864
38141,0.833,35.508,23.014,29.759,23.258,4.783,7.124,7.904
38142,0.843,35.125,23.091,29.74,23.251,4.824,7.165,7.701
38143,0.849,35.198,22.99,29.749,23.244,4.661,6.921,7.618
38144,0.853,35.304,23.032,29.74,23.251,4.741,7.0,7.617
38145,0.849,35.43,23.033,29.749,23.251,4.742,7.041,7.617
38146,0.853,35.086,23.021,29.74,23.251,4.742,7.001,7.576
38147,0.853,35.217,23.06,29.73,23.24,4.783,6.96,7.494
38148,0.856,35.362,23.045,29.739,23.251,4.783,7.041,7.616
38149,0.872,35.469,23.099,29.778,23.261,4.905,7.123,7.576
38150,0.882,35.163,23.072,29.74,23.251,4.744,7.043,7.494
38151,0.876,35.313,23.025,29.749,23.254,4.783,7.042,7.494
38152,0.882,35.421,23.095,29.749,23.254,4.783,7.042,7.453
38153,0.879,35.508,23.01,29.759,23.258,4.783,7.001,7.452
38154,0.866,35.298,23.044,29.73,23.251,4.661,6.919,7.168
38155,0.856,35.372,23.006,29.73,23.251,4.7,6.959,7.328
38156,0.853,35.527,23.017,29.73,23.258,4.742,6.919,7.248
38157,0.853,35.586,23.044,29.73,23.244,4.742,6.837,7.206
38158,0.859,35.174,23.029,29.72,23.251,4.701,6.877,7.206
38159,0.862,35.314,23.099,29.73,23.251,4.782,6.959,7.287
38160,0.859,35.469,23.08,29.768,23.261,4.905,7.0,7.288
38161,0.856,35.47,23.033,29.74,23.251,4.784,6.96,7.247
38162,0.853,35.163,23.122,29.73,23.244,4.783,7.0,7.206
38163,0.859,35.304,23.049,29.73,23.258,4.783,6.96,7.206
38164,0.882,35.411,23.064,29.739,23.258,4.783,7.0,7.165
38165,0.872,35.479,23.029,29.74,23.244,4.702,6.919,7.002
38166,0.869,35.058,23.017,29.692,23.244,4.701,6.837,7.082
38167,0.889,35.226,23.036,29.739,23.251,4.701,6.877,7.123
38168,0.879,35.343,23.068,29.73,23.244,4.742,6.918,7.002
38169,0.876,35.124,23.099,29.73,23.247,4.661,6.837,6.96
38170,0.885,35.217,23.049,29.72,23.244,4.7,6.837,6.96
38171,0.889,35.372,23.068,29.749,23.265,4.904,6.999,7.082
38172,0.902,35.479,23.092,29.73,23.251,4.703,6.838,7.002
38173,0.892,35.058,23.029,29.759,23.251,4.742,6.877,6.96
38174,0.873,35.188,23.064,29.759,23.247,4.742,6.918,7.041
38175,0.879,35.314,23.029,29.749,23.258,4.823,6.959,7.001
38176,0.879,35.392,23.025,29.74,23.251,4.783,6.838,6.919
38177,0.863,35.114,23.044,29.701,23.247,4.62,6.796,6.878
38178,0.866,35.265,23.052,29.73,23.251,4.741,6.877,6.877
38179,0.866,35.391,23.099,29.72,23.247,4.823,6.877,6.877
38180,0.859,35.46,23.061,29.73,23.244,4.702,6.837,6.837
38181,0.866,35.019,23.056,29.73,23.24,4.66,6.877,6.877
38182,0.859,35.178,23.123,29.768,23.261,4.904,7.0,7.081
38183,0.875,35.304,23.049,29.74,23.251,4.825,6.838,6.92
38184,0.872,35.353,23.068,29.72,23.251,4.743,6.918,6.919
38185,0.872,35.114,23.033,29.739,23.254,4.742,6.919,6.959
38186,0.882,35.275,23.044,29.74,23.254,4.823,6.959,6.878
38187,0.892,35.391,23.048,29.749,23.251,4.743,6.878,6.796
38188,0.889,35.402,23.048,29.711,23.237,4.661,6.837,6.755
38189,0.889,35.057,23.091,29.72,23.247,4.741,6.877,6.836
38190,0.902,35.197,23.045,29.73,23.254,4.701,6.837,6.796
38191,0.899,35.314,23.021,29.701,23.244,4.742,6.877,6.714
38192,0.892,35.315,23.072,29.71,23.247,4.701,6.837,6.754
38193,0.895,35.123,23.041,29.758,23.254,4.863,6.958,6.917
38194,0.902,35.323,23.048,29.759,23.261,4.824,6.919,6.796
38195,0.889,35.344,23.048,29.749,23.254,4.743,7.0,6.795
38196,0.892,35.124,23.064,29.73,23.261,4.783,6.96,6.755
38197,0.882,35.102,23.076,29.73,23.254,4.702,7.0,6.754
38198,0.882,35.255,23.08,29.749,23.251,4.782,7.041,6.836
38199,0.872,35.334,23.057,29.701,23.237,4.661,6.92,6.633
38200,0.866,34.96,22.99,29.739,23.251,4.7,7.041,6.753
38201,0.872,35.072,23.032,29.73,23.251,4.701,7.042,6.754
38202,0.879,35.188,23.076,29.72,23.251,4.742,7.001,6.673
38203,0.853,35.275,23.06,29.701,23.24,4.661,7.001,6.591
38204,0.875,35.027,23.041,29.739,23.251,4.782,7.163,6.753
38205,0.898,35.197,23.037,29.759,23.265,4.864,7.206,6.714
38206,0.895,35.314,23.052,29.73,23.248,4.702,7.043,6.672
38207,0.905,35.392,23.056,29.739,23.258,4.782,7.082,6.713
38208,0.918,35.009,23.084,29.749,23.251,4.783,7.164,6.672
38209,0.902,35.13,23.064,29.72,23.244,4.783,7.124,6.672
38210,0.915,35.275,23.064,29.72,23.244,4.661,6.961,6.469
38211,0.909,35.296,23.037,29.73,23.247,4.7,7.082,6.589
38212,0.918,35.104,23.076,29.73,23.247,4.701,7.083,6.549
38213,0.912,35.236,22.99,29.72,23.24,4.742,7.042,6.508
38214,0.908,35.343,23.032,29.72,23.251,4.701,7.001,6.549
38215,0.902,35.402,23.025,29.72,23.251,4.742,7.041,6.63
38216,0.915,35.047,23.064,29.768,23.261,4.905,7.164,6.672
38217,0.899,35.188,23.06,29.73,23.254,4.744,7.043,6.55
38218,0.889,35.285,23.08,29.73,23.251,4.742,7.042,6.59
38219,0.895,35.334,23.088,29.711,23.251,4.783,7.082,6.59
38220,0.886,35.085,23.092,29.758,23.251,4.702,7.123,6.631
38221,0.879,35.217,23.037,29.74,23.251,4.701,6.961,6.468
38222,0.882,35.266,23.083,29.701,23.244,4.62,6.96,6.629
38223,0.898,35.286,23.014,29.73,23.244,4.7,7.0,6.509
38224,0.908,35.171,23.017,29.73,23.24,4.701,7.001,6.508
38225,0.912,35.285,23.005,29.72,23.244,4.742,7.041,6.427
38226,0.915,35.382,23.032,29.73,23.251,4.783,7.042,6.588
38227,0.925,34.999,23.068,29.749,23.258,4.864,7.245,6.631
38228,0.935,35.091,23.06,29.73,23.251,4.784,7.166,6.59
38229,0.928,35.198,23.076,29.73,23.251,4.742,7.206,6.59
38230,0.948,35.304,23.068,29.739,23.261,4.783,7.247,6.468
38231,0.945,34.931,23.041,29.73,23.254,4.742,7.328,6.507
38232,0.948,35.052,23.076,29.73,23.251,4.742,7.248,6.508
38233,0.948,35.178,23.049,29.72,23.244,4.62,7.166,6.345
38234,0.932,35.266,23.013,29.739,23.254,4.741,7.368,6.384
38235,0.931,34.998,23.056,29.73,23.254,4.701,7.289,6.385
38236,0.935,35.13,23.056,29.72,23.244,4.701,7.329,6.425
38237,0.922,35.256,23.045,29.711,23.247,4.701,7.329,6.507
38238,0.931,35.353,23.029,29.749,23.254,4.823,7.492,6.467
38239,0.928,35.009,23.087,29.759,23.254,4.783,7.412,6.426
38240,0.918,35.13,23.072,29.73,23.251,4.783,7.452,6.426
38241,0.922,35.237,23.025,29.73,23.251,4.783,7.452,6.466
38242,0.928,35.305,23.095,29.749,23.251,4.824,7.534,6.467
38243,0.938,34.989,23.061,29.797,23.258,4.824,7.412,6.426
38244,0.938,35.11,23.006,29.731,23.241,4.621,7.33,6.385
38245,0.941,35.217,23.048,29.73,23.247,4.741,7.451,6.507
38246,0.954,35.276,23.045,29.739,23.251,4.701,7.371,6.467
38247,0.958,35.085,23.041,29.711,23.244,4.701,7.37,6.386
38248,0.958,35.207,23.013,29.72,23.24,4.66,7.37,6.344
38249,0.974,35.333,23.06,29.749,23.254,4.822,7.533,6.547
38250,0.99,35.699,23.068,29.759,23.254,4.824,7.494,6.427
38251,0.984,35.031,23.049,29.74,23.251,4.702,7.494,6.385
38252,0.987,35.159,23.084,29.74,23.251,4.782,7.575,6.344
38253,0.984,35.275,23.068,29.759,23.258,4.783,7.535,6.425
38254,0.978,35.104,23.033,29.74,23.251,4.824,7.534,6.385
38255,0.968,35.121,23.041,29.701,23.237,4.661,7.372,6.303
38256,0.968,35.265,23.045,29.739,23.247,4.7,7.452,6.384
38257,0.971,35.343,23.052,29.73,23.247,4.701,7.452,6.303
38258,0.964,35.009,23.045,29.72,23.244,4.701,7.412,6.262
38259,0.968,35.139,23.084,29.72,23.247,4.742,7.452,6.302
38260,0.974,35.313,23.068,29.768,23.265,4.864,7.656,6.506
38261,0.984,35.401,23.025,29.74,23.251,4.784,7.455,6.386
38262,0.984,35.095,23.099,29.73,23.247,4.742,7.452,6.425
38263,0.987,35.246,23.018,29.749,23.251,4.783,7.452,6.426
38264,0.991,35.372,23.068,29.749,23.261,4.783,7.452,6.466
38265,0.994,35.45,23.06,29.73,23.247,4.661,7.33,6.223
38266,0.994,35.096,23.029,29.701,23.24,4.7,7.451,6.302
38267,1.01,35.255,23.068,29.73,23.251,4.701,7.534,6.302
38268,1.01,35.362,23.053,29.73,23.247,4.66,7.412,6.262
38269,1.01,35.431,23.099,29.711,23.247,4.7,7.452,6.302
38270,1.027,35.211,23.061,29.739,23.244,4.742,7.574,6.302
38271,1.046,35.4,23.037,29.768,23.258,4.945,7.575,6.343
38272,1.043,35.498,23.134,29.73,23.251,4.703,7.575,6.343
38273,1.037,35.528,23.003,29.73,23.247,4.742,7.616,6.303
38274,1.024,35.346,23.06,29.759,23.247,4.783,7.576,6.302
38275,1.036,35.498,23.053,29.74,23.254,4.824,7.616,6.343
38276,1.043,35.585,23.052,29.74,23.244,4.743,7.535,6.221
38277,1.017,35.586,23.064,29.711,23.247,4.661,7.494,6.261
38278,1.036,35.51,23.021,29.73,23.247,4.741,7.494,6.302
38279,1.027,35.633,23.076,29.73,23.244,4.742,7.534,6.221
38280,1.017,35.75,23.068,29.739,23.24,4.661,7.494,6.22
38281,1.017,35.636,23.029,29.72,23.24,4.7,7.534,6.424
38282,1.036,35.625,23.091,29.778,23.258,4.823,7.616,6.344
38283,1.046,35.759,22.979,29.75,23.251,4.783,7.495,6.303
38284,1.043,35.847,23.04,29.73,23.251,4.742,7.575,6.302
38285,1.046,35.637,23.06,29.739,23.258,4.783,7.535,6.262
38286,1.059,35.74,23.064,29.74,23.258,4.742,7.453,6.302
38287,1.066,35.866,23.076,29.749,23.247,4.701,7.371,6.14
38288,1.063,35.925,23.049,29.711,23.247,4.66,7.37,6.219
38289,1.073,35.666,23.084,29.73,23.247,4.7,7.411,6.302
38290,1.076,35.808,23.061,29.72,23.237,4.701,7.289,6.18
38291,1.096,35.905,23.033,29.72,23.244,4.701,7.41,6.179
38292,1.086,36.011,23.076,29.739,23.251,4.782,7.371,6.342
38293,1.099,35.801,22.951,29.778,23.265,4.864,7.614,6.221
38294,1.083,35.934,23.008,29.74,23.251,4.702,7.373,6.22
38295,1.086,36.06,23.029,29.74,23.251,4.701,7.37,6.22
38296,1.096,36.128,23.044,29.74,23.251,4.701,7.411,6.139
38297,1.083,36.09,23.06,29.74,23.254,4.742,7.371,6.301
38298,1.083,36.243,23.041,29.74,23.244,4.661,7.208,6.099
38299,1.079,36.322,23.08,29.701,23.244,4.66,7.328,6.138
38300,1.089,36.409,23.041,29.739,23.251,4.7,7.289,6.179
38301,1.096,36.237,23.025,29.72,23.254,4.701,7.288,6.179
38302,1.083,36.36,23.079,29.711,23.247,4.66,7.288,6.179
38303,1.079,36.476,23.002,29.749,23.251,4.7,7.41,6.22
38304,1.115,36.544,23.04,29.768,23.261,4.863,7.452,6.261
38305,1.115,36.363,23.009,29.721,23.247,4.702,7.371,6.221
38306,1.128,36.486,23.044,29.739,23.254,4.823,7.452,6.261
38307,1.129,36.583,23.068,29.74,23.251,4.783,7.452,6.302
38308,1.142,36.661,23.056,29.749,23.258,4.742,7.452,6.262
38309,1.142,36.393,23.072,29.73,23.244,4.661,7.33,6.099
38310,1.145,36.496,23.053,29.701,23.247,4.7,7.532,6.219
38311,1.165,36.621,23.041,29.72,23.254,4.742,7.494,6.058
38312,1.161,36.546,23.099,29.701,23.247,4.661,7.494,6.137
38313,1.139,36.632,23.061,29.73,23.244,4.66,7.453,6.179
38314,1.148,36.767,23.01,29.73,23.251,4.782,7.615,6.22
38315,1.155,36.883,23.017,29.768,23.258,4.864,7.657,6.22
38316,1.155,36.683,23.013,29.73,23.247,4.784,7.617,6.18
38317,1.145,36.786,23.044,29.72,23.254,4.824,7.617,6.139
38318,1.152,36.912,23.017,29.73,23.258,4.783,7.617,6.179
38319,1.148,36.99,23.064,29.73,23.258,4.824,7.657,6.22
38320,1.152,36.789,23.033,29.73,23.247,4.702,7.495,6.098
38321,1.132,36.902,23.017,29.72,23.244,4.782,7.575,6.26
38322,1.138,37.038,23.083,29.73,23.247,4.783,7.535,6.18
38323,1.161,37.135,23.053,29.759,23.244,4.742,7.534,6.139
38324,1.155,36.868,23.009,29.711,23.244,4.661,7.494,6.098
38325,1.155,37.009,23.04,29.739,23.251,4.782,7.616,6.178
38326,1.168,37.154,23.084,29.768,23.258,4.905,7.657,6.179
38327,1.194,37.175,23.08,29.73,23.251,4.825,7.536,6.139
38328,1.188,37.127,23.049,29.739,23.251,4.702,7.534,6.179
38329,1.194,37.251,23.029,29.73,23.251,4.742,7.575,6.179
38330,1.188,37.367,23.029,29.739,23.251,4.823,7.454,6.139
38331,1.194,37.378,23.068,29.72,23.244,4.702,7.33,6.057
38332,1.188,37.11,23.045,29.701,23.247,4.701,7.41,6.137
38333,1.197,37.289,23.041,29.72,23.247,4.701,7.411,6.138
38334,1.191,37.387,23.021,29.73,23.247,4.701,7.411,6.098
38335,1.188,37.445,23.052,29.72,23.244,4.701,7.371,6.056
38336,1.181,37.302,23.045,29.73,23.251,4.66,7.411,6.259
38337,1.194,37.464,23.052,29.768,23.261,4.904,7.452,6.221
38338,1.172,37.552,23.037,29.73,23.251,4.784,7.29,6.18
38339,1.162,37.313,23.076,29.72,23.251,4.783,7.329,6.179
38340,1.171,37.31,23.037,29.739,23.254,4.824,7.37,6.22
38341,1.165,37.454,23.048,29.749,23.247,4.783,7.37,6.22
38342,1.161,37.513,23.076,29.73,23.24,4.702,7.167,6.058
38343,1.139,37.37,23.014,29.711,23.244,4.701,7.287,6.219
38344,1.161,37.503,23.029,29.72,23.247,4.782,7.288,6.18
38345,1.155,37.6,23.017,29.73,23.254,4.783,7.288,6.139
38346,1.168,37.678,23.056,29.72,23.251,4.661,7.247,6.098
38347,1.162,37.381,23.06,29.72,23.247,4.741,7.369,6.219
38348,1.174,37.56,23.084,29.768,23.261,4.905,7.533,6.18
38349,1.171,37.668,23.068,29.73,23.247,4.744,7.453,6.179
38350,1.158,37.745,23.037,29.73,23.254,4.742,7.452,6.179
38351,1.152,37.363,23.052,29.72,23.251,4.783,7.534,6.139
38352,1.148,37.512,23.049,29.73,23.258,4.824,7.575,6.219
38353,1.152,37.629,23.037,29.759,23.244,4.621,7.413,5.976
38354,1.119,37.659,23.037,29.73,23.251,4.7,7.533,6.177
38355,1.109,37.63,23.064,29.72,23.251,4.742,7.494,6.139
38356,1.102,37.745,23.041,29.72,23.247,4.701,7.494,6.179
38357,1.089,37.852,23.045,29.701,23.24,4.66,7.453,6.057
38358,1.073,37.901,23.045,29.739,23.251,4.822,7.656,6.259
38359,1.076,37.527,23.045,29.749,23.261,4.783,7.576,6.139
38360,1.06,37.619,23.041,29.74,23.247,4.742,7.575,6.219
38361,1.047,37.735,23.06,29.73,23.254,4.742,7.575,6.261
38362,1.04,37.746,23.076,29.739,23.251,4.742,7.616,6.221
38363,1.04,37.612,23.06,29.797,23.254,4.783,7.617,6.139
38364,1.037,37.697,23.002,29.692,23.24,4.58,7.454,6.098
38365,1.037,37.813,23.052,29.73,23.251,4.7,7.615,6.178
38366,1.027,37.785,23.072,29.72,23.247,4.742,7.576,6.179
38367,1.023,37.708,23.053,29.711,23.247,4.701,7.575,6.098
38368,1.017,37.803,23.041,29.73,23.244,4.66,7.535,6.097
38369,1.01,37.919,23.041,29.73,23.258,4.904,7.697,6.26
38370,1.02,37.547,23.084,29.749,23.258,4.825,7.618,6.139
38371,1.01,37.562,23.076,29.73,23.247,4.743,7.576,6.219
38372,1.001,37.687,23.053,29.72,23.251,4.783,7.657,6.139
38373,0.994,37.784,23.033,29.73,23.251,4.824,7.698,6.219
38374,0.987,37.622,23.017,29.739,23.254,4.783,7.618,6.22
38375,0.965,37.726,23.06,29.701,23.24,4.661,7.495,6.098
38376,0.958,37.852,23.056,29.72,23.254,4.741,7.575,6.138
38377,0.948,37.92,23.068,29.72,23.247,4.701,7.535,6.179
38378,0.935,37.508,23.068,29.711,23.244,4.701,7.453,6.139
38379,0.918,37.629,23.068,29.701,23.24,4.701,7.412,6.179
38380,0.922,37.764,23.045,29.72,23.254,4.742,7.493,6.301
38381,0.925,37.881,23.017,29.749,23.261,4.864,7.494,6.221
38382,0.905,37.575,23.052,29.72,23.251,4.743,7.494,6.22
38383,0.905,37.735,23.045,29.806,23.254,4.742,7.453,6.261
38384,0.892,37.842,22.994,29.74,23.254,4.783,7.452,6.221
38385,0.902,37.91,23.06,29.73,23.251,4.824,7.33,6.302
38386,0.905,37.546,23.017,29.692,23.24,4.661,7.289,6.099
38387,0.892,37.687,23.044,29.72,23.251,4.782,7.329,6.178
38388,0.895,37.813,23.048,29.739,23.244,4.742,7.329,6.139
38389,0.889,37.833,23.029,29.72,23.251,4.742,7.248,6.138
38390,0.889,37.536,23.048,29.701,23.247,4.701,7.206,6.098
38391,0.889,37.677,23.045,29.73,23.254,4.782,7.369,6.3
38392,0.902,37.822,23.072,29.759,23.258,4.783,7.37,6.18
38393,0.895,38.073,23.064,29.701,23.251,4.742,7.33,6.139
38394,0.879,37.615,23.002,29.739,23.254,4.783,7.41,6.138
38395,0.869,37.745,23.036,29.73,23.254,4.783,7.452,6.179
38396,0.863,37.852,23.029,29.759,23.251,4.824,7.371,6.139
38397,0.846,37.575,23.025,29.692,23.24,4.621,7.208,6.057
38398,0.849,37.572,23.037,29.72,23.254,4.741,7.287,6.137
38399,0.846,37.716,23.06,29.73,23.251,4.742,7.288,6.179
38400,0.843,37.823,23.045,29.701,23.237,4.701,7.247,6.139
38401,0.82,37.488,23.033,29.71,23.251,4.701,7.247,6.179
38402,0.82,37.6,23.091,29.73,23.254,4.823,7.41,6.261
38403,0.83,37.774,23.041,29.797,23.261,4.865,7.371,6.18
38404,0.836,37.833,22.99,29.721,23.251,4.784,7.248,6.139
38405,0.843,37.584,23.024,29.72,23.254,4.742,7.328,6.179
38406,0.839,37.725,23.021,29.739,23.251,4.823,7.289,6.22
38407,0.846,37.842,23.029,29.74,23.254,4.743,7.288,6.18
38408,0.846,37.91,23.037,29.72,23.24,4.661,7.207,6.017
38409,0.827,37.422,23.013,29.701,23.24,4.741,7.247,6.096
38410,0.846,37.599,23.04,29.72,23.254,4.783,7.288,6.097
38411,0.853,37.678,23.052,29.73,23.251,4.661,7.247,6.056
38412,0.853,37.726,23.056,29.72,23.244,4.66,7.166,6.056
38413,0.84,37.401,23.041,29.72,23.258,4.782,7.287,6.137
38414,0.836,37.58,23.056,29.759,23.268,4.783,7.491,6.138
38415,0.833,37.677,23.076,29.73,23.251,4.824,7.29,6.098
38416,0.826,37.717,23.029,29.739,23.258,4.783,7.329,6.138
38417,0.826,37.497,23.06,29.72,23.251,4.742,7.248,6.179
38418,0.83,37.638,23.041,29.739,23.251,4.783,7.206,6.139
38419,0.83,37.716,23.041,29.73,23.247,4.702,7.125,6.057
38420,0.807,37.717,23.045,29.682,23.244,4.701,7.165,6.097
38421,0.807,37.497,23.052,29.729,23.244,4.742,7.124,6.097
38422,0.8,37.638,23.052,29.72,23.251,4.701,7.165,6.097
38423,0.794,37.736,23.037,29.701,23.24,4.701,7.084,6.056
38424,0.803,37.583,23.048,29.701,23.251,4.742,7.205,6.137
38425,0.82,37.572,23.072,29.768,23.261,4.823,7.328,6.26
38426,0.836,37.677,23.068,29.711,23.254,4.743,7.167,6.139
38427,0.826,37.765,23.049,29.72,23.251,4.823,7.246,6.179
38428,0.826,37.305,23.025,29.749,23.247,4.824,7.247,6.179
38429,0.83,37.406,23.009,29.74,23.254,4.824,7.288,6.22
38430,0.852,37.522,23.021,29.73,23.247,4.783,7.288,6.058
38431,0.827,37.581,23.064,29.701,23.244,4.661,7.207,6.056
38432,0.833,37.457,23.01,29.72,23.251,4.7,7.328,6.178
38433,0.83,37.58,23.036,29.72,23.247,4.742,7.289,6.098
38434,0.817,37.697,23.033,29.72,23.24,4.661,7.247,5.975
38435,0.813,37.775,23.064,29.72,23.247,4.7,7.288,6.177
38436,0.82,37.334,23.056,29.759,23.258,4.945,7.369,6.261
38437,0.823,37.483,23.033,29.73,23.254,4.744,7.33,6.139
38438,0.813,37.581,23.06,29.739,23.258,4.742,7.289,6.179
38439,0.816,37.639,23.045,29.73,23.251,4.783,7.369,6.139
38440,0.807,37.448,23.029,29.739,23.254,4.783,7.411,6.179
38441,0.803,37.59,23.068,29.74,23.254,4.783,7.33,6.139
38442,0.8,37.678,23.021,29.711,23.237,4.661,7.289,6.098
38443,0.794,37.726,23.005,29.739,23.244,4.7,7.329,6.219
38444,0.816,37.478,23.001,29.73,23.251,4.66,7.207,6.18
38445,0.813,37.59,23.032,29.72,23.244,4.7,7.287,6.098
38446,0.807,37.697,23.056,29.711,23.24,4.701,7.288,6.138
38447,0.82,37.727,23.064,29.739,23.258,4.823,7.451,6.341
38448,0.836,37.41,23.06,29.768,23.258,4.783,7.371,6.181
38449,0.823,37.484,23.064,29.74,23.254,4.702,7.33,6.22
38450,0.826,37.59,23.049,29.73,23.254,4.701,7.41,6.22
38451,0.833,37.639,23.068,29.73,23.254,4.782,7.411,6.22
38452,0.846,37.467,23.049,29.739,23.254,4.783,7.371,6.18
38453,0.836,37.561,23.025,29.701,23.24,4.62,7.289,6.098
38454,0.83,37.677,23.037,29.73,23.251,4.741,7.532,6.178
38455,0.833,37.362,23.044,29.73,23.251,4.661,7.494,6.139
38456,0.82,37.445,23.052,29.72,23.244,4.7,7.453,6.179
38457,0.81,37.523,23.041,29.72,23.244,4.701,7.534,6.139
38458,0.82,37.639,23.06,29.759,23.254,4.904,7.697,6.301
38459,0.833,37.726,23.092,29.73,23.251,4.784,7.577,6.18
38460,0.813,37.823,23.033,29.73,23.251,4.742,7.657,6.301
38461,0.813,37.929,23.041,29.739,23.254,4.783,7.698,6.221
38462,0.82,38.036,23.045,29.74,23.254,4.824,7.699,6.302
38463,0.813,37.155,23.033,29.797,23.254,4.661,7.658,6.14
38464,0.807,37.242,22.99,29.711,23.237,4.66,7.658,6.179
38465,0.826,37.406,23.024,29.73,23.247,4.741,7.698,6.22
38466,0.826,37.455,23.033,29.73,23.251,4.742,7.658,6.098
38467,0.826,37.379,23.033,29.711,23.247,4.742,7.576,6.056
38468,0.826,37.541,23.037,29.711,23.247,4.701,7.657,6.178
38469,0.843,37.667,23.044,29.749,23.265,4.823,7.78,6.301
38470,0.843,37.717,23.045,29.74,23.254,4.702,7.618,6.221
38471,0.843,37.324,23.064,29.73,23.254,4.701,7.698,6.18
38472,0.839,37.464,23.029,29.739,23.251,4.742,7.658,6.179
38473,0.846,37.59,23.033,29.74,23.254,4.701,7.698,6.139
38474,0.843,37.62,23.021,29.72,23.251,4.66,7.536,6.098
38475,0.833,37.476,23.029,29.72,23.24,4.66,7.494,6.097
38476,0.826,37.638,23.033,29.73,23.251,4.741,7.534,6.138
38477,0.823,37.755,23.017,29.73,23.247,4.661,7.534,6.098
38478,0.82,38.024,23.013,29.72,23.251,4.619,7.534,6.016
38479,0.807,37.394,23.056,29.72,23.244,4.741,7.494,6.096
38480,0.813,37.56,23.033,29.739,23.254,4.701,7.697,6.219
38481,0.829,37.687,23.048,29.768,23.258,4.742,7.496,6.139
38482,0.817,37.391,23.064,29.73,23.251,4.742,7.575,6.219
38483,0.807,37.417,22.939,29.759,23.247,4.661,7.494,6.18
38484,0.829,37.532,23.001,29.74,23.258,4.7,7.616,6.22
38485,0.833,37.639,23.029,29.73,23.251,4.782,7.617,6.098
38486,0.833,37.438,23.005,29.711,23.24,4.58,7.332,6.016
38487,0.833,37.542,23.017,29.711,23.251,4.74,7.532,6.096
38488,0.839,37.706,23.036,29.72,23.251,4.742,7.534,6.056
38489,0.846,37.755,23.041,29.711,23.247,4.661,7.453,6.056
38490,0.84,37.257,23.041,29.711,23.244,4.741,7.493,5.934
38491,0.846,37.386,23.017,29.72,23.251,4.783,7.575,6.136
38492,0.856,37.532,23.083,29.749,23.258,4.824,7.616,6.098
38493,0.846,37.6,23.022,29.73,23.254,4.743,7.576,6.138
38494,0.84,37.428,23.033,29.749,23.251,4.783,7.657,6.138
38495,0.839,37.551,23.056,29.749,23.251,4.783,7.698,6.098
38496,0.833,37.677,23.045,29.74,23.254,4.702,7.74,6.056
38497,0.82,37.717,23.052,29.701,23.247,4.579,7.659,5.934
38498,0.817,37.334,23.021,29.701,23.247,4.781,7.739,6.055
38499,0.82,37.474,23.029,29.71,23.251,4.742,7.74,5.975
38500,0.813,37.58,23.029,29.711,23.247,4.661,7.821,5.974
38501,0.807,37.639,23.037,29.72,23.244,4.66,7.822,6.015
38502,0.816,37.333,23.033,29.739,23.251,4.782,7.944,6.178
38503,0.813,37.502,23.052,29.759,23.258,4.742,7.945,6.098
38504,0.829,37.581,23.052,29.73,23.251,4.742,7.905,6.056
38505,0.83,37.582,23.088,29.73,23.251,4.783,7.945,6.015
38506,0.833,37.409,23.049,29.749,23.254,4.702,7.945,6.137
38507,0.839,37.522,23.052,29.73,23.254,4.742,7.945,6.057
38508,0.839,37.619,23.033,29.72,23.244,4.661,7.742,5.893
38509,0.823,37.448,23.037,29.73,23.251,4.741,7.862,6.054
38510,0.839,37.379,23.033,29.73,23.251,4.701,7.782,6.015
38511,0.846,37.503,23.033,29.72,23.244,4.701,7.781,5.934
38512,0.84,37.6,23.041,29.72,23.24,4.62,7.74,5.892
38513,0.846,37.285,23.029,29.72,23.251,4.741,7.821,6.054
38514,0.856,37.406,23.06,29.768,23.265,4.864,7.903,6.137
38515,0.84,37.484,23.06,29.73,23.254,4.702,7.823,5.976
38516,0.833,37.59,23.053,29.73,23.251,4.742,7.863,6.015
38517,0.833,37.265,23.045,29.73,23.251,4.742,7.782,5.974
38518,0.83,37.415,23.045,29.739,23.258,4.742,7.74,6.015
38519,0.823,37.532,23.009,29.73,23.247,4.661,7.618,5.934
38520,0.804,37.581,22.986,29.692,23.244,4.66,7.617,5.974
38521,0.803,37.275,23.056,29.73,23.254,4.7,7.617,6.015
38522,0.81,37.406,22.994,29.72,23.247,4.66,7.617,5.934
38523,0.807,37.532,22.997,29.72,23.24,4.66,7.535,5.974
38524,0.81,37.581,23.013,29.72,23.254,4.7,7.575,6.015
38525,0.826,37.15,23.083,29.749,23.258,4.863,7.82,6.178
38526,0.846,37.29,23.068,29.74,23.254,4.702,7.619,5.976
38527,0.836,37.416,23.045,29.74,23.251,4.701,7.576,6.015
38528,0.839,37.426,23.048,29.73,23.254,4.742,7.616,6.056
38529,0.849,37.216,23.002,29.739,23.251,4.742,7.576,6.015
38530,0.853,37.386,23.021,29.74,23.254,4.742,7.494,6.056
38531,0.846,37.465,23.06,29.682,23.244,4.579,7.371,5.893
38532,0.84,37.475,23.002,29.72,23.251,4.659,7.452,5.973
38533,0.846,37.254,23.025,29.73,23.247,4.7,7.534,5.933
38534,0.83,37.367,23.025,29.711,23.244,4.62,7.372,5.974
38535,0.823,37.445,23.044,29.72,23.244,4.659,7.533,5.974
38536,0.833,37.647,23.048,29.739,23.258,4.863,7.657,6.177
38537,0.836,37.362,23.052,29.74,23.254,4.702,7.495,6.017
38538,0.82,37.445,23.045,29.73,23.247,4.701,7.534,5.974
38539,0.82,37.542,23.068,29.72,23.247,4.701,7.494,6.055
38540,0.82,37.188,23.037,29.739,23.258,4.782,7.616,6.015
38541,0.813,37.242,23.037,29.759,23.258,4.742,7.535,5.974
38542,0.807,37.319,23.025,29.711,23.244,4.579,7.453,5.893
38543,0.803,37.416,23.033,29.739,23.251,4.74,7.534,6.014
38544,0.816,37.072,22.998,29.73,23.244,4.701,7.494,5.974
38545,0.813,37.174,23.032,29.72,23.244,4.701,7.453,5.974
38546,0.807,37.299,23.013,29.72,23.251,4.701,7.493,5.933
38547,0.81,37.377,23.013,29.749,23.254,4.742,7.616,6.136
38548,0.842,37.1,23.033,29.768,23.258,4.945,7.657,6.016
38549,0.83,37.222,23.009,29.749,23.254,4.703,7.536,6.056
38550,0.839,37.338,23.009,29.73,23.247,4.742,7.616,6.015
38551,0.843,37.416,23.056,29.73,23.254,4.742,7.617,6.015
38552,0.843,37.129,23.006,29.739,23.258,4.742,7.495,6.056
38553,0.843,37.251,23.04,29.701,23.241,4.661,7.412,5.934
38554,0.826,37.339,22.99,29.72,23.251,4.741,7.493,6.014
38555,0.826,37.426,23.044,29.72,23.247,4.742,7.494,5.974
38556,0.826,37.072,23.041,29.73,23.247,4.701,7.453,5.974
38557,0.817,37.193,23.045,29.72,23.247,4.62,7.412,6.055
38558,0.82,37.328,23.033,29.73,23.251,4.781,7.574,6.178
38559,0.82,37.387,23.064,29.759,23.261,4.864,7.494,6.017
38560,0.807,37.1,23.037,29.73,23.254,4.743,7.534,6.056
38561,0.8,37.212,23.029,29.72,23.251,4.701,7.575,6.056
38562,0.81,37.309,23.044,29.739,23.251,4.782,7.575,6.056
38563,0.81,37.349,23.048,29.74,23.258,4.742,7.535,5.975
38564,0.816,37.042,23.013,29.701,23.251,4.539,7.494,5.933
38565,0.8,37.173,23.025,29.72,23.251,4.659,7.575,6.055
38566,0.807,37.28,23.005,29.739,23.251,4.7,7.535,5.975
38567,0.82,37.118,23.029,29.711,23.244,4.62,7.494,6.015
38568,0.826,37.117,23.021,29.701,23.247,4.7,7.494,6.015
38569,0.826,37.26,23.013,29.73,23.244,4.66,7.616,6.096
38570,0.833,37.396,23.029,29.749,23.265,4.822,7.657,6.138
38571,0.839,36.966,23.033,29.711,23.254,4.783,7.576,5.976
38572,0.846,37.058,23.017,29.73,23.251,4.742,7.535,6.015
38573,0.849,37.193,23.017,29.73,23.254,4.783,7.534,6.056
38574,0.836,37.29,23.029,29.73,23.258,4.742,7.534,6.056
38575,0.817,37.051,23.029,29.73,23.241,4.701,7.494,5.934
38576,0.8,37.154,23.029,29.692,23.24,4.701,7.494,6.055
38577,0.8,37.309,23.021,29.73,23.244,4.701,7.453,6.056
38578,0.8,37.397,22.99,29.711,23.247,4.701,7.452,5.975
38579,0.794,36.947,22.985,29.691,23.24,4.701,7.371,5.974
38580,0.79,37.086,23.013,29.71,23.247,4.782,7.492,6.055
38581,0.8,37.251,23.052,29.758,23.261,4.905,7.575,6.097
38582,0.803,37.291,23.029,29.73,23.251,4.784,7.494,6.016
38583,0.794,36.917,23.021,29.72,23.254,4.742,7.453,6.096
38584,0.8,37.076,23.037,29.72,23.254,4.823,7.452,6.016
38585,0.803,37.183,23.072,29.739,23.251,4.743,7.493,6.056
38586,0.803,37.242,23.057,29.72,23.247,4.661,7.371,5.934
38587,0.8,37.022,23.013,29.711,23.237,4.7,7.289,6.055
38588,0.81,37.183,23.013,29.72,23.247,4.742,7.369,6.015
38589,0.823,37.261,22.982,29.711,23.244,4.701,7.33,6.056
38590,0.817,37.31,23.001,29.72,23.24,4.66,7.289,6.015
38591,0.813,36.879,23.04,29.701,23.244,4.7,7.207,6.015
38592,0.82,37.066,22.97,29.739,23.261,4.863,7.45,6.218
38593,0.833,37.174,23.032,29.711,23.254,4.743,7.29,6.058
38594,0.813,37.117,23.048,29.73,23.251,4.742,7.288,6.056
38595,0.807,36.944,23.08,29.72,23.247,4.823,7.207,6.097
38596,0.813,37.086,23.053,29.73,23.254,4.824,7.206,6.097
38597,0.803,37.193,23.037,29.749,23.254,4.743,7.165,6.056
38598,0.784,36.839,23.037,29.692,23.237,4.62,7.124,6.015
38599,0.79,36.951,23.009,29.739,23.254,4.7,7.124,6.056
38600,0.797,37.077,22.986,29.711,23.251,4.701,7.124,6.056
38601,0.79,37.174,23.021,29.711,23.24,4.701,7.043,6.097
38602,0.79,36.81,22.947,29.72,23.251,4.66,7.001,6.097
38603,0.79,36.989,22.997,29.739,23.254,4.904,7.163,6.26
38604,0.803,37.125,23.032,29.74,23.254,4.784,7.043,6.058
38605,0.807,37.174,23.06,29.72,23.251,4.702,7.123,6.056
38606,0.81,36.83,23.06,29.739,23.258,4.782,7.083,6.137
38607,0.813,36.979,23.072,29.73,23.251,4.783,7.083,6.138
38608,0.816,37.106,23.045,29.73,23.258,4.742,6.961,6.098
38609,0.797,37.145,22.974,29.692,23.241,4.62,6.919,6.056
38610,0.8,36.868,22.997,29.71,23.254,4.7,6.959,6.056
38611,0.816,36.98,23.067,29.73,23.244,4.701,6.96,6.056
38612,0.813,37.106,22.975,29.72,23.244,4.62,6.919,6.015
38613,0.813,37.155,22.989,29.692,23.244,4.659,6.878,5.974
38614,0.816,36.839,23.052,29.739,23.258,4.822,7.0,6.218
38615,0.816,37.018,23.103,29.73,23.254,4.743,6.919,6.058
38616,0.8,37.087,23.057,29.72,23.247,4.742,6.919,6.097
38617,0.794,37.136,23.033,29.73,23.258,4.701,6.837,6.056
38618,0.797,36.906,23.064,29.73,23.247,4.742,6.918,6.137
38619,0.8,37.028,23.029,29.73,23.251,4.701,6.837,6.016
38620,0.787,37.116,22.986,29.701,23.24,4.62,6.796,5.974
38621,0.787,37.481,23.04,29.73,23.251,4.7,6.917,6.137
38622,0.78,36.833,22.99,29.739,23.244,4.742,6.756,6.057
38623,0.774,36.96,23.021,29.72,23.244,4.661,6.754,6.056
38624,0.797,37.067,22.974,29.701,23.24,4.7,6.714,6.097
38625,0.797,36.848,23.044,29.739,23.254,4.904,6.957,6.219
38626,0.8,36.913,23.048,29.74,23.251,4.744,6.838,6.139
38627,0.8,37.009,23.021,29.72,23.251,4.742,6.837,6.138
38628,0.813,37.106,23.021,29.72,23.251,4.783,6.796,6.179
38629,0.807,36.858,22.955,29.739,23.251,4.783,6.795,6.098
38630,0.813,36.98,23.005,29.72,23.244,4.742,6.795,6.097
38631,0.816,37.086,23.036,29.692,23.244,4.661,6.633,5.935
38632,0.813,37.145,22.959,29.72,23.247,4.7,6.794,5.974
38633,0.823,36.762,23.001,29.72,23.254,4.701,6.795,6.015
38634,0.807,36.883,23.021,29.73,23.247,4.66,6.714,6.015
38635,0.797,36.999,23.048,29.701,23.244,4.66,6.713,6.015
38636,0.816,37.077,23.041,29.73,23.251,4.741,6.835,6.178
38637,0.794,36.886,23.013,29.749,23.258,4.783,6.796,6.098
38638,0.787,36.999,23.029,29.72,23.251,4.742,6.795,6.097
38639,0.78,37.115,23.037,29.73,23.251,4.701,6.755,6.138
38640,0.787,37.184,23.033,29.749,23.254,4.701,6.876,6.138
38641,0.787,36.801,23.06,29.73,23.254,4.782,6.959,6.098
38642,0.784,36.922,23.017,29.701,23.237,4.661,6.756,6.016
38643,0.771,37.038,23.025,29.71,23.244,4.7,6.876,6.056
38644,0.793,37.068,22.998,29.73,23.251,4.742,6.877,6.056
38645,0.78,36.8,23.032,29.73,23.247,4.661,6.877,5.975
38646,0.787,36.941,23.029,29.701,23.24,4.66,6.877,6.015
38647,0.797,37.048,23.001,29.72,23.258,4.782,7.081,6.218
38648,0.816,37.126,23.029,29.759,23.258,4.824,7.042,6.139
38649,0.807,36.839,22.978,29.73,23.251,4.702,7.042,6.098
38650,0.8,36.96,22.993,29.711,23.251,4.742,6.96,6.138
38651,0.813,37.077,23.075,29.73,23.247,4.783,7.041,6.138
38652,0.816,36.972,22.967,29.739,23.251,4.783,7.082,6.016
38653,0.816,36.885,23.013,29.701,23.24,4.702,6.92,5.974
38654,0.807,37.038,23.013,29.72,23.251,4.66,6.959,6.055
38655,0.797,37.135,23.075,29.711,23.244,4.66,7.0,5.975
38656,0.797,36.743,23.049,29.72,23.247,4.66,7.001,6.015
38657,0.781,36.806,23.013,29.692,23.244,4.619,6.919,6.015
38658,0.787,36.979,23.033,29.758,23.258,4.863,7.203,6.137
38659,0.79,37.077,23.025,29.74,23.247,4.662,7.003,6.098
38660,0.774,36.771,23.033,29.72,23.251,4.741,7.041,6.016
38661,0.78,36.912,23.068,29.73,23.251,4.701,7.082,6.056
38662,0.767,37.009,22.998,29.739,23.258,4.742,7.123,6.056
38663,0.774,37.116,23.032,29.73,23.251,4.661,6.961,5.934
38664,0.78,36.829,23.021,29.692,23.244,4.66,7.0,6.096
38665,0.774,36.999,23.048,29.72,23.247,4.7,7.041,6.016
38666,0.787,37.106,23.013,29.72,23.244,4.66,6.96,6.015
38667,0.79,37.174,22.986,29.72,23.24,4.66,6.96,5.974
38668,0.797,36.667,23.005,29.72,23.247,4.7,6.96,6.055
38669,0.807,36.844,22.974,29.749,23.261,4.742,7.163,6.219
38670,0.813,36.941,22.981,29.73,23.254,4.701,7.002,6.098
38671,0.816,36.981,23.06,29.72,23.251,4.701,7.123,6.056
38672,0.803,36.77,23.006,29.73,23.247,4.782,7.124,6.097
38673,0.81,36.902,23.009,29.739,23.251,4.742,7.124,6.138
38674,0.807,36.99,23.013,29.73,23.247,4.742,7.083,5.976
38675,0.79,36.991,23.033,29.692,23.24,4.539,7.042,6.015
38676,0.793,36.77,23.041,29.72,23.247,4.659,7.042,6.015
38677,0.787,36.893,23.009,29.701,23.244,4.7,7.082,6.015
38678,0.777,36.99,23.013,29.691,23.24,4.66,7.042,6.015
38679,0.777,37.029,22.982,29.72,23.247,4.579,7.001,5.974
38680,0.774,36.751,23.028,29.73,23.261,4.781,7.285,6.177
38681,0.784,36.902,23.06,29.749,23.254,4.783,7.085,6.098
38682,0.777,36.971,22.986,29.72,23.251,4.742,7.083,6.097
38683,0.78,36.751,23.005,29.73,23.247,4.783,7.123,6.097
38684,0.78,36.816,23.021,29.739,23.254,4.742,7.165,6.056
38685,0.787,36.941,23.079,29.749,23.247,4.783,7.084,6.056
38686,0.774,37.029,22.994,29.711,23.244,4.62,6.961,5.975
38687,0.784,36.579,23.021,29.72,23.251,4.781,7.041,5.974
38688,0.793,36.708,23.044,29.711,23.244,4.661,7.001,5.974
38689,0.793,36.815,23.021,29.72,23.24,4.7,6.96,6.015
38690,0.797,36.884,22.99,29.711,23.24,4.701,6.96,6.056
38691,0.803,36.644,23.048,29.73,23.258,4.742,7.163,6.137
38692,0.816,36.843,23.021,29.797,23.254,4.783,7.084,6.057
38693,0.82,36.922,22.99,29.721,23.247,4.742,7.083,6.056
38694,0.807,36.99,23.013,29.73,23.254,4.742,7.042,6.097
38695,0.803,36.665,23.06,29.739,23.254,4.701,7.123,6.056
38696,0.8,36.815,23.029,29.73,23.251,4.742,7.083,6.015
38697,0.787,36.912,23.029,29.701,23.24,4.661,6.88,5.934
38698,0.761,36.971,23.04,29.73,23.247,4.66,7.0,6.014
38699,0.767,36.617,23.002,29.72,23.247,4.7,7.001,5.934
38700,0.78,36.757,23.021,29.711,23.251,4.66,6.879,5.974
38701,0.754,36.854,23.021,29.711,23.247,4.66,6.918,6.015
38702,0.77,36.903,22.986,29.73,23.254,4.822,7.041,6.178
38703,0.79,36.779,22.997,29.768,23.258,4.783,6.96,6.098
38704,0.78,36.883,22.986,29.721,23.254,4.742,6.919,6.097
38705,0.774,36.98,23.028,29.73,23.247,4.783,6.878,6.097
38706,0.784,37.048,23.013,29.749,23.254,4.702,6.837,6.056
38707,0.787,36.608,23.044,29.73,23.254,4.742,6.877,6.097
38708,0.79,36.709,23.029,29.711,23.251,4.62,6.674,5.975
38709,0.784,36.787,22.888,29.73,23.251,4.7,6.875,6.055
38710,0.784,36.682,23.008,29.73,23.254,4.701,6.877,6.056
38711,0.803,36.69,23.052,29.72,23.254,4.742,6.877,6.056
38712,0.8,36.796,22.912,29.73,23.244,4.661,6.918,6.015
38713,0.797,36.922,23.008,29.72,23.254,4.822,6.959,6.096
38714,0.803,36.587,23.029,29.739,23.258,4.865,7.041,6.219
38715,0.794,36.68,23.033,29.72,23.251,4.743,6.96,6.098
38716,0.787,36.805,22.982,29.739,23.251,4.742,7.0,6.178
38717,0.787,36.893,23.017,29.74,23.258,4.701,7.001,6.139
38718,0.78,36.52,22.997,29.73,23.258,4.823,7.001,6.057
38719,0.774,36.631,22.986,29.73,23.244,4.661,6.96,6.056
38720,0.771,36.728,22.997,29.711,23.247,4.7,7.0,6.137
38721,0.767,36.835,23.036,29.739,23.251,4.701,6.96,6.098
38722,0.761,36.596,23.025,29.73,23.247,4.66,6.96,6.097
38723,0.77,36.728,23.001,29.72,23.24,4.741,7.0,6.056
38724,0.774,36.844,23.005,29.711,23.251,4.661,7.041,6.219
38725,0.78,36.941,23.068,29.768,23.265,4.822,7.164,6.22
38726,0.784,36.482,23.014,29.721,23.254,4.743,7.084,6.18
38727,0.79,36.583,23.005,29.739,23.251,4.742,7.042,6.22
38728,0.787,36.709,23.005,29.749,23.254,4.701,7.042,6.18
38729,0.8,36.787,23.013,29.73,23.254,4.782,7.082,6.22
38730,0.794,36.557,23.009,29.73,23.247,4.702,6.961,6.017
38731,0.787,36.641,23.025,29.701,23.24,4.62,7.041,6.096
38732,0.797,36.795,23.048,29.72,23.251,4.659,7.001,6.178
38733,0.797,36.816,22.99,29.73,23.244,4.66,6.96,6.179
38734,0.781,36.567,23.044,29.711,23.24,4.579,6.96,6.139
38735,0.777,36.68,23.06,29.73,23.251,4.659,7.0,6.179
38736,0.787,36.844,23.01,29.768,23.261,4.863,7.163,6.301
38737,0.777,36.75,22.99,29.74,23.251,4.743,7.084,6.18
38738,0.774,36.586,22.997,29.74,23.254,4.701,7.083,6.179
38739,0.774,36.718,22.97,29.74,23.254,4.66,6.961,6.22
38740,0.767,36.844,23.016,29.749,23.251,4.782,7.0,6.261
38741,0.777,36.404,23.076,29.73,23.247,4.702,7.001,6.18
38742,0.764,36.457,22.994,29.711,23.244,4.579,6.919,6.22
38743,0.767,36.592,23.001,29.739,23.251,4.659,7.0,6.261
38744,0.777,36.68,23.005,29.72,23.251,4.66,6.919,6.139
38745,0.78,36.46,23.048,29.711,23.244,4.579,6.959,6.138
38746,0.784,36.592,22.986,29.711,23.244,4.659,6.96,6.26
38747,0.78,36.728,22.997,29.739,23.258,4.782,7.082,6.262
38748,0.8,36.825,22.997,29.759,23.254,4.742,6.961,6.18
38749,0.794,36.366,23.013,29.73,23.254,4.742,7.0,6.301
38750,0.8,36.495,22.997,29.73,23.254,4.701,7.001,6.262
38751,0.807,36.612,23.044,29.739,23.258,4.742,6.96,6.262
38752,0.81,36.68,23.045,29.797,23.244,4.701,6.919,6.18
38753,0.794,36.393,22.99,29.702,23.244,4.66,6.919,6.179
38754,0.793,36.553,23.052,29.72,23.244,4.7,6.959,6.179
38755,0.787,36.66,23.049,29.72,23.254,4.701,6.878,6.179
38756,0.78,36.719,23.048,29.73,23.244,4.62,6.959,6.139
38757,0.78,36.403,23.009,29.711,23.247,4.7,7.041,6.179
38758,0.787,36.572,23.029,29.768,23.265,4.823,7.082,6.383
38759,0.79,36.699,22.974,29.74,23.251,4.702,6.961,6.181
38760,0.784,36.71,22.989,29.74,23.251,4.742,7.0,6.179
38761,0.777,36.413,23.06,29.74,23.251,4.701,7.001,6.22
38762,0.764,36.525,22.974,29.74,23.258,4.742,7.001,6.302
38763,0.767,36.65,23.017,29.74,23.251,4.661,6.879,6.14
38764,0.774,36.872,23.013,29.701,23.244,4.66,6.959,6.179
38765,0.8,36.347,23.048,29.73,23.254,4.619,6.96,6.179
38766,0.79,36.486,23.033,29.73,23.244,4.7,6.919,6.098
38767,0.79,36.564,23.005,29.73,23.244,4.62,6.837,6.097
38768,0.784,36.354,23.013,29.72,23.251,4.659,6.918,6.219
38769,0.797,36.457,23.021,29.768,23.265,4.863,7.041,6.302
38770,0.807,36.573,22.99,29.74,23.254,4.743,6.96,6.262
38771,0.803,36.661,23.071,29.73,23.251,4.661,7.0,6.221
38772,0.81,36.23,23.025,29.749,23.247,4.741,6.96,6.18
38773,0.813,36.36,22.994,29.74,23.254,4.701,6.919,6.261
38774,0.803,36.495,23.017,29.74,23.244,4.66,6.796,6.099
38775,0.784,36.535,23.001,29.711,23.244,4.66,6.836,6.219
38776,0.8,36.334,23.025,29.73,23.251,4.66,6.877,6.139
38777,0.79,36.447,23.017,29.711,23.244,4.619,6.877,6.138
38778,0.784,36.573,23.025,29.72,23.244,4.578,6.837,6.098
38779,0.758,36.641,23.025,29.73,23.251,4.7,6.877,6.178
38780,0.783,36.23,22.99,29.759,23.258,4.863,6.959,6.261
38781,0.79,36.36,23.048,29.749,23.251,4.662,6.878,6.18
38782,0.784,36.476,22.896,29.749,23.247,4.741,6.837,6.139
38783,0.774,36.544,22.996,29.74,23.251,4.742,6.958,6.219
38784,0.78,36.286,23.036,29.768,23.244,4.701,6.878,6.22
38785,0.797,36.418,23.072,29.74,23.247,4.66,6.796,6.098
38786,0.774,36.515,23.029,29.711,23.24,4.66,6.795,6.138
38787,0.8,36.574,23.001,29.739,23.244,4.66,6.795,6.138
38788,0.8,36.325,23.032,29.72,23.244,4.7,6.795,6.179
38789,0.803,36.466,22.982,29.73,23.244,4.66,6.795,6.139
38790,0.8,36.554,22.978,29.73,23.251,4.741,6.836,6.219
38791,0.816,36.622,23.048,29.768,23.261,4.783,6.958,6.342
38792,0.81,36.249,23.017,29.749,23.254,4.742,6.838,6.221
38793,0.816,36.36,22.99,29.74,23.251,4.661,6.918,6.22
38794,0.816,36.486,23.009,29.72,23.258,4.741,6.959,6.261
38795,0.807,36.401,23.032,29.749,23.258,4.742,6.96,6.262
38796,0.807,36.381,23.017,29.73,23.251,4.661,6.919,6.099
38797,0.777,36.448,22.978,29.711,23.237,4.66,7.0,6.219
38798,0.79,36.592,23.017,29.749,23.251,4.66,7.041,6.302
38799,0.784,36.172,22.962,29.72,23.244,4.619,7.042,6.14
38800,0.787,36.263,22.997,29.739,23.251,4.659,7.001,6.179
38801,0.784,36.399,23.048,29.73,23.251,4.66,7.163,6.342
38802,0.79,36.534,22.947,29.778,23.265,4.822,7.328,6.343
38803,0.784,36.248,23.008,29.759,23.248,4.702,7.126,6.262
38804,0.793,36.35,22.99,29.74,23.251,4.701,7.124,6.302
38805,0.797,36.467,23.056,29.749,23.251,4.66,7.165,6.262
38806,0.797,36.564,23.029,29.759,23.251,4.782,7.287,6.343
38807,0.803,36.21,23.013,29.74,23.251,4.661,7.125,6.181
38808,0.794,36.312,23.005,29.711,23.24,4.579,7.083,6.22
38809,0.806,36.447,22.997,29.72,23.254,4.659,7.083,6.261
38810,0.81,36.515,22.982,29.73,23.251,4.579,7.123,6.221
38811,0.82,36.075,23.001,29.711,23.244,4.578,7.043,6.18
38812,0.803,36.234,23.029,29.73,23.24,4.7,7.164,6.22
38813,0.82,36.369,23.017,29.749,23.258,4.782,7.206,6.342
38814,0.813,36.438,23.072,29.749,23.251,4.702,7.125,6.262
38815,0.794,36.189,23.029,29.73,23.258,4.742,7.124,6.262
38816,0.8,36.34,22.998,29.739,23.251,4.783,7.083,6.343
38817,0.784,36.457,22.966,29.74,23.251,4.742,7.083,6.343
38818,0.784,36.477,23.005,29.759,23.251,4.783,6.961,6.221
38819,0.774,36.161,23.005,29.769,23.24,4.539,6.878,6.18
38820,0.774,36.302,23.001,29.74,23.251,4.74,7.04,6.261
38821,0.777,36.399,23.044,29.73,23.247,4.661,6.92,6.221
38822,0.777,36.438,23.045,29.778,23.24,4.66,7.0,6.261
38823,0.784,36.209,23.006,29.721,23.244,4.66,6.96,6.18
38824,0.774,36.34,23.025,29.759,23.251,4.741,7.041,6.342
38825,0.79,36.476,23.076,29.778,23.254,4.783,7.042,6.303
38826,0.787,36.171,23.01,29.75,23.251,4.661,6.96,6.221
38827,0.797,36.235,22.986,29.749,23.254,4.66,7.041,6.302
38828,0.797,36.379,22.997,29.74,23.251,4.741,7.123,6.384
38829,0.807,36.476,22.993,29.749,23.254,4.742,7.165,6.222
38830,0.803,36.055,23.001,29.73,23.244,4.539,7.002,6.139
38831,0.8,36.166,23.001,29.739,23.244,4.699,7.123,6.26
38832,0.807,36.321,23.013,29.74,23.251,4.742,7.165,6.18
38833,0.81,36.38,22.978,29.73,23.24,4.661,7.124,6.179
38834,0.797,35.863,23.052,29.72,23.24,4.66,7.124,6.22
38835,0.787,36.011,23.052,29.749,23.254,4.741,7.368,6.342
38836,0.806,36.175,23.049,29.768,23.258,4.823,7.33,6.262
38837,0.794,36.225,22.998,29.749,23.254,4.743,7.289,6.302
38838,0.784,36.187,22.997,29.74,23.251,4.742,7.369,6.302
38839,0.784,36.34,22.986,29.749,23.254,4.783,7.37,6.343
38840,0.78,36.466,22.997,29.749,23.254,4.742,7.411,6.262
38841,0.78,36.487,23.06,29.73,23.244,4.579,7.208,6.18
38842,0.771,36.084,23.029,29.73,23.251,4.74,7.369,6.261
38843,0.767,36.224,22.966,29.739,23.244,4.62,7.33,6.262
38844,0.777,36.35,23.036,29.73,23.251,4.659,7.37,6.302
38845,0.777,36.399,23.041,29.72,23.244,4.619,7.33,6.262
38846,0.787,35.997,23.029,29.749,23.247,4.741,7.532,6.384
38847,0.81,36.175,23.021,29.768,23.265,4.823,7.453,6.385
38848,0.803,36.263,22.997,29.74,23.248,4.661,7.412,6.303
38849,0.797,36.322,23.021,29.74,23.258,4.7,7.452,6.302
38850,0.8,36.159,22.99,29.749,23.244,4.782,7.452,6.425
38851,0.8,36.282,23.021,29.749,23.258,4.742,7.452,6.304
38852,0.803,36.399,23.009,29.74,23.247,4.579,7.29,6.18
38853,0.8,36.074,22.993,29.73,23.251,4.7,7.41,6.22
38854,0.797,36.042,23.036,29.739,23.247,4.66,7.452,6.22
38855,0.794,36.166,23.005,29.73,23.247,4.66,7.371,6.342
38856,0.793,36.263,23.044,29.739,23.247,4.619,7.33,6.221
38857,0.78,36.015,23.017,29.768,23.258,4.822,7.532,6.424
38858,0.8,36.166,23.029,29.778,23.261,4.702,7.453,6.304
38859,0.774,36.263,23.009,29.75,23.251,4.701,7.412,6.384
38860,0.784,36.351,22.99,29.768,23.254,4.742,7.371,6.385
38861,0.784,35.968,23.04,29.769,23.254,4.783,7.37,6.385
38862,0.78,36.108,23.005,29.749,23.254,4.742,7.289,6.263
38863,0.764,36.186,22.954,29.711,23.244,4.579,7.288,6.221
38864,0.774,36.302,23.009,29.739,23.247,4.7,7.369,6.302
38865,0.787,35.987,23.005,29.749,23.251,4.701,7.289,6.262
38866,0.78,36.137,23.013,29.74,23.247,4.66,7.247,6.18
38867,0.787,36.244,23.033,29.74,23.24,4.619,7.328,6.261
38868,0.8,36.35,23.009,29.778,23.261,4.781,7.492,6.424
38869,0.81,35.997,23.025,29.769,23.247,4.702,7.331,6.263
38870,0.8,36.108,22.986,29.749,23.251,4.701,7.37,6.343
38871,0.8,36.215,23.024,29.74,23.254,4.701,7.411,6.343
38872,0.807,36.283,23.013,29.759,23.254,4.742,7.33,6.303
38873,0.813,36.034,22.99,29.74,23.247,4.783,7.289,6.221
38874,0.797,36.137,23.044,29.73,23.244,4.58,7.247,6.22
38875,0.8,36.273,22.99,29.759,23.247,4.74,7.247,6.261
38876,0.797,36.303,23.013,29.769,23.244,4.701,7.166,6.221
38877,0.79,35.967,23.001,29.749,23.247,4.66,7.165,6.139
38878,0.787,36.098,22.978,29.74,23.251,4.66,7.206,6.219
38879,0.79,36.234,23.009,29.787,23.261,4.822,7.45,6.342
38880,0.793,36.178,22.986,29.759,23.251,4.661,7.249,6.221
38881,0.78,36.024,23.048,29.769,23.251,4.7,7.288,6.302
38882,0.774,36.166,23.029,29.759,23.251,4.782,7.207,6.262
38883,0.774,36.263,22.994,29.769,23.261,4.742,7.328,6.262
38884,0.787,35.948,23.056,29.759,23.251,4.661,7.207,6.139
38885,0.79,35.993,23.01,29.721,23.237,4.619,7.206,6.138
38886,0.806,36.175,23.021,29.759,23.254,4.619,7.247,6.219
38887,0.82,36.235,22.982,29.749,23.251,4.7,7.247,6.098
38888,0.826,35.852,22.981,29.749,23.244,4.66,7.166,6.138
38889,0.826,35.972,23.005,29.759,23.24,4.66,7.206,6.219
38890,0.852,36.127,22.997,29.788,23.258,4.863,7.328,6.342
38891,0.872,36.196,23.032,29.759,23.251,4.702,7.289,6.181
38892,0.879,35.861,23.021,29.759,23.254,4.742,7.207,6.179
38893,0.853,35.982,22.994,29.749,23.251,4.783,7.206,6.179
38894,0.862,36.118,23.071,29.768,23.258,4.742,7.247,6.261
38895,0.869,36.196,22.99,29.769,23.254,4.701,7.125,6.18
38896,0.863,35.947,22.997,29.73,23.237,4.579,7.124,6.139
38897,0.866,36.098,22.993,29.759,23.247,4.7,7.205,6.138
38898,0.869,36.224,22.997,29.759,23.251,4.66,7.165,6.179
38899,0.866,36.283,23.013,29.769,23.244,4.66,7.084,6.261
38900,0.849,35.814,22.958,29.74,23.247,4.66,7.164,6.221
38901,0.856,35.991,23.055,29.797,23.258,4.822,7.328,6.424
38902,0.856,36.108,23.041,29.778,23.254,4.702,7.167,6.344
38903,0.827,36.109,23.002,29.778,23.244,4.742,7.124,6.303
38904,0.843,35.86,23.044,29.778,23.251,4.742,7.205,6.343
38905,0.856,36.001,23.017,29.769,23.251,4.701,7.206,6.303
38906,0.859,36.108,23.009,29.778,23.251,4.742,7.206,6.221
38907,0.862,36.397,22.978,29.75,23.24,4.579,7.043,6.261
38908,0.866,35.997,22.993,29.768,23.251,4.7,7.082,6.221
38909,0.876,36.118,22.986,29.769,23.247,4.62,7.042,6.261
38910,0.882,36.224,22.982,29.769,23.244,4.659,7.082,6.262
38911,0.898,35.842,22.981,29.74,23.244,4.7,7.123,6.221
38912,0.908,35.896,23.001,29.778,23.254,4.823,7.287,6.424
38913,0.931,36.05,23.005,29.788,23.261,4.743,7.125,6.263
38914,0.912,36.109,23.036,29.778,23.247,4.783,7.165,6.262
38915,0.905,35.841,23.033,29.759,23.251,4.742,7.124,6.302
38916,0.905,35.972,23.021,29.797,23.251,4.742,7.124,6.343
38917,0.899,36.098,22.997,29.798,23.258,4.701,7.083,6.303
38918,0.882,36.186,22.978,29.75,23.247,4.62,6.961,6.221
38919,0.863,35.707,22.989,29.759,23.251,4.741,7.082,6.302
38920,0.869,35.875,22.97,29.778,23.251,4.661,7.042,6.302
38921,0.866,35.963,23.024,29.769,23.244,4.7,7.001,6.262
38922,0.862,36.06,22.974,29.769,23.244,4.579,6.879,6.302
38923,0.872,35.85,23.001,29.788,23.251,4.74,7.04,6.425
38924,0.885,36.03,23.075,29.817,23.258,4.701,7.001,6.344
38925,0.892,36.118,23.041,29.779,23.251,4.66,7.082,6.384
38926,0.892,36.186,23.037,29.778,23.251,4.782,7.002,6.303
38927,0.899,35.822,23.029,29.797,23.251,4.702,7.041,6.425
38928,0.892,35.991,23.037,29.807,23.251,4.782,7.042,6.344
38929,0.895,36.06,22.986,29.759,23.24,4.58,6.839,6.181
38930,0.899,36.099,23.009,29.769,23.244,4.7,6.918,6.342
38931,0.899,35.802,22.947,29.788,23.254,4.66,6.919,6.262
38932,0.892,35.934,22.962,29.769,23.247,4.66,6.878,6.221
38933,0.879,36.04,22.985,29.769,23.244,4.619,6.918,6.302
38934,0.872,36.061,23.021,29.778,23.258,4.741,7.041,6.425
38935,0.869,35.869,22.994,29.826,23.261,4.742,7.001,6.304
38936,0.846,35.973,23.025,29.779,23.254,4.661,6.96,6.384
38937,0.846,36.07,23.029,29.788,23.254,4.7,7.041,6.344
38938,0.84,35.869,23.037,29.798,23.247,4.742,7.042,6.343
38939,0.83,35.81,22.998,29.788,23.251,4.742,7.042,6.303
38940,0.82,35.924,22.997,29.769,23.24,4.661,6.879,6.14
38941,0.803,36.021,22.986,29.778,23.244,4.66,6.877,6.341
38942,0.803,35.811,23.001,29.788,23.244,4.7,6.877,6.343
38943,0.797,35.905,22.982,29.778,23.244,4.62,6.877,6.262
38944,0.797,36.031,23.001,29.759,23.24,4.619,6.837,6.262
38945,0.803,36.137,22.982,29.778,23.254,4.741,7.04,6.384
38946,0.82,35.678,23.001,29.826,23.265,4.783,7.123,6.344
38947,0.81,35.789,23.013,29.798,23.254,4.742,7.002,6.384
38948,0.8,35.914,23.013,29.798,23.251,4.661,6.96,6.263
38949,0.797,36.002,23.013,29.817,23.254,4.7,7.0,6.384
38950,0.794,35.763,23.009,29.798,23.254,4.782,7.082,6.344
38951,0.8,35.866,22.978,29.798,23.254,4.62,6.88,6.181
38952,0.794,35.982,22.997,29.788,23.251,4.781,7.0,6.301
38953,0.8,36.089,22.993,29.798,23.251,4.742,6.96,6.302
38954,0.784,35.716,23.052,29.798,23.244,4.661,6.919,6.302
38955,0.764,35.856,23.009,29.778,23.244,4.579,7.0,6.302
38956,0.757,35.992,23.009,29.807,23.258,4.74,7.041,6.465
38957,0.767,36.079,23.029,29.826,23.254,4.783,7.001,6.345
38958,0.751,35.697,23.017,29.788,23.254,4.702,7.001,6.343
38959,0.748,35.846,23.009,29.826,23.251,4.742,7.041,6.425
38960,0.747,35.963,22.993,29.808,23.251,4.701,7.082,6.385
38961,0.744,35.993,23.013,29.807,23.251,4.742,7.002,6.303
38962,0.721,35.715,23.013,29.779,23.244,4.661,6.96,6.262
38963,0.734,35.866,22.986,29.797,23.254,4.7,7.041,6.302
38964,0.734,35.973,23.028,29.807,23.251,4.579,6.96,6.221
38965,0.734,35.974,23.005,29.788,23.244,4.659,6.96,6.383
38966,0.738,35.792,22.974,29.798,23.24,4.66,7.0,6.344
38967,0.734,35.962,23.001,29.826,23.258,4.822,7.204,6.466
38968,0.741,36.07,23.001,29.817,23.244,4.661,7.084,6.426
38969,0.741,35.629,23.001,29.807,23.254,4.66,7.083,6.344
38970,0.738,35.692,23.005,29.798,23.254,4.7,7.123,6.343
38971,0.747,35.817,23.013,29.807,23.251,4.742,7.124,6.303
38972,0.751,35.924,23.033,29.826,23.251,4.742,7.124,6.302
38973,0.744,35.647,22.986,29.779,23.24,4.661,6.961,6.262
38974,0.747,35.798,23.036,29.797,23.254,4.66,7.041,6.343
38975,0.734,35.914,23.017,29.807,23.247,4.66,7.001,6.262
38976,0.731,36.002,22.99,29.798,23.244,4.619,7.041,6.262
38977,0.725,35.638,22.985,29.798,23.244,4.7,7.001,6.343
38978,0.728,35.807,23.005,29.826,23.258,4.782,7.123,6.466
38979,0.738,35.943,23.013,29.836,23.254,4.742,7.043,6.345
38980,0.721,36.002,22.986,29.808,23.251,4.742,7.042,6.303
38981,0.715,35.648,23.001,29.817,23.254,4.701,7.082,6.384
38982,0.708,35.807,23.013,29.827,23.251,4.742,7.123,6.425
38983,0.715,35.934,23.009,29.827,23.251,4.742,7.043,6.304
38984,0.715,35.954,23.025,29.788,23.237,4.579,6.92,6.262
38985,0.718,35.571,23.021,29.817,23.251,4.659,6.959,6.302
38986,0.718,35.711,22.978,29.807,23.247,4.579,7.041,6.302
38987,0.715,35.827,22.997,29.817,23.247,4.578,6.92,6.302
38988,0.728,35.867,22.97,29.827,23.247,4.659,7.041,6.302
38989,0.734,35.762,22.997,29.836,23.254,4.822,7.082,6.465
38990,0.751,35.933,23.025,29.846,23.247,4.783,6.961,6.304
38991,0.748,35.993,22.978,29.817,23.254,4.661,7.0,6.343
38992,0.744,36.223,22.993,29.807,23.254,4.7,7.041,6.303
38993,0.751,35.593,23.005,29.826,23.254,4.701,7.001,6.302
38994,0.744,35.73,23.056,29.836,23.254,4.742,6.96,6.262
38995,0.728,35.818,22.951,29.779,23.244,4.579,6.919,6.262
38996,0.734,35.704,22.977,29.826,23.251,4.7,6.959,6.302
38997,0.734,35.722,22.989,29.817,23.247,4.66,6.96,6.221
38998,0.728,35.856,22.978,29.817,23.244,4.66,6.919,6.261
38999,0.725,35.934,22.989,29.807,23.247,4.66,6.919,6.302
39000,0.734,35.532,22.989,29.826,23.261,4.741,7.081,6.465
39001,0.734,35.662,23.001,29.846,23.251,4.701,7.042,6.386
39002,0.721,35.779,23.009,29.846,23.254,4.66,7.001,6.385
39003,0.721,35.857,22.99,29.817,23.251,4.741,7.001,6.344
39004,0.734,35.675,23.052,29.817,23.254,4.742,7.041,6.343
39005,0.747,35.827,23.013,29.827,23.254,4.701,6.96,6.303
39006,0.731,35.924,22.997,29.798,23.24,4.579,6.919,6.221
39007,0.747,36.002,23.017,29.826,23.251,4.7,7.0,6.302
39008,0.744,35.514,22.982,29.817,23.251,4.742,6.879,6.343
39009,0.741,35.643,23.021,29.817,23.244,4.661,6.959,6.303
39010,0.747,35.74,22.994,29.817,23.247,4.66,6.919,6.384
39011,0.751,35.818,22.982,29.855,23.258,4.782,7.041,6.425
39012,0.764,35.694,22.989,29.837,23.251,4.702,6.96,6.344
39013,0.761,35.817,22.974,29.827,23.251,4.701,6.878,6.303
39014,0.757,35.905,23.04,29.836,23.251,4.701,6.959,6.384
39015,0.748,35.983,22.966,29.846,23.254,4.782,6.96,6.385
39016,0.738,35.609,22.997,29.856,23.251,4.661,6.878,6.222
39017,0.738,35.711,23.001,29.808,23.24,4.66,6.877,6.302
39018,0.738,35.837,23.001,29.826,23.247,4.66,6.918,6.302
39019,0.734,35.857,23.029,29.846,23.251,4.7,6.837,6.343
39020,0.725,35.599,22.955,29.817,23.244,4.701,6.837,6.262
39021,0.718,35.701,22.969,29.817,23.244,4.701,6.837,6.343
39022,0.728,35.866,23.001,29.875,23.265,4.782,6.999,6.466
39023,0.731,35.771,22.982,29.846,23.251,4.702,6.838,6.345
39024,0.738,35.626,23.028,29.846,23.251,4.66,6.877,6.343
39025,0.744,35.778,22.966,29.856,23.254,4.66,6.877,6.343
39026,0.731,35.876,23.02,29.846,23.251,4.7,6.877,6.384
39027,0.734,35.56,23.021,29.856,23.251,4.742,6.837,6.303
39028,0.741,35.634,22.994,29.808,23.24,4.62,6.755,6.221
39029,0.773,35.779,23.021,29.836,23.247,4.659,6.795,6.342
39030,0.8,35.876,22.982,29.836,23.247,4.66,6.795,6.303
39031,0.807,35.33,22.954,29.836,23.24,4.66,6.755,6.302
39032,0.823,35.488,22.958,29.827,23.247,4.66,6.795,6.343
39033,0.872,35.633,22.981,29.865,23.261,4.822,6.958,6.466
39034,0.898,35.711,23.005,29.865,23.251,4.661,6.716,6.386
39035,0.905,35.472,22.919,29.856,23.254,4.7,6.835,6.385
39036,0.931,35.623,22.977,29.846,23.254,4.742,6.796,6.425
39037,0.948,35.75,22.985,29.856,23.251,4.783,6.836,6.426
39038,0.958,35.818,22.989,29.846,23.251,4.661,6.796,6.344
39039,0.961,35.435,23.005,29.827,23.237,4.579,6.633,6.343
39040,0.977,35.623,22.986,29.855,23.247,4.659,6.672,6.384
39041,0.99,35.73,22.985,29.856,23.251,4.619,6.713,6.466
39042,1.026,35.808,22.985,29.837,23.251,4.659,6.632,6.386
39043,1.053,35.752,22.966,29.846,23.244,4.66,6.672,6.425
39044,1.102,35.895,23.036,29.865,23.254,4.822,6.835,6.548
39045,1.174,36.03,22.978,29.875,23.251,4.743,6.714,6.468
39046,1.223,36.041,22.989,29.856,23.247,4.701,6.672,6.467
39047,1.279,35.303,22.993,29.856,23.251,4.701,6.713,6.548
39048,1.319,35.459,22.986,29.875,23.258,4.742,6.754,6.59
39049,1.358,35.575,23.005,29.865,23.251,4.783,6.673,6.549
39050,1.365,35.826,22.993,29.837,23.244,4.62,6.591,6.508
39051,1.375,35.56,22.935,29.865,23.251,4.659,6.712,6.508
39052,1.388,35.701,22.969,29.856,23.244,4.741,6.713,6.589
39053,1.391,35.798,23.013,29.846,23.251,4.62,6.632,6.549
39054,1.417,35.445,23.029,29.856,23.24,4.659,6.672,6.63
39055,1.421,35.527,23.001,29.894,23.258,4.863,6.835,6.834
39056,1.418,35.672,22.982,29.875,23.254,4.743,6.674,6.714
39057,1.379,35.731,22.966,29.865,23.251,4.742,6.672,6.713
39058,1.356,35.348,22.966,29.865,23.258,4.742,6.713,6.754
39059,1.352,35.469,23.001,29.885,23.258,4.823,6.672,6.795
39060,1.332,35.604,22.982,29.866,23.247,4.743,6.631,6.714
39061,1.257,35.663,22.974,29.856,23.244,4.701,6.672,6.754
39062,1.218,35.472,22.989,29.875,23.247,4.701,6.631,6.876
39063,1.165,35.604,23.013,29.875,23.247,4.701,6.672,6.918
39064,1.106,35.702,23.04,29.856,23.247,4.701,6.55,7.0
39065,1.054,35.779,22.939,29.865,23.244,4.701,6.671,7.285
39066,1.011,35.492,22.985,29.894,23.268,4.823,6.794,7.573
39067,0.962,35.605,22.974,29.875,23.251,4.743,6.633,7.738
39068,0.899,35.702,22.985,29.885,23.251,4.783,6.712,8.024
39069,0.834,35.77,22.974,29.885,23.251,4.742,6.672,8.353
39070,0.791,35.32,22.997,29.875,23.254,4.742,6.631,8.6
39071,0.748,35.459,22.986,29.865,23.247,4.661,6.55,8.765
39072,0.708,35.537,22.97,29.846,23.24,4.66,6.59,9.092
39073,0.682,35.634,23.013,29.865,23.254,4.741,6.631,9.38
39074,0.636,35.5,23.013,29.865,23.254,4.742,6.631,9.505
39075,0.6,35.633,22.962,29.875,23.247,4.661,6.55,9.668
39076,0.587,35.731,22.989,29.875,23.247,4.741,6.549,9.873
39077,0.586,35.808,23.001,29.913,23.265,4.905,6.671,10.119
39078,0.603,35.425,23.032,29.895,23.251,4.744,6.631,10.163
39079,0.619,35.546,23.002,29.885,23.251,4.701,6.59,10.163
39080,0.636,35.653,22.989,29.875,23.254,4.742,6.631,10.326
39081,0.668,35.462,23.005,29.894,23.254,4.783,6.672,10.368
39082,0.714,35.422,23.005,29.875,23.247,4.742,6.55,10.409
39083,0.721,35.517,22.978,29.856,23.24,4.701,6.59,10.613
39084,0.76,35.634,23.028,29.865,23.251,4.782,6.59,10.777
39085,0.783,35.337,22.986,29.894,23.251,4.702,6.549,11.023
39086,0.8,35.43,22.997,29.875,23.244,4.66,6.549,11.229
39087,0.807,35.566,22.974,29.875,23.244,4.66,6.63,11.475
39088,0.826,35.682,23.017,29.923,23.258,4.863,6.712,11.924
39089,0.843,35.395,22.99,29.904,23.251,4.702,6.551,12.132
39090,0.83,35.508,23.009,29.904,23.251,4.742,6.671,12.297
39091,0.83,35.624,23.001,29.895,23.251,4.742,6.672,12.542
39092,0.839,35.73,23.001,29.914,23.251,4.783,6.672,12.707
39093,0.846,35.319,23.005,29.885,23.254,4.742,6.631,12.79
39094,0.827,35.421,23.013,29.875,23.24,4.661,6.55,12.913
39095,0.823,35.565,22.982,29.913,23.251,4.7,6.671,13.037
39096,0.826,35.653,22.981,29.895,23.251,4.66,6.753,12.956
39097,0.82,35.318,22.993,29.904,23.247,4.66,6.673,12.996
39098,0.803,35.44,23.005,29.895,23.251,4.741,6.713,12.956
39099,0.807,35.585,23.001,29.914,23.261,4.864,6.876,13.078
39100,0.813,35.673,23.021,29.914,23.251,4.743,6.837,12.876
39101,0.8,35.299,22.951,29.914,23.254,4.742,6.918,12.873
39102,0.797,35.449,23.005,29.914,23.258,4.742,6.878,12.711
39103,0.81,35.575,22.997,29.895,23.254,4.823,6.918,12.668
39104,0.807,35.596,23.005,29.923,23.247,4.743,6.878,12.465
39105,0.787,35.366,22.915,29.885,23.24,4.661,6.877,12.3
39106,0.806,35.536,22.961,29.914,23.251,4.66,6.877,12.217
39107,0.813,35.615,23.005,29.895,23.251,4.741,6.959,12.094
39108,0.813,35.596,23.005,29.904,23.244,4.661,6.878,12.012
39109,0.807,35.356,22.978,29.904,23.244,4.7,6.959,11.97
39110,0.82,35.517,23.013,29.952,23.272,4.823,7.082,11.929
39111,0.839,35.624,22.951,29.905,23.251,4.783,7.042,11.685
39112,0.83,35.309,22.985,29.933,23.247,4.742,7.042,11.601
39113,0.833,35.363,22.978,29.914,23.247,4.742,7.042,11.438
39114,0.833,35.498,23.04,29.923,23.251,4.823,7.042,11.395
39115,0.82,35.605,22.978,29.923,23.251,4.661,7.001,11.151
39116,0.813,35.203,22.95,29.895,23.244,4.66,6.919,11.026
39117,0.81,35.352,22.981,29.923,23.254,4.741,7.041,10.903
39118,0.8,35.488,23.005,29.904,23.251,4.701,7.001,10.821
39119,0.797,35.566,22.986,29.875,23.24,4.66,7.001,10.617
39120,0.807,35.231,22.989,29.904,23.244,4.66,6.96,10.574
39121,0.8,35.391,22.982,29.933,23.258,4.863,7.244,10.614
39122,0.807,35.536,23.009,29.933,23.251,4.824,7.084,10.411
39123,0.794,35.586,22.982,29.933,23.251,4.743,7.123,10.287
39124,0.803,35.289,23.028,29.933,23.247,4.742,7.043,10.083
39125,0.816,35.43,22.978,29.933,23.254,4.701,7.123,9.959
39126,0.816,35.566,22.989,29.924,23.251,4.742,7.002,9.835
39127,0.807,35.605,22.966,29.895,23.24,4.62,6.879,9.672
39128,0.813,35.347,22.966,29.914,23.251,4.7,7.04,9.589
39129,0.82,35.488,23.02,29.933,23.247,4.66,7.042,9.547
39130,0.826,35.624,22.99,29.914,23.24,4.619,6.879,9.344
39131,0.826,35.625,22.927,29.914,23.24,4.619,7.0,9.301
39132,0.836,35.261,22.981,29.933,23.254,4.822,7.082,9.382
39133,0.849,35.439,23.009,29.952,23.258,4.783,7.042,9.261
39134,0.843,35.518,23.032,29.924,23.251,4.742,6.96,9.056
39135,0.826,35.816,22.939,29.933,23.254,4.701,6.96,9.095
39136,0.823,35.569,22.969,29.943,23.258,4.782,6.919,9.014
39137,0.83,35.701,22.97,29.952,23.247,4.783,6.959,8.932
39138,0.817,35.789,22.942,29.914,23.24,4.661,6.838,8.687
39139,0.807,35.224,22.993,29.914,23.251,4.7,6.958,8.725
39140,0.807,35.161,22.989,29.923,23.247,4.66,6.878,8.685
39141,0.803,35.294,22.997,29.933,23.244,4.741,6.877,8.603
39142,0.807,35.392,23.005,29.933,23.244,4.661,6.837,8.48
39143,0.8,35.268,22.993,29.924,23.244,4.66,6.958,8.56
39144,0.81,35.439,23.044,29.971,23.261,4.863,7.0,8.48
39145,0.829,35.556,22.966,29.934,23.251,4.702,6.96,8.398
39146,0.82,35.634,22.97,29.952,23.251,4.66,6.96,8.356
39147,0.826,35.174,22.966,29.943,23.251,4.7,7.0,8.315
39148,0.833,35.323,22.954,29.952,23.254,4.782,6.96,8.234
39149,0.846,35.469,22.989,29.981,23.251,4.742,6.96,8.07
39150,0.836,35.518,22.966,29.915,23.237,4.62,6.838,8.109
39151,0.849,35.221,22.919,29.952,23.247,4.7,6.958,7.987
39152,0.853,35.362,22.954,29.943,23.251,4.701,6.919,7.946
39153,0.856,35.488,22.977,29.914,23.237,4.62,6.919,7.864
39154,0.843,35.528,23.005,29.933,23.247,4.7,6.919,7.904
39155,0.839,35.173,22.99,29.971,23.258,4.863,7.041,7.945
39156,0.856,35.342,22.993,29.962,23.251,4.743,6.96,7.823
39157,0.846,35.43,23.025,29.953,23.254,4.701,6.96,7.822
39158,0.833,35.47,22.982,29.953,23.251,4.701,6.96,7.7
39159,0.83,35.24,23.005,29.972,23.258,4.782,7.0,7.78
39160,0.83,35.372,23.029,29.953,23.247,4.702,6.96,7.537
39161,0.813,35.45,22.896,29.943,23.244,4.701,7.0,7.575
39162,0.826,35.499,22.957,29.952,23.247,4.742,6.919,7.494
39163,0.82,35.269,22.981,29.953,23.247,4.701,6.837,7.534
39164,0.813,35.382,23.021,29.953,23.24,4.66,6.877,7.412
39165,0.823,35.498,22.982,29.972,23.247,4.741,6.959,7.452
39166,0.836,35.355,23.017,29.981,23.261,4.783,7.122,7.493
39167,0.856,35.191,22.986,29.953,23.247,4.702,6.961,7.453
39168,0.849,35.314,22.978,29.953,23.251,4.701,7.082,7.412
39169,0.853,35.43,23.001,29.972,23.254,4.782,6.961,7.411
39170,0.856,35.163,22.982,29.972,23.254,4.783,7.0,7.33
39171,0.862,35.237,22.946,29.943,23.24,4.702,6.96,7.167
39172,0.849,35.343,22.958,29.952,23.244,4.701,6.96,7.287
39173,0.859,35.469,22.981,29.953,23.251,4.701,7.0,7.207
39174,0.859,35.144,22.997,29.953,23.247,4.66,6.96,7.206
39175,0.84,35.304,22.935,29.962,23.24,4.619,6.878,7.125
39176,0.839,35.42,22.965,29.953,23.247,4.659,6.959,7.287
39177,0.852,35.537,22.997,29.991,23.254,4.863,7.082,7.207
39178,0.843,35.164,22.974,29.953,23.254,4.702,7.002,7.165
39179,0.839,35.323,22.997,29.953,23.251,4.742,7.001,7.124
39180,0.846,35.44,22.958,29.981,23.254,4.783,7.041,7.165
39181,0.833,35.508,22.973,29.953,23.261,4.702,7.042,7.124
39182,0.839,35.116,22.954,29.962,23.244,4.62,6.92,7.002
39183,0.826,35.217,22.946,29.953,23.244,4.7,6.919,7.123
39184,0.846,35.381,23.028,29.962,23.254,4.66,6.919,7.002
39185,0.859,35.421,22.959,29.953,23.24,4.7,6.919,6.96
39186,0.859,35.115,23.009,29.953,23.244,4.66,6.878,6.878
39187,0.859,35.265,23.013,29.953,23.251,4.7,7.0,7.04
39188,0.866,35.42,22.974,30.0,23.261,4.823,7.082,7.082
39189,0.869,35.431,23.001,29.963,23.251,4.702,7.002,6.92
39190,0.866,35.22,22.989,29.981,23.258,4.742,7.001,7.0
39191,0.879,35.4,22.982,30.001,23.254,4.783,6.96,6.879
39192,0.879,35.489,22.974,29.972,23.258,4.742,7.0,6.918
39193,0.882,35.643,22.997,29.962,23.247,4.62,6.879,6.756
39194,0.856,35.127,22.986,29.933,23.244,4.659,7.0,6.876
39195,0.862,35.275,22.997,29.991,23.251,4.66,6.96,6.796
39196,0.866,35.391,22.962,29.962,23.251,4.7,6.96,6.795
39197,0.856,35.134,22.973,29.953,23.244,4.66,6.919,6.755
39198,0.859,35.198,22.966,29.972,23.247,4.66,6.919,6.754
39199,0.862,35.371,23.001,30.001,23.258,4.822,7.163,6.917
39200,0.862,35.469,22.978,29.991,23.247,4.661,6.921,6.796
39201,0.849,35.096,22.966,29.991,23.254,4.741,7.0,6.795
39202,0.859,35.246,23.001,29.982,23.251,4.742,6.96,6.795
39203,0.853,35.362,23.001,30.001,23.254,4.742,7.041,6.795
39204,0.862,35.44,23.036,29.991,23.251,4.742,6.96,6.633
39205,0.869,35.009,22.951,29.953,23.233,4.579,6.919,6.672
39206,0.879,35.187,22.977,29.991,23.251,4.7,6.919,6.713
39207,0.872,35.295,22.974,29.991,23.244,4.62,6.919,6.632
39208,0.879,35.353,22.985,29.962,23.254,4.578,6.919,6.59
39209,0.889,35.076,22.978,29.962,23.251,4.618,6.959,6.712
39210,0.895,35.265,23.017,30.01,23.258,4.822,7.122,6.794
39211,0.902,35.41,22.927,30.011,23.251,4.621,6.961,6.592
39212,0.892,35.431,22.946,30.001,23.258,4.659,6.96,6.631
39213,0.895,35.067,23.008,29.991,23.247,4.741,7.041,6.59
39214,0.899,35.217,22.99,29.991,23.251,4.742,7.042,6.631
39215,0.895,35.324,22.954,30.058,23.258,4.701,6.96,6.509
39216,0.879,35.344,22.95,29.963,23.241,4.62,6.919,6.467
39217,0.879,35.066,22.973,29.991,23.247,4.7,6.878,6.507
39218,0.879,35.207,22.989,29.991,23.247,4.62,6.918,6.467
39219,0.882,35.324,22.974,29.982,23.247,4.7,6.878,6.467
39220,0.866,35.334,22.974,29.982,23.247,4.66,6.918,6.589
39221,0.876,35.181,22.97,30.029,23.261,4.822,7.081,6.712
39222,0.882,35.314,22.985,30.011,23.254,4.661,6.92,6.632
39223,0.869,35.401,22.989,30.001,23.254,4.66,6.959,6.59
39224,0.876,35.105,23.036,30.001,23.251,4.741,6.96,6.631
39225,0.892,35.083,22.923,30.011,23.258,4.742,6.96,6.631
39226,0.892,35.198,22.973,30.001,23.251,4.62,6.838,6.509
39227,0.882,35.247,22.97,29.982,23.24,4.537,6.796,6.549
39228,0.898,35.065,22.962,30.01,23.251,4.659,6.877,6.59
39229,0.902,35.188,22.973,30.001,23.247,4.7,6.837,6.549
39230,0.899,35.295,22.974,29.991,23.247,4.66,6.837,6.549
39231,0.889,35.372,22.974,30.001,23.244,4.66,6.877,6.549
39232,0.918,34.97,22.993,30.03,23.261,4.863,6.959,6.712
39233,0.935,35.12,23.017,30.011,23.244,4.743,6.878,6.551
39234,0.912,35.236,23.009,30.001,23.251,4.701,6.959,6.549
39235,0.915,35.305,22.99,30.049,23.254,4.66,7.0,6.59
39236,0.918,35.094,22.954,30.021,23.261,4.782,6.96,6.59
39237,0.909,35.236,22.966,30.02,23.247,4.702,6.878,6.509
39238,0.889,35.324,22.97,29.992,23.244,4.579,6.877,6.467
39239,0.899,35.421,22.993,30.02,23.251,4.74,6.918,6.467
39240,0.905,34.981,22.958,29.992,23.244,4.701,6.959,6.467
39241,0.895,35.082,22.985,30.01,23.244,4.66,6.919,6.467
39242,0.899,35.217,22.95,30.02,23.247,4.7,6.959,6.467
39243,0.902,35.295,22.973,30.049,23.265,4.823,7.041,6.629
39244,0.899,35.046,23.032,30.03,23.254,4.743,6.839,6.55
39245,0.915,35.169,22.99,30.04,23.254,4.701,6.958,6.468
39246,0.915,35.294,22.993,30.03,23.251,4.742,6.919,6.507
39247,0.922,35.315,22.974,30.03,23.251,4.701,6.878,6.549
39248,0.931,35.085,22.993,30.03,23.247,4.701,6.877,6.427
39249,0.928,35.179,22.978,30.001,23.244,4.66,6.796,6.385
39250,0.931,35.314,23.013,30.03,23.251,4.782,6.877,6.425
39251,0.931,35.315,22.962,30.02,23.244,4.661,6.918,6.466
39252,0.941,35.142,22.927,29.992,23.254,4.7,6.878,6.345
39253,0.945,35.246,22.969,29.991,23.244,4.66,6.959,6.466
39254,0.945,35.391,22.985,30.049,23.268,4.863,7.041,6.548
39255,0.948,34.99,22.978,30.097,23.251,4.743,6.92,6.427
39256,0.941,35.034,22.985,30.04,23.251,4.701,6.919,6.426
39257,0.941,35.168,23.032,30.02,23.254,4.742,6.919,6.507
39258,0.945,35.294,23.033,30.039,23.247,4.742,6.919,6.467
39259,0.938,35.085,23.002,30.049,23.251,4.701,6.878,6.386
39260,0.928,35.179,23.005,30.011,23.247,4.701,6.877,6.466
39261,0.935,35.333,22.927,30.049,23.247,4.66,6.877,6.507
39262,0.935,35.411,22.965,30.03,23.244,4.7,6.877,6.427
39263,0.928,34.99,23.001,30.02,23.247,4.66,6.837,6.385
39264,0.931,35.12,22.962,30.02,23.244,4.7,6.918,6.507
39265,0.944,35.294,22.911,30.087,23.265,4.823,7.081,6.63
39266,0.951,35.372,22.973,30.05,23.248,4.702,6.961,6.428
39267,0.951,35.124,23.001,30.04,23.258,4.742,6.96,6.548
39268,0.964,35.236,23.005,30.049,23.251,4.742,7.0,6.468
39269,0.971,35.381,22.986,30.059,23.254,4.783,7.001,6.589
39270,0.984,35.431,22.997,30.069,23.247,4.702,6.879,6.468
39271,0.981,35.019,22.95,30.011,23.244,4.66,6.959,6.467
39272,1.0,35.216,22.962,30.049,23.251,4.7,6.96,6.426
39273,0.987,35.295,22.954,30.04,23.247,4.701,7.0,6.426
39274,0.974,35.334,23.005,30.04,23.244,4.579,6.96,6.385
39275,0.984,35.171,22.95,30.03,23.251,4.578,7.0,6.466
39276,0.984,35.342,22.958,30.078,23.261,4.903,7.163,6.589
39277,0.994,35.469,22.981,30.05,23.251,4.744,7.043,6.509
39278,0.974,35.796,22.985,30.049,23.258,4.701,7.123,6.589
39279,0.99,35.234,22.997,30.049,23.251,4.823,7.124,6.549
39280,0.984,35.362,23.028,30.049,23.258,4.783,7.124,6.549
39281,0.984,35.469,22.927,30.059,23.251,4.702,7.124,6.427
39282,0.978,35.259,22.958,30.03,23.24,4.538,7.083,6.466
39283,0.984,35.295,22.981,30.059,23.251,4.577,7.123,6.467
39284,0.984,35.411,23.001,30.049,23.244,4.7,7.205,6.467
39285,1.0,35.498,22.865,30.059,23.244,4.66,7.084,6.386
39286,1.01,35.154,22.941,30.049,23.244,4.66,7.164,6.425
39287,1.02,35.313,22.969,30.078,23.261,4.822,7.328,6.629
39288,1.03,35.469,22.981,30.078,23.247,4.702,7.207,6.468
39289,1.024,35.508,22.978,30.078,23.251,4.742,7.247,6.467
39290,1.027,35.394,23.005,30.059,23.254,4.742,7.247,6.548
39291,1.053,35.527,22.931,30.078,23.251,4.742,7.288,6.508
39292,1.05,35.662,22.973,30.078,23.251,4.701,7.166,6.427
39293,1.037,35.712,22.97,30.04,23.237,4.66,7.124,6.385
39294,1.046,35.367,22.997,30.059,23.251,4.66,7.205,6.507
39295,1.03,35.517,22.966,30.069,23.247,4.7,7.165,6.427
39296,1.043,35.643,22.938,30.05,23.251,4.62,7.165,6.466
39297,1.043,35.692,22.977,30.049,23.244,4.659,7.246,6.467
39298,1.056,35.635,22.974,30.088,23.265,4.863,7.41,6.629
39299,1.056,35.788,22.97,30.088,23.248,4.743,7.249,6.55
39300,1.05,35.876,23.024,30.059,23.251,4.823,7.247,6.508
39301,1.05,35.925,22.966,30.136,23.251,4.702,7.288,6.549
39302,1.053,35.733,22.942,30.079,23.254,4.782,7.329,6.549
39303,1.063,35.866,22.989,30.078,23.251,4.702,7.207,6.427
39304,1.056,35.934,22.982,30.04,23.24,4.62,7.125,6.426
39305,1.069,35.993,22.974,30.068,23.247,4.741,7.205,6.385
39306,1.076,35.868,22.931,30.078,23.247,4.661,7.165,6.385
39307,1.086,35.963,22.958,30.059,23.244,4.66,7.124,6.466
39308,1.086,36.07,22.954,30.069,23.247,4.7,7.246,6.426
39309,1.105,35.994,22.973,30.097,23.254,4.823,7.328,6.588
39310,1.115,35.916,22.985,30.107,23.251,4.743,7.126,6.468
39311,1.106,35.992,22.939,30.079,23.258,4.742,7.246,6.507
39312,1.122,36.108,22.977,30.088,23.254,4.701,7.166,6.427
39313,1.122,36.138,22.989,30.069,23.251,4.782,7.165,6.426
39314,1.129,36.282,23.032,30.088,23.251,4.702,7.043,6.344
39315,1.106,36.38,22.935,30.069,23.244,4.66,7.042,6.343
39316,1.112,36.476,22.985,30.088,23.244,4.7,7.082,6.425
39317,1.112,36.171,22.985,30.078,23.247,4.66,7.083,6.344
39318,1.109,36.321,22.974,30.078,23.247,4.66,7.083,6.384
39319,1.106,36.437,22.985,30.078,23.247,4.7,7.042,6.425
39320,1.112,36.544,23.009,30.107,23.265,4.823,7.164,6.507
39321,1.122,36.411,22.986,30.127,23.251,4.702,7.043,6.427
39322,1.116,36.525,22.978,30.108,23.247,4.782,7.042,6.507
39323,1.115,36.631,23.001,30.069,23.254,4.783,7.042,6.427
39324,1.122,36.69,23.001,30.097,23.254,4.783,7.042,6.466
39325,1.135,36.489,22.966,30.088,23.251,4.702,6.879,6.386
39326,1.129,36.602,22.954,30.078,23.24,4.579,6.796,6.385
39327,1.145,36.738,22.969,30.088,23.244,4.7,6.917,6.344
39328,1.148,36.777,22.981,30.098,23.247,4.66,6.878,6.303
39329,1.148,36.605,22.989,30.088,23.244,4.66,6.837,6.302
39330,1.148,36.728,22.989,30.088,23.24,4.7,6.918,6.384
39331,1.174,36.883,22.958,30.126,23.265,4.823,7.041,6.507
39332,1.188,36.932,22.934,30.108,23.251,4.743,6.879,6.345
39333,1.181,36.789,23.008,30.098,23.244,4.701,6.918,6.262
39334,1.181,36.931,23.005,30.107,23.251,4.742,7.041,6.384
39335,1.171,37.057,22.982,30.127,23.254,4.783,7.042,6.344
39336,1.165,37.193,22.981,30.098,23.251,4.742,6.96,6.303
39337,1.165,36.916,22.966,30.059,23.24,4.62,6.878,6.221
39338,1.168,37.076,22.997,30.088,23.251,4.741,6.959,6.302
39339,1.165,37.174,22.986,30.088,23.251,4.742,6.96,6.302
39340,1.161,36.849,22.993,30.088,23.247,4.701,6.919,6.262
39341,1.152,36.893,22.872,30.107,23.244,4.742,7.0,6.343
39342,1.161,37.047,22.965,30.136,23.261,4.905,7.163,6.466
39343,1.178,37.154,23.024,30.117,23.254,4.703,7.124,6.264
39344,1.165,36.964,22.99,30.088,23.254,4.742,7.043,6.343
39345,1.174,37.086,22.962,30.117,23.254,4.783,7.082,6.343
39346,1.178,37.193,22.942,30.107,23.254,4.742,7.164,6.343
39347,1.181,37.3,22.969,30.117,23.251,4.783,7.124,6.303
39348,1.175,37.09,22.97,30.079,23.237,4.58,7.083,6.221
39349,1.181,37.231,23.013,30.107,23.244,4.74,7.164,6.22
39350,1.194,37.358,22.99,30.107,23.251,4.661,7.165,6.261
39351,1.188,37.407,22.962,30.088,23.237,4.66,7.084,6.139
39352,1.188,37.052,22.958,30.117,23.251,4.66,7.205,6.219
39353,1.194,37.221,22.985,30.146,23.261,4.863,7.369,6.383
39354,1.194,37.319,23.009,30.108,23.254,4.784,7.289,6.303
39355,1.162,37.387,22.947,30.127,23.244,4.824,7.247,6.343
39356,1.178,37.407,22.989,30.117,23.251,4.783,7.247,6.262
39357,1.168,37.532,22.966,30.127,23.251,4.783,7.288,6.302
39358,1.155,37.658,22.993,30.117,23.251,4.742,7.125,6.14
39359,1.142,37.659,23.001,30.117,23.247,4.701,7.246,6.301
39360,1.135,37.343,22.993,30.117,23.251,4.701,7.206,6.302
39361,1.122,37.435,22.943,30.107,23.247,4.66,7.165,6.221
39362,1.119,37.561,22.965,30.098,23.251,4.66,7.165,6.261
39363,1.102,37.581,22.993,30.107,23.254,4.822,7.246,6.384
39364,1.115,37.524,22.986,30.136,23.251,4.743,7.247,6.263
39365,1.109,37.639,22.927,30.117,23.254,4.783,7.206,6.262
39366,1.112,37.726,22.934,30.127,23.251,4.702,7.206,6.221
39367,1.099,37.526,22.95,30.127,23.251,4.782,7.287,6.302
39368,1.109,37.514,22.981,30.136,23.251,4.783,7.207,6.221
39369,1.099,37.619,22.95,30.108,23.247,4.62,7.125,6.22
39370,1.096,37.697,23.028,30.117,23.254,4.781,7.287,6.261
39371,1.096,37.391,22.982,30.165,23.254,4.702,7.247,6.099
39372,1.083,37.484,22.946,30.108,23.251,4.742,7.247,6.138
39373,1.066,37.6,23.02,30.088,23.244,4.701,7.328,6.179
39374,1.06,37.687,22.955,30.126,23.265,4.823,7.451,6.342
39375,1.063,37.525,22.977,30.136,23.254,4.743,7.33,6.221
39376,1.043,37.6,22.927,30.127,23.251,4.783,7.329,6.22
39377,1.024,37.726,22.997,30.127,23.254,4.824,7.41,6.261
39378,1.017,37.813,22.982,30.136,23.254,4.824,7.533,6.343
39379,1.01,37.44,22.942,30.127,23.258,4.783,7.494,6.221
39380,0.994,37.561,22.997,30.108,23.237,4.661,7.371,6.098
39381,0.971,37.668,22.915,30.136,23.247,4.741,7.411,6.219
39382,0.971,37.726,22.95,30.127,23.244,4.701,7.452,6.18
39383,0.961,37.497,23.016,30.108,23.244,4.742,7.452,6.139
39384,0.948,37.6,22.982,30.107,23.24,4.661,7.452,6.138
39385,0.958,37.754,22.974,30.174,23.258,4.863,7.615,6.301
39386,0.971,37.823,22.954,30.166,23.254,4.824,7.535,6.221
39387,0.951,37.574,22.954,30.127,23.247,4.743,7.534,6.22
39388,0.948,37.677,22.966,30.156,23.254,4.742,7.534,6.261
39389,0.938,37.822,22.942,30.146,23.261,4.783,7.534,6.221
39390,0.941,37.843,23.028,30.146,23.254,4.742,7.534,6.22
39391,0.941,37.527,22.966,30.137,23.237,4.62,7.291,6.098
39392,0.932,37.696,22.974,30.127,23.251,4.741,7.491,6.097
39393,0.931,37.765,22.993,30.108,23.251,4.742,7.494,6.178
39394,0.918,37.718,22.974,30.117,23.247,4.661,7.331,6.139
39395,0.905,37.564,22.966,30.117,23.244,4.741,7.41,6.138
39396,0.902,37.716,22.934,30.146,23.261,4.742,7.533,6.26
39397,0.899,37.832,22.965,30.165,23.258,4.783,7.453,6.139
39398,0.882,37.546,23.001,30.156,23.254,4.742,7.371,6.179
39399,0.876,37.658,22.947,30.156,23.254,4.783,7.37,6.139
39400,0.869,37.774,22.997,30.146,23.258,4.864,7.411,6.219
39401,0.856,37.881,22.888,30.175,23.254,4.784,7.371,6.261
39402,0.843,37.383,22.945,30.127,23.24,4.702,7.248,6.099
39403,0.849,37.503,23.012,30.156,23.251,4.742,7.288,6.178
39404,0.843,37.638,22.97,30.146,23.251,4.742,7.247,6.179
39405,0.839,37.716,22.997,30.146,23.247,4.661,7.166,6.057
39406,0.846,37.525,22.931,30.117,23.244,4.66,7.165,6.178
39407,0.84,37.686,22.973,30.146,23.258,4.822,7.287,6.383
39408,0.862,37.832,22.993,30.184,23.251,4.824,7.207,6.222
39409,0.856,37.872,22.974,30.156,23.254,4.783,7.206,6.22
39410,0.853,37.479,23.017,30.156,23.254,4.783,7.165,6.302
39411,0.862,37.657,22.978,30.165,23.251,4.824,7.206,6.221
39412,0.859,37.755,22.978,30.156,23.254,4.783,7.125,6.18
39413,0.856,37.775,23.001,30.137,23.24,4.62,6.961,6.098
39414,0.833,37.411,22.935,30.136,23.251,4.741,7.082,6.178
39415,0.826,37.58,22.958,30.146,23.247,4.742,7.002,6.139
39416,0.83,37.687,22.931,30.156,23.24,4.742,7.041,6.098
39417,0.817,37.717,23.02,30.127,23.24,4.62,7.001,6.097
39418,0.826,37.449,22.986,30.156,23.258,4.822,7.123,6.341
39419,0.833,37.599,23.001,30.185,23.258,4.783,7.124,6.221
39420,0.81,37.678,23.017,30.146,23.247,4.783,7.124,6.18
39421,0.81,38.033,22.966,30.213,23.251,4.783,7.124,6.179
39422,0.797,37.538,22.954,30.176,23.261,4.824,7.205,6.261
39423,0.794,37.658,22.985,30.175,23.258,4.824,7.165,6.18
39424,0.8,37.745,22.97,30.137,23.241,4.661,7.002,6.057
39425,0.794,37.535,22.981,30.146,23.251,4.7,7.123,6.219
39426,0.8,37.6,22.954,30.156,23.247,4.782,7.124,6.22
39427,0.803,37.706,22.997,30.146,23.244,4.742,7.083,6.18
39428,0.81,37.794,22.958,30.146,23.244,4.661,7.042,6.179
39429,0.813,37.334,22.981,30.165,23.254,4.863,7.164,6.261
39430,0.829,37.474,23.028,30.185,23.265,4.824,7.165,6.18
39431,0.826,37.571,22.966,30.146,23.251,4.743,7.124,6.22
39432,0.82,37.649,22.946,30.165,23.254,4.823,7.124,6.18
39433,0.817,37.448,23.008,30.175,23.251,4.865,7.083,6.22
39434,0.82,37.561,22.97,30.175,23.261,4.784,7.123,6.22
39435,0.803,37.696,22.966,30.166,23.244,4.702,7.002,6.098
39436,0.787,37.727,22.923,30.156,23.251,4.66,7.041,6.178
39437,0.793,38.206,23.024,30.156,23.258,4.782,7.082,6.139
39438,0.793,38.355,22.998,30.146,23.247,4.742,7.002,6.219
39439,0.787,38.462,23.005,30.146,23.24,4.701,6.919,6.098
39440,0.784,38.492,23.013,30.165,23.251,4.701,7.041,6.219
39441,0.787,36.987,22.978,30.204,23.261,4.904,7.204,6.342
39442,0.784,37.106,22.946,30.175,23.251,4.744,7.003,6.262
39443,0.78,37.203,22.981,30.185,23.251,4.742,7.001,6.221
39444,0.79,37.252,22.974,30.185,23.254,4.823,7.001,6.261
39445,0.797,37.502,22.958,30.175,23.258,4.783,7.001,6.18
39446,0.81,37.638,22.946,30.185,23.251,4.702,6.96,6.179
39447,0.787,37.697,22.981,30.156,23.24,4.66,6.838,6.098
39448,0.797,37.736,22.966,30.185,23.251,4.66,6.918,6.178
39449,0.81,37.276,22.966,30.185,23.244,4.7,6.919,6.179
39450,0.81,37.406,23.005,30.166,23.247,4.742,6.837,6.139
39451,0.813,37.494,22.982,30.165,23.247,4.701,6.796,6.138
39452,0.823,37.408,22.974,30.204,23.258,4.863,7.039,6.301
39453,0.836,37.378,23.013,30.204,23.254,4.784,6.92,6.14
39454,0.817,37.464,22.958,30.195,23.251,4.783,6.919,6.179
39455,0.807,37.571,22.95,30.195,23.247,4.702,6.878,6.22
39456,0.803,37.198,22.927,30.195,23.251,4.782,6.918,6.22
39457,0.81,37.271,22.989,30.204,23.251,4.742,6.837,6.18
39458,0.787,37.406,22.935,30.147,23.24,4.661,6.714,6.139
39459,0.797,37.494,22.973,30.184,23.247,4.741,6.794,6.138
39460,0.794,37.322,23.005,30.166,23.247,4.701,6.795,6.138
39461,0.784,37.445,22.986,30.175,23.251,4.66,6.795,6.179
39462,0.777,37.571,22.97,30.185,23.247,4.7,6.795,6.179
39463,0.793,37.668,23.009,30.214,23.265,4.904,7.039,6.301
39464,0.8,37.237,22.947,30.195,23.251,4.703,6.839,6.14
39465,0.8,37.348,22.958,30.195,23.254,4.742,6.918,6.138
39466,0.803,37.455,22.934,30.214,23.254,4.783,6.878,6.179
39467,0.807,37.523,22.934,30.204,23.251,4.783,6.877,6.22
39468,0.807,37.408,22.938,30.195,23.251,4.742,6.796,6.017
39469,0.797,37.522,22.958,30.175,23.244,4.701,6.877,6.096
39470,0.82,37.648,22.985,30.185,23.251,4.742,6.918,6.178
39471,0.823,37.707,22.919,30.185,23.251,4.701,6.878,6.098
39472,0.82,37.142,22.965,30.194,23.247,4.701,6.918,6.016
39473,0.823,37.289,22.985,30.166,23.244,4.782,6.959,6.056
39474,0.83,37.406,23.017,30.223,23.265,4.946,7.122,6.259
39475,0.82,37.455,22.974,30.243,23.248,4.825,7.043,6.139
39476,0.803,37.389,22.962,30.205,23.254,4.743,7.082,6.098
39477,0.807,37.512,22.985,30.204,23.247,4.864,7.123,6.178
39478,0.81,37.629,22.962,30.214,23.254,4.865,7.165,6.179
39479,0.803,37.601,22.977,30.204,23.254,4.743,7.043,6.057
39480,0.794,37.208,22.997,30.175,23.244,4.661,7.001,6.137
39481,0.79,37.386,22.95,30.194,23.247,4.741,7.041,6.098
39482,0.784,37.484,22.966,30.204,23.244,4.823,7.042,6.097
39483,0.784,37.312,22.977,30.195,23.244,4.661,6.96,6.056
39484,0.777,37.378,22.981,30.204,23.244,4.7,7.0,6.056
39485,0.806,37.551,22.954,30.262,23.261,4.863,7.163,6.259
39486,0.807,37.639,22.977,30.205,23.247,4.743,7.084,6.099
39487,0.81,37.179,22.981,30.214,23.247,4.742,7.083,6.097
39488,0.807,37.29,22.962,30.214,23.244,4.742,7.042,6.178
39489,0.82,37.444,22.97,30.223,23.251,4.701,7.042,6.179
39490,0.823,37.503,23.005,30.224,23.251,4.742,7.001,6.139
39491,0.82,37.236,22.947,30.176,23.24,4.579,6.96,6.057
39492,0.836,37.396,22.958,30.204,23.251,4.74,7.0,6.097
39493,0.82,37.513,22.97,30.204,23.251,4.701,6.919,6.138
39494,0.817,37.562,22.946,30.214,23.237,4.66,6.878,6.057
39495,0.807,37.207,22.938,30.214,23.254,4.741,6.959,6.178
39496,0.807,37.386,22.958,30.233,23.261,4.864,7.122,6.301
39497,0.826,37.503,22.993,30.214,23.254,4.784,7.002,6.221
39498,0.8,37.533,23.013,30.204,23.254,4.702,7.041,6.18
39499,0.803,37.265,22.997,30.223,23.247,4.782,7.001,6.179
39500,0.794,37.415,23.009,30.224,23.251,4.742,7.001,6.179
39501,0.8,37.542,22.978,30.243,23.254,4.783,6.96,6.22
39502,0.781,37.543,22.931,30.195,23.23,4.661,6.797,6.098
39503,0.787,37.178,22.985,30.204,23.244,4.7,6.877,6.219
39504,0.793,37.309,22.935,30.214,23.247,4.742,6.837,6.139
39505,0.81,37.416,22.958,30.204,23.247,4.742,6.837,6.179
39506,0.803,37.522,22.966,30.195,23.244,4.701,6.877,6.179
39507,0.816,37.274,22.997,30.223,23.254,4.904,7.04,6.301
39508,0.842,37.415,23.013,30.233,23.251,4.744,6.839,6.18
39509,0.826,37.484,22.993,30.214,23.251,4.701,6.796,6.179
39510,0.813,37.293,23.017,30.223,23.254,4.742,6.917,6.261
39511,0.816,37.301,22.974,30.233,23.254,4.783,6.959,6.18
39512,0.829,37.416,22.935,30.224,23.251,4.702,6.838,6.179
39513,0.82,37.484,22.985,30.185,23.233,4.579,6.796,6.098
39514,0.817,37.226,22.915,30.223,23.251,4.781,6.999,6.138
39515,0.807,37.348,22.938,30.224,23.251,4.742,7.041,6.179
39516,0.807,37.483,22.93,30.214,23.247,4.661,7.042,6.139
39517,0.81,37.523,22.997,30.214,23.251,4.741,7.001,6.219
39518,0.807,37.13,23.005,30.262,23.265,4.864,7.326,6.342
39519,0.813,37.261,22.986,30.224,23.251,4.743,7.167,6.262
39520,0.8,37.348,23.013,30.214,23.251,4.783,7.165,6.221
39521,0.794,37.455,22.966,30.243,23.251,4.783,7.287,6.261
39522,0.793,37.216,22.934,30.214,23.251,4.824,7.288,6.221
39523,0.79,37.348,23.001,30.223,23.251,4.824,7.329,6.139
39524,0.787,37.426,22.931,30.195,23.24,4.661,7.207,6.057
39525,0.8,37.532,22.942,30.233,23.247,4.741,7.287,6.219
39526,0.807,37.169,22.907,30.233,23.254,4.701,7.329,6.18
39527,0.8,37.271,22.992,30.214,23.244,4.701,7.207,6.179
39528,0.81,37.396,22.978,30.214,23.247,4.701,7.247,6.22
39529,0.82,37.455,22.989,30.262,23.254,4.823,7.45,6.424
39530,0.83,37.149,23.024,30.234,23.251,4.824,7.371,6.263
39531,0.826,37.261,22.955,30.233,23.247,4.783,7.452,6.302
39532,0.826,37.396,22.946,30.233,23.251,4.783,7.493,6.302
39533,0.826,37.407,22.989,30.233,23.254,4.742,7.453,6.302
39534,0.839,37.12,22.939,30.243,23.251,4.823,7.412,6.262
39535,0.81,37.222,22.946,30.205,23.24,4.661,7.452,6.262
39536,0.807,37.357,22.926,30.223,23.244,4.822,7.493,6.302
39537,0.813,37.273,22.989,30.233,23.251,4.743,7.494,6.262
39538,0.8,37.205,22.985,30.214,23.247,4.701,7.534,6.18
39539,0.8,37.3,22.982,30.204,23.244,4.742,7.494,6.261
39540,0.8,37.416,22.993,30.252,23.251,4.905,7.656,6.384
39541,0.82,37.072,22.954,30.262,23.254,4.703,7.576,6.263
39542,0.79,37.116,22.946,30.243,23.251,4.823,7.535,6.384
39543,0.793,37.241,23.016,30.243,23.254,4.824,7.575,6.344
39544,0.793,37.329,22.939,30.262,23.254,4.783,7.575,6.343
39545,0.806,37.09,22.965,30.262,23.251,4.783,7.535,6.384
39546,0.813,37.174,22.907,30.214,23.24,4.661,7.412,6.222
39547,0.813,37.299,22.965,30.243,23.251,4.741,7.452,6.302
39548,0.813,37.368,22.974,30.243,23.244,4.742,7.452,6.262
39549,0.807,36.947,22.942,30.252,23.244,4.701,7.412,6.302
39550,0.803,37.077,22.973,30.224,23.247,4.742,7.452,6.262
39551,0.833,37.222,22.974,30.262,23.258,4.823,7.615,6.384
39552,0.849,37.319,22.962,30.253,23.254,4.824,7.454,6.263
39553,0.827,37.004,22.977,30.262,23.258,4.743,7.452,6.262
39554,0.826,37.154,22.935,30.262,23.258,4.823,7.493,6.343
39555,0.826,37.28,22.977,30.272,23.251,4.783,7.412,6.262
39556,0.81,37.329,22.95,30.272,23.254,4.783,7.371,6.221
39557,0.803,37.042,23.008,30.214,23.237,4.661,7.33,6.22
39558,0.807,37.193,22.966,30.252,23.251,4.782,7.41,6.22
39559,0.8,37.328,22.958,30.253,23.247,4.702,7.411,6.18
39560,0.797,37.339,22.989,30.262,23.251,4.742,7.371,6.179
39561,0.797,36.927,22.954,30.253,23.251,4.661,7.37,6.301
39562,0.807,37.096,22.966,30.291,23.261,4.904,7.573,6.425
39563,0.803,37.193,22.97,30.253,23.247,4.744,7.454,6.263
39564,0.79,37.453,22.954,30.262,23.244,4.823,7.412,6.302
39565,0.806,37.12,22.985,30.272,23.251,4.865,7.452,6.302
39566,0.813,37.251,22.946,30.282,23.251,4.865,7.493,6.302
39567,0.813,37.339,23.02,30.272,23.247,4.824,7.412,6.18
39568,0.807,36.879,22.951,30.243,23.244,4.743,7.371,6.179
39569,0.816,36.903,22.969,30.262,23.251,4.742,7.411,6.22
39570,0.813,37.038,22.989,30.243,23.244,4.742,7.411,6.22
39571,0.82,37.135,22.95,30.243,23.251,4.701,7.33,6.098
39572,0.817,36.829,22.942,30.243,23.251,4.701,7.289,6.26
39573,0.833,36.979,22.985,30.272,23.258,4.904,7.532,6.384
39574,0.823,37.096,22.97,30.272,23.244,4.825,7.372,6.303
39575,0.813,37.193,22.97,30.262,23.247,4.824,7.37,6.302
39576,0.813,36.887,22.935,30.262,23.254,4.824,7.33,6.302
39577,0.79,37.057,23.004,30.281,23.254,4.824,7.451,6.343
39578,0.793,37.164,22.966,30.272,23.251,4.783,7.33,6.181
39579,0.78,37.184,22.954,30.234,23.24,4.702,7.289,6.22
39580,0.787,37.252,22.977,30.262,23.251,4.701,7.451,6.22
39581,0.777,37.396,22.899,30.253,23.247,4.742,7.371,6.22
39582,0.774,37.503,22.93,30.262,23.244,4.742,7.33,6.22
39583,0.78,37.542,22.965,30.253,23.247,4.783,7.37,6.22
39584,0.78,36.728,22.958,30.281,23.261,4.905,7.492,6.342
39585,0.797,36.863,22.958,30.33,23.247,4.744,7.371,6.221
39586,0.787,36.961,22.954,30.263,23.254,4.783,7.411,6.302
39587,0.797,37.01,22.973,30.301,23.254,4.864,7.411,6.384
39588,0.807,36.933,22.989,30.282,23.254,4.865,7.452,6.303
39589,0.807,37.076,22.974,30.272,23.247,4.702,7.29,6.18
39590,0.803,37.135,22.981,30.253,23.24,4.742,7.288,6.301
39591,0.807,37.184,22.993,30.272,23.251,4.783,7.288,6.18
39592,0.816,36.887,22.939,30.272,23.244,4.783,7.288,6.22
39593,0.807,37.028,22.973,30.262,23.244,4.742,7.207,6.098
39594,0.807,37.125,22.915,30.262,23.247,4.742,7.247,6.219
39595,0.803,36.973,22.95,30.291,23.261,4.945,7.328,6.342
39596,0.803,36.943,22.93,30.272,23.251,4.866,7.207,6.303
39597,0.803,37.038,22.961,30.282,23.247,4.784,7.247,6.262
39598,0.79,37.135,22.977,30.272,23.247,4.824,7.206,6.262
39599,0.784,36.896,22.97,30.272,23.258,4.865,7.206,6.262
39600,0.774,36.999,23.02,30.282,23.254,4.824,7.125,6.139
39601,0.761,37.115,22.958,30.243,23.237,4.743,7.124,6.26
39602,0.764,37.213,22.938,30.281,23.251,4.823,7.124,6.221
39603,0.77,36.792,22.989,30.272,23.247,4.743,7.043,6.18
39604,0.761,36.922,22.939,30.262,23.244,4.661,7.082,6.139
39605,0.767,37.038,22.934,30.262,23.244,4.782,7.123,6.179
39606,0.774,37.116,22.907,30.301,23.258,4.946,7.205,6.383
39607,0.793,36.963,22.996,30.291,23.251,4.785,7.084,6.263
39608,0.784,37.067,22.954,30.291,23.251,4.702,7.083,6.221
39609,0.787,37.202,22.966,30.291,23.254,4.823,7.123,6.302
39610,0.797,37.271,22.993,30.301,23.254,4.824,7.083,6.343
39611,0.794,36.735,22.962,30.291,23.254,4.783,7.042,6.14
39612,0.784,36.844,22.942,30.263,23.24,4.661,7.001,6.138
39613,0.793,36.951,22.985,30.281,23.247,4.741,7.041,6.219
39614,0.793,37.01,22.939,30.291,23.251,4.742,6.96,6.22
39615,0.793,36.837,22.942,30.282,23.251,4.701,6.919,6.139
39616,0.774,36.97,22.923,30.272,23.247,4.701,6.959,6.179
39617,0.78,37.096,23.016,30.31,23.261,4.904,7.082,6.383
39618,0.78,37.145,22.997,30.301,23.251,4.744,7.002,6.303
39619,0.774,36.791,22.966,30.282,23.254,4.742,7.041,6.262
39620,0.761,36.912,23.009,30.282,23.254,4.823,7.001,6.262
39621,0.767,37.038,22.951,30.301,23.247,4.865,6.96,6.302
39622,0.757,37.049,22.977,30.301,23.251,4.824,6.919,6.302
39623,0.751,36.828,22.985,30.253,23.237,4.661,6.796,6.14
39624,0.764,36.999,22.935,30.281,23.251,4.782,6.877,6.301
39625,0.764,37.096,22.95,30.301,23.247,4.824,6.877,6.221
39626,0.767,36.714,22.93,30.282,23.244,4.702,6.837,6.22
39627,0.767,36.758,23.0,30.282,23.24,4.782,6.837,6.22
39628,0.783,36.912,22.982,30.31,23.258,4.905,7.08,6.342
39629,0.79,37.019,22.958,30.301,23.254,4.703,6.88,6.303
39630,0.787,37.001,23.02,30.291,23.247,4.863,6.959,6.221
39631,0.784,37.125,22.978,30.301,23.251,4.824,6.96,6.302
39632,0.79,37.27,22.958,30.311,23.258,4.783,6.96,6.221
39633,0.79,37.348,22.966,30.311,23.258,4.783,6.878,6.139
39634,0.774,36.572,22.888,30.263,23.237,4.661,6.837,6.179
39635,0.774,36.756,22.934,30.301,23.251,4.741,6.958,6.22
39636,0.774,36.873,22.934,30.291,23.251,4.742,6.96,6.139
39637,0.771,36.913,23.016,30.291,23.24,4.742,7.0,6.179
39638,0.767,36.76,22.951,30.272,23.244,4.742,6.96,6.179
39639,0.774,36.94,22.973,30.329,23.261,4.823,7.122,6.342
39640,0.774,37.086,22.997,30.311,23.251,4.743,6.961,6.221
39641,0.761,37.116,22.966,30.291,23.251,4.783,7.041,6.18
39642,0.751,36.733,22.946,30.301,23.254,4.824,7.082,6.261
39643,0.757,36.854,22.981,30.301,23.251,4.783,7.042,6.221
39644,0.748,36.999,22.903,30.311,23.247,4.783,7.042,6.22
39645,0.747,36.981,22.922,30.282,23.244,4.661,6.96,6.098
39646,0.764,36.789,22.918,30.31,23.247,4.782,7.041,6.178
39647,0.767,36.931,22.985,30.301,23.251,4.742,7.042,6.139
39648,0.77,37.019,22.935,30.291,23.251,4.783,7.001,6.138
39649,0.774,37.307,22.954,30.291,23.247,4.742,7.001,6.098
39650,0.764,36.754,22.969,30.33,23.247,4.823,7.123,6.341
39651,0.783,36.94,22.974,30.33,23.258,4.783,7.002,6.14
39652,0.78,36.99,22.942,30.301,23.251,4.783,6.96,6.179
39653,0.78,36.809,22.981,30.291,23.247,4.742,7.0,6.22
39654,0.787,36.864,22.95,30.32,23.251,4.742,7.041,6.302
39655,0.774,36.989,22.919,30.311,23.251,4.783,7.001,6.099
39656,0.761,37.067,22.938,30.282,23.233,4.661,6.879,6.138
39657,0.774,36.781,22.973,30.291,23.251,4.782,6.959,6.138
39658,0.761,36.902,22.966,30.291,23.251,4.783,6.96,6.138
39659,0.761,37.038,22.958,30.301,23.247,4.702,6.96,6.138
39660,0.748,37.116,22.985,30.301,23.251,4.823,6.96,6.179
39661,0.76,36.8,22.974,30.339,23.261,4.865,7.082,6.179
39662,0.751,36.912,22.919,30.311,23.254,4.824,6.92,6.179
39663,0.751,37.038,22.973,30.311,23.251,4.743,6.959,6.139
39664,0.754,37.106,22.903,30.32,23.258,4.823,6.96,6.179
39665,0.774,36.762,22.953,30.32,23.251,4.783,6.878,6.179
39666,0.771,36.864,22.973,30.301,23.24,4.661,6.837,6.098
39667,0.761,36.951,23.009,30.282,23.244,4.66,6.877,6.138
39668,0.77,37.057,22.974,30.31,23.247,4.782,6.877,6.219
39669,0.77,36.723,22.927,30.291,23.251,4.702,6.796,6.139
39670,0.764,36.863,22.977,30.301,23.244,4.701,6.795,6.016
39671,0.77,36.989,22.978,30.301,23.247,4.782,6.917,6.218
39672,0.793,37.048,22.958,30.349,23.258,4.824,7.0,6.22
39673,0.787,36.819,22.993,30.292,23.251,4.824,6.879,6.098
39674,0.777,36.951,22.966,30.349,23.251,4.743,6.918,6.219
39675,0.787,37.057,22.927,30.33,23.254,4.783,6.919,6.22
39676,0.787,37.087,22.977,30.33,23.254,4.824,6.959,6.261
39677,0.774,36.704,22.989,30.32,23.247,4.702,6.878,6.058
39678,0.758,36.786,22.978,30.301,23.24,4.782,6.959,6.178
39679,0.761,36.941,22.946,30.32,23.244,4.783,6.96,6.139
39680,0.757,36.846,22.989,30.311,23.244,4.702,6.919,6.098
39681,0.744,36.769,22.943,30.301,23.24,4.701,6.878,6.097
39682,0.738,36.883,22.919,30.311,23.247,4.782,7.121,6.26
39683,0.751,37.009,22.996,30.349,23.265,4.946,7.124,6.221
39684,0.744,36.713,22.896,30.33,23.254,4.785,7.002,6.18
39685,0.76,36.815,22.914,30.32,23.254,4.783,7.082,6.139
39686,0.761,36.941,22.918,30.32,23.254,4.824,7.042,6.138
39687,0.767,37.048,22.981,30.34,23.254,4.824,7.123,6.138
39688,0.767,36.646,22.978,30.301,23.24,4.661,6.961,6.098
39689,0.764,36.738,22.907,30.301,23.244,4.741,7.122,6.219
39690,0.774,36.902,22.985,30.32,23.247,4.823,7.002,6.18
39691,0.767,36.98,22.962,30.32,23.247,4.783,6.96,6.139
39692,0.777,36.626,22.931,30.311,23.244,4.702,6.96,6.138
39693,0.774,36.766,22.977,30.311,23.247,4.782,7.122,6.26
39694,0.784,36.941,22.935,30.368,23.261,4.905,7.124,6.18
39695,0.774,36.99,22.942,30.34,23.254,4.784,7.002,6.179
39696,0.771,36.674,22.919,30.311,23.254,4.824,7.001,6.22
39697,0.77,36.796,23.008,30.32,23.254,4.783,7.001,6.22
39698,0.761,36.922,22.954,30.32,23.254,4.824,7.082,6.261
39699,0.744,36.971,22.942,30.32,23.251,4.702,6.92,6.139
39700,0.741,36.674,22.973,30.292,23.237,4.742,6.959,6.179
39701,0.751,36.853,22.958,30.33,23.244,4.742,6.96,6.139
39702,0.738,36.941,22.958,30.33,23.247,4.742,7.0,6.138
39703,0.741,36.971,22.997,30.32,23.244,4.742,6.919,6.179
39704,0.731,36.569,22.923,30.311,23.244,4.783,7.0,6.261
39705,0.751,36.728,22.942,30.368,23.261,4.905,7.123,6.343
39706,0.757,36.825,22.891,30.33,23.244,4.744,6.961,6.262
39707,0.748,37.018,22.977,30.32,23.247,4.823,6.96,6.221
39708,0.76,36.732,22.946,30.34,23.251,4.824,6.96,6.302
39709,0.777,36.844,22.962,30.33,23.254,4.824,6.96,6.343
39710,0.774,36.951,22.97,30.32,23.244,4.702,6.838,6.14
39711,0.774,36.664,22.942,30.32,23.247,4.782,6.837,6.219
39712,0.774,36.748,22.962,30.33,23.251,4.783,6.837,6.18
39713,0.767,36.864,22.989,30.32,23.244,4.742,6.877,6.098
39714,0.77,36.942,22.982,30.368,23.244,4.701,6.877,6.138
39715,0.757,36.607,22.931,30.321,23.251,4.742,6.959,6.301
39716,0.77,36.747,22.965,30.359,23.261,4.905,6.96,6.302
39717,0.754,36.844,22.974,30.34,23.247,4.825,6.96,6.262
39718,0.754,36.97,22.966,30.34,23.251,4.783,6.919,6.302
39719,0.751,36.521,22.942,30.33,23.251,4.824,6.919,6.384
39720,0.761,36.641,22.985,30.33,23.258,4.824,6.959,6.303
39721,0.751,36.776,22.974,30.32,23.247,4.702,6.797,6.18
39722,0.738,36.806,22.935,30.32,23.247,4.782,6.877,6.342
39723,0.744,36.596,22.981,30.32,23.254,4.742,6.918,6.303
39724,0.738,36.737,22.946,30.359,23.244,4.783,6.878,6.262
39725,0.744,36.864,22.919,30.33,23.244,4.702,6.877,6.262
39726,0.754,36.932,22.942,30.32,23.251,4.823,7.0,6.424
39727,0.767,36.549,22.985,30.368,23.261,4.865,7.082,6.385
39728,0.761,36.67,22.954,30.34,23.254,4.784,6.961,6.344
39729,0.761,36.786,22.93,30.34,23.251,4.783,7.0,6.343
39730,0.78,36.826,22.95,30.349,23.251,4.783,6.96,6.384
39731,0.774,36.596,22.95,30.359,23.251,4.824,7.041,6.344
39732,0.777,36.709,22.962,30.33,23.244,4.661,6.92,6.181
39733,0.761,36.777,22.946,30.32,23.244,4.741,7.041,6.301
39734,0.78,36.826,22.926,30.33,23.254,4.783,6.96,6.262
39735,0.764,36.625,22.915,30.34,23.244,4.742,6.96,6.262
39736,0.761,36.728,22.93,30.321,23.244,4.701,6.96,6.302
39737,0.761,36.825,22.985,30.33,23.251,4.742,7.041,6.425
39738,0.767,36.711,22.974,30.368,23.265,4.945,7.123,6.344
39739,0.751,36.662,22.946,30.34,23.254,4.785,7.043,6.384
39740,0.748,36.805,23.001,30.321,23.247,4.783,6.96,6.425
39741,0.744,36.893,22.947,30.349,23.244,4.783,7.041,6.344
39742,0.738,36.424,22.942,30.34,23.254,4.824,7.042,6.384
39743,0.741,36.515,22.973,30.34,23.244,4.702,6.879,6.263
39744,0.725,36.622,22.88,30.34,23.251,4.701,6.959,6.424
39745,0.741,36.747,22.941,30.33,23.244,4.742,6.96,6.304
39746,0.751,36.442,22.915,30.34,23.247,4.701,6.96,6.302
39747,0.757,36.535,22.981,30.321,23.244,4.742,6.919,6.262
39748,0.767,36.66,22.966,30.32,23.244,4.742,7.041,6.343
39749,0.761,36.805,22.985,30.378,23.265,4.905,7.082,6.466
39750,0.764,36.375,22.974,30.35,23.251,4.825,7.042,6.386
39751,0.77,36.515,22.946,30.359,23.258,4.824,6.96,6.344
39752,0.777,36.641,22.965,30.349,23.251,4.824,7.122,6.343
39753,0.774,36.709,22.97,30.34,23.251,4.865,7.124,6.343
39754,0.764,36.576,22.962,30.321,23.24,4.702,6.921,6.181
39755,0.751,36.699,22.927,30.33,23.251,4.742,7.081,6.261
39756,0.764,36.844,22.954,30.33,23.251,4.783,7.042,6.302
39757,0.754,36.874,23.005,30.32,23.251,4.783,7.082,6.302
39758,0.725,36.338,22.95,30.32,23.244,4.702,7.042,6.18
39759,0.75,36.476,22.958,30.349,23.258,4.863,7.286,6.342
39760,0.748,36.602,22.993,30.349,23.261,4.824,7.288,6.303
39761,0.744,36.613,22.95,30.34,23.251,4.783,7.288,6.262
39762,0.744,36.536,22.938,30.34,23.247,4.783,7.247,6.343
39763,0.747,36.66,22.973,30.349,23.251,4.783,7.288,6.384
39764,0.734,36.767,22.872,30.359,23.247,4.824,7.288,6.303
39765,0.747,36.634,22.891,30.321,23.237,4.743,7.166,6.221
39766,0.731,36.364,22.934,30.34,23.251,4.823,7.287,6.22
39767,0.747,36.495,23.008,30.349,23.254,4.743,7.369,6.22
39768,0.757,36.583,22.978,30.349,23.244,4.742,7.33,6.18
39769,0.751,36.383,22.95,30.34,23.247,4.742,7.41,6.22
39770,0.761,36.524,22.942,30.368,23.258,4.945,7.655,6.342
39771,0.777,36.679,22.965,30.369,23.251,4.825,7.455,6.262
39772,0.761,36.748,22.962,30.35,23.251,4.783,7.493,6.221
39773,0.757,36.279,22.934,30.34,23.254,4.824,7.494,6.302
39774,0.77,36.427,22.95,30.349,23.251,4.824,7.575,6.262
39775,0.761,36.554,22.895,30.349,23.258,4.743,7.535,6.262
39776,0.754,36.612,22.914,30.311,23.244,4.661,7.372,6.099
39777,0.748,36.335,22.961,30.339,23.251,4.7,7.533,6.3
39778,0.751,36.495,22.927,30.33,23.244,4.742,7.494,6.221
39779,0.741,36.621,22.922,30.311,23.254,4.701,7.453,6.18
39780,0.738,36.651,22.954,30.33,23.247,4.782,7.452,6.179
39781,0.747,36.383,22.95,30.349,23.254,4.864,7.615,6.423
39782,0.751,36.534,22.958,30.359,23.254,4.743,7.535,6.222
39783,0.741,36.612,22.989,30.349,23.251,4.783,7.494,6.22
39784,0.731,36.68,22.958,30.359,23.251,4.824,7.534,6.302
39785,0.741,36.288,22.915,30.359,23.254,4.824,7.494,6.343
39786,0.734,36.437,22.938,30.349,23.254,4.865,7.453,6.303
39787,0.734,36.515,22.938,30.301,23.24,4.662,7.371,6.18
39788,0.747,36.554,22.919,30.349,23.247,4.822,7.492,6.261
39789,0.754,36.373,22.942,30.34,23.244,4.743,7.575,6.221
39790,0.757,36.486,22.923,30.33,23.251,4.742,7.494,6.22
39791,0.761,36.602,22.942,30.34,23.247,4.742,7.534,6.22
39792,0.774,36.987,22.973,30.349,23.261,4.945,7.738,6.302
39793,0.78,36.291,22.954,30.34,23.244,4.785,7.618,6.221
39794,0.767,36.418,22.981,30.34,23.247,4.742,7.698,6.22
39795,0.767,36.544,22.919,30.34,23.258,4.823,7.658,6.302
39796,0.761,36.286,22.969,30.359,23.258,4.824,7.739,6.302
39797,0.751,36.293,22.981,30.349,23.251,4.702,7.577,6.18
39798,0.728,36.389,22.923,30.311,23.24,4.701,7.616,6.22
39799,0.738,36.534,22.926,30.339,23.247,4.742,7.698,6.139
39800,0.734,36.823,22.942,30.321,23.244,4.661,7.658,6.219
39801,0.734,36.979,22.942,30.32,23.244,4.741,7.495,6.139
39802,0.734,37.086,22.938,30.33,23.251,4.783,7.656,6.341
39803,0.734,37.212,22.981,30.368,23.268,4.905,7.739,6.262
39804,0.731,35.9,22.954,30.359,23.251,4.744,7.618,6.262
39805,0.734,36.04,22.938,30.33,23.244,4.823,7.617,6.302
39806,0.734,36.157,22.965,30.34,23.254,4.783,7.698,6.221
39807,0.747,36.244,22.981,30.349,23.254,4.824,7.699,6.261
39808,0.757,36.264,22.954,30.321,23.247,4.702,7.536,6.099
39809,0.741,36.36,22.927,30.32,23.244,4.742,7.616,6.178
39810,0.767,36.505,22.907,30.34,23.251,4.742,7.617,6.22
39811,0.761,36.593,22.949,30.321,23.247,4.701,7.495,6.18
39812,0.761,36.143,22.938,30.311,23.244,4.66,7.534,6.139
39813,0.751,36.292,22.942,30.339,23.254,4.822,7.616,6.26
39814,0.774,36.466,22.958,30.378,23.265,4.824,7.617,6.221
39815,0.741,36.477,22.919,30.321,23.251,4.743,7.576,6.22
39816,0.744,36.257,22.969,30.349,23.251,4.783,7.616,6.261
39817,0.747,36.398,22.966,30.349,23.254,4.783,7.535,6.18
39818,0.734,36.515,22.981,30.34,23.254,4.783,7.534,6.22
39819,0.734,36.526,22.946,30.311,23.244,4.661,7.453,6.098
39820,0.728,36.152,22.942,30.32,23.244,4.741,7.493,6.138
39821,0.738,36.321,22.923,30.32,23.254,4.742,7.371,6.138
39822,0.728,36.428,22.93,30.32,23.244,4.701,7.411,6.219
39823,0.721,36.247,22.954,30.33,23.244,4.66,7.289,6.139
39824,0.721,36.178,22.942,30.34,23.254,4.822,7.491,6.26
39825,0.75,36.35,22.958,30.359,23.251,4.824,7.412,6.18
39826,0.748,36.419,22.938,30.321,23.254,4.743,7.371,6.22
39827,0.747,36.189,22.989,30.34,23.251,4.742,7.411,6.22
39828,0.747,36.321,22.974,30.349,23.254,4.742,7.371,6.22
39829,0.764,36.437,22.974,30.34,23.247,4.701,7.33,6.139
39830,0.751,36.496,22.919,30.321,23.237,4.66,7.167,6.179
39831,0.754,36.075,22.926,30.34,23.251,4.741,7.206,6.098
39832,0.767,36.224,22.961,30.311,23.247,4.701,7.206,6.097
39833,0.757,36.331,22.923,30.33,23.247,4.701,7.165,6.056
39834,0.761,36.418,22.907,30.311,23.24,4.742,7.124,6.137
39835,0.761,36.074,22.926,30.349,23.261,4.864,7.368,6.341
39836,0.761,36.243,22.95,30.34,23.254,4.824,7.208,6.181
39837,0.751,36.35,22.938,30.33,23.251,4.743,7.165,6.22
39838,0.741,36.409,22.946,30.33,23.244,4.864,7.124,6.18
39839,0.744,36.151,22.923,30.34,23.251,4.784,7.205,6.179
39840,0.741,36.282,22.969,30.321,23.251,4.742,7.125,6.139
39841,0.734,36.389,22.938,30.311,23.237,4.579,7.043,6.057
39842,0.738,36.448,22.934,30.32,23.251,4.822,7.164,6.137
39843,0.741,36.132,22.946,30.32,23.244,4.702,7.084,6.179
39844,0.738,36.282,22.93,30.359,23.244,4.701,7.083,6.057
39845,0.738,36.38,22.919,30.302,23.247,4.742,7.164,6.137
39846,0.754,36.438,22.938,30.339,23.258,4.905,7.328,6.301
39847,0.767,36.17,22.997,30.321,23.254,4.744,7.167,6.18
39848,0.764,36.283,22.974,30.33,23.251,4.742,7.165,6.179
39849,0.767,36.389,22.946,30.34,23.254,4.783,7.206,6.22
39850,0.78,36.476,22.938,30.33,23.254,4.824,7.206,6.22
39851,0.78,36.103,22.915,30.32,23.254,4.824,7.165,6.139
39852,0.787,36.167,22.953,30.301,23.24,4.702,7.124,6.138
39853,0.78,36.311,22.934,30.311,23.251,4.782,7.124,6.138
39854,0.79,36.092,22.922,30.32,23.247,4.742,7.083,6.179
39855,0.78,36.147,22.918,30.311,23.244,4.701,7.002,6.017
39856,0.777,36.282,22.926,30.311,23.251,4.823,7.123,6.178
39857,0.793,36.399,22.981,30.349,23.258,4.946,7.165,6.342
39858,0.79,36.093,22.95,30.33,23.251,4.744,7.084,6.14
39859,0.784,36.224,22.934,30.32,23.244,4.864,7.042,6.138
39860,0.79,36.36,22.93,30.33,23.258,4.865,7.082,6.219
39861,0.793,36.438,22.938,30.33,23.258,4.987,7.123,6.22
39862,0.787,36.065,22.958,30.32,23.244,4.826,6.921,6.058
39863,0.787,36.166,22.946,30.301,23.254,4.824,7.041,6.137
39864,0.8,36.33,22.938,30.32,23.251,4.865,7.042,6.179
39865,0.803,36.39,22.93,30.301,23.24,4.824,6.92,6.139
39866,0.816,36.39,22.942,30.291,23.237,4.783,6.919,6.098
39867,0.813,36.524,22.942,30.31,23.244,4.905,7.081,6.219
39868,0.836,36.698,22.958,30.339,23.258,4.906,7.042,6.22
39869,0.817,36.71,22.934,30.321,23.247,4.865,7.001,6.18
39870,0.816,35.741,22.922,30.33,23.251,4.906,6.96,6.179
39871,0.823,35.895,22.922,30.33,23.258,4.906,6.96,6.22
39872,0.83,36.011,22.957,30.32,23.254,4.947,7.041,6.18
39873,0.833,36.051,22.95,30.311,23.247,4.825,6.798,5.976
39874,0.836,36.07,22.919,30.301,23.247,4.905,6.917,6.177
39875,0.839,36.214,22.926,30.301,23.247,4.906,6.919,6.139
39876,0.833,36.312,22.965,30.301,23.247,4.865,6.919,6.098
39877,0.833,36.322,22.954,30.291,23.244,4.824,6.837,6.138
39878,0.836,35.91,22.923,30.301,23.251,4.905,6.918,6.219
39879,0.852,36.069,22.922,30.339,23.265,5.028,7.041,6.22
39880,0.849,36.138,22.957,30.311,23.251,4.826,6.879,6.18
39881,0.846,36.014,22.938,30.32,23.251,4.905,6.918,6.098
39882,0.846,36.012,22.919,30.311,23.251,4.906,6.919,6.219
39883,0.84,36.128,22.965,30.311,23.254,4.947,6.878,6.139
39884,0.833,36.253,22.923,30.311,23.251,4.744,6.755,6.098
39885,0.833,36.053,22.915,30.272,23.24,4.823,6.795,6.097
39886,0.839,36.185,22.942,30.301,23.251,4.865,6.755,6.097
39887,0.839,36.311,22.973,30.301,23.247,4.824,6.795,6.056
39888,0.839,36.38,22.923,30.301,23.24,4.824,6.755,6.015
39889,0.849,35.757,22.942,30.301,23.244,4.905,6.795,6.137
39890,0.866,35.933,22.93,30.32,23.265,4.987,6.958,6.26
39891,0.882,36.088,22.938,30.311,23.251,4.866,6.797,6.139
39892,0.863,36.138,22.942,30.301,23.254,4.906,6.795,6.098
39893,0.872,35.927,22.923,30.301,23.254,4.906,6.836,6.097
39894,0.869,36.107,22.922,30.291,23.258,4.825,6.837,6.138
39895,0.863,36.224,22.938,30.301,23.251,4.865,6.796,6.057
39896,0.856,36.264,22.962,30.272,23.233,4.784,6.755,6.137
39897,0.853,35.929,23.012,30.291,23.244,4.905,6.836,6.138
39898,0.846,36.06,22.943,30.301,23.244,4.865,6.755,6.098
39899,0.83,36.166,22.934,30.301,23.244,4.824,6.754,6.138
39900,0.823,36.215,22.95,30.291,23.244,4.824,6.876,6.179
39901,0.81,35.919,22.927,30.33,23.254,4.987,6.918,6.22
39902,0.813,36.04,22.973,30.311,23.247,4.826,6.919,6.22
39903,0.797,36.128,22.942,30.301,23.251,4.905,6.919,6.261
39904,0.797,36.177,22.934,30.358,23.258,4.825,6.878,6.262
39905,0.81,36.052,22.907,30.321,23.247,4.905,6.918,6.262
39906,0.813,36.176,22.93,30.32,23.254,4.906,6.878,6.18
39907,0.81,36.263,22.997,30.263,23.24,4.744,6.755,6.098
39908,0.797,36.188,22.95,30.291,23.247,4.945,6.917,6.26
39909,0.794,35.966,22.946,30.291,23.251,4.825,6.837,6.18
39910,0.784,36.108,22.923,30.272,23.247,4.824,6.877,6.179
39911,0.787,36.215,22.911,30.272,23.244,4.824,6.796,6.22
39912,0.79,35.861,22.946,30.282,23.244,4.865,6.958,6.383
39913,0.797,35.982,22.934,30.33,23.261,4.946,7.0,6.263
39914,0.784,36.079,22.919,30.273,23.251,4.866,6.96,6.18
39915,0.774,36.186,22.903,30.301,23.258,4.906,7.041,6.301
39916,0.771,35.813,22.938,30.291,23.247,4.906,7.001,6.302
39917,0.761,35.934,22.965,30.301,23.254,4.987,7.123,6.302
39918,0.761,36.079,22.942,30.282,23.244,4.826,6.961,6.18
39919,0.741,36.119,22.93,30.282,23.24,4.865,7.082,6.261
39920,0.738,35.86,22.934,30.282,23.251,4.824,7.123,6.262
39921,0.725,36.011,22.911,30.282,23.251,4.783,7.124,6.221
39922,0.718,36.128,22.953,30.272,23.24,4.824,7.043,6.302
39923,0.718,36.196,22.934,30.262,23.247,4.865,7.245,6.302
39924,0.715,35.909,22.926,30.32,23.265,4.987,7.369,6.425
39925,0.724,36.031,22.903,30.282,23.254,4.907,7.208,6.344
39926,0.731,36.118,22.946,30.291,23.251,4.825,7.287,6.303
39927,0.728,36.196,22.977,30.291,23.254,4.905,7.329,6.384
39928,0.728,35.851,22.942,30.282,23.254,4.947,7.329,6.344
39929,0.721,35.982,22.923,30.272,23.251,4.907,7.207,6.262
39930,0.718,36.07,22.887,30.243,23.24,4.865,7.206,6.302
39931,0.731,36.147,22.926,30.272,23.247,4.865,7.287,6.302
39932,0.734,35.908,22.958,30.262,23.247,4.906,7.288,6.262
39933,0.731,36.031,22.884,30.262,23.251,4.906,7.207,6.302
39934,0.728,36.128,22.922,30.262,23.247,4.744,7.247,6.262
39935,0.734,36.493,22.907,30.291,23.261,4.905,7.45,6.465
39936,0.728,35.806,22.965,30.272,23.251,4.865,7.29,6.386
39937,0.702,35.924,22.942,30.282,23.251,4.906,7.288,6.425
39938,0.695,36.031,22.93,30.282,23.254,4.906,7.288,6.385
39939,0.679,35.859,22.95,30.282,23.251,4.865,7.41,6.425
39940,0.695,35.905,22.934,30.291,23.247,4.865,7.33,6.304
39941,0.679,36.011,22.926,30.243,23.24,4.743,7.167,6.343
39942,0.678,36.137,22.95,30.262,23.251,4.905,7.287,6.384
39943,0.678,35.822,22.923,30.262,23.247,4.865,7.288,6.385
39944,0.675,35.915,22.938,30.272,23.244,4.784,7.288,6.344
39945,0.678,36.05,22.891,30.253,23.244,4.824,7.288,6.384
39946,0.695,36.157,22.957,30.281,23.254,4.905,7.491,6.547
39947,0.714,35.793,22.977,30.262,23.251,4.865,7.29,6.386
39948,0.705,35.924,22.931,30.281,23.244,4.906,7.369,6.385
39949,0.708,36.05,22.93,30.272,23.251,4.906,7.289,6.507
39950,0.711,36.118,22.86,30.272,23.251,4.906,7.288,6.386
39951,0.721,35.745,22.918,30.272,23.254,4.825,7.288,6.385
39952,0.715,35.818,22.954,30.224,23.24,4.783,7.288,6.344
39953,0.728,35.972,22.915,30.262,23.254,4.783,7.369,6.384
39954,0.715,36.06,22.938,30.253,23.247,4.824,7.289,6.344
39955,0.705,35.812,22.907,30.243,23.244,4.824,7.166,6.303
39956,0.695,35.943,22.953,30.262,23.247,4.905,7.328,6.465
39957,0.711,36.098,22.934,30.281,23.261,4.987,7.451,6.467
39958,0.698,36.128,22.88,30.253,23.254,4.907,7.29,6.386
39959,0.682,35.803,22.914,30.243,23.251,4.865,7.329,6.344
39960,0.679,35.943,22.911,30.262,23.251,4.784,7.37,6.384
39961,0.688,36.069,22.946,30.262,23.254,4.864,7.37,6.385
39962,0.682,36.071,22.946,30.243,23.244,4.743,7.167,6.303
39963,0.672,35.716,22.919,30.224,23.251,4.823,7.287,6.343
39964,0.685,35.856,22.93,30.262,23.247,4.824,7.288,6.343
39965,0.692,35.953,22.876,30.243,23.247,4.783,7.288,6.221
39966,0.682,35.83,22.937,30.233,23.244,4.783,7.207,6.261
39967,0.679,35.781,22.95,30.252,23.254,4.905,7.287,6.384
39968,0.704,35.943,22.958,30.291,23.261,4.987,7.369,6.344
39969,0.702,36.012,22.946,30.263,23.244,4.866,7.208,6.303
39970,0.708,35.715,22.864,30.262,23.258,4.906,7.287,6.343
39971,0.698,35.827,22.926,30.253,23.254,4.825,7.329,6.384
39972,0.724,35.953,22.973,30.262,23.258,4.865,7.329,6.303
39973,0.715,36.041,22.896,30.224,23.244,4.784,7.207,6.099
39974,0.711,35.61,22.914,30.243,23.251,4.824,7.328,6.26
39975,0.721,35.749,22.899,30.224,23.254,4.865,7.248,6.221
39976,0.708,35.856,22.973,30.233,23.251,4.824,7.247,6.302
39977,0.695,35.944,22.942,30.233,23.244,4.783,7.247,6.302
39978,0.708,35.715,22.923,30.252,23.247,4.824,7.41,6.343
39979,0.711,35.894,22.938,30.272,23.265,4.987,7.452,6.303
39980,0.702,35.983,22.907,30.243,23.251,4.826,7.371,6.221
39981,0.705,36.051,22.946,30.243,23.254,4.824,7.411,6.342
39982,0.689,35.792,22.934,30.252,23.254,4.865,7.452,6.303
39983,0.692,35.934,22.934,30.253,23.254,4.824,7.493,6.343
39984,0.688,36.05,22.911,30.233,23.244,4.702,7.209,6.181
39985,0.685,36.08,22.895,30.224,23.247,4.823,7.328,6.301
39986,0.711,35.687,22.973,30.233,23.247,4.824,7.41,6.221
39987,0.708,35.837,22.95,30.224,23.244,4.702,7.289,6.261
39988,0.724,35.934,22.946,30.214,23.237,4.66,7.329,6.18
39989,0.731,35.993,22.938,30.223,23.254,4.863,7.41,6.342
39990,0.744,35.801,22.907,30.281,23.265,4.824,7.33,6.303
39991,0.744,35.924,22.93,30.234,23.254,4.783,7.37,6.302
39992,0.734,36.012,22.95,30.224,23.251,4.824,7.37,6.221
39993,0.725,36.108,22.911,30.243,23.251,4.865,7.37,6.342
39994,0.731,35.783,22.899,30.233,23.254,4.824,7.289,6.262
39995,0.725,35.914,22.914,30.204,23.24,4.702,7.166,6.058
39996,0.728,36.002,22.95,30.223,23.244,4.823,7.287,6.259
39997,0.728,35.638,22.973,30.214,23.254,4.824,7.166,6.18
39998,0.773,35.683,22.923,30.223,23.244,4.824,7.165,6.22
39999,0.797,35.837,22.926,30.214,23.24,4.783,7.124,6.18
40000,0.79,35.905,22.954,30.233,23.254,4.905,7.205,6.301
40001,0.806,35.647,22.954,30.262,23.258,4.987,7.165,6.221
40002,0.826,35.759,22.958,30.224,23.251,4.866,7.124,6.18
40003,0.839,35.866,22.927,30.233,23.254,4.865,7.124,6.22
40004,0.859,35.973,22.918,30.233,23.261,4.824,7.205,6.302
40005,0.901,35.705,22.907,30.233,23.254,4.824,7.125,6.262
40006,0.925,35.818,22.907,30.204,23.24,4.702,7.002,6.099
40007,0.922,35.924,22.957,30.204,23.244,4.823,7.082,6.178
40008,0.964,36.021,22.927,30.204,23.247,4.824,7.083,6.261
40009,0.994,35.562,22.942,30.195,23.24,4.824,7.083,6.18
40010,1.01,35.711,22.899,30.214,23.24,4.743,7.002,6.179
40011,1.066,35.818,22.906,30.214,23.247,4.864,7.082,6.301
40012,1.134,35.924,22.981,30.243,23.261,4.946,7.245,6.262
40013,1.184,35.647,22.896,30.224,23.244,4.866,7.125,6.262
40014,1.22,35.798,22.918,30.204,23.251,4.824,7.043,6.262
40015,1.263,35.924,22.922,30.214,23.247,4.824,7.042,6.343
40016,1.293,35.944,22.969,30.204,23.254,4.905,7.042,6.425
40017,1.316,35.609,22.935,30.195,23.251,4.825,7.001,6.344
40018,1.332,35.711,22.958,30.185,23.24,4.824,7.001,6.384
40019,1.349,35.866,22.915,30.204,23.247,4.783,7.041,6.385
40020,1.352,35.877,22.899,30.204,23.247,4.824,7.042,6.344
40021,1.349,35.771,22.914,30.195,23.24,4.783,7.082,6.343
40022,1.368,35.885,22.973,30.204,23.244,4.742,7.083,6.506
40023,1.381,36.03,22.927,30.233,23.261,4.986,7.205,6.67
40024,1.378,35.754,22.93,30.224,23.254,4.826,7.043,6.591
40025,1.359,35.684,22.919,30.214,23.254,4.865,7.042,6.549
40026,1.333,35.817,22.938,30.195,23.244,4.865,7.123,6.59
40027,1.326,35.905,22.946,30.204,23.254,4.865,7.124,6.631
40028,1.3,35.589,22.942,30.214,23.251,4.824,7.083,6.59
40029,1.247,35.701,22.883,30.185,23.237,4.743,6.961,6.509
40030,1.195,35.808,22.859,30.194,23.251,4.823,7.041,6.792
40031,1.165,35.905,22.898,30.204,23.244,4.743,7.123,6.877
40032,1.119,35.551,22.961,30.185,23.244,4.701,7.043,6.918
40033,1.057,35.672,22.923,30.175,23.237,4.742,7.042,7.081
40034,0.998,35.817,22.934,30.175,23.247,4.823,7.286,7.367
40035,0.948,35.934,22.942,30.223,23.261,4.987,7.207,7.614
40036,0.86,35.561,22.946,30.195,23.254,4.866,7.206,7.942
40037,0.778,35.701,22.946,30.195,23.251,4.784,7.287,8.189
40038,0.702,35.846,22.88,30.214,23.254,4.905,7.369,8.436
40039,0.659,35.905,22.902,30.195,23.254,4.825,7.33,8.682
40040,0.616,35.513,22.883,30.175,23.24,4.743,7.248,8.847
40041,0.571,35.624,22.887,30.175,23.247,4.823,7.288,9.052
40042,0.538,35.769,22.942,30.185,23.247,4.783,7.288,9.298
40043,0.518,35.809,22.903,30.166,23.244,4.742,7.329,9.382
40044,0.491,35.608,22.903,30.165,23.244,4.742,7.289,9.627
40045,0.494,35.73,22.93,30.185,23.247,4.823,7.288,9.751
40046,0.537,35.875,22.969,30.204,23.261,4.946,7.41,9.874
40047,0.57,35.896,22.915,30.185,23.251,4.785,7.289,9.876
40048,0.609,35.58,22.911,30.185,23.244,4.783,7.369,9.957
40049,0.639,35.72,22.907,30.204,23.251,4.783,7.33,10.08
40050,0.678,35.837,22.903,30.195,23.254,4.824,7.37,10.243
40051,0.718,35.781,22.91,30.185,23.251,4.783,7.33,10.286
40052,0.728,35.579,22.946,30.137,23.237,4.742,7.329,10.571
40053,0.764,35.72,22.895,30.165,23.251,4.864,7.37,10.696
40054,0.793,35.827,22.918,30.165,23.244,4.702,7.289,10.941
40055,0.79,35.57,22.938,30.156,23.244,4.742,7.207,11.268
40056,0.784,35.663,22.946,30.165,23.247,4.783,7.287,11.516
40057,0.793,35.808,22.946,30.194,23.258,4.946,7.451,11.803
40058,0.8,35.905,22.938,30.175,23.247,4.825,7.33,11.928
40059,0.781,35.417,22.934,30.175,23.244,4.824,7.329,12.091
40060,0.784,35.546,22.93,30.175,23.254,4.824,7.37,12.256
40061,0.777,35.701,22.903,30.175,23.251,4.783,7.37,12.339
40062,0.774,35.76,22.949,30.175,23.251,4.742,7.208,12.38
40063,0.754,35.521,22.891,30.156,23.244,4.701,7.206,12.421
40064,0.774,35.701,22.926,30.156,23.247,4.782,7.287,12.422
40065,0.774,35.837,22.926,30.156,23.251,4.824,7.288,12.381
40066,0.777,35.896,22.973,30.146,23.244,4.783,7.288,12.258
40067,0.777,35.426,22.962,30.156,23.247,4.702,7.247,12.257
40068,0.787,35.613,22.958,30.194,23.254,4.863,7.45,12.379
40069,0.8,35.75,22.946,30.185,23.251,4.743,7.29,12.177
40070,0.794,35.77,22.895,30.185,23.251,4.783,7.329,12.094
40071,0.79,35.473,22.934,30.185,23.251,4.824,7.289,11.93
40072,0.793,35.614,22.969,30.156,23.251,4.824,7.329,11.848
40073,0.797,35.73,22.88,30.175,23.247,4.743,7.329,11.643
40074,0.803,35.751,22.91,30.137,23.237,4.701,7.126,11.438
40075,0.784,35.463,22.903,30.165,23.251,4.782,7.205,11.436
40076,0.787,35.604,22.961,30.156,23.244,4.742,7.206,11.314
40077,0.784,35.702,22.903,30.137,23.254,4.783,7.165,11.11
40078,0.777,36.086,22.883,30.136,23.24,4.661,7.043,11.067
40079,0.771,35.697,22.93,30.156,23.251,4.863,7.286,11.107
40080,0.787,35.846,22.934,30.175,23.261,4.906,7.288,10.985
40081,0.78,35.944,22.93,30.156,23.247,4.744,7.207,10.822
40082,0.767,35.504,22.934,30.156,23.251,4.742,7.125,10.698
40083,0.767,35.48,22.899,30.165,23.251,4.864,7.165,10.616
40084,0.767,35.643,22.949,30.146,23.254,4.824,7.206,10.493
40085,0.78,35.731,22.895,30.156,23.251,4.743,7.003,10.207
40086,0.764,35.425,22.934,30.127,23.247,4.742,7.082,10.204
40087,0.783,35.594,22.954,30.136,23.244,4.701,7.083,10.123
40088,0.787,35.701,22.927,30.136,23.247,4.742,7.083,9.959
40089,0.793,35.808,22.915,30.136,23.247,4.783,7.002,9.917
40090,0.787,35.454,22.852,30.136,23.251,4.742,7.041,9.835
40091,0.8,35.633,22.926,30.175,23.265,4.823,7.164,9.875
40092,0.813,35.75,22.958,30.137,23.251,4.743,7.043,9.713
40093,0.81,35.808,22.849,30.136,23.247,4.783,7.082,9.589
40094,0.813,35.397,22.898,30.127,23.258,4.783,7.083,9.547
40095,0.797,35.546,22.906,30.165,23.251,4.824,7.123,9.384
40096,0.8,35.672,23.004,30.137,23.251,4.783,7.002,9.261
40097,0.787,35.712,22.872,30.117,23.24,4.62,7.001,9.137
40098,0.79,35.53,22.906,30.127,23.251,4.741,7.082,9.136
40099,0.787,35.662,22.93,30.117,23.251,4.742,6.961,9.014
40100,0.784,35.779,22.868,30.136,23.247,4.742,6.96,8.85
40101,0.787,35.818,22.933,30.127,23.244,4.742,6.96,8.849
40102,0.787,35.531,22.969,30.156,23.265,4.905,7.122,9.011
40103,0.79,35.71,22.895,30.146,23.251,4.825,7.043,8.81
40104,0.79,35.779,22.926,30.137,23.254,4.824,6.96,8.686
40105,0.79,35.809,22.911,30.136,23.251,4.783,7.041,8.603
40106,0.8,35.473,22.969,30.136,23.258,4.742,7.082,8.602
40107,0.807,35.614,22.884,30.117,23.251,4.742,6.92,8.44
40108,0.794,35.702,22.871,30.088,23.24,4.742,6.878,8.438
40109,0.813,35.559,22.914,30.126,23.247,4.742,6.877,8.357
40110,0.803,35.49,22.922,30.127,23.244,4.742,6.959,8.275
40111,0.813,35.652,22.903,30.117,23.247,4.742,6.919,8.274
40112,0.816,35.712,22.946,30.107,23.244,4.742,7.0,8.274
40113,0.826,35.357,22.911,30.165,23.265,4.905,7.082,8.314
40114,0.833,35.478,22.887,30.118,23.241,4.784,6.961,8.152
40115,0.823,35.595,22.938,30.117,23.251,4.783,7.0,8.191
40116,0.826,35.682,22.958,30.117,23.251,4.783,7.082,8.11
40117,0.826,35.405,22.872,30.127,23.251,4.864,7.002,8.109
40118,0.813,35.556,22.891,30.127,23.247,4.743,6.879,7.865
40119,0.8,35.644,22.871,30.098,23.24,4.661,6.877,7.863
40120,0.807,35.779,22.844,30.126,23.251,4.741,6.918,7.782
40121,0.807,35.416,22.902,30.098,23.24,4.742,6.878,7.781
40122,0.803,35.565,22.926,30.088,23.247,4.701,6.837,7.7
40123,0.79,35.701,22.887,30.107,23.247,4.742,6.877,7.861
40124,0.806,35.798,22.887,30.136,23.265,4.905,7.0,7.782
40125,0.813,35.435,22.934,30.108,23.251,4.784,6.919,7.7
40126,0.816,35.556,22.977,30.117,23.251,4.824,6.878,7.699
40127,0.823,35.672,22.907,30.107,23.251,4.824,6.877,7.658
40128,0.833,35.741,22.918,30.117,23.258,4.783,6.959,7.576
40129,0.843,35.406,22.887,30.107,23.247,4.783,6.878,7.454
40130,0.823,35.537,22.91,30.069,23.247,4.702,6.837,7.412
40131,0.833,35.662,22.91,30.097,23.251,4.782,6.918,7.493
40132,0.833,35.683,22.946,30.088,23.244,4.702,6.796,7.412
40133,0.836,35.434,22.934,30.078,23.251,4.66,6.836,7.33
40134,0.839,35.546,22.872,30.078,23.251,4.66,6.796,7.329
40135,0.839,35.672,22.965,30.117,23.258,4.822,6.999,7.451
40136,0.843,35.741,22.962,30.107,23.254,4.743,6.919,7.371
40137,0.83,35.425,22.934,30.098,23.251,4.823,6.837,7.33
40138,0.833,35.546,22.915,30.088,23.251,4.783,6.877,7.289
40139,0.833,35.653,22.918,30.098,23.251,4.824,6.918,7.288
40140,0.826,35.309,22.93,30.107,23.251,4.743,6.837,7.166
40141,0.826,35.373,22.891,30.069,23.24,4.701,6.837,7.084
40142,0.82,35.517,22.926,30.078,23.247,4.701,6.877,7.164
40143,0.823,35.614,22.829,30.078,23.244,4.782,6.877,7.124
40144,0.817,35.376,22.871,30.069,23.24,4.742,6.877,7.083
40145,0.826,35.517,22.922,30.078,23.247,4.783,6.959,7.083
40146,0.836,35.653,22.977,30.088,23.258,4.905,7.082,7.286
40147,0.856,35.769,22.919,30.088,23.254,4.744,7.042,7.044
40148,0.84,35.224,22.93,30.078,23.251,4.823,7.123,7.042
40149,0.839,35.391,22.899,30.098,23.254,4.824,7.124,7.042
40150,0.852,35.508,22.914,30.079,23.254,4.865,7.124,7.082
40151,0.843,35.595,22.891,30.078,23.251,4.743,7.083,6.961
40152,0.843,35.27,22.945,30.05,23.244,4.661,7.083,6.919
40153,0.849,35.43,22.946,30.078,23.247,4.782,7.164,6.878
40154,0.862,35.566,22.891,30.069,23.244,4.742,7.124,6.918
40155,0.84,35.605,22.938,30.05,23.251,4.701,7.124,6.919
40156,0.839,35.26,22.942,30.049,23.247,4.701,7.165,6.919
40157,0.852,35.449,22.883,30.116,23.258,4.904,7.206,7.081
40158,0.846,35.556,22.926,30.069,23.251,4.703,7.165,6.839
40159,0.833,35.586,22.891,30.059,23.251,4.782,7.165,6.877
40160,0.826,35.327,22.887,30.107,23.254,4.742,7.206,6.918
40161,0.833,35.497,22.875,30.059,23.254,4.783,7.206,6.878
40162,0.833,35.595,22.934,30.059,23.244,4.742,7.084,6.796
40163,0.826,35.634,22.84,30.049,23.247,4.742,7.042,6.795
40164,0.846,35.625,22.879,30.049,23.247,4.742,7.123,6.795
40165,0.827,35.778,22.918,30.068,23.247,4.742,7.124,6.795
40166,0.833,35.866,22.922,30.05,23.247,4.742,7.002,6.755
40167,0.846,35.321,22.887,30.049,23.251,4.783,7.123,6.754
40168,0.859,35.238,22.918,30.088,23.265,4.905,7.205,6.836
40169,0.869,35.362,22.907,30.05,23.248,4.744,7.125,6.755
40170,0.869,35.45,22.938,30.059,23.251,4.742,7.083,6.754
40171,0.869,35.268,22.903,30.04,23.251,4.823,7.123,6.795
40172,0.872,35.372,22.965,30.049,23.244,4.783,7.124,6.714
40173,0.866,35.527,22.938,30.116,23.244,4.661,7.002,6.591
40174,0.859,35.595,22.903,30.021,23.247,4.7,7.041,6.712
40175,0.859,35.184,22.949,30.039,23.251,4.782,7.042,6.632
40176,0.856,35.333,22.927,30.03,23.251,4.702,7.082,6.631
40177,0.856,35.449,22.876,30.03,23.244,4.701,7.002,6.59
40178,0.846,35.527,22.895,30.02,23.244,4.782,7.082,6.631
40179,0.866,35.317,22.922,30.059,23.258,4.864,7.123,6.834
40180,0.856,35.459,22.93,30.049,23.251,4.702,7.043,6.674
40181,0.853,35.566,22.911,30.03,23.247,4.823,7.082,6.631
40182,0.853,35.634,22.95,30.04,23.258,4.783,7.123,6.631
40183,0.853,35.194,22.868,30.059,23.254,4.702,7.043,6.712
40184,0.856,35.343,22.906,30.04,23.251,4.782,7.082,6.632
40185,0.853,35.44,22.903,30.001,23.237,4.62,6.92,6.55
40186,0.859,35.489,22.957,30.02,23.251,4.7,7.041,6.63
40187,0.866,35.192,22.856,30.02,23.247,4.742,6.96,6.631
40188,0.866,35.333,22.89,30.03,23.244,4.661,7.0,6.59
40189,0.869,35.43,22.91,30.011,23.247,4.66,6.919,6.631
40190,0.879,35.508,22.891,30.039,23.254,4.863,7.163,6.712
40191,0.895,35.336,22.91,30.049,23.254,4.743,7.002,6.632
40192,0.889,35.43,22.93,30.021,23.244,4.701,7.082,6.59
40193,0.889,35.566,22.919,30.03,23.251,4.782,7.002,6.631
40194,0.892,35.452,22.903,30.03,23.254,4.824,7.041,6.672
40195,0.892,35.297,22.934,30.03,23.254,4.783,7.001,6.55
40196,0.882,35.401,22.919,30.001,23.244,4.62,6.757,6.468
40197,0.879,35.508,22.891,30.011,23.251,4.741,6.957,6.629
40198,0.879,35.192,22.867,30.011,23.251,4.742,6.919,6.55
40199,0.879,35.266,22.894,30.001,23.244,4.661,6.837,6.508
40200,0.856,35.401,22.875,30.068,23.244,4.66,6.796,6.467
40201,0.869,35.508,22.887,30.002,23.258,4.863,6.999,6.67
40202,0.872,35.183,22.961,30.039,23.258,4.784,7.001,6.591
40203,0.863,35.323,22.934,30.088,23.251,4.783,6.879,6.549
40204,0.866,35.43,22.919,30.031,23.251,4.824,6.877,6.63
40205,0.879,35.527,22.957,30.02,23.251,4.743,6.918,6.59
40206,0.885,35.221,22.954,30.02,23.251,4.742,6.878,6.468
40207,0.889,35.333,22.888,29.992,23.24,4.661,6.715,6.386
40208,0.892,35.497,22.906,30.02,23.247,4.7,6.835,6.466
40209,0.895,35.557,22.903,29.992,23.251,4.701,6.796,6.426
40210,0.889,35.107,22.91,29.991,23.244,4.66,6.836,6.426
40211,0.899,35.236,22.895,30.001,23.24,4.66,6.837,6.385
40212,0.908,35.372,22.922,30.001,23.258,4.822,6.877,6.588
40213,0.931,35.488,22.915,30.03,23.261,4.783,6.877,6.468
40214,0.925,35.25,22.895,30.001,23.258,4.824,6.755,6.386
40215,0.918,35.391,22.965,29.982,23.254,4.743,6.957,6.425
40216,0.899,35.517,22.934,30.01,23.247,4.742,6.919,6.426
40217,0.908,35.566,22.934,30.001,23.251,4.783,6.919,6.426
40218,0.905,35.241,22.891,29.972,23.24,4.58,6.756,6.263
40219,0.892,35.353,22.93,29.991,23.247,4.74,6.957,6.343
40220,0.899,35.498,22.907,29.972,23.24,4.701,6.96,6.303
40221,0.905,35.777,22.899,29.972,23.251,4.66,6.919,6.262
40222,0.892,35.157,22.895,29.972,23.244,4.7,6.959,6.302
40223,0.895,35.294,22.899,30.001,23.251,4.742,7.122,6.465
40224,0.902,35.449,22.918,30.02,23.261,4.742,7.083,6.386
40225,0.899,35.134,22.93,29.992,23.251,4.742,7.042,6.344
40226,0.915,35.169,22.965,29.991,23.251,4.701,7.042,6.343
40227,0.909,35.304,22.942,29.991,23.251,4.782,7.042,6.262
40228,0.934,35.411,22.95,30.001,23.258,4.742,7.123,6.343
40229,0.938,35.086,22.942,29.972,23.244,4.579,6.961,6.221
40230,0.935,35.198,22.934,29.981,23.247,4.659,7.082,6.302
40231,0.945,35.352,22.895,29.982,23.247,4.7,6.961,6.221
40232,0.935,35.431,22.942,29.972,23.244,4.742,6.96,6.22
40233,0.941,35.182,22.899,29.972,23.247,4.661,7.0,6.22
40234,0.945,35.323,22.891,29.972,23.247,4.741,7.163,6.383
40235,0.964,35.478,22.926,30.02,23.261,4.823,7.165,6.303
40236,0.958,35.518,22.958,29.992,23.251,4.783,7.043,6.262
40237,0.954,35.154,22.806,29.991,23.247,4.742,7.123,6.302
40238,0.954,35.304,22.886,29.991,23.251,4.783,7.205,6.302
40239,0.951,35.449,22.914,29.991,23.254,4.783,7.206,6.262
40240,0.945,35.489,22.903,29.972,23.244,4.62,7.003,6.139
40241,0.941,35.125,22.891,29.953,23.247,4.781,7.123,6.219
40242,0.945,35.304,22.938,29.981,23.251,4.702,7.124,6.18
40243,0.945,35.411,22.911,29.972,23.244,4.742,7.083,6.22
40244,0.941,35.46,22.879,29.962,23.24,4.701,7.083,6.261
40245,0.958,35.297,22.895,29.962,23.244,4.701,7.164,6.262
40246,0.977,35.468,22.965,30.01,23.261,4.904,7.287,6.221
40247,0.968,35.556,22.872,29.982,23.247,4.744,7.166,6.22
40248,0.977,35.596,22.883,29.972,23.254,4.823,7.165,6.261
40249,0.981,35.318,22.93,29.972,23.247,4.783,7.165,6.262
40250,0.997,35.469,22.915,29.991,23.251,4.742,7.165,6.221
40251,0.997,35.566,22.907,29.962,23.24,4.701,7.124,6.18
40252,0.991,35.394,22.883,29.953,23.251,4.742,7.124,6.22
40253,1.01,35.393,22.895,29.962,23.251,4.742,7.205,6.139
40254,1.007,35.527,22.891,29.962,23.251,4.62,7.125,6.098
40255,1.007,35.605,22.91,29.962,23.244,4.659,7.083,6.016
40256,0.994,35.356,22.914,29.953,23.254,4.741,7.245,6.218
40257,1.013,35.526,22.926,30.0,23.258,4.823,7.288,6.22
40258,0.994,35.624,22.895,29.953,23.251,4.743,7.207,6.22
40259,0.994,35.75,22.914,29.981,23.251,4.742,7.247,6.22
40260,1.004,35.319,22.907,29.962,23.251,4.742,7.288,6.22
40261,1.004,35.459,22.895,29.981,23.258,4.823,7.329,6.22
40262,0.994,35.556,22.891,29.953,23.241,4.621,7.126,6.098
40263,0.994,35.634,22.914,29.953,23.247,4.741,7.287,6.219
40264,1.0,35.568,22.903,29.962,23.244,4.701,7.247,6.18
40265,1.004,35.72,22.922,29.953,23.254,4.66,7.288,6.179
40266,1.017,35.808,22.934,29.953,23.244,4.7,7.288,6.179
40267,1.027,35.905,22.887,29.953,23.251,4.701,7.369,6.261
40268,1.046,35.58,22.883,29.981,23.261,4.863,7.452,6.262
40269,1.05,35.74,22.906,29.962,23.247,4.702,7.33,6.262
40270,1.043,35.837,22.895,29.981,23.247,4.782,7.329,6.18
40271,1.059,35.905,22.914,29.962,23.247,4.742,7.289,6.261
40272,1.063,35.676,22.86,29.943,23.258,4.823,7.329,6.139
40273,1.063,35.836,22.918,29.952,23.244,4.783,7.289,6.138
40274,1.063,35.905,22.911,29.914,23.244,4.661,7.207,6.138
40275,1.069,35.944,22.926,29.943,23.247,4.822,7.247,6.138
40276,1.069,35.945,22.895,29.952,23.251,4.783,7.206,6.138
40277,1.06,36.088,22.879,29.933,23.244,4.702,7.247,6.057
40278,1.05,36.195,22.879,29.914,23.244,4.701,7.206,6.137
40279,1.06,36.235,22.856,29.962,23.261,4.863,7.369,6.341
40280,1.053,36.063,22.848,29.981,23.258,4.784,7.208,6.14
40281,1.06,36.157,22.883,29.953,23.247,4.742,7.287,6.138
40282,1.063,36.263,22.91,29.953,23.251,4.783,7.288,6.219
40283,1.073,36.13,22.836,29.991,23.258,4.864,7.247,6.22
40284,1.076,36.225,22.886,29.953,23.251,4.824,7.288,6.139
40285,1.073,36.293,22.918,29.914,23.244,4.702,7.166,6.138
40286,1.083,36.399,22.961,29.933,23.247,4.782,7.246,6.138
40287,1.089,36.17,22.872,29.933,23.247,4.783,7.206,6.179
40288,1.099,36.292,22.891,29.943,23.251,4.702,7.247,6.098
40289,1.102,36.418,22.895,29.914,23.251,4.701,7.206,6.138
40290,1.112,36.515,22.918,29.933,23.251,4.904,7.45,6.219
40291,1.128,36.257,22.954,29.952,23.254,4.865,7.412,6.139
40292,1.119,36.379,22.895,29.933,23.258,4.784,7.371,6.138
40293,1.122,36.505,22.918,29.924,23.247,4.824,7.37,6.138
40294,1.125,36.574,22.918,29.952,23.251,4.824,7.37,6.179
40295,1.122,36.469,22.95,29.943,23.251,4.865,7.411,6.179
40296,1.119,36.592,22.88,29.914,23.244,4.702,7.208,6.017
40297,1.099,36.709,22.863,29.923,23.251,4.742,7.409,6.137
40298,1.119,36.787,22.902,29.933,23.254,4.701,7.371,6.138
40299,1.115,36.615,22.895,29.914,23.247,4.823,7.33,6.138
40300,1.112,36.728,22.887,29.971,23.24,4.702,7.289,6.016
40301,1.119,36.844,22.883,29.924,23.254,4.823,7.369,6.259
40302,1.129,36.903,22.941,29.952,23.258,4.905,7.533,6.302
40303,1.135,36.597,22.919,29.933,23.254,4.784,7.372,6.302
40304,1.096,36.718,22.879,29.933,23.244,4.824,7.37,6.262
40305,1.112,36.806,22.934,29.933,23.258,4.865,7.37,6.221
40306,1.119,37.037,22.965,29.943,23.251,4.946,7.37,6.261
40307,1.135,36.895,22.833,29.933,23.247,4.744,7.289,6.099
40308,1.125,36.99,22.882,29.904,23.244,4.742,7.288,6.178
40309,1.142,37.115,22.906,29.914,23.251,4.742,7.288,6.179
40310,1.145,36.944,22.91,29.923,23.247,4.742,7.247,6.22
40311,1.145,36.942,22.922,29.895,23.244,4.783,7.125,6.139
40312,1.148,37.057,22.891,29.894,23.24,4.783,7.287,6.179
40313,1.168,37.202,22.906,29.942,23.258,4.986,7.41,6.342
40314,1.171,36.907,22.883,29.924,23.251,4.866,7.208,6.181
40315,1.152,36.99,22.949,29.895,23.251,4.824,7.206,6.139
40316,1.148,37.125,22.864,29.923,23.258,4.783,7.287,6.26
40317,1.148,37.222,22.91,29.923,23.251,4.864,7.166,6.221
40318,1.139,37.079,22.942,29.904,23.254,4.824,7.165,6.139
40319,1.122,37.193,22.899,29.885,23.24,4.702,7.084,6.138
40320,1.116,37.319,22.903,29.894,23.247,4.782,7.205,6.179
40321,1.119,37.387,22.907,29.904,23.244,4.702,7.165,6.179
40322,1.109,37.1,22.903,29.904,23.244,4.742,7.084,6.179
40323,1.102,37.212,22.895,29.895,23.247,4.742,7.123,6.139
40324,1.106,37.348,22.879,29.914,23.258,4.905,7.205,6.219
40325,1.125,37.455,22.941,29.933,23.254,4.906,7.125,6.18
40326,1.116,37.235,22.903,29.904,23.247,4.825,7.124,6.139
40327,1.122,37.367,22.907,29.914,23.251,4.865,7.124,6.219
40328,1.109,37.474,22.934,29.914,23.251,4.784,7.124,6.261
40329,1.102,37.513,22.922,29.914,23.254,4.864,7.165,6.139
40330,1.102,37.341,22.918,29.904,23.244,4.662,6.921,6.057
40331,1.089,37.454,22.93,29.895,23.251,4.782,7.0,6.137
40332,1.102,37.561,22.872,29.904,23.251,4.783,7.001,6.098
40333,1.099,37.601,22.922,29.885,23.244,4.783,7.041,6.056
40334,1.093,37.304,22.899,29.875,23.24,4.742,7.001,6.137
40335,1.083,37.425,22.914,29.904,23.254,4.864,7.163,6.26
40336,1.076,37.58,22.883,29.923,23.261,4.946,7.165,6.221
40337,1.063,37.466,22.859,29.914,23.247,4.785,7.043,6.098
40338,1.05,37.379,22.906,29.904,23.254,4.824,7.164,6.097
40339,1.03,37.503,22.895,29.904,23.254,4.824,7.165,6.219
40340,1.037,37.61,22.906,29.895,23.254,4.824,7.124,6.18
40341,1.02,37.371,22.879,29.904,23.247,4.702,7.083,6.017
40342,0.997,37.416,22.922,29.866,23.244,4.701,7.083,6.096
40343,0.987,37.599,22.918,29.894,23.251,4.782,7.083,6.056
40344,0.981,37.639,22.887,29.904,23.247,4.742,7.042,6.097
40345,0.977,37.352,22.922,29.866,23.237,4.701,7.082,6.097
40346,0.981,37.455,22.903,29.875,23.24,4.701,7.123,6.138
40347,0.981,37.628,22.942,29.971,23.261,4.904,7.287,6.179
40348,0.987,37.697,22.895,29.895,23.254,4.825,7.166,6.139
40349,0.978,37.353,22.891,29.875,23.247,4.783,7.246,6.138
40350,0.974,37.483,22.914,29.894,23.251,4.742,7.206,6.138
40351,0.964,37.648,22.95,29.904,23.261,4.864,7.206,6.138
40352,0.968,37.697,22.876,29.895,23.251,4.784,7.125,6.016
40353,0.948,37.362,22.879,29.856,23.24,4.742,7.083,6.056
40354,0.954,37.541,22.914,29.856,23.251,4.823,7.083,6.056
40355,0.938,37.648,22.93,29.875,23.244,4.743,7.083,6.015
40356,0.932,37.697,22.825,29.875,23.24,4.701,7.083,5.974
40357,0.915,37.583,22.871,29.875,23.247,4.742,7.083,6.096
40358,0.925,37.735,22.875,29.904,23.261,4.905,7.205,6.178
40359,0.912,37.852,22.887,29.895,23.247,4.784,7.084,6.057
40360,0.892,37.872,22.899,29.885,23.251,4.702,7.164,6.056
40361,0.889,37.469,22.903,29.885,23.254,4.823,7.124,6.015
40362,0.879,37.59,22.93,29.894,23.254,4.783,7.124,6.137
40363,0.879,37.716,22.926,29.894,23.244,4.742,6.961,5.976
40364,0.856,37.871,22.887,29.866,23.244,4.823,6.919,6.055
40365,0.862,37.546,22.957,29.875,23.244,4.743,7.041,6.056
40366,0.866,37.648,22.919,29.856,23.244,4.701,7.001,6.015
40367,0.862,37.745,22.887,29.856,23.244,4.66,6.879,5.974
40368,0.866,37.468,22.848,29.865,23.251,4.782,7.0,6.096
40369,0.869,37.542,22.875,29.904,23.258,4.905,7.123,6.178
40370,0.866,37.677,22.887,29.866,23.251,4.784,6.921,6.057
40371,0.859,37.755,22.895,29.885,23.254,4.783,7.0,6.056
40372,0.859,37.353,22.864,29.866,23.251,4.824,6.96,6.097
40373,0.856,37.512,22.906,29.894,23.258,4.865,7.0,6.138
40374,0.856,37.619,22.922,29.856,23.247,4.784,6.879,5.935
40375,0.84,37.649,22.95,29.846,23.247,4.742,6.959,6.055
40376,0.839,37.362,22.86,29.865,23.247,4.742,6.919,6.015
40377,0.833,37.503,22.906,29.875,23.251,4.701,6.919,5.974
40378,0.813,37.6,22.907,29.856,23.247,4.782,6.878,5.933
40379,0.816,37.678,22.922,29.865,23.247,4.783,6.959,6.096
40380,0.823,37.458,22.926,29.894,23.268,4.905,7.041,6.178
40381,0.823,37.599,22.899,29.866,23.254,4.784,6.92,6.057
40382,0.804,37.687,22.879,29.875,23.254,4.864,7.0,6.137
40383,0.807,37.765,22.887,29.875,23.254,4.865,7.001,6.098
40384,0.79,37.909,22.914,29.875,23.254,4.824,6.919,6.097
40385,0.79,38.045,22.938,29.875,23.247,4.824,6.959,6.016
40386,0.787,38.104,22.887,29.827,23.244,4.661,6.838,6.015
40387,0.8,38.191,22.891,29.865,23.247,4.741,6.958,6.056
40388,0.797,37.089,22.891,29.865,23.251,4.823,6.96,6.015
40389,0.807,37.231,22.922,29.856,23.244,4.661,6.878,6.015
40390,0.81,37.348,22.899,29.827,23.247,4.7,6.877,6.056
40391,0.803,37.378,22.903,29.865,23.258,4.904,7.081,6.178
40392,0.826,37.369,22.895,29.865,23.251,4.825,6.961,6.017
40393,0.807,37.484,22.871,29.856,23.247,4.824,7.0,6.056
40394,0.813,37.59,22.902,29.846,23.254,4.783,7.123,6.056
40395,0.813,37.371,22.938,29.875,23.254,4.783,7.124,6.056
40396,0.8,37.33,22.891,29.865,23.251,4.864,7.043,5.975
40397,0.784,37.426,22.887,29.846,23.24,4.662,6.96,5.933
40398,0.787,37.513,22.879,29.865,23.251,4.782,7.122,6.055
40399,0.787,37.332,22.918,29.846,23.251,4.702,7.083,5.975
40400,0.777,37.464,22.899,29.837,23.24,4.66,7.083,6.015
40401,0.777,37.571,22.91,29.836,23.247,4.741,7.083,6.015
40402,0.774,37.668,22.875,29.875,23.247,4.864,7.286,6.178
40403,0.787,37.199,22.898,29.875,23.254,4.784,7.207,6.057
40404,0.767,37.319,22.938,29.846,23.244,4.824,7.287,6.056
40405,0.77,37.426,22.93,29.856,23.251,4.743,7.288,6.137
40406,0.78,37.494,22.895,29.865,23.251,4.823,7.369,6.057
40407,0.787,37.178,22.926,29.856,23.254,4.824,7.33,6.056
40408,0.787,37.28,22.872,29.827,23.24,4.621,7.207,5.934
40409,0.8,37.416,22.918,29.865,23.251,4.7,7.369,6.096
40410,0.8,37.474,22.895,29.856,23.251,4.782,7.289,6.016
40411,0.797,37.58,22.918,29.846,23.244,4.702,7.247,5.974
40412,0.784,37.706,22.875,29.827,23.24,4.742,7.369,6.015
40413,0.793,37.832,22.902,29.855,23.258,4.864,7.533,6.178
40414,0.806,37.91,22.918,29.856,23.254,4.824,7.412,6.057
40415,0.803,36.971,22.887,29.856,23.251,4.743,7.411,6.056
40416,0.797,37.115,22.856,29.856,23.254,4.783,7.371,6.097
40417,0.794,37.222,22.883,29.865,23.254,4.742,7.411,6.097
40418,0.793,37.262,22.93,29.856,23.254,4.742,7.411,6.056
40419,0.78,37.31,22.911,29.837,23.24,4.661,7.289,5.934
40420,0.771,37.425,22.891,29.846,23.244,4.782,7.369,6.055
40421,0.777,37.561,22.918,29.837,23.251,4.702,7.411,5.975
40422,0.761,37.505,22.895,29.846,23.247,4.782,7.249,6.015
40423,0.77,37.274,22.887,29.846,23.244,4.742,7.288,6.056
40424,0.764,37.415,22.945,29.846,23.251,4.783,7.41,6.137
40425,0.783,37.522,22.903,29.865,23.254,4.742,7.411,6.098
40426,0.787,37.217,22.817,29.856,23.251,4.783,7.371,5.975
40427,0.784,37.309,22.874,29.865,23.251,4.783,7.33,6.015
40428,0.79,37.425,22.898,29.856,23.254,4.824,7.329,6.096
40429,0.803,37.513,22.903,29.865,23.251,4.743,7.329,6.056
40430,0.813,37.053,22.883,29.818,23.244,4.661,7.207,5.975
40431,0.79,37.174,22.91,29.846,23.251,4.741,7.247,6.055
40432,0.8,37.29,22.868,29.837,23.251,4.742,7.206,5.975
40433,0.813,37.387,22.906,29.827,23.244,4.742,7.247,5.974
40434,0.797,37.139,22.907,29.827,23.251,4.661,7.206,5.974
40435,0.794,37.261,22.907,29.846,23.258,4.741,7.247,6.096
40436,0.797,37.444,22.86,29.875,23.258,4.783,7.247,6.056
40437,0.794,37.475,22.875,29.846,23.251,4.783,7.125,6.097
40438,0.787,37.12,22.887,29.827,23.258,4.783,7.165,6.097
40439,0.797,37.289,22.887,29.836,23.251,4.742,7.124,6.056
40440,0.787,37.406,22.879,29.846,23.254,4.823,7.165,6.137
40441,0.78,37.426,22.918,29.837,23.24,4.661,6.962,6.016
40442,0.761,37.206,22.821,29.827,23.244,4.7,7.041,6.096
40443,0.77,37.367,22.894,29.827,23.24,4.742,7.082,6.016
40444,0.774,37.455,22.914,29.827,23.24,4.742,7.002,5.974
40445,0.777,37.504,22.93,29.846,23.24,4.661,6.96,6.015
40446,0.777,37.082,22.856,29.817,23.244,4.66,7.0,6.096
40447,0.79,37.25,22.883,29.865,23.261,4.904,7.041,6.138
40448,0.8,37.348,22.899,29.837,23.247,4.744,6.96,6.016
40449,0.79,37.666,22.895,29.836,23.247,4.783,6.96,6.096
40450,0.8,37.285,22.879,29.827,23.251,4.742,6.96,6.138
40451,0.81,37.425,22.922,29.865,23.261,4.823,7.0,6.219
40452,0.82,37.513,22.852,29.837,23.251,4.743,6.838,5.936
40453,0.807,37.14,22.89,29.808,23.251,4.783,6.877,5.974
40454,0.826,37.107,22.91,29.836,23.254,4.783,6.877,6.055
40455,0.82,37.251,22.93,29.827,23.251,4.702,6.796,6.056
40456,0.807,37.329,22.844,29.827,23.244,4.66,6.795,5.975
40457,0.794,37.119,22.898,29.827,23.251,4.741,6.958,6.137
40458,0.806,37.28,22.942,29.865,23.265,4.945,6.919,6.057
40459,0.79,37.387,22.899,29.846,23.244,4.785,6.919,6.137
40460,0.787,37.455,22.891,29.837,23.251,4.783,6.959,6.138
40461,0.787,37.015,22.895,29.817,23.254,4.783,6.919,6.179
40462,0.78,37.154,22.879,29.836,23.251,4.783,6.959,6.139
40463,0.784,37.261,22.902,29.798,23.24,4.661,6.756,5.976
40464,0.774,37.339,22.875,29.817,23.247,4.782,6.836,6.015
40465,0.787,37.071,22.918,29.817,23.251,4.661,6.877,6.015
40466,0.793,37.212,22.833,29.798,23.247,4.66,6.796,5.974
40467,0.8,37.309,22.89,29.798,23.244,4.66,6.836,5.974
40468,0.803,37.387,22.883,29.817,23.247,4.822,6.958,6.218
40469,0.823,37.158,22.914,29.846,23.258,4.783,6.96,6.058
40470,0.807,37.251,22.918,29.827,23.251,4.742,6.96,6.097
40471,0.813,37.358,22.911,29.836,23.251,4.783,7.0,6.056
40472,0.813,37.416,22.91,29.836,23.247,4.783,7.041,6.097
40473,0.816,37.139,22.879,29.808,23.254,4.742,7.042,6.056
40474,0.81,37.251,22.895,29.798,23.24,4.62,6.879,5.934
40475,0.81,37.339,22.883,29.798,23.251,4.741,7.04,6.014
40476,0.803,37.378,22.891,29.836,23.254,4.701,7.082,6.056
40477,0.8,37.407,22.887,29.808,23.251,4.742,7.083,6.056
40478,0.8,37.503,22.942,29.798,23.247,4.661,7.042,6.015
40479,0.79,37.61,22.923,29.807,23.251,4.822,7.164,6.178
40480,0.8,37.275,22.95,29.836,23.258,4.865,7.287,6.139
40481,0.794,36.946,22.93,29.798,23.247,4.784,7.125,6.098
40482,0.787,37.067,22.844,29.807,23.251,4.742,7.246,6.138
40483,0.787,37.164,22.851,29.836,23.254,4.783,7.166,6.138
40484,0.79,37.069,22.918,29.827,23.258,4.783,7.206,6.138
40485,0.797,37.145,22.914,29.827,23.241,4.702,7.043,5.976
40486,0.794,37.261,22.793,29.808,23.244,4.701,7.123,6.096
40487,0.8,37.377,22.886,29.807,23.247,4.782,7.083,6.056
40488,0.797,37.023,22.879,29.826,23.247,4.661,7.083,6.056
40489,0.807,37.154,22.883,29.788,23.244,4.7,7.123,6.015
40490,0.807,37.27,22.883,29.807,23.251,4.823,7.165,6.137
40491,0.833,37.387,22.914,29.846,23.265,4.865,7.165,6.138
40492,0.82,36.937,22.852,29.817,23.254,4.743,7.124,6.057
40493,0.817,37.096,22.871,29.798,23.251,4.823,7.124,6.056
40494,0.813,37.212,22.918,29.817,23.258,4.865,7.205,6.056
40495,0.816,37.271,22.934,29.827,23.254,4.865,7.084,6.097
40496,0.803,37.061,22.86,29.798,23.251,4.662,7.002,5.975
40497,0.794,37.164,22.871,29.798,23.251,4.741,7.123,6.055
40498,0.803,37.29,22.891,29.807,23.251,4.701,7.124,6.056
40499,0.79,37.339,22.91,29.779,23.244,4.66,7.043,5.975
40500,0.784,37.013,22.91,29.797,23.244,4.66,7.042,6.096
40501,0.78,37.154,22.895,29.798,23.247,4.904,7.164,6.138
40502,0.79,37.299,22.887,29.836,23.261,4.825,7.206,6.179
40503,0.78,37.31,22.863,29.808,23.247,4.743,7.084,6.057
40504,0.771,36.936,22.902,29.798,23.251,4.823,7.164,6.097
40505,0.78,37.048,22.922,29.817,23.247,4.865,7.124,6.056
40506,0.797,37.174,22.856,29.836,23.254,4.784,7.083,6.137
40507,0.803,37.328,22.875,29.788,23.251,4.62,6.961,5.976
40508,0.79,36.985,22.859,29.788,23.251,4.7,7.122,6.096
40509,0.793,37.134,22.871,29.798,23.251,4.742,7.083,6.056
40510,0.8,37.213,22.879,29.817,23.251,4.701,7.042,5.975
40511,0.803,36.897,22.902,29.798,23.244,4.701,7.042,5.974
40512,0.807,36.942,22.86,29.798,23.251,4.823,7.204,6.137
40513,0.826,37.115,22.89,29.826,23.258,4.824,7.043,6.057
40514,0.817,37.165,22.91,29.788,23.251,4.783,7.001,6.097
40515,0.803,37.376,22.907,29.798,23.254,4.824,7.041,6.056
40516,0.79,37.551,22.821,29.817,23.251,4.783,7.082,6.097
40517,0.797,37.658,22.867,29.788,23.254,4.742,7.042,6.056
40518,0.784,37.717,22.84,29.778,23.244,4.539,6.879,5.893
40519,0.777,36.614,22.882,29.797,23.254,4.74,7.0,6.054
40520,0.78,36.747,22.871,29.778,23.251,4.661,6.919,6.015
40521,0.784,36.864,22.93,29.788,23.244,4.7,6.959,5.934
40522,0.751,36.922,22.895,29.807,23.244,4.66,6.919,5.974
40523,0.774,36.856,22.864,29.817,23.258,4.822,7.081,6.218
40524,0.784,37.037,22.953,29.827,23.258,4.783,6.961,6.139
40525,0.771,37.116,22.911,29.798,23.254,4.742,6.919,6.057
40526,0.783,37.193,22.926,29.865,23.251,4.742,6.919,6.097
40527,0.793,36.763,22.876,29.798,23.254,4.783,6.878,6.138
40528,0.793,36.902,22.887,29.817,23.258,4.742,6.837,6.057
40529,0.787,36.98,22.906,29.769,23.237,4.62,6.755,6.056
40530,0.8,37.058,22.879,29.797,23.251,4.7,6.836,6.056
40531,0.794,36.886,22.91,29.778,23.251,4.62,6.918,5.975
40532,0.793,36.999,22.832,29.769,23.244,4.659,6.796,5.974
40533,0.797,37.096,22.886,29.769,23.244,4.66,6.958,6.096
40534,0.807,37.145,22.926,29.797,23.261,4.863,7.041,6.178
40535,0.816,36.8,22.907,29.798,23.247,4.824,6.92,6.057
40536,0.784,36.922,22.832,29.798,23.247,4.702,6.919,6.097
40537,0.793,37.019,22.906,29.778,23.251,4.742,6.919,6.097
40538,0.787,36.886,22.903,29.788,23.258,4.823,6.959,6.097
40539,0.784,36.894,22.91,29.798,23.254,4.743,6.96,6.097
40540,0.774,36.98,22.871,29.75,23.244,4.579,6.716,5.975
40541,0.777,37.096,22.934,29.768,23.244,4.7,6.916,6.015
40542,0.764,36.81,22.883,29.817,23.244,4.701,6.878,5.974
40543,0.754,36.893,22.863,29.779,23.247,4.66,6.837,6.055
40544,0.761,37.019,22.906,29.769,23.244,4.66,6.837,6.097
40545,0.761,37.106,22.899,29.797,23.258,4.863,6.958,6.138
40546,0.777,36.685,22.922,29.807,23.254,4.743,6.919,6.138
40547,0.777,36.805,22.872,29.798,23.254,4.701,6.837,6.016
40548,0.784,36.922,22.902,29.778,23.251,4.701,6.918,6.137
40549,0.787,36.99,22.918,29.788,23.254,4.701,6.878,6.138
40550,0.784,36.732,22.887,29.807,23.254,4.742,6.796,6.098
40551,0.777,36.844,22.891,29.759,23.244,4.62,6.755,6.016
40552,0.79,36.97,22.867,29.788,23.251,4.7,6.836,6.015
40553,0.787,37.048,22.883,29.778,23.251,4.701,6.796,6.056
40554,0.784,36.905,22.891,29.759,23.244,4.742,6.795,6.056
40555,0.787,37.038,22.867,29.769,23.251,4.701,6.958,6.056
40556,0.784,37.193,22.855,29.826,23.258,4.904,6.96,6.137
40557,0.8,37.233,22.867,29.769,23.247,4.703,6.878,6.098
40558,0.781,36.667,22.883,29.797,23.251,4.742,6.918,6.138
40559,0.771,36.815,22.914,29.788,23.254,4.701,7.041,6.057
40560,0.764,36.951,22.903,29.798,23.258,4.742,7.001,6.137
40561,0.777,36.942,22.895,29.769,23.244,4.661,6.838,6.016
40562,0.745,36.674,22.856,29.778,23.254,4.782,6.958,6.056
40563,0.734,36.834,22.855,29.797,23.254,4.742,6.919,6.056
40564,0.747,36.941,22.879,29.769,23.251,4.661,6.878,5.975
40565,0.747,36.942,22.922,29.778,23.244,4.619,6.877,6.015
40566,0.76,36.798,22.86,29.778,23.258,4.781,7.04,6.178
40567,0.77,36.97,22.89,29.817,23.261,4.783,7.042,6.098
40568,0.764,37.038,22.883,29.779,23.244,4.742,6.92,6.097
40569,0.774,36.694,22.922,29.759,23.247,4.742,7.081,6.138
40570,0.784,36.767,22.915,29.797,23.251,4.783,7.042,6.179
40571,0.78,36.883,22.918,29.798,23.251,4.783,7.082,6.139
40572,0.79,36.99,22.848,29.759,23.244,4.62,6.961,6.016
40573,0.777,36.626,22.859,29.749,23.244,4.741,7.0,6.096
40574,0.784,36.766,22.902,29.768,23.251,4.661,7.041,6.056
40575,0.78,36.883,22.895,29.759,23.244,4.66,7.042,6.097
40576,0.761,36.98,22.864,29.759,23.24,4.619,7.082,6.016
40577,0.767,36.665,22.863,29.749,23.251,4.619,7.042,6.137
40578,0.783,36.834,22.91,29.807,23.261,4.822,7.204,6.26
40579,0.774,36.951,22.875,29.779,23.251,4.702,7.125,6.139
40580,0.758,37.01,22.883,29.778,23.254,4.742,7.083,6.138
40581,0.751,36.684,22.879,29.778,23.254,4.701,7.123,6.138
40582,0.744,36.844,22.867,29.778,23.254,4.782,7.205,6.179
40583,0.744,36.951,22.891,29.778,23.247,4.702,7.125,6.017
40584,0.734,36.981,22.86,29.75,23.244,4.66,7.124,6.056
40585,0.751,36.732,22.914,29.759,23.258,4.741,7.124,6.056
40586,0.754,36.873,22.848,29.759,23.247,4.661,7.205,6.097
40587,0.751,36.999,22.847,29.749,23.244,4.66,7.165,5.975
40588,0.748,37.02,22.836,29.778,23.244,4.741,7.246,6.096
40589,0.773,36.751,22.851,29.797,23.261,4.864,7.41,6.178
40590,0.777,36.883,22.89,29.778,23.244,4.662,7.289,6.179
40591,0.764,36.98,22.91,29.797,23.251,4.741,7.288,6.179
40592,0.777,37.288,22.79,29.769,23.251,4.701,7.288,6.179
40593,0.777,36.869,22.87,29.788,23.251,4.782,7.288,6.139
40594,0.777,36.989,22.887,29.778,23.251,4.702,7.166,6.098
40595,0.767,37.048,22.902,29.73,23.237,4.66,7.206,6.016
40596,0.748,36.732,22.883,29.797,23.254,4.7,7.287,6.096
40597,0.754,36.729,22.871,29.769,23.247,4.66,7.288,6.138
40598,0.748,36.806,22.902,29.769,23.244,4.579,7.288,6.057
40599,0.741,36.922,22.864,29.759,23.244,4.7,7.288,6.097
40600,0.751,36.741,22.894,29.778,23.265,4.823,7.532,6.178
40601,0.748,36.844,22.891,29.769,23.258,4.702,7.412,6.139
40602,0.731,36.961,22.844,29.778,23.254,4.742,7.411,6.179
40603,0.744,37.058,22.902,29.778,23.258,4.742,7.452,6.179
40604,0.741,36.589,22.907,29.769,23.254,4.783,7.493,6.22
40605,0.738,36.747,22.938,29.778,23.258,4.661,7.412,6.139
40606,0.734,36.825,22.833,29.74,23.237,4.66,7.452,6.098
40607,0.747,36.922,22.871,29.759,23.251,4.741,7.452,6.097
40608,0.747,36.693,22.902,29.73,23.247,4.661,7.371,6.138
40609,0.747,36.844,22.875,29.759,23.24,4.741,7.411,6.057
40610,0.747,36.951,22.875,29.749,23.244,4.701,7.452,6.097
40611,0.754,37.029,22.91,29.778,23.261,4.823,7.574,6.3
40612,0.77,36.751,22.852,29.769,23.247,4.661,7.413,6.14
40613,0.767,36.892,22.875,29.749,23.251,4.7,7.411,6.098
40614,0.761,36.98,22.895,29.759,23.254,4.701,7.371,6.219
40615,0.764,37.029,22.903,29.778,23.258,4.701,7.411,6.139
40616,0.744,36.646,22.899,29.797,23.254,4.66,7.33,6.016
40617,0.741,36.709,22.875,29.731,23.24,4.66,7.289,6.096
40618,0.741,36.815,22.91,29.749,23.251,4.7,7.329,6.138
40619,0.734,36.845,22.879,29.759,23.244,4.742,7.289,6.016
40620,0.738,36.836,22.906,29.759,23.244,4.62,7.207,6.015
40621,0.741,36.951,22.918,29.74,23.244,4.7,7.287,6.096
40622,0.734,37.086,22.872,29.807,23.258,4.904,7.41,6.3
40623,0.738,36.877,22.906,29.769,23.251,4.784,7.33,6.18
40624,0.728,36.673,22.926,29.759,23.254,4.742,7.329,6.139
40625,0.731,36.805,22.915,29.778,23.258,4.742,7.37,6.219
40626,0.731,36.941,22.825,29.778,23.258,4.783,7.289,6.139
40627,0.741,36.664,22.878,29.769,23.251,4.742,7.207,6.057
40628,0.725,36.729,22.891,29.74,23.233,4.661,7.165,6.097
40629,0.741,36.873,22.887,29.759,23.251,4.782,7.165,6.016
40630,0.744,36.97,22.891,29.749,23.247,4.742,7.206,6.015
40631,0.747,36.617,22.922,29.73,23.244,4.701,7.165,6.096
40632,0.757,36.738,22.879,29.73,23.251,4.701,7.124,6.056
40633,0.764,36.883,22.859,29.778,23.268,4.823,7.327,6.3
40634,0.767,36.99,22.887,29.769,23.251,4.702,7.207,6.099
40635,0.751,36.684,22.867,29.749,23.254,4.782,7.206,6.138
40636,0.751,36.825,22.875,29.759,23.251,4.702,7.206,6.179
40637,0.751,36.96,22.879,29.759,23.251,4.742,7.287,6.179
40638,0.754,37.019,22.938,29.769,23.251,4.742,7.125,6.139
40639,0.735,36.588,22.899,29.73,23.233,4.661,7.124,6.138
40640,0.721,36.728,22.903,29.759,23.251,4.782,7.124,6.138
40641,0.728,36.854,22.887,29.73,23.251,4.702,7.205,6.138
40642,0.725,36.903,22.84,29.759,23.244,4.742,7.125,6.138
40643,0.718,36.673,22.847,29.73,23.24,4.742,7.124,6.179
40644,0.734,36.844,22.886,29.797,23.265,4.864,7.287,6.383
40645,0.731,36.941,22.914,29.759,23.251,4.784,7.166,6.141
40646,0.741,36.981,22.805,29.769,23.251,4.742,7.165,6.179
40647,0.741,36.559,22.855,29.759,23.254,4.742,7.246,6.179
40648,0.744,36.708,22.863,29.769,23.254,4.783,7.125,6.261
40649,0.754,36.796,22.914,29.759,23.251,4.702,7.083,6.099
40650,0.744,36.97,22.872,29.73,23.24,4.66,7.002,6.138
40651,0.741,36.674,22.894,29.759,23.251,4.741,7.082,6.179
40652,0.747,36.777,22.879,29.759,23.247,4.742,7.002,6.139
40653,0.751,36.893,22.828,29.73,23.244,4.701,7.001,6.138
40654,0.754,36.52,22.878,29.749,23.247,4.782,7.082,6.179
40655,0.761,36.602,22.891,29.788,23.261,4.824,7.083,6.301
40656,0.744,36.709,22.879,29.817,23.251,4.824,7.083,6.221
40657,0.744,36.815,22.871,29.76,23.247,4.702,7.205,6.22
40658,0.744,36.596,22.894,29.769,23.251,4.782,7.165,6.302
40659,0.738,36.737,22.903,29.759,23.251,4.742,7.084,6.221
40660,0.738,36.835,22.91,29.74,23.237,4.661,6.92,6.098
40661,0.728,36.903,22.914,29.749,23.247,4.741,7.041,6.26
40662,0.731,36.52,22.829,29.749,23.251,4.742,7.082,6.221
40663,0.718,36.67,22.843,29.749,23.247,4.701,7.083,6.22
40664,0.711,36.757,22.914,29.72,23.24,4.701,7.083,6.22
40665,0.724,36.845,22.922,29.759,23.265,4.782,7.245,6.383
40666,0.741,36.519,22.766,29.797,23.261,4.783,7.084,6.181
40667,0.725,36.622,22.827,29.75,23.251,4.742,7.123,6.301
40668,0.741,36.728,22.851,29.74,23.251,4.783,7.205,6.262
40669,0.744,36.787,22.883,29.759,23.254,4.824,7.125,6.302
40670,0.751,36.548,22.891,29.759,23.258,4.824,7.083,6.262
40671,0.751,36.651,22.906,29.73,23.244,4.621,7.002,6.18
40672,0.761,36.776,22.918,29.797,23.247,4.741,7.123,6.179
40673,0.761,36.826,22.856,29.769,23.247,4.742,7.124,6.139
40674,0.757,36.625,22.906,29.749,23.247,4.661,7.165,6.098
40675,0.757,36.757,22.887,29.73,23.247,4.7,7.084,6.138
40676,0.748,36.883,22.902,29.759,23.254,4.782,7.286,6.301
40677,0.76,36.942,22.875,29.797,23.254,4.824,7.207,6.262
40678,0.751,36.53,22.859,29.759,23.251,4.743,7.206,6.221
40679,0.741,36.67,22.894,29.74,23.247,4.823,7.247,6.302
40680,0.734,36.786,22.903,29.759,23.251,4.783,7.206,6.262
40681,0.738,36.538,22.914,29.769,23.254,4.824,7.165,6.221
40682,0.725,36.497,22.832,29.74,23.234,4.702,7.002,6.098
40683,0.715,36.612,22.859,29.759,23.247,4.742,7.123,6.178
40684,0.721,36.718,22.953,29.759,23.251,4.823,7.165,6.22
40685,0.724,36.556,22.93,29.73,23.251,4.743,7.084,6.139
40686,0.731,36.68,22.86,29.739,23.244,4.661,7.042,6.179
40687,0.728,36.796,22.867,29.74,23.254,4.741,7.204,6.261
40688,0.751,36.902,22.875,29.778,23.261,4.823,7.247,6.302
40689,0.751,36.338,22.879,29.75,23.244,4.783,7.125,6.221
40690,0.751,36.476,22.875,29.759,23.251,4.783,7.165,6.22
40691,0.761,36.602,22.914,29.749,23.254,4.783,7.165,6.302
40692,0.761,36.699,22.825,29.778,23.261,4.864,7.206,6.221
40693,0.761,36.374,22.859,29.74,23.247,4.702,7.084,6.058
40694,0.757,36.467,22.906,29.74,23.247,4.701,7.123,6.137
40695,0.77,36.612,22.868,29.74,23.251,4.782,7.124,6.138
40696,0.748,36.68,22.902,29.749,23.251,4.702,7.083,6.179
40697,0.741,36.384,22.86,29.73,23.244,4.701,7.083,6.098
40698,0.728,36.524,22.894,29.739,23.251,4.742,7.123,6.219
40699,0.741,36.66,22.903,29.787,23.261,4.905,7.205,6.302
40700,0.741,36.681,22.871,29.74,23.251,4.784,7.206,6.221
40701,0.741,36.431,22.922,29.74,23.247,4.742,7.125,6.22
40702,0.725,36.554,22.852,29.759,23.251,4.823,7.124,6.342
40703,0.728,36.67,22.879,29.769,23.254,4.824,7.246,6.303
40704,0.734,36.7,22.895,29.759,23.244,4.743,7.084,6.099
40705,0.712,36.355,22.852,29.721,23.24,4.661,7.123,6.26
40706,0.724,36.514,22.894,29.768,23.251,4.782,7.043,6.221
40707,0.731,36.622,22.84,29.74,23.247,4.742,7.042,6.098
40708,0.734,36.546,22.89,29.73,23.24,4.701,7.001,6.219
40709,0.738,36.296,22.867,29.739,23.247,4.742,7.163,6.302
40710,0.751,36.485,22.894,29.778,23.261,4.905,7.246,6.343
40711,0.757,36.564,22.918,29.74,23.254,4.784,7.084,6.221
40712,0.757,36.344,22.872,29.74,23.247,4.824,7.083,6.302
40713,0.761,36.438,22.859,29.74,23.251,4.865,7.164,6.302
40714,0.761,36.554,22.883,29.74,23.254,4.784,7.206,6.302
40715,0.761,36.651,22.848,29.74,23.254,4.783,7.043,6.14
40716,0.741,36.172,22.875,29.72,23.244,4.742,7.123,6.179
40717,0.747,36.321,22.836,29.749,23.247,4.783,7.083,6.301
40718,0.747,36.457,22.859,29.74,23.244,4.742,7.042,6.221
40719,0.738,36.516,22.871,29.711,23.251,4.62,7.082,6.139
40720,0.731,36.315,22.867,29.73,23.244,4.741,7.164,6.341
40721,0.741,36.476,22.902,29.787,23.258,4.905,7.287,6.384
40722,0.734,36.602,22.879,29.759,23.254,4.744,7.044,6.303
40723,0.725,36.651,22.856,29.759,23.251,4.701,7.123,6.262
40724,0.728,36.326,22.875,29.759,23.254,4.823,7.165,6.262
40725,0.728,36.466,22.859,29.769,23.251,4.743,7.165,6.384
40726,0.741,36.592,22.859,29.749,23.244,4.701,7.165,6.181
40727,0.731,36.594,22.863,29.72,23.244,4.701,7.165,6.179
40728,0.744,36.316,22.863,29.749,23.247,4.742,7.084,6.179
40729,0.747,36.457,22.871,29.749,23.244,4.742,7.083,6.22
40730,0.744,36.554,22.852,29.72,23.247,4.701,7.123,6.18
40731,0.741,36.593,22.906,29.72,23.244,4.701,7.083,6.22
40732,0.76,36.21,22.875,29.778,23.261,4.863,7.286,6.383
40733,0.77,36.379,22.867,29.759,23.251,4.743,7.166,6.222
40734,0.751,36.457,22.91,29.74,23.244,4.742,7.165,6.302
40735,0.748,36.813,22.895,29.749,23.251,4.783,7.206,6.262
40736,0.751,36.299,22.918,29.759,23.254,4.783,7.125,6.221
40737,0.764,36.428,22.86,29.769,23.247,4.824,7.124,6.22
40738,0.744,36.506,22.855,29.73,23.24,4.661,7.083,6.058
40739,0.734,36.219,22.89,29.759,23.247,4.7,7.123,6.219
40740,0.731,36.254,22.863,29.74,23.247,4.742,7.124,6.18
40741,0.734,36.37,22.91,29.73,23.247,4.661,7.043,6.098
40742,0.728,36.457,22.895,29.749,23.244,4.66,7.082,6.178
40743,0.718,36.151,22.852,29.749,23.254,4.782,7.083,6.301
40744,0.741,36.311,22.922,29.788,23.261,4.864,7.123,6.221
40745,0.731,36.389,22.868,29.731,23.254,4.743,7.043,6.22
40746,0.747,36.486,22.871,29.749,23.247,4.701,7.082,6.22
40747,0.741,36.171,22.871,29.749,23.254,4.782,7.042,6.22
40748,0.747,36.33,22.918,29.759,23.251,4.742,7.082,6.139
40749,0.741,36.409,22.895,29.721,23.244,4.62,6.92,6.098
40750,0.734,36.505,22.879,29.749,23.254,4.781,7.0,6.219
40751,0.747,36.132,22.91,29.74,23.251,4.824,7.001,6.18
40752,0.754,36.301,22.887,29.74,23.24,4.743,6.96,6.098
40753,0.757,36.399,22.867,29.73,23.247,4.701,7.0,6.138
40754,0.764,36.477,22.941,29.778,23.265,4.863,7.163,6.301
40755,0.78,36.199,22.841,29.788,23.248,4.743,7.002,6.14
40756,0.751,36.302,22.863,29.75,23.251,4.823,7.041,6.219
40757,0.748,36.428,22.844,29.749,23.254,4.824,7.042,6.22
40758,0.741,36.477,22.879,29.768,23.251,4.824,7.123,6.261
40759,0.738,36.132,22.902,29.749,23.244,4.743,7.043,6.099
40760,0.721,36.234,22.864,29.72,23.244,4.661,7.001,6.178
40761,0.721,36.379,22.926,29.749,23.251,4.782,7.123,6.22
40762,0.721,36.381,22.805,29.749,23.251,4.742,7.124,6.139
40763,0.715,36.285,22.87,29.73,23.244,4.661,7.124,6.138
40764,0.715,36.399,22.906,29.739,23.24,4.782,7.124,6.219
40765,0.731,36.534,22.934,29.787,23.258,4.905,7.327,6.424
40766,0.754,36.277,22.887,29.769,23.247,4.784,7.207,6.182
40767,0.741,36.092,22.813,29.749,23.254,4.783,7.247,6.22
40768,0.751,36.215,22.855,29.74,23.254,4.702,7.247,6.18
40769,0.751,36.321,22.867,29.768,23.261,4.823,7.288,6.22
40770,0.754,36.025,22.863,29.749,23.251,4.702,7.207,6.139
40771,0.748,36.089,22.902,29.711,23.244,4.742,7.206,6.179
40772,0.764,36.253,22.871,29.739,23.251,4.742,7.165,6.139
40773,0.764,36.36,22.855,29.74,23.251,4.742,7.043,6.138
40774,0.754,36.006,22.918,29.73,23.244,4.701,7.082,6.016
40775,0.767,36.156,22.852,29.72,23.244,4.742,7.164,6.178
40776,0.761,36.34,22.883,29.778,23.265,4.823,7.206,6.301
40777,0.761,36.399,22.813,29.73,23.251,4.743,7.043,6.221
40778,0.748,36.055,22.894,29.749,23.244,4.742,7.123,6.18
40779,0.751,36.214,22.895,29.749,23.251,4.783,7.124,6.22
40780,0.748,36.34,22.867,29.759,23.247,4.783,7.205,6.18
40781,0.741,36.409,22.93,29.73,23.247,4.661,7.003,6.057
40782,0.731,36.026,22.887,29.807,23.247,4.741,7.123,6.137
40783,0.728,36.204,22.828,29.74,23.254,4.701,6.961,6.179
40784,0.731,36.321,22.91,29.73,23.247,4.701,7.041,6.098
40785,0.725,36.361,22.864,29.73,23.24,4.742,6.96,6.138
40786,0.734,35.978,22.871,29.73,23.244,4.783,7.0,6.219
40787,0.747,36.166,22.855,29.778,23.258,4.864,7.123,6.22
40788,0.754,36.235,22.855,29.75,23.251,4.743,7.002,6.22
40789,0.754,36.274,22.894,29.749,23.251,4.783,7.041,6.139
40790,0.754,36.169,22.864,29.749,23.251,4.824,7.123,6.26
40791,0.754,36.283,22.894,29.74,23.247,4.783,7.124,6.18
40792,0.761,36.399,22.883,29.73,23.244,4.661,7.124,6.017
40793,0.754,36.381,22.824,29.73,23.24,4.7,7.124,6.096
40794,0.767,35.93,22.906,29.739,23.244,4.701,7.165,6.178
40795,0.761,36.069,22.84,29.74,23.247,4.701,7.246,6.098
40796,0.751,36.166,22.867,29.74,23.24,4.701,7.247,6.097
40797,0.731,36.072,22.84,29.73,23.247,4.742,7.328,6.138
40798,0.747,36.176,22.918,29.768,23.261,4.864,7.614,6.219
40799,0.751,36.321,22.95,29.749,23.251,4.743,7.454,6.098
40800,0.731,36.39,22.884,29.73,23.251,4.701,7.534,6.178
40801,0.738,36.026,22.93,29.749,23.251,4.782,7.575,6.098
40802,0.734,36.166,22.903,29.816,23.251,4.783,7.616,6.178
40803,0.728,36.283,22.844,29.75,23.247,4.742,7.535,6.139
40804,0.725,36.332,22.906,29.711,23.244,4.579,7.534,6.098
40805,0.724,35.901,22.856,29.749,23.244,4.781,7.534,6.219
40806,0.734,36.05,22.883,29.749,23.251,4.661,7.575,6.139
40807,0.741,36.176,22.859,29.73,23.247,4.741,7.616,6.057
40808,0.747,36.225,22.906,29.739,23.244,4.701,7.657,6.137
40809,0.754,36.043,22.907,29.749,23.265,4.823,7.78,6.179
40810,0.77,36.205,22.914,29.768,23.254,4.743,7.618,6.179
40811,0.764,36.273,22.95,29.759,23.244,4.701,7.617,6.22
40812,0.77,36.351,22.891,29.74,23.251,4.782,7.657,6.18
40813,0.774,35.949,22.871,29.73,23.247,4.783,7.698,6.22
40814,0.771,36.108,22.894,29.749,23.251,4.783,7.618,6.18
40815,0.757,36.176,22.828,29.72,23.24,4.58,7.454,6.057
40816,0.748,36.244,22.863,29.73,23.251,4.74,7.534,6.137
40817,0.744,35.919,22.883,29.739,23.251,4.701,7.494,6.138
40818,0.747,36.031,22.926,29.73,23.24,4.701,7.494,6.098
40819,0.725,36.147,22.887,29.72,23.251,4.66,7.534,6.138
40820,0.741,36.196,22.895,29.759,23.258,4.863,7.697,6.301
40821,0.744,36.101,22.914,29.74,23.254,4.784,7.618,6.18
40822,0.738,36.205,22.872,29.759,23.251,4.742,7.576,6.22
40823,0.734,36.321,22.859,29.759,23.254,4.823,7.575,6.302
40824,0.728,35.977,22.902,29.769,23.254,4.783,7.657,6.221
40825,0.744,35.935,22.813,29.759,23.251,4.783,7.617,6.139
40826,0.738,36.05,22.839,29.701,23.244,4.661,7.617,6.179
40827,0.747,36.157,22.855,29.749,23.247,4.741,7.698,6.179
40828,0.751,35.928,22.902,29.749,23.247,4.661,7.618,6.139
40829,0.748,36.06,22.871,29.72,23.244,4.66,7.657,6.138
40830,0.751,36.186,22.902,29.73,23.247,4.7,7.739,6.138
40831,0.764,36.302,22.914,29.759,23.258,4.904,7.862,6.301
40832,0.774,35.852,22.895,29.74,23.251,4.784,7.7,6.221
40833,0.777,35.982,22.875,29.749,23.251,4.742,7.78,6.18
40834,0.764,36.098,22.906,29.749,23.254,4.783,7.74,6.179
40835,0.774,36.167,22.77,29.749,23.251,4.783,7.781,6.22
40836,0.758,35.918,22.835,29.74,23.247,4.661,7.7,6.098
40837,0.748,36.011,22.82,29.72,23.24,4.7,7.699,6.178
40838,0.757,36.156,22.867,29.739,23.251,4.742,7.699,6.179
40839,0.741,36.244,22.871,29.74,23.244,4.701,7.699,6.098
40840,0.744,35.861,22.879,29.73,23.247,4.66,7.658,6.138
40841,0.741,36.001,22.891,29.739,23.24,4.741,7.658,6.219
40842,0.744,36.166,22.879,29.778,23.261,4.905,7.82,6.261
40843,0.738,36.196,22.863,29.73,23.247,4.744,7.741,6.139
40844,0.744,35.861,22.902,29.749,23.247,4.742,7.781,6.179
40845,0.741,35.992,22.848,29.749,23.251,4.783,7.781,6.22
40846,0.757,36.127,22.851,29.749,23.261,4.783,7.7,6.261
40847,0.754,36.148,22.875,29.73,23.247,4.661,7.618,6.017
40848,0.735,35.889,22.856,29.711,23.244,4.7,7.657,6.096
40849,0.754,36.069,22.871,29.739,23.244,4.742,7.698,6.097
40850,0.757,36.186,22.848,29.74,23.247,4.661,7.618,6.097
40851,0.754,36.11,22.875,29.72,23.244,4.619,7.617,6.097
40852,0.767,35.946,22.863,29.749,23.251,4.781,7.739,6.3
40853,0.79,36.146,22.894,29.778,23.261,4.864,7.781,6.221
40854,0.78,36.186,22.91,29.74,23.251,4.743,7.618,6.18
40855,0.784,35.803,22.871,29.778,23.251,4.701,7.617,6.139
40856,0.767,35.886,22.887,29.75,23.254,4.782,7.617,6.179
40857,0.774,36.011,22.871,29.759,23.254,4.742,7.617,6.139
40858,0.764,36.089,22.879,29.721,23.237,4.579,7.454,6.057
40859,0.754,35.879,22.863,29.759,23.251,4.74,7.574,6.137
40860,0.761,36.011,22.851,29.74,23.244,4.701,7.494,6.098
40861,0.751,36.137,22.914,29.73,23.24,4.66,7.453,6.097
40862,0.741,36.234,22.864,29.73,23.24,4.741,7.493,6.138
40863,0.754,35.737,22.879,29.759,23.258,4.823,7.616,6.301
40864,0.777,35.885,22.91,29.759,23.254,4.824,7.413,6.099
40865,0.767,36.011,22.84,29.749,23.254,4.702,7.411,6.178
40866,0.787,36.089,22.859,29.74,23.247,4.742,7.371,6.139
40867,0.793,35.821,22.875,29.74,23.251,4.742,7.492,6.179
40868,0.813,35.943,22.945,29.74,23.247,4.701,7.412,6.098
40869,0.807,36.05,22.895,29.711,23.237,4.579,7.289,6.016
40870,0.816,36.147,22.883,29.739,23.247,4.659,7.288,6.137
40871,0.826,35.736,22.856,29.73,23.247,4.7,7.207,6.179
40872,0.839,35.866,22.844,29.739,23.24,4.66,7.247,6.017
40873,0.856,35.992,22.875,29.72,23.244,4.66,7.288,6.096
40874,0.853,36.031,22.875,29.759,23.254,4.904,7.41,6.26
40875,0.872,35.783,22.906,29.73,23.251,4.784,7.249,6.099
40876,0.853,35.895,22.887,29.739,23.244,4.742,7.288,6.138
40877,0.836,36.002,22.895,29.73,23.251,4.783,7.369,6.098
40878,0.826,36.367,22.887,29.759,23.251,4.783,7.289,6.097
40879,0.826,36.026,22.887,29.759,23.251,4.783,7.207,6.097
40880,0.82,36.137,22.91,29.721,23.244,4.62,7.003,6.097
40881,0.803,36.215,22.871,29.72,23.251,4.7,7.123,6.056
40882,0.82,35.784,22.875,29.739,23.251,4.742,7.124,6.097
40883,0.81,35.77,22.863,29.72,23.244,4.661,7.124,6.016
40884,0.807,35.895,22.855,29.711,23.24,4.66,7.043,6.096
40885,0.81,36.002,22.863,29.72,23.251,4.7,7.164,6.219
40886,0.839,35.782,22.844,29.768,23.265,4.863,7.165,6.18
40887,0.843,35.895,22.855,29.73,23.251,4.662,7.043,6.139
40888,0.843,36.011,22.89,29.739,23.251,4.741,7.042,6.219
40889,0.859,36.089,22.895,29.749,23.251,4.742,7.082,6.22
40890,0.869,35.726,22.903,29.74,23.251,4.742,7.083,6.139
40891,0.866,35.866,22.895,29.74,23.244,4.62,6.961,6.057
40892,0.862,35.973,22.875,29.72,23.251,4.741,6.96,6.137
40893,0.869,36.06,22.856,29.73,23.251,4.661,6.96,6.098
40894,0.866,35.658,22.887,29.72,23.247,4.66,6.96,6.016
40895,0.869,35.798,22.762,29.73,23.247,4.66,6.96,6.015
40896,0.853,35.924,22.819,29.72,23.247,4.66,7.041,6.137
40897,0.853,36.012,22.847,29.778,23.261,4.863,7.164,6.26
40898,0.856,35.734,22.879,29.75,23.251,4.702,7.002,6.058
40899,0.84,35.856,22.883,29.72,23.251,4.782,7.001,6.137
40900,0.852,35.982,22.871,29.749,23.254,4.742,7.082,6.138
40901,0.859,36.003,22.887,29.74,23.251,4.783,7.083,6.138
40902,0.859,35.715,22.863,29.74,23.247,4.661,6.88,6.016
40903,0.84,35.827,22.836,29.701,23.24,4.619,6.877,6.096
40904,0.836,35.953,22.886,29.72,23.247,4.659,6.918,6.138
40905,0.833,35.993,22.879,29.73,23.247,4.66,6.959,6.138
40906,0.836,35.753,22.828,29.73,23.244,4.66,6.878,6.016
40907,0.836,35.885,22.855,29.73,23.244,4.7,6.959,6.096
40908,0.852,36.011,22.871,29.768,23.258,4.863,7.122,6.26
40909,0.859,35.888,22.879,29.759,23.247,4.702,6.961,6.058
40910,0.84,35.819,22.852,29.74,23.244,4.782,6.96,6.097
40911,0.859,35.943,22.898,29.749,23.244,4.783,7.0,6.178
40912,0.853,36.06,22.891,29.74,23.258,4.742,7.041,6.139
40913,0.849,35.696,22.84,29.74,23.258,4.742,6.96,6.098
40914,0.823,35.76,22.879,29.711,23.237,4.579,6.878,5.975
40915,0.83,35.895,22.852,29.749,23.244,4.74,7.0,6.055
40916,0.82,36.002,22.816,29.73,23.251,4.701,7.001,6.137
40917,0.807,35.61,22.816,29.73,23.247,4.66,7.082,6.057
40918,0.803,35.721,22.863,29.72,23.237,4.7,7.083,6.097
40919,0.784,35.856,22.894,29.749,23.258,4.782,7.327,6.178
40920,0.793,36.001,22.879,29.759,23.254,4.742,7.329,6.139
40921,0.774,35.658,22.879,29.749,23.247,4.742,7.248,6.138
40922,0.761,35.817,22.863,29.749,23.258,4.701,7.369,6.138
40923,0.761,35.943,22.824,29.749,23.254,4.823,7.411,6.219
40924,0.757,36.002,22.91,29.74,23.254,4.743,7.493,6.017
40925,0.744,35.581,22.813,29.72,23.244,4.661,7.331,5.974
40926,0.757,35.72,22.847,29.73,23.244,4.782,7.492,6.055
40927,0.757,35.827,22.855,29.73,23.244,4.702,7.494,5.975
40928,0.751,35.867,22.898,29.73,23.244,4.742,7.453,6.015
40929,0.751,35.618,22.883,29.72,23.244,4.742,7.534,6.015
40930,0.751,35.788,22.852,29.739,23.258,4.905,7.697,6.218
40931,0.764,35.914,22.875,29.768,23.254,4.825,7.577,5.976
40932,0.761,35.935,22.848,29.73,23.254,4.824,7.575,6.137
40933,0.751,35.628,22.89,29.73,23.254,4.824,7.535,6.138
40934,0.748,35.769,22.875,29.73,23.251,4.865,7.616,6.138
40935,0.747,35.905,22.871,29.749,23.251,4.824,7.617,6.057
40936,0.734,35.896,22.855,29.72,23.237,4.661,7.413,5.975
40937,0.718,35.609,22.89,29.73,23.251,4.782,7.533,6.015
40938,0.721,35.74,22.883,29.72,23.251,4.742,7.494,6.056
40939,0.711,35.856,22.867,29.72,23.244,4.701,7.453,6.015
40940,0.705,35.723,22.855,29.701,23.247,4.823,7.412,6.015
40941,0.708,35.808,22.926,29.739,23.254,4.824,7.574,6.218
40942,0.721,35.991,22.887,29.759,23.261,4.865,7.535,6.058
40943,0.685,36.051,22.856,29.74,23.251,4.824,7.453,6.097
40944,0.695,35.572,22.902,29.74,23.251,4.824,7.412,6.138
40945,0.685,35.72,22.852,29.759,23.251,4.783,7.533,6.138
40946,0.701,35.856,22.887,29.74,23.244,4.783,7.453,6.098
40947,0.695,35.915,22.86,29.72,23.24,4.661,7.249,5.975
40948,0.688,35.733,22.914,29.72,23.247,4.822,7.41,6.015
40949,0.695,35.885,22.907,29.72,23.251,4.783,7.289,6.056
40950,0.698,36.011,22.871,29.73,23.244,4.702,7.247,6.015
40951,0.701,36.08,22.816,29.73,23.24,4.742,7.288,5.974
40952,0.708,35.438,22.847,29.72,23.251,4.864,7.451,6.177
40953,0.731,35.613,22.918,29.759,23.258,4.906,7.33,5.976
40954,0.715,35.702,22.848,29.73,23.251,4.825,7.289,6.055
40955,0.728,35.77,22.84,29.73,23.254,4.865,7.329,6.056
40956,0.705,35.588,22.871,29.739,23.251,4.865,7.37,6.137
40957,0.705,35.74,22.914,29.768,23.251,4.865,7.289,6.057
40958,0.695,35.847,22.903,29.711,23.24,4.702,7.125,5.975
40959,0.685,35.877,22.887,29.73,23.247,4.823,7.205,5.974
40960,0.695,35.551,22.871,29.72,23.251,4.824,7.247,6.015
40961,0.682,35.653,22.902,29.73,23.247,4.743,7.206,5.893
40962,0.675,35.779,22.86,29.73,23.244,4.783,7.125,6.014
40963,0.675,35.828,22.859,29.749,23.261,4.905,7.287,6.178
40964,0.678,35.608,22.871,29.749,23.251,4.825,7.125,5.976
40965,0.675,35.711,22.816,29.74,23.251,4.865,7.124,6.055
40966,0.682,35.837,22.847,29.73,23.254,4.784,7.205,6.097
40967,0.688,35.56,22.863,29.739,23.258,4.824,7.165,6.097
40968,0.695,35.548,22.922,29.74,23.251,4.824,7.124,5.975
40969,0.695,35.653,22.883,29.701,23.24,4.702,7.002,5.974
40970,0.701,35.769,22.871,29.73,23.247,4.782,7.163,6.015
40971,0.698,35.463,22.848,29.72,23.247,4.742,7.124,6.015
40972,0.714,35.556,22.844,29.711,23.244,4.701,7.124,5.974
40973,0.705,35.682,22.863,29.701,23.244,4.742,7.205,6.015
40974,0.702,35.789,22.855,29.72,23.251,4.864,7.287,6.218
40975,0.714,35.473,22.859,29.759,23.251,4.946,7.288,5.976
40976,0.705,35.576,22.82,29.74,23.251,4.785,7.207,6.015
40977,0.698,35.682,22.867,29.72,23.254,4.864,7.247,6.056
40978,0.698,35.769,22.883,29.73,23.254,4.865,7.288,6.015
40979,0.692,35.607,22.844,29.739,23.261,4.906,7.288,6.056
40980,0.685,35.73,22.84,29.711,23.244,4.703,7.125,5.893
40981,0.675,35.837,22.882,29.711,23.251,4.782,7.327,5.973
40982,0.695,35.915,22.848,29.73,23.251,4.783,7.289,5.974
40983,0.688,35.494,22.851,29.73,23.244,4.783,7.288,6.015
40984,0.688,35.614,22.867,29.692,23.244,4.742,7.288,5.974
40985,0.679,35.75,22.777,29.749,23.251,4.823,7.491,6.137
40986,0.704,35.837,22.808,29.778,23.265,4.865,7.453,6.098
40987,0.695,35.503,22.839,29.721,23.248,4.784,7.452,6.056
40988,0.701,35.633,22.91,29.73,23.247,4.824,7.452,6.097
40989,0.711,35.759,22.864,29.739,23.251,4.865,7.534,6.056
40990,0.708,35.799,22.891,29.74,23.258,4.824,7.494,6.056
40991,0.708,35.56,22.824,29.711,23.237,4.702,7.412,5.975
40992,0.711,35.663,22.851,29.739,23.24,4.782,7.493,6.015
40993,0.731,35.808,22.871,29.701,23.251,4.783,7.453,5.974
40994,0.721,35.646,22.852,29.71,23.251,4.824,7.493,5.974
40995,0.718,35.472,22.863,29.711,23.24,4.743,7.453,5.933
40996,0.715,35.604,22.844,29.749,23.254,4.905,7.615,6.136
40997,0.721,35.74,22.894,29.759,23.254,4.906,7.617,6.098
40998,0.711,35.482,22.867,29.721,23.247,4.865,7.576,6.056
40999,0.705,35.585,22.855,29.739,23.251,4.824,7.616,6.015
41000,0.698,35.73,22.887,29.74,23.251,4.865,7.657,6.096
41001,0.708,35.837,22.863,29.74,23.258,4.865,7.617,6.097
41002,0.702,35.339,22.855,29.72,23.23,4.662,7.454,5.975
41003,0.688,35.449,22.883,29.711,23.247,4.863,7.696,6.096
41004,0.692,35.594,22.887,29.739,23.244,4.865,7.618,6.097
41005,0.692,35.682,22.887,29.72,23.247,4.784,7.535,6.097
41006,0.705,35.328,22.836,29.711,23.244,4.742,7.494,6.056
41007,0.711,35.459,22.859,29.73,23.251,4.823,7.575,6.219
41008,0.747,35.623,22.859,29.778,23.261,4.987,7.616,6.139
41009,0.78,35.673,22.871,29.73,23.247,4.826,7.535,6.098
41010,0.787,35.52,22.871,29.73,23.247,4.905,7.575,6.178
41011,0.826,35.662,22.883,29.749,23.251,4.906,7.535,6.179
41012,0.865,35.788,22.871,29.74,23.254,4.784,7.534,6.22
41013,0.889,35.857,22.875,29.73,23.244,4.742,7.412,5.976
41014,0.892,35.301,22.863,29.711,23.247,4.823,7.411,6.137
41015,0.931,35.468,22.887,29.72,23.254,4.783,7.371,6.057
41016,0.922,35.604,22.856,29.701,23.251,4.783,7.37,6.137
41017,0.931,35.625,22.898,29.71,23.244,4.742,7.411,6.098
41018,0.948,35.395,22.871,29.73,23.251,4.823,7.452,6.219
41019,0.971,35.604,22.875,29.768,23.265,4.946,7.493,6.261
41020,0.99,35.682,22.863,29.721,23.251,4.744,7.412,6.18
41021,1.02,35.99,22.836,29.72,23.251,4.823,7.371,6.179
41022,1.062,35.514,22.867,29.739,23.254,4.865,7.411,6.22
41023,1.102,35.672,22.871,29.749,23.258,4.824,7.452,6.22
41024,1.161,35.76,22.879,29.73,23.247,4.743,7.29,6.139
41025,1.187,35.435,22.848,29.72,23.244,4.742,7.329,6.219
41026,1.246,35.498,22.847,29.72,23.244,4.823,7.289,6.18
41027,1.289,35.633,22.871,29.72,23.244,4.743,7.288,6.179
41028,1.283,35.711,22.84,29.711,23.244,4.823,7.288,6.098
41029,1.286,35.348,22.859,29.73,23.244,4.783,7.41,6.3
41030,1.299,35.526,22.871,29.768,23.254,4.905,7.574,6.384
41031,1.319,35.634,22.867,29.759,23.247,4.825,7.454,6.303
41032,1.345,35.74,22.871,29.73,23.244,4.783,7.493,6.302
41033,1.349,35.339,22.848,29.73,23.251,4.824,7.534,6.343
41034,1.326,35.478,22.89,29.73,23.254,4.865,7.575,6.466
41035,1.29,35.604,22.867,29.73,23.254,4.784,7.535,6.304
41036,1.267,35.663,22.82,29.72,23.24,4.661,7.575,6.384
41037,1.263,35.347,22.867,29.739,23.251,4.741,7.616,6.344
41038,1.247,35.469,22.871,29.72,23.251,4.742,7.657,6.466
41039,1.179,35.595,22.859,29.72,23.244,4.742,7.576,6.386
41040,1.116,35.663,22.855,29.72,23.247,4.742,7.698,6.588
41041,1.063,35.367,22.855,29.749,23.258,4.905,7.821,6.875
41042,1.027,35.507,22.855,29.74,23.244,4.784,7.741,6.837
41043,0.965,35.624,22.859,29.74,23.251,4.824,7.699,6.999
41044,0.912,35.663,22.828,29.74,23.258,4.824,7.74,7.163
41045,0.866,35.395,22.812,29.73,23.254,4.865,7.821,7.531
41046,0.817,35.517,22.835,29.739,23.251,4.865,7.741,7.657
41047,0.758,35.605,22.886,29.701,23.24,4.662,7.618,7.82
41048,0.715,35.663,22.848,29.73,23.247,4.741,7.779,8.147
41049,0.685,35.395,22.883,29.711,23.244,4.701,7.7,8.435
41050,0.669,35.527,22.828,29.701,23.24,4.742,7.699,8.601
41051,0.63,35.634,22.832,29.71,23.244,4.742,7.699,8.765
41052,0.613,35.424,22.859,29.749,23.261,4.945,7.861,9.255
41053,0.616,35.364,22.863,29.73,23.251,4.785,7.782,9.178
41054,0.577,35.459,22.844,29.72,23.244,4.824,7.781,9.299
41055,0.586,35.566,22.84,29.72,23.251,4.824,7.74,9.463
41056,0.583,35.346,22.847,29.73,23.251,4.824,7.74,9.587
41057,0.596,35.45,22.855,29.739,23.254,4.783,7.659,9.507
41058,0.619,35.556,22.828,29.701,23.244,4.742,7.576,9.587
41059,0.655,35.672,22.863,29.73,23.251,4.823,7.698,9.71
41060,0.681,35.28,22.855,29.711,23.247,4.783,7.699,9.67
41061,0.708,35.401,22.832,29.73,23.244,4.661,7.658,9.792
41062,0.731,35.527,22.82,29.701,23.244,4.741,7.698,10.159
41063,0.751,35.653,22.886,29.768,23.265,4.905,7.78,10.488
41064,0.751,35.299,22.824,29.749,23.244,4.825,7.7,10.573
41065,0.754,35.43,22.832,29.759,23.251,4.743,7.699,10.777
41066,0.774,35.546,22.832,29.73,23.258,4.783,7.699,11.064
41067,0.774,35.634,22.863,29.749,23.258,4.824,7.74,11.31
41068,0.784,35.251,22.867,29.72,23.247,4.743,7.699,11.394
41069,0.771,35.353,22.863,29.692,23.24,4.742,7.78,11.598
41070,0.793,35.507,22.871,29.72,23.244,4.783,7.7,11.6
41071,0.784,35.557,22.875,29.72,23.24,4.783,7.658,11.803
41072,0.784,35.279,22.871,29.72,23.24,4.742,7.658,11.846
41073,0.793,35.411,22.863,29.682,23.251,4.823,7.78,11.928
41074,0.784,35.546,22.879,29.739,23.265,4.987,7.944,12.091
41075,0.803,35.586,22.875,29.72,23.248,4.785,7.783,11.93
41076,0.777,36.296,22.84,29.73,23.251,4.783,7.862,11.929
41077,0.777,36.408,22.843,29.73,23.251,4.742,8.026,11.888
41078,0.774,36.544,22.914,29.73,23.247,4.823,7.946,11.888
41079,0.761,35.97,22.856,29.739,23.251,4.824,7.945,11.725
41080,0.757,34.804,22.824,29.701,23.244,4.702,7.986,11.601
41081,0.761,34.965,22.835,29.72,23.254,4.742,8.068,11.56
41082,0.754,35.091,22.855,29.72,23.247,4.823,7.987,11.437
41083,0.757,35.313,22.867,29.701,23.244,4.743,8.027,11.314
41084,0.751,35.469,22.832,29.72,23.247,4.783,8.109,11.313
41085,0.761,35.643,22.886,29.759,23.261,4.905,8.232,11.313
41086,0.78,35.712,22.848,29.73,23.244,4.744,8.111,11.11
41087,0.774,35.166,22.886,29.739,23.258,4.783,8.109,11.067
41088,0.774,35.294,22.863,29.73,23.247,4.783,8.069,10.985
41089,0.784,35.43,22.851,29.73,23.254,4.824,8.109,10.822
41090,0.787,35.518,22.859,29.711,23.254,4.743,7.947,10.617
41091,0.774,35.221,22.84,29.691,23.237,4.701,7.945,10.574
41092,0.793,35.391,22.855,29.73,23.247,4.742,7.986,10.492
41093,0.787,35.527,22.863,29.711,23.247,4.742,7.986,10.369
41094,0.803,35.576,22.859,29.73,23.247,4.701,7.946,10.246
41095,0.787,35.164,22.855,29.711,23.247,4.742,7.905,10.204
41096,0.79,35.333,22.84,29.749,23.258,4.905,8.107,10.245
41097,0.793,35.478,22.89,29.73,23.251,4.744,7.947,10.001
41098,0.78,35.528,22.887,29.739,23.251,4.864,7.945,9.958
41099,0.777,35.24,22.844,29.72,23.254,4.784,7.864,9.835
41100,0.777,35.391,22.832,29.749,23.251,4.864,7.944,9.794
41101,0.771,35.517,22.832,29.73,23.251,4.784,7.864,9.59
41102,0.767,35.538,22.843,29.701,23.24,4.62,7.7,9.507
41103,0.761,35.298,22.863,29.72,23.244,4.741,7.861,9.425
41104,0.767,35.44,22.832,29.72,23.251,4.701,7.863,9.383
41105,0.764,35.546,22.839,29.711,23.247,4.66,7.741,9.179
41106,0.764,35.672,22.828,29.72,23.244,4.7,7.74,9.137
41107,0.777,35.184,22.875,29.739,23.251,4.823,7.903,9.217
41108,0.79,35.352,22.832,29.74,23.258,4.743,7.782,9.015
41109,0.787,35.44,22.836,29.72,23.251,4.742,7.7,8.972
41110,0.8,35.288,22.843,29.749,23.247,4.783,7.78,8.891
41111,0.784,35.315,22.82,29.72,23.258,4.742,7.74,8.809
41112,0.79,35.459,22.847,29.72,23.254,4.783,7.74,8.726
41113,0.797,35.537,22.832,29.692,23.24,4.702,7.618,8.481
41114,0.797,35.106,22.828,29.701,23.247,4.742,7.698,8.56
41115,0.807,35.265,22.855,29.739,23.251,4.742,7.699,8.439
41116,0.8,35.391,22.828,29.711,23.251,4.701,7.658,8.438
41117,0.784,35.479,22.859,29.72,23.247,4.701,7.658,8.316
41118,0.79,35.182,22.824,29.73,23.247,4.782,7.78,8.437
41119,0.78,35.381,22.855,29.749,23.258,4.824,7.7,8.235
41120,0.777,35.479,22.848,29.72,23.247,4.702,7.74,8.273
41121,0.774,35.556,22.804,29.73,23.251,4.742,7.781,8.152
41122,0.78,35.135,22.82,29.72,23.254,4.823,7.74,8.11
41123,0.771,35.265,22.871,29.73,23.251,4.743,7.821,8.069
41124,0.764,35.382,22.801,29.711,23.244,4.661,7.659,7.865
41125,0.757,35.45,22.804,29.72,23.251,4.741,7.739,8.066
41126,0.774,35.24,22.82,29.73,23.251,4.742,7.781,7.824
41127,0.78,35.401,22.906,29.72,23.244,4.742,7.74,7.781
41128,0.774,35.508,22.856,29.72,23.244,4.701,7.699,7.74
41129,0.78,35.547,22.875,29.73,23.251,4.823,7.943,7.862
41130,0.81,35.183,22.887,29.768,23.254,4.865,7.945,7.782
41131,0.8,35.275,22.82,29.721,23.254,4.743,7.945,7.74
41132,0.807,35.401,22.832,29.73,23.247,4.823,7.823,7.659
41133,0.816,35.431,22.871,29.73,23.247,4.783,7.863,7.617
41134,0.816,35.182,22.824,29.739,23.254,4.824,7.863,7.576
41135,0.803,35.323,22.835,29.72,23.244,4.702,7.66,7.413
41136,0.79,35.382,22.82,29.711,23.244,4.782,7.698,7.493
41137,0.8,35.345,22.882,29.73,23.251,4.702,7.74,7.453
41138,0.797,35.239,22.809,29.73,23.247,4.66,7.699,7.371
41139,0.797,35.391,22.863,29.711,23.247,4.741,7.658,7.33
41140,0.784,35.46,22.871,29.72,23.251,4.783,7.78,7.41
41141,0.806,35.221,22.816,29.768,23.258,4.864,7.7,7.452
41142,0.8,35.305,22.831,29.721,23.251,4.865,7.658,7.29
41143,0.79,35.42,22.878,29.72,23.258,4.702,7.617,7.288
41144,0.777,35.527,22.824,29.739,23.247,4.782,7.657,7.329
41145,0.777,35.145,22.843,29.73,23.251,4.783,7.576,7.289
41146,0.787,35.265,22.847,29.711,23.244,4.702,7.454,7.125
41147,0.793,35.353,22.867,29.691,23.244,4.66,7.574,7.205
41148,0.81,35.478,22.871,29.739,23.247,4.782,7.494,7.084
41149,0.81,35.106,22.848,29.701,23.247,4.742,7.412,7.042
41150,0.81,35.236,22.847,29.701,23.24,4.701,7.452,7.042
41151,0.81,35.353,22.844,29.71,23.251,4.782,7.493,7.164
41152,0.826,35.498,22.855,29.768,23.265,4.824,7.494,7.124
41153,0.82,35.202,22.898,29.721,23.248,4.824,7.494,7.083
41154,0.83,35.343,22.832,29.72,23.258,4.824,7.453,7.042
41155,0.82,35.478,22.839,29.73,23.244,4.783,7.452,7.042
41156,0.826,35.547,22.847,29.72,23.251,4.824,7.452,7.042
41157,0.807,35.049,22.871,29.711,23.24,4.661,7.208,6.879
41158,0.813,35.169,22.84,29.701,23.247,4.741,7.287,6.959
41159,0.807,35.323,22.82,29.72,23.247,4.742,7.369,6.838
41160,0.816,35.344,22.835,29.72,23.251,4.742,7.289,6.755
41161,0.81,35.219,22.789,29.692,23.24,4.661,7.41,6.754
41162,0.794,35.372,22.816,29.73,23.261,4.782,7.493,6.998
41163,0.806,35.527,22.878,29.73,23.258,4.783,7.412,6.879
41164,0.794,35.758,22.793,29.73,23.247,4.783,7.371,6.837
41165,0.8,35.224,22.835,29.72,23.251,4.783,7.411,6.877
41166,0.813,35.372,22.847,29.73,23.251,4.783,7.452,6.959
41167,0.82,35.469,22.871,29.72,23.261,4.783,7.371,6.838
41168,0.817,35.163,22.84,29.72,23.241,4.62,7.208,6.633
41169,0.807,35.189,22.82,29.711,23.247,4.741,7.409,6.712
41170,0.826,35.333,22.812,29.711,23.247,4.742,7.289,6.672
41171,0.836,35.411,22.816,29.691,23.24,4.661,7.247,6.631
41172,0.833,34.894,22.839,29.701,23.244,4.619,7.288,6.631
41173,0.843,35.042,22.89,29.739,23.254,4.863,7.41,6.875
41174,0.853,35.197,22.821,29.73,23.254,4.824,7.33,6.633
41175,0.846,35.266,22.839,29.72,23.247,4.783,7.289,6.631
41176,0.833,35.084,22.84,29.73,23.258,4.783,7.288,6.712
41177,0.826,35.198,22.871,29.72,23.258,4.824,7.369,6.672
41178,0.826,35.324,22.863,29.73,23.251,4.783,7.33,6.55
41179,0.817,35.382,22.809,29.701,23.244,4.661,7.248,6.63
41180,0.826,35.076,22.816,29.701,23.244,4.7,7.206,6.55
41181,0.823,35.198,22.8,29.71,23.24,4.66,7.165,6.508
41182,0.807,35.343,22.827,29.711,23.24,4.66,7.165,6.508
41183,0.803,35.392,22.851,29.711,23.24,4.66,7.124,6.549
41184,0.823,35.028,22.832,29.739,23.254,4.822,7.368,6.712
41185,0.833,35.178,22.843,29.73,23.251,4.702,7.208,6.591
41186,0.83,35.266,22.84,29.701,23.251,4.782,7.247,6.549
41187,0.83,35.315,22.91,29.72,23.251,4.742,7.166,6.508
41188,0.836,35.075,22.844,29.72,23.258,4.823,7.206,6.63
41189,0.839,35.198,22.871,29.72,23.244,4.661,7.125,6.387
41190,0.843,35.304,22.832,29.692,23.244,4.66,7.165,6.588
41191,0.856,35.325,22.812,29.701,23.247,4.741,7.124,6.549
41192,0.856,35.056,22.855,29.691,23.244,4.661,7.124,6.468
41193,0.846,35.169,22.851,29.691,23.247,4.7,7.124,6.426
41194,0.853,35.275,22.816,29.71,23.251,4.782,7.165,6.588
41195,0.862,35.104,22.847,29.758,23.258,4.864,7.328,6.509
41196,0.849,35.006,22.851,29.701,23.247,4.743,7.126,6.508
41197,0.843,35.13,22.918,29.739,23.251,4.783,7.165,6.467
41198,0.856,35.237,22.883,29.73,23.251,4.783,7.206,6.467
41199,0.849,35.055,22.867,29.73,23.261,4.824,7.287,6.589
41200,0.846,35.159,22.84,29.701,23.251,4.661,7.044,6.346
41201,0.836,35.256,22.812,29.701,23.244,4.741,7.164,6.425
41202,0.846,35.391,22.851,29.701,23.244,4.701,7.124,6.426
41203,0.833,35.009,22.883,29.701,23.24,4.701,7.083,6.426
41204,0.83,35.12,22.817,29.701,23.244,4.66,7.083,6.344
41205,0.839,35.275,22.831,29.701,23.247,4.7,7.164,6.466
41206,0.839,35.382,22.871,29.739,23.258,4.863,7.165,6.507
41207,0.852,34.971,22.918,29.711,23.251,4.784,7.084,6.427
41208,0.856,35.12,22.825,29.73,23.251,4.742,7.083,6.466
41209,0.856,35.256,22.867,29.739,23.247,4.783,7.083,6.507
41210,0.869,35.314,22.859,29.73,23.251,4.783,7.123,6.467
41211,0.869,34.941,22.797,29.72,23.247,4.661,7.002,6.304
41212,0.856,35.052,22.816,29.692,23.237,4.7,7.082,6.425
41213,0.885,35.188,22.874,29.72,23.251,4.742,7.083,6.385
41214,0.876,35.237,22.809,29.72,23.244,4.783,7.002,6.344
41215,0.872,34.969,22.824,29.692,23.244,4.58,6.96,6.303
41216,0.859,35.129,22.828,29.701,23.251,4.74,7.082,6.425
41217,0.872,35.265,22.894,29.749,23.265,4.864,7.164,6.507
41218,0.882,35.295,22.856,29.72,23.248,4.784,7.084,6.427
41219,0.869,34.989,22.836,29.72,23.251,4.783,7.042,6.426
41220,0.866,35.139,22.855,29.701,23.247,4.783,7.082,6.385
41221,0.866,35.246,22.863,29.71,23.251,4.783,7.042,6.425
41222,0.872,35.305,22.824,29.711,23.251,4.702,7.001,6.304
41223,0.859,35.075,22.847,29.711,23.24,4.66,7.082,6.384
41224,0.882,35.207,22.832,29.73,23.251,4.7,7.042,6.425
41225,0.876,35.324,22.832,29.701,23.251,4.66,7.082,6.304
41226,0.856,34.922,22.812,29.72,23.244,4.66,7.042,6.221
41227,0.866,34.975,22.816,29.701,23.244,4.741,7.082,6.383
41228,0.885,35.129,22.882,29.749,23.261,4.823,7.245,6.507
41229,0.892,35.246,22.824,29.72,23.247,4.702,7.125,6.386
41230,0.892,34.902,22.835,29.711,23.254,4.701,7.165,6.385
41231,0.902,35.042,22.816,29.739,23.251,4.782,7.165,6.425
41232,0.908,35.178,22.804,29.73,23.258,4.783,7.206,6.385
41233,0.921,35.237,22.87,29.701,23.244,4.702,7.125,6.222
41234,0.905,34.959,22.777,29.682,23.24,4.701,7.165,6.302
41235,0.902,35.139,22.823,29.72,23.251,4.742,7.124,6.302
41236,0.905,35.237,22.828,29.711,23.251,4.62,7.165,6.221
41237,0.902,35.305,22.847,29.701,23.244,4.659,7.084,6.22
41238,0.899,34.951,22.824,29.72,23.254,4.741,7.205,6.383
41239,0.912,35.12,22.835,29.768,23.268,4.945,7.287,6.385
41240,0.908,35.227,22.836,29.711,23.258,4.785,7.247,6.344
41241,0.908,35.266,22.804,29.72,23.247,4.783,7.247,6.303
41242,0.905,35.123,22.824,29.73,23.247,4.742,7.206,6.384
41243,0.905,35.256,22.894,29.739,23.251,4.742,7.247,6.385
41244,0.895,35.353,22.813,29.701,23.24,4.579,7.084,6.222
41245,0.886,35.402,22.831,29.701,23.251,4.74,7.164,6.342
41246,0.905,35.095,22.828,29.71,23.247,4.701,7.206,6.262
41247,0.921,35.236,22.871,29.701,23.244,4.742,7.165,6.262
41248,0.915,35.314,22.824,29.71,23.24,4.701,7.165,6.262
41249,0.922,35.564,22.812,29.72,23.251,4.742,7.206,6.343
41250,0.935,35.078,22.855,29.739,23.258,4.823,7.287,6.343
41251,0.935,35.178,22.808,29.711,23.254,4.702,7.247,6.262
41252,0.941,35.314,22.831,29.73,23.251,4.782,7.206,6.343
41253,0.951,35.21,22.906,29.73,23.251,4.702,7.247,6.303
41254,0.958,35.276,22.829,29.739,23.251,4.782,7.288,6.302
41255,0.964,35.391,22.832,29.701,23.237,4.62,7.044,6.14
41256,0.968,35.488,22.832,29.71,23.244,4.619,7.164,6.301
41257,0.945,35.077,22.871,29.72,23.254,4.7,7.124,6.302
41258,0.945,35.188,22.832,29.701,23.24,4.62,7.083,6.221
41259,0.935,35.295,22.789,29.701,23.244,4.659,7.083,6.261
41260,0.935,35.44,22.843,29.73,23.265,4.822,7.205,6.384
41261,0.954,35.249,22.816,29.711,23.251,4.743,7.125,6.222
41262,0.948,35.391,22.828,29.72,23.251,4.701,7.205,6.302
41263,0.945,35.517,22.882,29.711,23.251,4.782,7.165,6.343
41264,0.951,35.605,22.828,29.72,23.258,4.742,7.246,6.343
41265,0.954,35.414,22.855,29.72,23.247,4.701,7.166,6.303
41266,0.954,35.517,22.805,29.701,23.237,4.66,7.124,6.262
41267,0.971,35.672,22.886,29.71,23.251,4.66,7.165,6.262
41268,0.974,35.712,22.902,29.701,23.244,4.741,7.124,6.221
41269,0.981,35.511,22.848,29.701,23.244,4.742,7.124,6.18
41270,0.981,35.653,22.863,29.701,23.244,4.661,7.083,6.261
41271,0.994,35.779,22.828,29.73,23.254,4.822,7.205,6.384
41272,1.017,35.866,22.875,29.73,23.258,4.743,7.206,6.303
41273,1.01,35.656,22.887,29.711,23.247,4.742,7.247,6.18
41274,1.02,35.788,22.817,29.73,23.251,4.742,7.247,6.301
41275,1.023,35.914,22.843,29.73,23.258,4.783,7.328,6.262
41276,1.017,35.925,22.836,29.73,23.251,4.702,7.289,6.139
41277,1.014,35.791,22.894,29.692,23.237,4.62,7.125,6.138
41278,1.014,35.934,22.86,29.72,23.251,4.7,7.205,6.219
41279,1.007,36.05,22.848,29.711,23.251,4.66,7.247,6.18
41280,1.017,36.061,22.847,29.701,23.244,4.619,7.206,6.139
41281,1.01,36.032,22.816,29.682,23.247,4.741,7.247,6.179
41282,1.007,36.185,22.855,29.749,23.258,4.864,7.288,6.342
41283,1.01,36.311,22.887,29.711,23.247,4.784,7.247,6.181
41284,1.004,35.996,22.832,29.73,23.251,4.742,7.288,6.22
41285,1.014,36.099,22.855,29.739,23.254,4.823,7.288,6.22
41286,1.027,36.224,22.824,29.74,23.251,4.783,7.288,6.18
41287,1.046,36.321,22.867,29.711,23.251,4.702,7.288,6.179
41288,1.03,36.15,22.887,29.682,23.237,4.62,7.125,6.139
41289,1.05,36.321,22.848,29.72,23.247,4.741,7.246,6.138
41290,1.056,36.428,22.851,29.711,23.244,4.661,7.206,6.219
41291,1.066,36.496,22.789,29.701,23.24,4.66,7.165,6.098
41292,1.063,36.18,22.812,29.701,23.24,4.66,7.206,6.178
41293,1.073,36.331,22.89,29.749,23.258,4.863,7.369,6.301
41294,1.096,36.476,22.789,29.72,23.254,4.743,7.208,6.14
41295,1.096,36.516,22.827,29.711,23.254,4.701,7.165,6.219
41296,1.092,36.478,22.82,29.711,23.254,4.782,7.206,6.22
41297,1.083,36.602,22.871,29.72,23.258,4.783,7.165,6.18
41298,1.083,36.718,22.852,29.72,23.254,4.742,7.084,6.098
41299,1.057,36.739,22.863,29.692,23.24,4.62,7.002,6.138
41300,1.073,36.49,22.855,29.701,23.247,4.741,7.082,6.179
41301,1.076,36.65,22.812,29.701,23.247,4.661,7.002,6.098
41302,1.073,36.748,22.824,29.701,23.244,4.7,7.041,6.097
41303,1.066,36.768,22.843,29.701,23.251,4.742,7.042,6.178
41304,1.082,36.749,22.789,29.749,23.265,4.864,7.164,6.261
41305,1.083,36.873,22.827,29.73,23.244,4.784,7.084,6.139
41306,1.092,36.98,22.816,29.711,23.251,4.742,7.083,6.219
41307,1.089,37.211,22.847,29.711,23.254,4.742,7.123,6.18
41308,1.086,36.83,22.863,29.73,23.258,4.783,7.124,6.22
41309,1.099,36.97,22.793,29.72,23.251,4.742,7.043,6.017
41310,1.089,37.029,22.816,29.701,23.237,4.62,7.042,6.137
41311,1.115,36.905,22.812,29.72,23.251,4.7,7.082,6.057
41312,1.122,36.971,22.82,29.72,23.251,4.701,7.083,6.137
41313,1.119,37.077,22.874,29.701,23.247,4.62,7.042,6.057
41314,1.122,37.164,22.777,29.701,23.251,4.741,7.082,6.097
41315,1.142,37.069,22.855,29.73,23.265,4.823,7.205,6.219
41316,1.129,37.174,22.832,29.739,23.251,4.743,7.084,6.058
41317,1.116,37.29,22.871,29.72,23.251,4.742,7.083,6.097
41318,1.119,37.406,22.774,29.72,23.254,4.742,7.123,6.138
41319,1.115,37.177,22.866,29.73,23.254,4.742,7.124,6.138
41320,1.112,37.299,22.816,29.711,23.254,4.661,7.083,6.016
41321,1.096,37.377,22.726,29.701,23.244,4.66,7.083,6.056
41322,1.115,37.474,22.819,29.71,23.247,4.741,7.083,6.097
41323,1.109,37.101,22.878,29.701,23.247,4.661,7.083,6.056
41324,1.099,37.251,22.809,29.701,23.247,4.66,7.083,5.975
41325,1.099,37.377,22.839,29.71,23.247,4.741,7.123,6.137
41326,1.115,37.474,22.851,29.739,23.261,4.864,7.205,6.179
41327,1.122,37.446,22.894,29.711,23.247,4.743,7.165,6.098
41328,1.119,37.561,22.817,29.72,23.251,4.742,7.206,6.097
41329,1.122,37.677,22.82,29.72,23.254,4.701,7.125,6.097
41330,1.122,37.726,22.824,29.72,23.251,4.782,7.246,6.138
41331,1.129,37.267,22.828,29.711,23.247,4.661,7.206,5.976
41332,1.116,37.367,22.824,29.701,23.244,4.66,7.165,6.055
41333,1.128,37.493,22.878,29.701,23.244,4.7,7.206,6.056
41334,1.119,37.504,22.856,29.701,23.244,4.66,7.165,5.934
41335,1.115,37.514,22.84,29.691,23.247,4.66,7.206,6.014
41336,1.106,37.619,22.859,29.701,23.244,4.619,7.206,6.096
41337,1.109,37.764,22.875,29.73,23.265,4.863,7.328,6.138
41338,1.099,37.593,22.844,29.701,23.251,4.702,7.289,6.016
41339,1.083,37.534,22.816,29.71,23.251,4.742,7.247,6.056
41340,1.076,37.658,22.828,29.72,23.251,4.661,7.328,6.056
41341,1.07,37.765,22.769,29.73,23.258,4.822,7.329,6.097
41342,1.066,37.535,22.819,29.711,23.254,4.621,7.207,5.894
41343,1.05,37.619,22.851,29.691,23.24,4.659,7.165,6.014
41344,1.043,37.764,22.808,29.701,23.247,4.66,7.206,6.056
41345,1.037,37.861,22.855,29.71,23.244,4.66,7.165,5.975
41346,1.033,37.498,22.848,29.701,23.251,4.579,7.165,5.974
41347,1.03,37.638,22.89,29.701,23.251,4.74,7.287,6.015
41348,1.037,37.793,22.832,29.739,23.261,4.823,7.41,6.137
41349,1.046,37.852,22.871,29.72,23.251,4.702,7.289,5.976
41350,1.027,37.623,22.848,29.701,23.247,4.742,7.288,6.015
41351,1.014,37.764,22.84,29.778,23.251,4.742,7.329,6.015
41352,1.023,37.881,22.836,29.73,23.251,4.742,7.329,6.056
41353,1.014,37.901,22.851,29.72,23.244,4.62,7.085,5.853
41354,0.997,37.604,22.844,29.739,23.247,4.7,7.245,5.973
41355,0.997,37.754,22.828,29.711,23.244,4.66,7.206,5.974
41356,0.987,37.871,22.843,29.701,23.247,4.66,7.206,5.974
41357,0.978,37.891,22.867,29.701,23.24,4.66,7.084,5.933
41358,0.955,37.642,22.773,29.71,23.258,4.741,7.245,6.096
41359,0.961,37.803,22.835,29.749,23.254,4.701,7.206,6.016
41360,0.935,37.891,22.816,29.72,23.254,4.701,7.287,6.015
41361,0.928,37.911,22.792,29.711,23.254,4.66,7.247,6.015
41362,0.922,37.825,22.816,29.72,23.254,4.741,7.288,5.974
41363,0.909,37.939,22.867,29.72,23.251,4.742,7.247,5.974
41364,0.895,38.026,22.797,29.682,23.237,4.579,7.084,5.974
41365,0.882,37.902,22.808,29.72,23.251,4.659,7.164,5.974
41366,0.885,37.623,22.808,29.701,23.247,4.7,7.124,5.974
41367,0.889,37.716,22.882,29.691,23.244,4.742,7.124,5.893
41368,0.879,37.823,22.793,29.691,23.247,4.661,7.124,5.973
41369,0.885,37.737,22.784,29.72,23.258,4.822,7.246,6.137
41370,0.895,37.871,22.847,29.73,23.254,4.783,7.125,6.016
41371,0.886,37.968,22.824,29.797,23.251,4.702,7.124,6.015
41372,0.876,38.065,22.812,29.702,23.251,4.742,7.043,6.096
41373,0.885,37.682,22.863,29.701,23.254,4.742,7.123,6.016
41374,0.879,37.822,22.855,29.768,23.254,4.661,7.165,5.974
41375,0.879,37.91,22.797,29.692,23.24,4.619,7.084,5.974
41376,0.859,37.978,22.863,29.72,23.251,4.659,7.123,5.974
41377,0.856,37.586,22.863,29.711,23.247,4.66,7.083,5.974
41378,0.849,37.716,22.727,29.701,23.251,4.619,7.042,5.893
41379,0.827,37.813,22.792,29.701,23.244,4.578,7.042,5.933
41380,0.813,37.91,22.8,29.701,23.258,4.781,7.204,6.136
41381,0.826,37.652,22.8,29.73,23.254,4.742,7.247,5.976
41382,0.81,37.745,22.796,29.701,23.247,4.661,7.166,5.974
41383,0.797,37.871,22.874,29.72,23.254,4.782,7.124,6.096
41384,0.8,37.911,22.785,29.72,23.251,4.702,7.205,6.056
41385,0.803,37.662,22.816,29.73,23.251,4.701,7.206,5.975
41386,0.797,37.765,22.835,29.692,23.237,4.62,7.084,5.933
41387,0.794,37.871,22.894,29.691,23.244,4.659,7.164,5.933
41388,0.803,37.901,22.867,29.691,23.251,4.66,7.124,6.014
41389,0.81,37.604,22.824,29.71,23.244,4.7,7.083,5.934
41390,0.807,37.726,22.863,29.701,23.244,4.579,7.083,5.933
41391,0.8,37.852,22.863,29.72,23.247,4.7,7.286,6.055
41392,0.81,38.246,22.84,29.749,23.265,4.742,7.207,6.015
41393,0.803,37.665,22.875,29.692,23.248,4.742,7.206,6.015
41394,0.803,37.812,22.828,29.701,23.251,4.579,7.206,5.974
41395,0.81,37.92,22.812,29.701,23.251,4.74,7.206,6.096
41396,0.8,37.556,22.843,29.701,23.251,4.701,7.206,6.056
41397,0.797,37.543,22.863,29.701,23.247,4.579,7.084,5.853
41398,0.777,37.667,22.809,29.72,23.247,4.7,7.205,5.932
41399,0.787,37.774,22.828,29.701,23.247,4.701,7.206,5.974
41400,0.774,37.583,22.836,29.682,23.247,4.742,7.165,5.933
41401,0.764,37.706,22.773,29.71,23.251,4.742,7.206,5.933
41402,0.754,37.851,22.839,29.711,23.254,4.783,7.328,6.055
41403,0.767,37.958,22.921,29.739,23.261,4.824,7.329,6.097
41404,0.754,37.461,22.794,29.73,23.247,4.702,7.329,6.056
41405,0.751,37.599,22.839,29.73,23.251,4.742,7.289,6.056
41406,0.761,37.706,22.832,29.73,23.254,4.783,7.329,6.056
41407,0.77,37.775,22.886,29.73,23.254,4.783,7.37,6.137
41408,0.767,37.536,22.813,29.711,23.244,4.702,7.208,5.813
41409,0.757,37.658,22.785,29.711,23.251,4.742,7.369,6.013
41410,0.777,37.803,22.827,29.711,23.247,4.701,7.33,5.934
41411,0.774,37.843,22.82,29.701,23.244,4.66,7.289,6.014
41412,0.774,37.469,22.82,29.701,23.24,4.7,7.247,5.974
41413,0.767,37.619,22.855,29.701,23.251,4.742,7.288,6.055
41414,0.79,37.774,22.863,29.768,23.261,4.864,7.329,6.056
41415,0.784,37.785,22.824,29.711,23.254,4.743,7.248,5.975
41416,0.784,37.507,22.863,29.72,23.247,4.783,7.288,6.055
41417,0.774,37.6,22.879,29.72,23.258,4.783,7.288,6.056
41418,0.771,37.745,22.813,29.73,23.251,4.783,7.288,6.056
41419,0.764,37.746,22.785,29.692,23.24,4.62,7.085,5.812
41420,0.741,37.516,22.808,29.71,23.244,4.7,7.245,5.972
41421,0.744,37.677,22.816,29.711,23.244,4.701,7.206,5.974
41422,0.744,37.774,22.82,29.701,23.244,4.66,7.125,5.974
41423,0.734,37.583,22.859,29.691,23.24,4.66,7.124,5.974
41424,0.738,37.495,22.844,29.749,23.258,4.822,7.246,6.259
41425,0.757,37.657,22.808,29.74,23.251,4.783,7.206,5.977
41426,0.757,37.726,22.851,29.73,23.247,4.661,7.165,6.096
41427,0.757,37.564,22.883,29.711,23.254,4.7,7.124,6.056
41428,0.757,37.677,22.762,29.739,23.244,4.782,7.165,6.056
41429,0.767,37.784,22.827,29.72,23.247,4.702,7.084,5.893
41430,0.761,37.843,22.777,29.692,23.237,4.579,6.961,5.892
41431,0.767,37.306,22.808,29.71,23.251,4.7,7.0,6.054
41432,0.774,37.435,22.808,29.72,23.244,4.701,7.001,6.015
41433,0.764,37.542,22.843,29.701,23.244,4.66,6.96,5.893
41434,0.77,37.62,22.828,29.701,23.244,4.7,7.041,5.973
41435,0.78,37.409,22.781,29.739,23.261,4.863,7.204,6.096
41436,0.777,37.532,22.878,29.74,23.247,4.702,7.043,6.016
41437,0.761,37.619,22.867,29.72,23.244,4.823,7.082,6.015
41438,0.764,37.716,22.77,29.749,23.251,4.783,7.083,6.015
41439,0.761,37.439,22.8,29.73,23.254,4.783,7.042,6.056
41440,0.757,37.58,22.808,29.73,23.258,4.702,7.001,6.015
41441,0.748,37.677,22.796,29.692,23.234,4.62,6.919,5.852
41442,0.741,37.736,22.8,29.71,23.251,4.741,7.041,6.054
41443,0.734,37.506,22.824,29.701,23.251,4.701,7.001,6.015
41444,0.734,37.658,22.8,29.701,23.244,4.66,6.96,5.974
41445,0.738,37.745,22.765,29.72,23.24,4.66,6.96,6.015
41446,0.744,37.775,22.847,29.73,23.258,4.863,7.122,6.178
41447,0.767,37.44,22.859,29.73,23.251,4.784,7.002,6.098
41448,0.764,37.532,22.84,29.72,23.244,4.702,7.041,6.056
41449,0.764,37.648,22.84,29.711,23.251,4.701,6.96,6.097
41450,0.761,37.755,22.84,29.711,23.251,4.782,7.0,6.097
41451,0.764,37.43,22.836,29.739,23.254,4.783,6.96,6.097
41452,0.767,37.532,22.781,29.692,23.237,4.661,6.838,5.894
41453,0.77,37.619,22.831,29.71,23.247,4.741,6.958,6.014
41454,0.77,37.419,22.828,29.691,23.244,4.742,6.919,5.893
41455,0.77,37.484,22.824,29.701,23.244,4.742,6.878,5.933
41456,0.757,37.6,22.89,29.701,23.244,4.661,6.877,5.933
41457,0.754,37.687,22.856,29.71,23.251,4.741,7.0,6.096
41458,0.77,37.448,22.879,29.739,23.261,4.823,6.96,5.935
41459,0.761,37.542,22.832,29.692,23.244,4.702,6.96,6.014
41460,0.751,37.658,22.851,29.71,23.244,4.742,6.96,6.056
41461,0.751,37.726,22.785,29.73,23.258,4.823,7.041,6.015
41462,0.751,37.353,22.819,29.72,23.251,4.783,6.96,5.974
41463,0.744,37.445,22.863,29.692,23.24,4.702,6.797,5.933
41464,0.744,37.599,22.812,29.71,23.254,4.742,6.877,5.974
41465,0.747,37.668,22.824,29.711,23.244,4.701,6.877,6.015
41466,0.751,37.419,22.843,29.72,23.24,4.66,6.877,5.974
41467,0.754,37.551,22.847,29.711,23.247,4.66,6.837,5.974
41468,0.757,37.696,22.832,29.72,23.254,4.863,7.04,6.137
41469,0.78,37.765,22.828,29.73,23.254,4.824,6.96,5.976
41470,0.767,37.334,22.843,29.711,23.258,4.702,7.0,6.015
41471,0.77,37.493,22.84,29.711,23.247,4.823,6.96,6.056
41472,0.777,37.6,22.797,29.73,23.254,4.824,7.041,6.015
41473,0.787,37.62,22.874,29.711,23.251,4.743,6.879,6.015
41474,0.771,37.409,22.82,29.691,23.24,4.661,6.837,5.974
41475,0.78,37.561,22.824,29.701,23.254,4.741,6.918,5.933
41476,0.777,37.648,22.839,29.71,23.247,4.701,6.837,5.974
41477,0.774,37.669,22.871,29.691,23.247,4.742,6.877,5.933
41478,0.767,37.41,22.793,29.701,23.244,4.701,6.877,5.974
41479,0.767,37.551,22.835,29.73,23.258,4.904,7.081,6.177
41480,0.77,37.687,22.832,29.72,23.251,4.784,6.961,6.017
41481,0.754,37.468,22.808,29.739,23.254,4.783,6.838,6.015
41482,0.764,37.456,22.788,29.711,23.251,4.824,6.999,6.015
41483,0.757,37.58,22.855,29.72,23.251,4.824,6.96,6.096
41484,0.748,37.677,22.738,29.73,23.251,4.865,7.0,6.138
41485,0.751,37.362,22.799,29.682,23.244,4.621,6.879,5.976
41486,0.764,37.464,22.831,29.72,23.244,4.781,6.877,6.015
41487,0.761,37.6,22.851,29.711,23.247,4.702,6.959,5.974
41488,0.774,37.668,22.785,29.701,23.244,4.782,6.919,5.974
41489,0.758,37.343,22.78,29.691,23.24,4.661,6.959,5.933
41490,0.777,37.474,22.808,29.72,23.258,4.863,7.0,6.177
41491,0.793,37.638,22.824,29.739,23.254,4.824,7.001,6.098
41492,0.787,37.649,22.808,29.701,23.251,4.824,6.96,6.097
41493,0.8,37.314,22.874,29.72,23.254,4.783,7.0,6.056
41494,0.79,37.483,22.832,29.72,23.251,4.824,7.082,6.056
41495,0.793,37.59,22.832,29.73,23.258,4.824,6.961,6.097
41496,0.777,37.639,22.812,29.692,23.244,4.702,6.878,5.975
41497,0.767,37.275,22.863,29.701,23.254,4.823,7.04,6.055
41498,0.767,37.415,22.773,29.71,23.254,4.824,6.96,6.097
41499,0.761,37.542,22.776,29.701,23.244,4.783,7.041,5.975
41500,0.754,37.572,22.796,29.691,23.244,4.742,6.96,5.974
41501,0.757,37.457,22.816,29.768,23.258,4.905,7.122,6.177
41502,0.77,37.609,22.816,29.749,23.258,4.865,7.165,6.057
41503,0.761,37.687,22.847,29.73,23.251,4.865,7.043,6.015
41504,0.754,37.688,22.847,29.759,23.244,4.784,7.123,6.056
41505,0.764,37.554,22.844,29.721,23.251,4.864,7.165,6.137
41506,0.764,37.677,22.843,29.73,23.251,4.906,7.084,6.098
41507,0.764,37.736,22.871,29.692,23.244,4.703,7.002,5.894
41508,0.728,37.564,22.832,29.73,23.247,4.823,7.123,6.014
41509,0.773,37.294,22.781,29.73,23.247,4.824,7.083,6.015
41510,0.777,37.416,22.808,29.701,23.244,4.783,7.083,5.974
41511,0.764,37.522,22.804,29.682,23.244,4.742,7.083,6.015
41512,0.774,37.188,22.808,29.729,23.251,4.905,7.164,6.137
41513,0.8,37.328,22.812,29.72,23.258,4.865,7.165,6.057
41514,0.794,37.406,22.824,29.72,23.251,4.824,7.124,6.056
41515,0.797,37.494,22.828,29.711,23.251,4.783,7.205,6.097
41516,0.79,37.245,22.871,29.72,23.254,4.824,7.247,6.056
41517,0.787,37.358,22.848,29.739,23.254,4.905,7.125,6.015
41518,0.767,37.483,22.824,29.692,23.244,4.662,7.083,5.934
41519,0.761,37.561,22.82,29.701,23.254,4.782,7.164,6.055
41520,0.761,37.294,22.796,29.71,23.247,4.783,7.206,5.975
41521,0.754,37.444,22.816,29.701,23.24,4.742,7.165,5.974
41522,0.754,37.532,22.792,29.682,23.244,4.742,7.206,6.015
41523,0.751,37.619,22.831,29.71,23.258,4.945,7.369,6.178
41524,0.767,37.237,22.839,29.739,23.251,4.825,7.37,6.057
41525,0.751,37.367,22.797,29.72,23.247,4.824,7.33,6.015
41526,0.751,37.445,22.866,29.711,23.247,4.865,7.41,6.056
41527,0.761,37.503,22.855,29.72,23.254,4.865,7.493,6.137
41528,0.777,37.245,22.855,29.72,23.254,4.784,7.371,6.057
41529,0.761,37.348,22.824,29.672,23.237,4.742,7.289,5.934
41530,0.774,37.464,22.839,29.71,23.251,4.742,7.451,6.055
41531,0.777,37.494,22.859,29.711,23.247,4.823,7.371,6.056
41532,0.777,37.283,22.816,29.711,23.247,4.824,7.33,6.015
41533,0.774,37.377,22.812,29.691,23.244,4.743,7.37,6.015
41534,0.774,37.503,22.816,29.71,23.251,4.864,7.533,6.096
41535,0.793,37.84,22.796,29.711,23.254,4.824,7.494,6.016
41536,0.78,37.201,22.87,29.711,23.251,4.783,7.534,6.096
41537,0.771,37.309,22.832,29.711,23.251,4.824,7.494,6.056
41538,0.774,37.435,22.863,29.72,23.254,4.824,7.534,6.097
41539,0.774,37.149,22.836,29.739,23.251,4.824,7.494,6.056
41540,0.767,37.165,22.847,29.701,23.244,4.702,7.331,5.893
41541,0.754,37.29,22.855,29.691,23.244,4.863,7.451,6.054
41542,0.761,37.387,22.805,29.72,23.247,4.784,7.452,6.015
41543,0.748,38.002,22.839,29.692,23.247,4.702,7.371,6.015
41544,0.741,38.18,22.816,29.691,23.244,4.701,7.37,6.015
41545,0.741,38.336,22.796,29.72,23.258,4.823,7.533,6.137
41546,0.77,38.414,22.874,29.73,23.258,4.865,7.494,6.098
41547,0.764,36.602,22.832,29.692,23.247,4.743,7.453,6.097
41548,0.757,36.718,22.843,29.72,23.251,4.742,7.452,6.016
41549,0.767,36.854,22.832,29.72,23.251,4.783,7.371,6.056
41550,0.777,36.941,22.863,29.711,23.251,4.783,7.37,6.097
41551,0.777,37.153,22.816,29.691,23.24,4.702,7.33,5.935
41552,0.771,37.29,22.828,29.71,23.247,4.782,7.37,6.096
41553,0.78,37.406,22.785,29.691,23.247,4.702,7.33,6.016
41554,0.777,37.484,22.808,29.701,23.247,4.742,7.289,5.974
41555,0.771,37.034,22.828,29.663,23.24,4.742,7.207,6.055
41556,0.77,37.202,22.855,29.7,23.251,4.905,7.45,6.178
41557,0.77,37.338,22.812,29.73,23.258,4.825,7.29,6.057
41558,0.767,37.349,22.773,29.711,23.251,4.783,7.288,6.137
41559,0.757,37.042,22.819,29.701,23.254,4.783,7.288,6.057
41560,0.761,37.173,22.824,29.72,23.251,4.864,7.288,6.178
41561,0.754,37.299,22.82,29.72,23.251,4.824,7.207,6.057
41562,0.731,37.282,22.789,29.682,23.24,4.661,7.165,6.056
41563,0.751,37.042,22.792,29.72,23.247,4.741,7.165,6.178
41564,0.735,37.183,22.82,29.711,23.247,4.701,7.124,6.098
41565,0.734,37.271,22.82,29.711,23.24,4.701,7.043,6.056
41566,0.731,37.041,22.851,29.691,23.244,4.742,7.123,6.056
41567,0.767,36.982,22.816,29.739,23.258,4.945,7.205,6.259
41568,0.761,37.115,22.781,29.701,23.251,4.744,7.084,6.18
41569,0.754,37.184,22.804,29.72,23.251,4.742,7.042,6.22
41570,0.767,36.945,22.808,29.711,23.251,4.823,7.082,6.22
41571,0.774,37.057,22.8,29.72,23.258,4.865,7.083,6.18
41572,0.767,37.174,22.8,29.701,23.241,4.662,7.002,6.139
41573,0.757,37.223,22.792,29.672,23.244,4.7,7.041,6.098
41574,0.757,36.878,22.804,29.701,23.244,4.742,7.001,6.138
41575,0.761,36.99,22.808,29.701,23.247,4.742,7.001,6.057
41576,0.754,37.115,22.847,29.701,23.24,4.701,6.96,6.097
41577,0.748,37.165,22.824,29.691,23.244,4.742,7.0,6.138
41578,0.764,36.954,22.824,29.739,23.258,4.905,7.082,6.301
41579,0.744,37.096,22.8,29.701,23.247,4.744,7.002,6.18
41580,0.741,37.184,22.804,29.701,23.251,4.742,6.96,6.179
41581,0.734,37.271,22.816,29.701,23.254,4.823,6.96,6.261
41582,0.744,36.888,22.82,29.72,23.254,4.824,6.96,6.18
41583,0.731,37.009,22.855,29.701,23.247,4.702,6.797,6.098
41584,0.718,37.096,22.824,29.682,23.244,4.742,6.917,6.219
41585,0.721,37.184,22.828,29.701,23.244,4.742,6.837,6.22
41586,0.724,36.916,22.863,29.682,23.247,4.742,6.877,6.18
41587,0.731,37.028,22.855,29.681,23.24,4.742,6.796,6.057
41588,0.734,37.135,22.758,29.691,23.247,4.742,6.877,6.259
41589,0.764,37.222,22.827,29.739,23.258,4.823,6.959,6.302
41590,0.754,37.003,22.808,29.701,23.247,4.743,6.797,6.221
41591,0.757,37.163,22.8,29.72,23.251,4.783,6.836,6.22
41592,0.754,37.251,22.796,29.711,23.247,4.742,6.918,6.261
41593,0.767,37.233,22.812,29.72,23.254,4.742,6.919,6.262
41594,0.767,36.907,22.851,29.692,23.24,4.661,6.756,6.058
41595,0.754,37.019,22.816,29.691,23.251,4.741,6.876,6.178
41596,0.757,37.135,22.874,29.701,23.247,4.783,6.918,6.179
41597,0.754,37.452,22.813,29.691,23.237,4.742,6.837,6.098
41598,0.748,37.619,22.82,29.691,23.24,4.701,6.877,6.138
41599,0.741,37.716,22.824,29.701,23.247,4.782,6.959,6.179
41600,0.757,37.842,22.839,29.739,23.258,4.824,7.082,6.261
41601,0.751,36.501,22.847,29.701,23.251,4.824,7.002,6.18
41602,0.744,36.573,22.801,29.72,23.251,4.824,7.041,6.139
41603,0.731,36.718,22.839,29.701,23.251,4.865,7.042,6.219
41604,0.738,36.844,22.824,29.73,23.251,4.784,7.082,6.22
41605,0.734,37.008,22.808,29.692,23.24,4.661,7.002,6.058
41606,0.731,37.106,22.874,29.682,23.244,4.782,7.041,6.219
41607,0.747,37.251,22.84,29.72,23.247,4.824,7.042,6.18
41608,0.747,37.319,22.84,29.701,23.244,4.743,7.082,6.139
41609,0.747,36.793,22.801,29.691,23.244,4.742,6.961,6.057
41610,0.754,36.931,22.8,29.701,23.247,4.823,7.122,6.3
41611,0.764,37.096,22.855,29.73,23.265,4.905,7.083,6.221
41612,0.757,37.116,22.824,29.73,23.251,4.784,7.083,6.22
41613,0.761,36.877,22.812,29.701,23.247,4.824,7.123,6.18
41614,0.774,37.028,22.831,29.72,23.244,4.824,7.165,6.179
41615,0.774,37.116,22.824,29.711,23.251,4.865,7.043,6.179
41616,0.754,37.165,22.839,29.691,23.24,4.662,6.92,5.976
41617,0.748,36.906,22.769,29.701,23.251,4.822,7.041,6.137
41618,0.751,37.067,22.823,29.71,23.247,4.743,6.96,6.219
41619,0.748,37.183,22.785,29.711,23.244,4.823,6.96,6.098
41620,0.734,37.28,22.819,29.682,23.24,4.702,6.96,6.097
41621,0.738,36.84,22.839,29.701,23.247,4.823,7.041,6.138
41622,0.754,37.008,22.812,29.749,23.265,4.865,7.082,6.179
41623,0.738,37.068,22.812,29.701,23.251,4.824,7.042,6.139
41624,0.741,36.963,22.792,29.73,23.258,4.824,6.96,6.179
41625,0.731,36.981,22.8,29.72,23.251,4.865,6.96,6.22
41626,0.741,37.115,22.855,29.72,23.254,4.824,7.0,6.18
41627,0.747,37.213,22.832,29.692,23.237,4.661,6.757,6.017
41628,0.741,36.686,22.828,29.701,23.247,4.782,6.957,6.178
41629,0.747,36.815,22.808,29.701,23.251,4.783,6.878,6.139
41630,0.747,36.941,22.831,29.71,23.244,4.783,6.837,6.098
41631,0.757,37.019,22.824,29.682,23.24,4.702,6.796,6.097
41632,0.761,36.79,22.8,29.71,23.251,4.782,6.958,6.219
41633,0.774,36.95,22.82,29.72,23.265,4.946,7.0,6.18
41634,0.767,37.057,22.785,29.711,23.244,4.825,6.879,6.139
41635,0.77,37.154,22.788,29.711,23.247,4.865,6.959,6.138
41636,0.77,36.868,22.816,29.72,23.254,4.824,6.919,6.219
41637,0.754,37.018,22.8,29.73,23.251,4.824,6.959,6.18
41638,0.748,37.116,22.82,29.692,23.237,4.702,6.797,6.098
41639,0.728,37.136,22.777,29.691,23.251,4.701,6.917,6.178
41640,0.734,36.8,22.812,29.682,23.251,4.742,6.919,6.017
41641,0.741,36.96,22.808,29.681,23.244,4.742,6.919,6.096
41642,0.731,37.067,22.792,29.701,23.24,4.701,6.837,6.138
41643,0.731,37.107,22.839,29.71,23.254,4.823,6.999,6.26
41644,0.741,36.858,22.836,29.73,23.265,4.865,7.001,6.18
41645,0.728,36.989,22.8,29.701,23.248,4.865,6.919,6.179
41646,0.725,37.087,22.839,29.72,23.244,4.784,6.959,6.179
41647,0.741,37.088,22.808,29.73,23.251,4.824,6.878,6.179
41648,0.744,36.934,22.812,29.711,23.251,4.865,6.959,6.139
41649,0.741,37.048,22.757,29.701,23.244,4.702,6.838,5.976
41650,0.744,37.126,22.804,29.682,23.244,4.782,6.837,6.137
41651,0.744,37.002,22.816,29.71,23.247,4.783,6.837,6.179
41652,0.744,36.799,22.839,29.72,23.24,4.783,6.796,6.057
41653,0.757,36.922,22.773,29.672,23.244,4.742,6.755,6.097
41654,0.764,37.048,22.831,29.72,23.254,4.945,6.917,6.219
41655,0.774,36.742,22.863,29.73,23.251,4.785,6.878,6.18
41656,0.748,36.825,22.871,29.711,23.247,4.824,6.837,6.179
41657,0.744,36.96,22.781,29.701,23.251,4.824,6.796,6.179
41658,0.747,37.038,22.788,29.71,23.258,4.783,6.877,6.179
41659,0.741,36.742,22.855,29.701,23.251,4.824,6.715,6.017
41660,0.741,36.854,22.808,29.682,23.24,4.743,6.713,6.056
41661,0.731,37.009,22.831,29.701,23.247,4.823,6.754,6.097
41662,0.725,37.077,22.816,29.691,23.244,4.783,6.714,6.056
41663,0.721,36.646,22.792,29.691,23.251,4.742,6.632,6.056
41664,0.721,36.815,22.843,29.701,23.251,4.742,6.712,6.097
41665,0.731,36.951,22.832,29.71,23.265,4.945,6.835,6.26
41666,0.741,37.019,22.894,29.711,23.248,4.785,6.714,6.099
41667,0.734,36.77,22.789,29.701,23.251,4.824,6.672,6.097
41668,0.744,36.95,22.82,29.71,23.251,4.824,6.631,6.097
41669,0.741,37.057,22.82,29.72,23.251,4.824,6.712,6.138
41670,0.757,37.097,22.808,29.72,23.247,4.824,6.632,6.016
41671,0.741,36.618,22.82,29.682,23.247,4.702,6.59,5.974
41672,0.747,36.776,22.816,29.71,23.251,4.782,6.631,6.055
41673,0.754,36.902,22.824,29.701,23.244,4.783,6.631,6.015
41674,0.748,36.923,22.804,29.682,23.244,4.783,6.631,5.974
41675,0.754,36.856,22.82,29.681,23.244,4.702,6.631,5.933
41676,0.754,36.999,22.882,29.72,23.258,4.863,6.794,6.177
41677,0.754,37.125,22.813,29.72,23.244,4.824,6.633,6.057
41678,0.741,37.299,22.835,29.711,23.251,4.783,6.631,6.056
41679,0.734,36.658,22.789,29.72,23.254,4.824,6.794,6.015
41680,0.725,36.786,22.816,29.73,23.247,4.865,6.714,6.096
41681,0.737,36.902,22.816,29.72,23.251,4.784,6.713,6.016
41682,0.731,36.693,22.777,29.672,23.24,4.742,6.51,5.974
41683,0.718,36.777,22.819,29.701,23.251,4.823,6.63,6.055
41684,0.721,36.902,22.8,29.71,23.251,4.783,6.631,5.975
41685,0.715,36.99,22.796,29.691,23.244,4.824,6.631,5.974
41686,0.718,36.693,22.847,29.701,23.24,4.743,6.672,6.055
41687,0.744,36.825,22.812,29.739,23.265,4.945,6.835,6.097
41688,0.738,36.97,22.8,29.701,23.254,4.825,6.714,6.056
41689,0.741,37.048,22.8,29.71,23.254,4.865,6.672,6.056
41690,0.751,36.512,22.816,29.72,23.258,4.865,6.753,6.097
41691,0.748,36.669,22.824,29.72,23.254,4.824,6.714,6.056
41692,0.764,36.786,22.781,29.692,23.247,4.743,6.632,5.975
41693,0.744,36.807,22.765,29.691,23.244,4.783,6.672,6.015
41694,0.754,36.586,22.792,29.71,23.244,4.742,6.753,5.934
41695,0.754,36.709,22.812,29.711,23.247,4.742,6.632,5.933
41696,0.748,36.825,22.843,29.701,23.24,4.661,6.631,5.852
41697,0.738,36.884,22.754,29.701,23.251,4.863,6.672,6.054
41698,0.744,36.644,22.807,29.758,23.261,4.946,6.835,6.137
41699,0.741,36.748,22.816,29.711,23.247,4.825,6.714,6.057
41700,0.738,36.873,22.8,29.72,23.258,4.905,6.754,5.975
41701,0.738,36.913,22.812,29.72,23.251,4.865,6.795,5.933
41702,0.731,36.616,22.777,29.73,23.251,4.824,6.795,6.014
41703,0.725,36.747,22.819,29.72,23.251,4.865,6.673,5.934
41704,0.718,36.854,22.8,29.692,23.237,4.702,6.631,5.933
41705,0.711,36.855,22.785,29.701,23.247,4.863,6.672,5.974
41706,0.721,36.539,22.851,29.701,23.24,4.865,6.713,5.933
41707,0.731,36.651,22.812,29.691,23.24,4.702,6.672,5.933
41708,0.728,36.757,22.824,29.691,23.244,4.701,6.672,5.892
41709,0.741,36.605,22.785,29.72,23.254,4.863,6.835,6.054
41710,0.76,36.632,22.827,29.73,23.254,4.946,6.755,5.975
41711,0.754,36.738,22.804,29.72,23.244,4.785,6.714,5.974
41712,0.761,36.844,22.816,29.701,23.251,4.864,6.754,6.015
41713,0.767,36.577,22.792,29.71,23.254,4.865,6.754,5.974
41714,0.767,36.728,22.8,29.73,23.258,4.865,6.714,5.933
41715,0.767,36.825,22.808,29.692,23.247,4.702,6.551,5.811
41716,0.741,36.874,22.824,29.691,23.244,4.823,6.671,5.972
41717,0.744,36.501,22.75,29.72,23.251,4.865,6.672,5.974
41718,0.741,36.612,22.78,29.701,23.244,4.743,6.631,5.933
41719,0.734,36.747,22.796,29.701,23.244,4.783,6.631,5.974
41720,0.734,36.825,22.831,29.71,23.244,4.824,6.712,6.015
41721,0.738,36.481,22.843,29.739,23.265,4.946,6.713,6.015
41722,0.738,36.573,22.828,29.72,23.251,4.866,6.632,6.056
41723,0.728,36.689,22.8,29.711,23.244,4.784,6.631,5.975
41724,0.725,36.767,22.792,29.73,23.251,4.783,6.631,6.055
41725,0.731,36.595,22.839,29.739,23.254,4.905,6.753,6.097
41726,0.731,36.718,22.867,29.701,23.244,4.784,6.632,5.975
41727,0.728,36.767,22.781,29.691,23.244,4.702,6.672,6.096
41728,0.744,36.864,22.812,29.72,23.254,4.823,6.672,6.016
41729,0.741,36.5,22.781,29.711,23.244,4.743,6.591,5.974
41730,0.744,36.602,22.784,29.701,23.244,4.701,6.671,6.015
41731,0.744,36.718,22.819,29.701,23.244,4.782,6.672,6.096
41732,0.76,36.787,22.863,29.739,23.258,4.986,6.835,6.178
41733,0.777,36.413,22.789,29.72,23.244,4.826,6.714,6.057
41734,0.764,36.544,22.804,29.711,23.247,4.783,6.672,6.015
41735,0.767,36.651,22.87,29.73,23.247,4.783,6.713,6.096
41736,0.767,36.68,22.855,29.72,23.254,4.864,6.713,6.056
41737,0.767,36.556,22.785,29.73,23.247,4.824,6.672,6.015
41738,0.738,36.622,22.796,29.663,23.237,4.702,6.672,6.056
41739,0.751,36.757,22.792,29.71,23.247,4.823,6.713,6.097
41740,0.738,36.403,22.788,29.701,23.247,4.783,6.713,6.016
41741,0.744,36.477,22.784,29.691,23.237,4.702,6.672,6.015
41742,0.718,36.573,22.784,29.672,23.247,4.782,6.672,6.056
41743,0.721,36.699,22.835,29.729,23.254,4.905,6.875,6.259
41744,0.734,36.307,22.808,29.73,23.251,4.825,6.674,6.139
41745,0.728,36.408,22.808,29.711,23.251,4.824,6.794,6.098
41746,0.725,36.525,22.847,29.73,23.247,4.783,6.714,6.178
41747,0.734,36.612,22.847,29.73,23.254,4.824,6.794,6.139
41748,0.738,36.344,22.828,29.739,23.254,4.824,6.714,6.098
41749,0.741,36.457,22.765,29.692,23.244,4.702,6.551,5.975
41750,0.744,36.583,22.808,29.71,23.247,4.742,6.671,6.015
41751,0.747,36.651,22.788,29.72,23.251,4.823,6.713,6.056
41752,0.751,36.383,22.831,29.701,23.247,4.702,6.672,6.056
41753,0.751,36.515,22.75,29.691,23.244,4.782,6.713,6.097
41754,0.774,36.67,22.788,29.749,23.258,4.946,6.794,6.219
41755,0.774,36.709,22.827,29.72,23.251,4.825,6.714,6.058
41756,0.761,36.374,22.812,29.72,23.251,4.905,6.672,6.137
41757,0.751,36.515,22.831,29.73,23.247,4.825,6.753,6.138
41758,0.754,36.631,22.804,29.73,23.251,4.946,6.754,6.138
41759,0.748,36.671,22.827,29.711,23.244,4.785,6.673,6.057
41760,0.738,36.403,22.812,29.701,23.251,4.824,6.672,6.137
41761,0.744,36.563,22.8,29.701,23.251,4.824,6.713,6.138
41762,0.741,36.66,22.816,29.71,23.247,4.783,6.672,6.138
41763,0.734,36.978,22.753,29.701,23.244,4.783,6.672,6.057
41764,0.728,36.367,22.772,29.72,23.254,4.905,6.753,6.219
41765,0.741,36.534,22.819,29.749,23.254,4.947,6.795,6.22
41766,0.734,36.583,22.816,29.72,23.251,4.825,6.755,6.139
41767,0.747,36.392,22.785,29.711,23.251,4.824,6.714,6.179
41768,0.751,36.4,22.788,29.739,23.251,4.824,6.713,6.179
41769,0.751,36.525,22.8,29.72,23.251,4.905,6.713,6.098
41770,0.757,36.612,22.816,29.73,23.244,4.825,6.591,6.056
41771,0.754,36.21,22.785,29.692,23.244,4.865,6.712,6.137
41772,0.761,36.34,22.827,29.72,23.251,4.824,6.672,6.138
41773,0.748,36.457,22.793,29.72,23.247,4.865,6.672,6.138
41774,0.76,36.554,22.777,29.711,23.237,4.784,6.55,6.098
41775,0.754,36.286,22.804,29.701,23.247,4.864,6.671,6.178
41776,0.767,36.456,22.788,29.72,23.261,4.987,6.835,6.342
41777,0.757,36.592,22.812,29.72,23.247,4.866,6.714,6.14
41778,0.748,36.632,22.773,29.72,23.244,4.865,6.713,6.219
41779,0.751,36.182,22.831,29.73,23.254,4.906,6.713,6.22
41780,0.754,36.35,22.839,29.73,23.251,4.906,6.794,6.18
41781,0.735,36.447,22.808,29.768,23.254,4.865,6.633,6.057
41782,0.728,36.477,22.781,29.682,23.237,4.743,6.631,6.097
41783,0.734,36.334,22.831,29.72,23.244,4.823,6.672,6.138
41784,0.728,36.476,22.816,29.701,23.247,4.824,6.631,6.138
41785,0.734,36.583,22.777,29.691,23.244,4.702,6.672,6.016
41786,0.734,36.613,22.796,29.691,23.251,4.823,6.713,6.137
41787,0.741,36.21,22.851,29.72,23.258,4.946,6.876,6.219
41788,0.754,36.379,22.758,29.72,23.247,4.825,6.755,6.18
41789,0.751,36.476,22.811,29.711,23.247,4.824,6.673,6.139
41790,0.757,36.497,22.824,29.73,23.251,4.905,6.753,6.219
41791,0.757,36.209,22.832,29.72,23.251,4.865,6.754,6.18
41792,0.757,36.35,22.812,29.73,23.251,4.824,6.673,6.098
41793,0.754,36.399,22.792,29.672,23.24,4.783,6.672,6.016
41794,0.764,36.342,22.827,29.71,23.244,4.824,6.713,6.096
41795,0.761,36.236,22.789,29.701,23.244,4.824,6.672,6.056
41796,0.764,36.369,22.839,29.672,23.251,4.743,6.672,6.056
41797,0.751,36.476,22.824,29.691,23.24,4.742,6.713,6.137
41798,0.757,36.142,22.832,29.739,23.251,4.986,6.916,6.219
41799,0.767,36.263,22.812,29.74,23.251,4.785,6.756,6.139
41800,0.744,36.351,22.828,29.711,23.251,4.864,6.836,6.138
41801,0.741,36.457,22.824,29.72,23.251,4.784,6.877,6.179
41802,0.744,36.142,22.796,29.72,23.258,4.824,6.959,6.179
41803,0.741,36.282,22.823,29.73,23.251,4.905,6.919,6.179
41804,0.721,36.399,22.808,29.701,23.233,4.703,6.756,6.057
41805,0.724,36.477,22.8,29.71,23.251,4.863,6.876,6.137
41806,0.731,36.209,22.82,29.711,23.254,4.824,6.959,6.138
41807,0.741,36.331,22.804,29.682,23.244,4.783,6.878,6.138
41808,0.734,36.457,22.82,29.701,23.244,4.824,6.837,6.057
41809,0.751,36.516,22.828,29.73,23.254,4.824,7.08,6.259
41810,0.761,36.133,22.816,29.73,23.254,4.865,7.042,6.18
41811,0.757,36.244,22.82,29.701,23.251,4.865,6.96,6.179
41812,0.757,36.379,22.828,29.72,23.244,4.824,6.96,6.139
41813,0.767,36.438,22.777,29.72,23.251,4.824,7.0,6.138
41814,0.767,36.084,22.808,29.72,23.251,4.824,7.001,6.098
41815,0.761,36.176,22.8,29.682,23.244,4.702,6.879,6.016
41816,0.757,36.302,22.847,29.691,23.247,4.782,7.0,6.137
41817,0.764,36.351,22.73,29.72,23.251,4.824,7.001,6.098
41818,0.754,36.236,22.776,29.701,23.244,4.824,7.001,6.016
41819,0.751,36.36,22.78,29.701,23.24,4.783,6.96,6.056
41820,0.731,36.486,22.8,29.72,23.251,4.905,7.082,6.219
41821,0.744,36.612,22.824,29.739,23.258,4.987,7.042,6.139
41822,0.738,36.086,22.785,29.711,23.251,4.907,7.042,6.138
41823,0.738,36.195,22.777,29.711,23.251,4.784,7.082,6.138
41824,0.741,36.312,22.776,29.72,23.251,4.905,7.083,6.179
41825,0.734,36.159,22.823,29.73,23.258,4.865,7.042,6.139
41826,0.731,36.206,22.816,29.682,23.241,4.662,6.92,6.016
41827,0.731,36.321,22.773,29.72,23.247,4.863,7.041,6.096
41828,0.738,36.418,22.788,29.701,23.251,4.743,7.042,6.056
41829,0.747,36.074,22.761,29.691,23.244,4.783,6.96,6.015
41830,0.76,36.176,22.784,29.691,23.247,4.783,6.96,6.015
41831,0.754,36.302,22.773,29.72,23.247,4.864,7.122,6.218
41832,0.767,36.428,22.823,29.749,23.265,4.865,7.165,6.139
41833,0.761,36.065,22.781,29.72,23.254,4.824,7.084,6.098
41834,0.767,36.224,22.765,29.711,23.247,4.824,7.123,6.016
41835,0.77,36.35,22.823,29.72,23.251,4.865,7.165,6.096
41836,0.767,36.419,22.832,29.73,23.251,4.906,7.124,6.056
41837,0.767,36.055,22.734,29.72,23.244,4.784,7.043,5.934
41838,0.741,36.176,22.784,29.711,23.244,4.824,7.164,5.974
41839,0.738,36.321,22.819,29.72,23.247,4.824,7.165,6.137
41840,0.744,36.361,22.808,29.701,23.251,4.783,7.165,6.057
41841,0.734,35.939,22.796,29.71,23.244,4.783,7.165,6.015
41842,0.734,36.079,22.823,29.691,23.254,4.824,7.206,6.137
41843,0.734,36.253,22.789,29.739,23.258,4.946,7.287,6.138
41844,0.725,36.283,22.808,29.701,23.251,4.825,7.207,6.138
41845,0.724,36.073,22.847,29.73,23.251,4.824,7.287,6.098
41846,0.731,36.205,22.851,29.72,23.254,4.824,7.288,6.097
41847,0.738,36.331,22.769,29.72,23.254,4.865,7.288,6.097
41848,0.747,36.332,22.792,29.692,23.24,4.743,7.125,5.975
41849,0.741,36.102,22.816,29.72,23.251,4.864,7.246,6.096
41850,0.757,36.263,22.816,29.711,23.237,4.743,7.166,6.056
41851,0.754,36.389,22.796,29.72,23.244,4.823,7.165,6.097
41852,0.761,36.007,22.839,29.701,23.244,4.783,7.206,6.016
41853,0.761,35.936,22.715,29.72,23.251,4.905,7.287,6.137
41854,0.78,36.108,22.811,29.739,23.258,4.865,7.329,6.057
41855,0.777,36.186,22.824,29.711,23.251,4.865,7.289,6.015
41856,0.774,35.937,22.8,29.701,23.247,4.865,7.247,6.056
41857,0.767,36.079,22.82,29.768,23.254,4.824,7.206,6.056
41858,0.774,36.205,22.793,29.73,23.251,4.905,7.206,5.975
41859,0.751,36.254,22.835,29.692,23.24,4.703,7.165,5.974
41860,0.744,35.957,22.816,29.72,23.247,4.823,7.206,6.096
41861,0.747,36.117,22.843,29.701,23.244,4.783,7.247,6.016
41862,0.744,36.224,22.832,29.691,23.24,4.783,7.166,5.974
41863,0.734,36.293,22.761,29.71,23.247,4.783,7.165,6.096
41864,0.744,36.034,22.804,29.758,23.258,4.986,7.328,6.26
41865,0.754,36.166,22.831,29.721,23.247,4.785,7.167,6.139
41866,0.744,36.244,22.836,29.72,23.251,4.824,7.165,6.057
41867,0.757,36.341,22.719,29.73,23.254,4.946,7.124,6.097
41868,0.761,35.91,22.799,29.73,23.251,4.825,7.205,6.138
41869,0.774,36.059,22.827,29.72,23.254,4.824,7.125,5.976
41870,0.771,36.128,22.816,29.672,23.24,4.702,7.083,6.015
41871,0.774,36.225,22.839,29.72,23.251,4.823,7.123,6.096
41872,0.771,36.015,22.847,29.711,23.254,4.783,7.043,6.016
41873,0.783,36.147,22.734,29.691,23.254,4.742,7.042,5.974
41874,0.8,36.254,22.772,29.701,23.247,4.823,7.164,6.096
41875,0.81,36.293,22.847,29.72,23.258,4.987,7.287,6.138
41876,0.813,35.91,22.816,29.72,23.247,4.866,7.125,6.098
41877,0.807,36.059,22.781,29.739,23.251,4.824,7.124,6.056
41878,0.807,36.166,22.765,29.72,23.251,4.865,7.165,6.137
41879,0.82,36.148,22.827,29.72,23.247,4.865,7.206,6.098
41880,0.817,35.995,22.804,29.711,23.244,4.784,7.043,5.935
41881,0.803,36.099,22.796,29.682,23.24,4.783,7.123,6.055
41882,0.807,36.234,22.812,29.701,23.251,4.824,7.083,6.015
41883,0.807,35.871,22.753,29.71,23.244,4.824,7.123,6.015
41884,0.803,35.944,22.768,29.701,23.24,4.824,7.083,5.934
41885,0.813,36.079,22.808,29.701,23.24,4.783,7.042,5.974
41886,0.829,36.186,22.831,29.739,23.258,4.905,7.204,6.137
41887,0.843,35.918,22.754,29.72,23.244,4.744,7.125,5.976
41888,0.826,36.011,22.772,29.72,23.247,4.823,7.124,6.055
41889,0.833,36.128,22.769,29.711,23.254,4.865,7.002,6.097
41890,0.833,36.225,22.792,29.739,23.258,4.906,7.082,6.056
41891,0.839,35.842,22.808,29.72,23.251,4.906,6.961,5.975
41892,0.826,35.944,22.808,29.692,23.244,4.784,6.838,5.933
41893,0.849,36.069,22.757,29.72,23.247,4.824,6.999,5.892
41894,0.849,36.157,22.768,29.701,23.251,4.824,7.001,5.933
41895,0.846,36.445,22.812,29.691,23.244,4.783,6.919,5.974
41896,0.853,36.583,22.812,29.682,23.24,4.824,6.919,5.974
41897,0.846,36.718,22.753,29.739,23.258,4.946,7.041,6.137
41898,0.875,36.787,22.792,29.74,23.254,4.866,6.96,6.016
41899,0.876,36.528,22.769,29.711,23.251,4.824,6.96,6.096
41900,0.859,36.679,22.792,29.72,23.251,4.824,6.96,6.016
41901,0.869,36.796,22.796,29.711,23.254,4.865,7.0,6.015
41902,0.859,36.835,22.812,29.73,23.254,4.906,7.001,5.974
41903,0.856,35.397,22.753,29.711,23.247,4.825,6.879,5.893
41904,0.827,35.555,22.792,29.72,23.244,4.946,6.918,5.973
41905,0.833,35.653,22.843,29.701,23.251,4.785,6.919,6.015
41906,0.836,36.066,22.82,29.71,23.24,4.742,6.878,5.974
41907,0.836,36.09,22.746,29.701,23.244,4.742,6.959,5.933
41908,0.839,36.205,22.768,29.72,23.251,4.945,7.082,6.136
41909,0.865,36.34,22.808,29.739,23.254,4.947,6.961,6.098
41910,0.866,35.862,22.788,29.73,23.244,4.825,7.0,6.056
41911,0.869,35.838,22.792,29.73,23.251,4.865,6.96,6.015
41912,0.872,35.953,22.839,29.72,23.254,4.865,6.919,6.137
41913,0.879,36.069,22.777,29.73,23.247,4.906,6.959,6.138
41914,0.879,35.697,22.78,29.692,23.244,4.744,6.838,5.894
41915,0.866,35.817,22.843,29.71,23.247,4.783,6.837,6.054
41916,0.879,35.953,22.765,29.701,23.251,4.864,6.918,6.056
41917,0.859,36.05,22.796,29.701,23.247,4.743,6.878,6.015
41918,0.859,35.677,22.788,29.701,23.24,4.661,6.837,6.015
41919,0.846,35.817,22.8,29.71,23.247,4.822,6.999,6.137
41920,0.853,35.991,22.831,29.73,23.258,4.946,6.96,6.098
41921,0.836,36.051,22.808,29.711,23.251,4.825,6.838,6.097
41922,0.833,35.773,22.824,29.691,23.251,4.824,6.877,6.097
41923,0.81,35.895,22.754,29.73,23.251,4.865,6.959,6.138
41924,0.803,36.04,22.807,29.73,23.251,4.865,6.96,6.098
41925,0.807,36.08,22.82,29.711,23.244,4.743,6.756,5.975
41926,0.797,35.783,22.824,29.682,23.251,4.864,6.876,6.055
41927,0.813,35.943,22.769,29.71,23.251,4.824,6.918,6.137
41928,0.794,36.05,22.776,29.72,23.247,4.743,6.878,5.976
41929,0.774,36.09,22.812,29.701,23.244,4.701,6.837,6.055
41930,0.774,35.85,22.808,29.71,23.247,4.823,6.918,6.178
41931,0.793,36.04,22.847,29.768,23.268,4.905,6.959,6.179
41932,0.797,36.118,22.836,29.702,23.248,4.825,6.878,6.098
41933,0.79,36.138,22.82,29.72,23.251,4.824,6.877,6.138
41934,0.797,35.822,22.796,29.711,23.251,4.824,6.918,6.138
41935,0.784,35.972,22.82,29.73,23.251,4.865,6.959,6.098
41936,0.784,36.06,22.777,29.72,23.247,4.743,6.797,6.016
41937,0.761,35.898,22.792,29.692,23.244,4.742,6.755,6.137
41938,0.764,35.839,22.8,29.691,23.247,4.864,6.876,6.138
41939,0.748,35.953,22.82,29.701,23.251,4.743,6.837,6.057
41940,0.744,36.06,22.808,29.701,23.244,4.742,6.755,6.015
41941,0.734,35.649,22.808,29.701,23.24,4.701,6.795,6.096
41942,0.738,35.769,22.812,29.73,23.258,4.904,6.877,6.219
41943,0.728,35.895,22.781,29.749,23.247,4.784,6.796,6.18
41944,0.712,35.992,22.788,29.72,23.244,4.864,6.795,6.139
41945,0.715,35.705,22.78,29.73,23.247,4.865,6.836,6.219
41946,0.715,35.846,22.816,29.73,23.251,4.906,6.837,6.18
41947,0.721,35.972,22.726,29.73,23.254,4.784,6.796,6.139
41948,0.721,36.031,22.788,29.692,23.24,4.702,6.673,6.057
41949,0.715,35.648,22.816,29.72,23.247,4.782,6.753,6.137
41950,0.715,35.817,22.796,29.72,23.247,4.824,6.673,6.138
41951,0.721,35.915,22.812,29.72,23.24,4.743,6.672,6.098
41952,0.731,35.973,22.839,29.73,23.244,4.742,6.753,6.097
41953,0.741,35.753,22.793,29.739,23.254,4.864,6.836,6.3
41954,0.754,35.924,22.808,29.73,23.251,4.824,6.796,6.18
41955,0.735,36.002,22.788,29.72,23.247,4.783,6.755,6.098
41956,0.728,36.06,22.749,29.73,23.251,4.824,6.876,6.219
41957,0.715,35.61,22.768,29.72,23.247,4.865,6.837,6.18
41958,0.711,35.759,22.776,29.739,23.251,4.865,6.796,6.22
41959,0.702,35.847,22.776,29.692,23.244,4.743,6.755,6.058
41960,0.692,35.896,22.8,29.73,23.251,4.823,6.836,6.178
41961,0.698,35.656,22.8,29.711,23.251,4.743,6.837,6.179
41962,0.695,35.779,22.827,29.701,23.237,4.701,6.877,6.179
41963,0.688,35.905,22.711,29.71,23.244,4.742,6.877,6.139
41964,0.698,36.05,22.776,29.739,23.258,4.864,6.959,6.301
41965,0.708,35.783,22.827,29.73,23.254,4.824,6.96,6.221
41966,0.692,35.885,22.816,29.72,23.251,4.783,7.0,6.22
41967,0.695,35.992,22.703,29.749,23.247,4.824,6.96,6.18
41968,0.698,35.705,22.76,29.74,23.251,4.865,7.0,6.261
41969,0.705,35.76,22.8,29.73,23.251,4.865,6.919,6.221
41970,0.708,35.885,22.769,29.692,23.24,4.662,6.796,6.098
41971,0.708,35.963,22.792,29.72,23.24,4.863,6.958,6.178
41972,0.718,35.628,22.851,29.72,23.244,4.743,6.96,6.22
41973,0.721,35.759,22.812,29.72,23.247,4.701,6.919,6.18
41974,0.715,35.866,22.785,29.692,23.244,4.742,6.919,6.179
41975,0.715,35.944,22.816,29.71,23.251,4.823,7.041,6.342
41976,0.728,35.686,22.785,29.739,23.258,4.905,7.042,6.262
41977,0.715,35.779,22.784,29.72,23.244,4.825,6.92,6.221
41978,0.711,35.924,22.788,29.72,23.247,4.783,7.0,6.22
41979,0.711,35.992,22.792,29.73,23.251,4.783,7.041,6.22
41980,0.698,35.581,22.8,29.73,23.254,4.864,7.001,6.22
41981,0.698,35.701,22.788,29.701,23.244,4.743,6.879,6.098
41982,0.688,35.798,22.804,29.71,23.247,4.783,7.04,6.178
41983,0.682,35.886,22.761,29.73,23.24,4.783,7.001,6.22
41984,0.682,35.637,22.804,29.711,23.247,4.783,7.001,6.22
41985,0.675,35.759,22.827,29.701,23.244,4.742,7.001,6.18
41986,0.678,35.866,22.859,29.72,23.247,4.783,7.082,6.301
41987,0.695,35.963,22.793,29.759,23.258,4.946,7.205,6.302
41988,0.701,35.628,22.784,29.721,23.244,4.744,7.084,6.221
41989,0.705,35.75,22.808,29.72,23.251,4.783,7.083,6.261
41990,0.711,35.876,22.781,29.73,23.254,4.864,7.123,6.262
41991,0.718,35.925,22.796,29.73,23.254,4.824,7.165,6.221
41992,0.724,35.666,22.831,29.711,23.251,4.743,7.002,6.139
41993,0.711,35.779,22.797,29.691,23.247,4.783,7.123,6.219
41994,0.724,35.914,22.792,29.71,23.244,4.783,7.124,6.139
41995,0.721,35.637,22.839,29.711,23.251,4.742,7.043,6.26
41996,0.724,35.596,22.797,29.691,23.24,4.701,7.001,6.099
41997,0.702,35.721,22.784,29.71,23.251,4.823,7.163,6.3
41998,0.724,35.875,22.804,29.749,23.265,4.987,7.287,6.343
41999,0.711,35.551,22.808,29.72,23.248,4.826,7.166,6.303
42000,0.705,35.691,22.796,29.72,23.251,4.783,7.165,6.18
42001,0.702,35.846,22.82,29.72,23.247,4.864,7.206,6.261
42002,0.708,35.934,22.839,29.72,23.254,4.784,7.247,6.221
42003,0.702,35.513,22.804,29.72,23.251,4.783,7.125,6.139
42004,0.688,35.614,22.757,29.701,23.244,4.783,7.165,6.219
42005,0.705,35.74,22.835,29.72,23.247,4.783,7.246,6.18
42006,0.705,35.808,22.8,29.711,23.244,4.742,7.206,6.139
42007,0.702,35.464,22.765,29.691,23.247,4.742,7.165,6.098
42008,0.711,35.614,22.776,29.701,23.244,4.783,7.287,6.219
42009,0.715,35.75,22.847,29.749,23.261,4.864,7.369,6.302
42010,0.728,35.818,22.816,29.72,23.251,4.784,7.289,6.18
42011,0.725,35.617,22.816,29.711,23.251,4.702,7.288,6.22
42012,0.724,35.721,22.808,29.72,23.251,4.823,7.288,6.261
42013,0.731,35.885,22.804,29.73,23.254,4.824,7.41,6.221
42014,0.734,35.934,22.769,29.739,23.254,4.824,7.289,6.139
42015,0.718,35.456,22.815,29.682,23.237,4.661,7.329,6.098
42016,0.724,35.623,22.757,29.71,23.247,4.741,7.329,6.178
42017,0.734,35.74,22.776,29.711,23.247,4.742,7.37,6.098
42018,0.744,35.77,22.784,29.72,23.244,4.783,7.289,6.138
42019,0.76,35.473,22.788,29.692,23.244,4.702,7.288,6.138
42020,0.79,35.633,22.816,29.739,23.258,4.904,7.532,6.301
42021,0.836,35.759,22.796,29.73,23.254,4.825,7.331,6.18
42022,0.839,35.761,22.816,29.711,23.247,4.824,7.37,6.139
42023,0.859,35.674,22.804,29.72,23.254,4.824,7.37,6.26
42024,0.879,35.817,22.753,29.73,23.254,4.865,7.289,6.302
42025,0.905,35.924,22.807,29.72,23.254,4.784,7.329,6.18
42026,0.905,35.561,22.738,29.701,23.24,4.661,7.207,6.098
42027,0.928,35.644,22.757,29.701,23.247,4.782,7.287,6.178
42028,0.948,35.788,22.768,29.71,23.244,4.783,7.288,6.139
42029,0.971,35.857,22.819,29.701,23.244,4.742,7.207,6.138
42030,1.01,35.378,22.777,29.72,23.251,4.783,7.247,6.098
42031,1.033,35.536,22.804,29.73,23.254,4.864,7.328,6.341
42032,1.095,35.691,22.824,29.739,23.258,4.865,7.329,6.14
42033,1.148,35.76,22.789,29.73,23.244,4.824,7.289,6.179
42034,1.2,35.425,22.765,29.72,23.251,4.824,7.247,6.22
42035,1.256,35.546,22.827,29.711,23.247,4.824,7.369,6.22
42036,1.292,35.691,22.715,29.739,23.254,4.865,7.289,6.22
42037,1.309,35.75,22.756,29.701,23.24,4.702,7.085,6.058
42038,1.293,35.473,22.772,29.71,23.254,4.742,7.123,6.259
42039,1.306,35.623,22.804,29.711,23.254,4.742,7.165,6.302
42040,1.296,35.75,22.831,29.711,23.24,4.742,7.165,6.221
42041,1.299,35.799,22.793,29.682,23.244,4.823,7.084,6.302
42042,1.335,35.492,22.835,29.72,23.251,4.865,7.286,6.465
42043,1.339,35.681,22.836,29.739,23.258,4.865,7.207,6.386
42044,1.313,35.76,22.793,29.72,23.251,4.824,7.165,6.385
42045,1.287,35.789,22.839,29.73,23.254,4.824,7.165,6.466
42046,1.277,35.464,22.758,29.759,23.258,4.905,7.206,6.426
42047,1.27,35.623,22.765,29.73,23.254,4.865,7.125,6.548
42048,1.25,35.702,22.745,29.711,23.24,4.743,7.002,6.346
42049,1.182,36.009,22.807,29.701,23.247,4.783,7.041,6.506
42050,1.149,35.466,22.808,29.72,23.251,4.742,7.082,6.63
42051,1.087,35.585,22.792,29.73,23.254,4.823,7.123,6.753
42052,1.031,35.682,22.816,29.701,23.24,4.661,7.083,6.876
42053,0.998,35.463,22.781,29.72,23.247,4.822,7.245,7.162
42054,0.968,35.547,22.816,29.749,23.258,4.905,7.206,7.328
42055,0.906,35.624,22.831,29.72,23.244,4.784,7.125,7.654
42056,0.827,35.75,22.82,29.759,23.247,4.824,7.124,7.82
42057,0.771,35.387,22.781,29.73,23.244,4.783,7.165,8.147
42058,0.735,35.517,22.792,29.72,23.247,4.864,7.165,8.435
42059,0.686,35.624,22.792,29.72,23.247,4.702,7.084,8.601
42060,0.633,35.711,22.788,29.701,23.251,4.782,7.123,8.887
42061,0.616,35.348,22.8,29.71,23.251,4.783,7.083,9.052
42062,0.577,35.469,22.839,29.72,23.244,4.702,7.123,9.339
42063,0.564,35.595,22.75,29.73,23.244,4.66,7.043,9.464
42064,0.531,35.682,22.78,29.701,23.244,4.741,7.164,9.709
42065,0.547,35.463,22.823,29.758,23.261,4.945,7.246,9.833
42066,0.557,35.604,22.828,29.711,23.251,4.744,7.166,9.875
42067,0.596,35.721,22.75,29.73,23.247,4.742,7.246,9.916
42068,0.622,35.779,22.792,29.73,23.258,4.823,7.206,10.079
42069,0.678,35.348,22.784,29.73,23.254,4.824,7.206,10.203
42070,0.721,35.478,22.78,29.73,23.244,4.824,7.125,10.245
42071,0.731,35.585,22.78,29.692,23.247,4.661,7.165,10.448
42072,0.76,35.644,22.816,29.701,23.251,4.782,7.206,10.654
42073,0.78,35.395,22.8,29.72,23.251,4.783,7.084,10.818
42074,0.787,35.536,22.761,29.692,23.247,4.702,7.205,11.064
42075,0.79,35.624,22.815,29.701,23.244,4.701,7.247,11.392
42076,0.806,35.673,22.796,29.758,23.265,4.904,7.288,11.761
42077,0.803,35.453,22.8,29.721,23.248,4.744,7.247,11.927
42078,0.79,35.585,22.761,29.72,23.254,4.742,7.247,12.173
42079,0.797,35.663,22.792,29.72,23.254,4.783,7.247,12.378
42080,0.787,35.558,22.8,29.73,23.251,4.742,7.328,12.543
42081,0.787,35.519,22.788,29.73,23.254,4.783,7.207,12.586
42082,0.764,35.624,22.808,29.701,23.244,4.661,7.084,12.627
42083,0.767,35.75,22.796,29.73,23.251,4.822,7.123,12.749
42084,0.761,35.185,22.769,29.72,23.24,4.743,7.124,12.75
42085,0.754,35.256,22.812,29.711,23.237,4.701,7.124,12.669
42086,0.757,35.382,22.761,29.701,23.251,4.742,7.124,12.668
42087,0.774,35.508,22.776,29.71,23.254,4.864,7.246,12.668
42088,0.787,35.442,22.788,29.739,23.254,4.865,7.125,12.546
42089,0.774,35.575,22.808,29.701,23.247,4.784,7.083,12.504
42090,0.784,35.701,22.804,29.73,23.247,4.742,7.123,12.341
42091,0.79,35.779,22.781,29.739,23.251,4.823,7.124,12.299
42092,0.793,35.253,22.812,29.72,23.251,4.824,7.124,12.095
42093,0.793,35.429,22.808,29.72,23.247,4.661,6.961,11.808
42094,0.79,35.508,22.781,29.701,23.247,4.7,7.041,11.887
42095,0.797,35.585,22.816,29.72,23.251,4.742,7.001,11.725
42096,0.794,35.395,22.753,29.72,23.251,4.742,7.001,11.561
42097,0.784,35.527,22.753,29.701,23.237,4.742,6.919,11.397
42098,0.78,35.662,22.78,29.72,23.247,4.742,7.041,11.476
42099,0.806,35.74,22.843,29.749,23.258,4.905,7.123,11.396
42100,0.781,35.319,22.82,29.72,23.251,4.825,7.043,11.151
42101,0.767,35.44,22.796,29.72,23.251,4.783,6.96,11.067
42102,0.767,35.546,22.804,29.739,23.254,4.783,7.041,10.904
42103,0.774,35.586,22.816,29.74,23.251,4.783,7.042,10.861
42104,0.761,35.433,22.792,29.73,23.247,4.742,6.96,10.658
42105,0.748,35.537,22.816,29.701,23.247,4.742,7.0,10.574
42106,0.764,35.672,22.679,29.72,23.247,4.742,7.041,10.411
42107,0.774,35.712,22.775,29.711,23.244,4.661,7.082,10.369
42108,0.771,35.396,22.769,29.701,23.247,4.66,7.083,10.124
42109,0.774,35.488,22.788,29.71,23.247,4.66,7.164,10.122
42110,0.793,35.624,22.804,29.749,23.258,4.863,7.287,10.081
42111,0.797,35.28,22.785,29.749,23.241,4.784,7.207,9.918
42112,0.794,35.315,22.835,29.72,23.254,4.783,7.247,9.835
42113,0.803,35.449,22.808,29.73,23.251,4.824,7.288,9.712
42114,0.81,35.556,22.761,29.73,23.251,4.865,7.247,9.589
42115,0.813,35.365,22.808,29.72,23.251,4.743,7.206,9.425
42116,0.8,35.469,22.722,29.692,23.237,4.661,7.125,9.424
42117,0.787,35.633,22.776,29.73,23.254,4.782,7.205,9.302
42118,0.793,35.702,22.78,29.73,23.244,4.702,7.125,9.26
42119,0.79,35.242,22.831,29.711,23.24,4.742,7.124,9.137
42120,0.777,35.372,22.808,29.73,23.24,4.742,7.205,8.974
42121,0.78,35.527,22.777,29.739,23.254,4.864,7.328,9.094
42122,0.787,35.643,22.862,29.749,23.247,4.784,7.126,8.892
42123,0.774,35.194,22.805,29.73,23.251,4.742,7.205,8.89
42124,0.764,35.333,22.769,29.73,23.254,4.783,7.247,8.768
42125,0.767,35.469,22.839,29.749,23.258,4.824,7.328,8.726
42126,0.783,35.508,22.734,29.749,23.251,4.743,7.248,8.685
42127,0.78,35.279,22.764,29.701,23.233,4.701,7.084,8.481
42128,0.78,35.401,22.808,29.71,23.244,4.742,7.164,8.479
42129,0.79,35.517,22.831,29.72,23.244,4.701,7.206,8.438
42130,0.797,35.566,22.836,29.72,23.244,4.66,7.165,8.357
42131,0.797,35.375,22.781,29.711,23.233,4.7,7.165,8.275
42132,0.807,35.498,22.812,29.749,23.251,4.782,7.287,8.396
42133,0.813,35.662,22.82,29.74,23.268,4.864,7.329,8.316
42134,0.81,35.664,22.796,29.711,23.254,4.784,7.248,8.193
42135,0.816,35.251,22.808,29.73,23.254,4.783,7.247,8.151
42136,0.82,35.391,22.785,29.739,23.254,4.824,7.247,8.11
42137,0.803,35.517,22.769,29.74,23.251,4.702,7.247,8.028
42138,0.807,35.327,22.815,29.74,23.251,4.701,7.166,7.865
42139,0.79,35.296,22.781,29.711,23.24,4.701,7.165,7.944
42140,0.8,35.449,22.812,29.739,23.251,4.742,7.246,7.864
42141,0.79,35.537,22.796,29.72,23.244,4.742,7.166,7.822
42142,0.8,35.202,22.82,29.701,23.247,4.701,7.124,7.7
42143,0.777,35.324,22.707,29.73,23.244,4.701,7.205,7.74
42144,0.784,35.488,22.78,29.768,23.258,4.904,7.328,7.821
42145,0.797,35.576,22.823,29.759,23.254,4.784,7.289,7.7
42146,0.794,35.337,22.769,29.74,23.251,4.742,7.247,7.658
42147,0.79,35.488,22.776,29.74,23.251,4.742,7.247,7.576
42148,0.8,35.624,22.737,29.74,23.251,4.783,7.247,7.616
42149,0.807,35.692,22.776,29.759,23.254,4.742,7.206,7.535
42150,0.807,35.05,22.765,29.721,23.237,4.579,7.043,7.412
42151,0.813,35.226,22.776,29.749,23.251,4.7,7.204,7.452
42152,0.816,35.343,22.827,29.74,23.247,4.742,7.165,7.452
42153,0.823,35.411,22.773,29.73,23.244,4.661,7.206,7.29
42154,0.833,35.182,22.776,29.73,23.244,4.66,7.206,7.369
42155,0.846,35.342,22.835,29.759,23.261,4.863,7.287,7.37
42156,0.843,35.459,22.734,29.759,23.254,4.743,7.125,7.248
42157,0.826,35.508,22.78,29.74,23.247,4.783,7.165,7.247
42158,0.817,35.25,22.757,29.74,23.244,4.742,7.165,7.247
42159,0.823,35.343,22.811,29.749,23.254,4.783,7.206,7.247
42160,0.82,35.507,22.785,29.749,23.251,4.742,7.165,7.247
42161,0.807,35.49,22.78,29.701,23.24,4.661,7.124,7.125
42162,0.813,35.25,22.812,29.73,23.244,4.741,7.205,7.043
42163,0.813,35.372,22.777,29.739,23.244,4.823,7.165,7.082
42164,0.794,35.479,22.765,29.74,23.244,4.661,7.165,7.042
42165,0.8,35.384,22.788,29.73,23.244,4.66,7.165,7.042
42166,0.816,35.297,22.749,29.787,23.261,4.904,7.409,7.204
42167,0.816,35.44,22.796,29.74,23.247,4.784,7.208,7.003
42168,0.82,35.508,22.777,29.74,23.251,4.702,7.287,6.96
42169,0.826,35.144,22.847,29.74,23.254,4.742,7.288,6.96
42170,0.836,35.256,22.801,29.768,23.251,4.823,7.288,7.041
42171,0.839,35.362,22.808,29.74,23.251,4.743,7.247,6.879
42172,0.826,35.44,22.792,29.72,23.233,4.701,7.125,6.877
42173,0.83,35.125,22.796,29.749,23.251,4.782,7.165,6.837
42174,0.839,35.265,22.792,29.73,23.244,4.661,7.124,6.877
42175,0.836,35.372,22.784,29.72,23.244,4.66,7.124,6.796
42176,0.839,35.469,22.823,29.768,23.244,4.741,7.165,6.755
42177,0.836,35.086,22.793,29.749,23.254,4.864,7.246,6.917
42178,0.839,35.255,22.8,29.759,23.251,4.702,7.166,6.756
42179,0.833,35.362,22.827,29.749,23.251,4.742,7.206,6.754
42180,0.83,35.45,22.785,29.749,23.251,4.742,7.125,6.795
42181,0.833,35.019,22.812,29.74,23.254,4.823,7.124,6.795
42182,0.83,35.159,22.816,29.749,23.251,4.743,7.124,6.714
42183,0.83,35.275,22.785,29.72,23.24,4.701,6.961,6.632
42184,0.81,35.334,22.784,29.739,23.251,4.701,7.122,6.672
42185,0.826,35.239,22.808,29.74,23.251,4.701,7.083,6.591
42186,0.823,35.362,22.703,29.74,23.244,4.742,6.961,6.631
42187,0.833,35.459,22.741,29.74,23.247,4.661,7.0,6.59
42188,0.826,35.508,22.76,29.73,23.251,4.782,7.123,6.631
42189,0.849,35.164,22.827,29.778,23.261,4.824,7.124,6.672
42190,0.846,35.275,22.796,29.759,23.251,4.702,7.083,6.672
42191,0.853,35.411,22.827,29.74,23.254,4.782,7.002,6.713
42192,0.853,35.69,22.812,29.749,23.251,4.742,7.041,6.632
42193,0.856,35.175,22.812,29.759,23.251,4.783,7.082,6.631
42194,0.859,35.294,22.796,29.74,23.244,4.661,6.92,6.428
42195,0.853,35.353,22.777,29.73,23.244,4.7,6.959,6.507
42196,0.856,35.095,22.792,29.739,23.251,4.701,7.0,6.508
42197,0.853,35.102,22.749,29.73,23.24,4.701,6.96,6.467
42198,0.849,35.255,22.768,29.73,23.244,4.66,6.96,6.467
42199,0.843,35.343,22.808,29.749,23.247,4.7,7.041,6.548
42200,0.849,35.219,22.843,29.778,23.261,4.863,7.123,6.59
42201,0.84,35.333,22.832,29.75,23.251,4.662,6.961,6.509
42202,0.836,35.449,22.82,29.749,23.258,4.7,7.0,6.549
42203,0.839,35.547,22.796,29.749,23.254,4.742,6.919,6.508
42204,0.836,34.915,22.792,29.759,23.254,4.783,6.959,6.508
42205,0.843,35.043,22.796,29.759,23.254,4.702,6.96,6.386
42206,0.833,35.178,22.784,29.73,23.237,4.66,6.919,6.385
42207,0.849,35.247,22.761,29.759,23.251,4.782,6.919,6.507
42208,0.849,35.075,22.772,29.74,23.247,4.742,6.919,6.467
42209,0.856,35.226,22.757,29.74,23.244,4.579,6.878,6.386
42210,0.846,35.314,22.753,29.74,23.247,4.659,6.918,6.425
42211,0.872,35.43,22.772,29.797,23.261,4.822,7.122,6.588
42212,0.882,35.096,22.812,29.769,23.251,4.783,6.921,6.468
42213,0.876,35.207,22.785,29.769,23.251,4.742,6.878,6.507
42214,0.889,35.333,22.777,29.778,23.251,4.742,6.959,6.508
42215,0.879,35.392,22.8,29.759,23.247,4.783,6.919,6.386
42216,0.885,35.134,22.726,29.769,23.251,4.783,7.0,6.466
42217,0.879,35.256,22.714,29.749,23.24,4.661,6.797,6.345
42218,0.859,35.353,22.725,29.74,23.244,4.7,6.836,6.384
42219,0.872,35.373,22.815,29.759,23.251,4.66,6.877,6.385
42220,0.869,35.143,22.789,29.749,23.244,4.66,6.796,6.385
42221,0.856,35.275,22.784,29.74,23.244,4.619,6.755,6.303
42222,0.853,35.401,22.804,29.759,23.254,4.781,6.917,6.506
42223,0.875,35.21,22.808,29.797,23.258,4.742,6.959,6.508
42224,0.853,35.113,22.753,29.778,23.251,4.661,6.797,6.427
42225,0.866,35.246,22.792,29.778,23.247,4.741,6.877,6.426
42226,0.866,35.353,22.745,29.778,23.254,4.742,6.837,6.466
42227,0.879,34.97,22.764,29.797,23.251,4.742,6.877,6.386
42228,0.872,35.081,22.765,29.75,23.247,4.701,6.796,6.263
42229,0.859,35.179,22.776,29.72,23.24,4.66,6.795,6.343
42230,0.879,35.295,22.761,29.768,23.247,4.7,6.795,6.343
42231,0.879,35.075,22.765,29.759,23.244,4.66,6.795,6.343
42232,0.879,35.188,22.761,29.759,23.244,4.66,6.795,6.303
42233,0.889,35.314,22.792,29.769,23.251,4.7,6.795,6.343
42234,0.905,35.401,22.796,29.769,23.254,4.782,6.958,6.506
42235,0.912,34.942,22.796,29.797,23.258,4.742,6.797,6.345
42236,0.908,35.072,22.777,29.769,23.244,4.742,6.836,6.384
42237,0.902,35.198,22.769,29.769,23.254,4.742,6.877,6.344
42238,0.895,35.266,22.808,29.769,23.251,4.742,6.918,6.384
42239,0.892,35.046,22.816,29.778,23.254,4.742,6.837,6.344
42240,0.895,35.169,22.792,29.74,23.24,4.62,6.714,6.221
42241,0.882,35.294,22.757,29.768,23.254,4.7,6.794,6.342
42242,0.889,35.363,22.827,29.769,23.247,4.742,6.795,6.303
42243,0.892,34.98,22.8,29.759,23.247,4.742,6.795,6.262
42244,0.886,35.12,22.785,29.778,23.247,4.742,6.755,6.262
42245,0.885,35.208,22.8,29.788,23.251,4.742,6.876,6.384
42246,0.898,35.314,22.808,29.865,23.265,4.823,6.918,6.385
42247,0.908,35.142,22.785,29.789,23.251,4.702,6.796,6.303
42248,0.905,35.275,22.777,29.778,23.244,4.742,6.795,6.425
42249,0.912,35.391,22.839,29.788,23.251,4.823,6.836,6.385
42250,0.918,35.383,22.801,29.798,23.258,4.743,6.918,6.425
42251,0.925,35.124,22.796,29.778,23.251,4.701,6.715,6.304
42252,0.912,35.208,22.769,29.759,23.247,4.62,6.835,6.302
42253,0.928,35.352,22.776,29.797,23.247,4.741,6.796,6.384
42254,0.944,35.085,22.796,29.769,23.247,4.701,6.755,6.303
42255,0.941,35.131,22.757,29.759,23.247,4.66,6.714,6.262
42256,0.945,35.284,22.792,29.778,23.247,4.741,6.876,6.384
42257,0.935,35.411,22.788,29.817,23.258,4.905,6.959,6.507
42258,0.938,35.067,22.823,29.798,23.247,4.784,6.838,6.345
42259,0.941,35.207,22.824,29.807,23.251,4.702,6.877,6.425
42260,0.932,35.343,22.804,29.798,23.251,4.742,6.877,6.304
42261,0.935,35.44,22.8,29.798,23.251,4.742,6.877,6.343
42262,0.922,35.268,22.831,29.778,23.244,4.701,6.796,6.221
42263,0.925,35.401,22.781,29.769,23.247,4.701,6.877,6.302
42264,0.931,35.537,22.761,29.807,23.244,4.66,6.837,6.384
42265,0.925,35.586,22.78,29.807,23.251,4.7,6.796,6.263
42266,0.931,35.088,22.745,29.788,23.244,4.66,6.877,6.302
42267,0.941,35.217,22.776,29.788,23.244,4.741,6.918,6.384
42268,0.964,35.4,22.8,29.817,23.261,4.864,6.959,6.466
42269,0.961,35.431,22.827,29.807,23.254,4.743,6.919,6.345
42270,0.964,35.201,22.781,29.807,23.251,4.742,6.959,6.343
42271,0.977,35.371,22.808,29.798,23.251,4.742,6.96,6.384
42272,0.974,35.479,22.796,29.826,23.258,4.823,6.96,6.385
42273,0.984,35.518,22.784,29.798,23.241,4.621,6.878,6.222
42274,0.984,35.355,22.773,29.769,23.251,4.659,6.959,6.342
42275,0.991,35.498,22.788,29.788,23.24,4.619,6.919,6.303
42276,0.997,35.614,22.78,29.788,23.244,4.7,6.796,6.262
42277,0.984,35.634,22.745,29.778,23.244,4.701,6.795,6.262
42278,0.994,35.357,22.776,29.817,23.251,4.742,6.917,6.343
42279,1.007,35.536,22.788,29.836,23.261,4.905,6.959,6.343
42280,0.991,35.624,22.784,29.798,23.247,4.703,6.797,6.343
42281,0.994,35.568,22.777,29.798,23.251,4.66,6.877,6.303
42282,0.987,35.624,22.757,29.798,23.251,4.7,6.918,6.384
42283,0.991,35.778,22.772,29.817,23.251,4.742,6.959,6.344
42284,0.994,35.866,22.784,29.807,23.244,4.742,6.878,6.221
42285,0.984,35.666,22.761,29.788,23.247,4.701,6.837,6.302
42286,0.994,35.827,22.753,29.807,23.247,4.742,6.918,6.302
42287,1.007,35.924,22.725,29.788,23.247,4.701,6.796,6.18
42288,1.01,36.021,22.764,29.788,23.247,4.66,6.795,6.22
42289,1.02,35.658,22.753,29.798,23.251,4.7,6.917,6.302
42290,1.036,35.827,22.796,29.846,23.261,4.904,7.041,6.465
42291,1.04,35.943,22.788,29.808,23.251,4.784,6.92,6.304
42292,1.04,35.993,22.796,29.817,23.254,4.783,7.0,6.302
42293,1.046,35.84,22.781,29.798,23.261,4.742,6.919,6.302
42294,1.043,35.982,22.784,29.817,23.251,4.742,7.041,6.262
42295,1.059,36.098,22.808,29.807,23.251,4.701,6.92,6.18
42296,1.063,36.148,22.761,29.779,23.24,4.62,6.919,6.22
42297,1.056,36.004,22.745,29.817,23.251,4.659,7.041,6.22
42298,1.06,36.127,22.784,29.817,23.247,4.66,7.001,6.18
42299,1.06,36.234,22.761,29.788,23.247,4.66,6.919,6.22
42300,1.05,36.283,22.761,29.798,23.247,4.66,6.959,6.302
42301,1.063,36.236,22.784,29.846,23.261,4.822,7.163,6.425
42302,1.066,36.36,22.78,29.817,23.254,4.661,7.043,6.304
42303,1.063,36.476,22.761,29.798,23.258,4.7,7.042,6.302
42304,1.063,36.477,22.792,29.826,23.261,4.823,7.082,6.384
42305,1.056,36.324,22.808,29.817,23.258,4.783,6.961,6.344
42306,1.05,36.457,22.788,29.817,23.247,4.661,6.878,6.221
42307,1.063,36.525,22.753,29.798,23.244,4.7,6.959,6.302
42308,1.079,36.497,22.784,29.817,23.251,4.742,6.96,6.221
42309,1.083,36.401,22.78,29.807,23.244,4.661,7.0,6.261
42310,1.079,36.515,22.737,29.798,23.244,4.741,6.838,6.302
42311,1.086,36.612,22.749,29.826,23.244,4.701,6.958,6.302
42312,1.105,36.469,22.819,29.855,23.268,4.863,7.204,6.384
42313,1.122,36.573,22.773,29.817,23.251,4.784,7.003,6.263
42314,1.116,36.68,22.765,29.827,23.251,4.783,7.123,6.262
42315,1.109,36.786,22.811,29.836,23.251,4.783,7.002,6.302
42316,1.119,36.711,22.734,29.836,23.254,4.783,7.001,6.262
42317,1.115,36.834,22.768,29.817,23.251,4.661,6.919,6.18
42318,1.102,36.922,22.761,29.779,23.247,4.66,7.0,6.22
42319,1.106,37.009,22.827,29.817,23.247,4.66,7.001,6.261
42320,1.109,36.751,22.8,29.807,23.251,4.741,7.001,6.18
42321,1.102,36.873,22.781,29.807,23.244,4.579,7.001,6.139
42322,1.093,36.99,22.776,29.817,23.247,4.781,7.001,6.219
42323,1.105,37.096,22.8,29.846,23.258,4.824,7.163,6.383
42324,1.106,37.049,22.808,29.837,23.251,4.702,7.043,6.222
42325,1.096,37.154,22.777,29.846,23.254,4.782,7.082,6.261
42326,1.099,37.29,22.776,29.837,23.254,4.702,7.042,6.302
42327,1.112,37.329,22.776,29.846,23.258,4.782,7.042,6.262
42328,1.122,37.013,22.812,29.846,23.251,4.742,6.96,6.221
42329,1.116,37.106,22.792,29.808,23.244,4.661,6.96,6.139
42330,1.128,37.251,22.781,29.826,23.247,4.782,7.082,6.138
42331,1.129,37.281,22.78,29.836,23.247,4.742,7.123,6.138
42332,1.132,37.109,22.773,29.808,23.247,4.661,7.124,6.179
42333,1.129,37.27,22.776,29.817,23.244,4.619,7.165,6.22
42334,1.145,37.415,22.808,29.846,23.258,4.822,7.328,6.342
42335,1.155,37.695,22.785,29.817,23.251,4.661,7.329,6.221
42336,1.152,37.199,22.765,29.827,23.247,4.7,7.289,6.18
42337,1.142,37.328,22.737,29.836,23.254,4.701,7.369,6.261
42338,1.129,37.416,22.78,29.846,23.258,4.742,7.289,6.302
42339,1.132,37.263,22.823,29.846,23.254,4.701,7.288,6.221
42340,1.116,37.319,22.761,29.817,23.237,4.66,7.166,6.098
42341,1.106,37.416,22.776,29.836,23.251,4.782,7.287,6.138
42342,1.106,37.513,22.737,29.827,23.251,4.661,7.288,6.138
42343,1.099,37.284,22.78,29.827,23.244,4.66,7.207,6.098
42344,1.089,37.406,22.796,29.827,23.237,4.619,7.247,6.138
42345,1.086,37.513,22.769,29.846,23.247,4.781,7.369,6.301
42346,1.092,37.638,22.769,29.875,23.265,4.824,7.289,6.18
42347,1.089,37.304,22.73,29.846,23.248,4.661,7.288,6.179
42348,1.089,37.454,22.795,29.846,23.251,4.782,7.288,6.179
42349,1.086,37.571,22.8,29.856,23.247,4.742,7.288,6.179
42350,1.092,37.658,22.773,29.856,23.251,4.783,7.329,6.301
42351,1.092,37.419,22.776,29.827,23.24,4.661,7.207,6.099
42352,1.073,37.522,22.757,29.846,23.247,4.7,7.287,6.138
42353,1.079,37.677,22.78,29.846,23.244,4.701,7.207,6.138
42354,1.073,37.726,22.765,29.846,23.244,4.701,7.165,6.098
42355,1.069,37.468,22.769,29.837,23.244,4.66,7.124,6.056
42356,1.063,37.609,22.769,29.836,23.251,4.741,7.327,6.219
42357,1.053,37.764,22.761,29.884,23.261,4.864,7.289,6.22
42358,1.047,37.766,22.78,29.856,23.251,4.662,7.207,6.139
42359,1.03,37.459,22.816,29.827,23.251,4.741,7.247,6.219
42360,1.02,37.609,22.808,29.865,23.254,4.742,7.206,6.18
42361,1.007,37.707,22.765,29.875,23.254,4.742,7.206,6.179
42362,0.991,37.717,22.761,29.837,23.237,4.539,7.003,6.017
42363,0.981,37.679,22.753,29.846,23.247,4.699,7.123,6.056
42364,0.968,37.832,22.768,29.837,23.251,4.742,7.124,6.056
42365,0.951,37.9,22.772,29.836,23.247,4.62,7.083,6.056
42366,0.941,37.671,22.769,29.846,23.24,4.659,7.123,6.137
42367,0.954,37.582,22.761,29.875,23.251,4.822,7.165,6.26
42368,0.961,37.764,22.78,29.894,23.261,4.702,7.165,6.139
42369,0.945,37.814,22.761,29.847,23.247,4.701,7.084,6.179
42370,0.948,37.603,22.769,29.856,23.247,4.66,7.123,6.22
42371,0.941,37.754,22.765,29.865,23.251,4.741,7.124,6.18
42372,0.945,37.852,22.765,29.856,23.251,4.742,7.124,6.179
42373,0.932,37.939,22.769,29.837,23.24,4.62,6.961,6.057
42374,0.922,37.451,22.78,29.827,23.247,4.659,7.082,6.137
42375,0.925,37.609,22.753,29.855,23.247,4.66,7.002,6.098
42376,0.918,37.726,22.757,29.856,23.244,4.66,7.041,6.056
42377,0.896,37.794,22.757,29.837,23.247,4.619,7.001,6.015
42378,0.889,37.66,22.776,29.846,23.251,4.741,7.163,6.218
42379,0.895,37.832,22.776,29.875,23.258,4.864,7.165,6.261
42380,0.876,37.929,22.761,29.856,23.244,4.621,7.084,6.139
42381,0.859,37.988,22.761,29.865,23.251,4.7,7.083,6.179
42382,0.856,37.576,22.776,29.865,23.247,4.782,7.123,6.261
42383,0.846,37.735,22.757,29.875,23.258,4.783,7.124,6.221
42384,0.827,37.823,22.78,29.865,23.247,4.62,7.002,6.098
42385,0.817,37.805,22.753,29.837,23.24,4.659,7.001,6.138
42386,0.82,37.526,22.768,29.875,23.251,4.66,6.96,6.098
42387,0.826,37.648,22.765,29.856,23.254,4.7,6.96,6.138
42388,0.83,37.716,22.769,29.846,23.244,4.701,6.96,6.179
42389,0.823,37.746,22.718,29.856,23.251,4.701,6.919,6.22
42390,0.83,37.602,22.752,29.894,23.261,4.904,7.163,6.342
42391,0.836,37.764,22.761,29.885,23.251,4.744,6.962,6.181
42392,0.83,37.833,22.726,29.875,23.251,4.742,6.96,6.179
42393,0.83,37.833,22.749,29.875,23.251,4.783,6.96,6.22
42394,0.833,37.613,22.815,29.875,23.251,4.783,6.96,6.261
42395,0.817,37.735,22.761,29.885,23.258,4.783,6.919,6.18
42396,0.816,37.823,22.765,29.866,23.241,4.62,6.796,6.057
42397,0.79,37.546,22.78,29.875,23.247,4.7,6.877,6.219
42398,0.797,37.62,22.808,29.875,23.254,4.782,6.918,6.22
42399,0.79,37.755,22.726,29.846,23.244,4.661,6.837,6.139
42400,0.784,37.813,22.749,29.865,23.244,4.7,6.837,6.179
42401,0.784,37.536,22.753,29.875,23.251,4.742,6.999,6.301
42402,0.793,37.677,22.757,29.913,23.258,4.783,6.919,6.221
42403,0.78,37.774,22.768,29.876,23.251,4.702,6.878,6.302
42404,0.767,37.862,22.792,29.885,23.251,4.782,6.796,6.302
42405,0.774,37.393,22.765,29.894,23.254,4.742,6.836,6.262
42406,0.767,37.56,22.753,29.885,23.258,4.783,6.755,6.262
42407,0.77,37.668,22.745,29.866,23.241,4.661,6.673,6.139
42408,0.767,37.707,22.784,29.875,23.251,4.7,6.753,6.138
42409,0.774,37.468,22.745,29.894,23.247,4.742,6.754,6.219
42410,0.78,37.619,22.776,29.885,23.251,4.661,6.673,6.22
42411,0.774,37.716,22.765,29.875,23.24,4.66,6.672,6.18
42412,0.78,37.775,22.733,29.894,23.251,4.741,6.875,6.261
42413,0.787,37.449,22.784,29.933,23.258,4.823,6.877,6.302
42414,0.793,37.542,22.796,29.885,23.254,4.743,6.796,6.221
42415,0.79,37.648,22.749,29.904,23.247,4.742,6.877,6.22
42416,0.787,37.697,22.729,29.895,23.251,4.783,6.918,6.22
42417,0.784,37.525,22.76,29.894,23.251,4.824,6.878,6.22
42418,0.764,37.629,22.792,29.875,23.251,4.621,6.796,6.098
42419,0.757,37.716,22.738,29.885,23.244,4.7,6.958,6.138
42420,0.754,37.995,22.76,29.904,23.247,4.742,6.919,6.138
42421,0.744,37.48,22.745,29.875,23.24,4.661,6.878,6.098
42422,0.738,37.59,22.753,29.875,23.24,4.782,6.837,6.097
42423,0.744,37.697,22.745,29.894,23.244,4.742,6.999,6.219
42424,0.751,37.477,22.784,29.942,23.261,4.864,7.123,6.261
42425,0.754,37.446,22.745,29.895,23.251,4.784,7.043,6.221
42426,0.754,37.571,22.733,29.904,23.251,4.783,7.123,6.18
42427,0.751,37.668,22.745,29.914,23.251,4.783,7.002,6.22
42428,0.761,37.467,22.8,29.904,23.251,4.824,7.082,6.22
42429,0.754,37.571,22.785,29.895,23.251,4.661,7.002,6.098
42430,0.748,37.668,22.753,29.904,23.244,4.66,7.082,6.138
42431,0.747,37.774,22.761,29.895,23.247,4.741,7.083,6.219
42432,0.754,37.2,22.733,29.904,23.24,4.742,7.083,6.18
42433,0.754,37.348,22.741,29.885,23.24,4.701,7.042,6.139
42434,0.764,37.445,22.796,29.885,23.247,4.782,7.164,6.138
42435,0.78,37.561,22.745,29.933,23.258,4.946,7.246,6.301
42436,0.78,37.418,22.737,29.895,23.247,4.744,7.166,6.221
42437,0.761,37.532,22.737,29.923,23.254,4.783,7.124,6.22
42438,0.754,37.658,22.807,29.914,23.254,4.783,7.205,6.22
42439,0.764,37.717,22.792,29.923,23.258,4.864,7.206,6.22
42440,0.748,37.295,22.769,29.914,23.244,4.743,7.125,6.098
42441,0.741,37.387,22.749,29.885,23.24,4.701,7.043,6.178
42442,0.757,37.541,22.757,29.914,23.251,4.742,7.164,6.179
42443,0.751,37.6,22.784,29.895,23.247,4.742,7.084,6.139
42444,0.744,37.332,22.773,29.894,23.237,4.701,7.083,6.179
42445,0.734,37.474,22.757,29.894,23.244,4.701,7.083,6.179
42446,0.738,37.609,22.765,29.952,23.254,4.863,7.245,6.301
42447,0.754,37.639,22.765,29.933,23.247,4.743,7.084,6.262
42448,0.741,37.362,22.808,29.914,23.247,4.701,7.083,6.221
42449,0.751,37.483,22.804,29.923,23.254,4.782,7.002,6.18
42450,0.757,37.6,22.792,29.933,23.254,4.824,7.001,6.261
42451,0.77,37.524,22.769,29.943,23.258,4.824,7.082,6.139
42452,0.764,37.389,22.722,29.914,23.234,4.661,6.92,6.098
42453,0.751,37.541,22.776,29.933,23.251,4.741,7.0,6.138
42454,0.77,37.629,22.773,29.914,23.244,4.742,6.96,6.138
42455,0.774,37.256,22.749,29.923,23.247,4.661,6.96,6.057
42456,0.774,37.348,22.745,29.904,23.247,4.7,6.919,6.137
42457,0.767,37.493,22.757,29.933,23.254,4.863,7.041,6.341
42458,0.77,37.59,22.827,29.952,23.251,4.743,7.001,6.262
42459,0.761,37.284,22.777,29.924,23.254,4.742,7.001,6.262
42460,0.751,37.425,22.761,29.933,23.254,4.783,7.041,6.221
42461,0.744,37.561,22.776,29.933,23.258,4.783,7.042,6.22
42462,0.747,37.629,22.757,29.933,23.251,4.824,7.123,6.139
42463,0.747,37.218,22.757,29.924,23.24,4.621,7.002,6.057
42464,0.731,37.367,22.772,29.914,23.251,4.781,7.123,6.178
42465,0.734,37.503,22.765,29.923,23.251,4.742,7.083,6.139
42466,0.734,37.562,22.745,29.933,23.244,4.661,7.042,6.098
42467,0.741,37.294,22.745,29.924,23.247,4.7,7.123,6.178
42468,0.754,37.444,22.772,29.952,23.261,4.904,7.287,6.342
42469,0.774,37.58,22.804,29.953,23.261,4.784,7.166,6.221
42470,0.764,37.601,22.777,29.953,23.247,4.783,7.206,6.22
42471,0.77,37.285,22.737,29.933,23.254,4.742,7.206,6.261
42472,0.787,37.396,22.733,29.933,23.251,4.864,7.287,6.221
42473,0.774,37.541,22.757,29.952,23.251,4.743,7.207,6.139
42474,0.767,37.533,22.78,29.905,23.237,4.661,7.125,6.138
42475,0.774,37.284,22.741,29.933,23.251,4.741,7.165,6.219
42476,0.777,37.416,22.753,29.924,23.251,4.742,7.165,6.139
42477,0.774,37.532,22.745,29.923,23.244,4.661,7.043,6.098
42478,0.761,37.687,22.761,29.923,23.247,4.7,7.164,6.138
42479,0.754,37.305,22.776,29.943,23.258,4.904,7.287,6.382
42480,0.774,37.483,22.765,29.962,23.258,4.825,7.207,6.181
42481,0.761,37.552,22.757,29.933,23.247,4.743,7.247,6.179
42482,0.754,37.418,22.776,29.943,23.247,4.783,7.125,6.139
42483,0.751,37.513,22.753,29.962,23.254,4.864,7.124,6.219
42484,0.757,37.638,22.804,29.953,23.261,4.784,7.124,6.261
42485,0.748,37.716,22.746,29.953,23.237,4.742,7.002,6.058
42486,0.744,37.209,22.753,29.953,23.251,4.742,7.123,6.219
42487,0.76,37.328,22.753,29.943,23.247,4.783,7.043,6.18
42488,0.761,37.426,22.772,29.924,23.24,4.742,7.042,6.057
42489,0.748,37.503,22.796,29.923,23.244,4.742,7.123,6.097
42490,0.754,37.274,22.753,29.962,23.258,4.783,7.246,6.3
42491,0.774,37.454,22.78,29.972,23.261,4.783,7.206,6.221
42492,0.761,37.542,22.702,29.953,23.251,4.702,7.125,6.18
42493,0.777,37.61,22.76,29.962,23.247,4.701,7.246,6.22
42494,0.787,37.898,22.808,29.953,23.254,4.782,7.247,6.22
42495,0.787,38.026,22.703,29.953,23.254,4.742,7.206,6.18
42496,0.777,38.133,22.76,29.943,23.244,4.661,7.043,6.098
42497,0.764,38.162,22.733,29.924,23.244,4.7,7.164,6.138
42498,0.767,36.935,22.792,29.952,23.244,4.742,7.165,6.138
42499,0.754,37.057,22.792,29.933,23.247,4.661,7.043,6.179
42500,0.751,37.174,22.749,29.933,23.251,4.7,7.082,6.098
42501,0.754,37.223,22.764,29.924,23.254,4.742,7.205,6.26
42502,0.767,37.463,22.745,29.971,23.261,4.905,7.287,6.221
42503,0.761,37.619,22.764,29.972,23.251,4.744,7.207,6.22
42504,0.741,37.687,22.78,29.972,23.251,4.742,7.206,6.139
42505,0.747,37.698,22.741,29.972,23.251,4.742,7.206,6.179
42506,0.747,37.238,22.745,29.962,23.254,4.864,7.328,6.261
42507,0.744,37.367,22.741,29.962,23.251,4.784,7.289,6.139
42508,0.747,37.426,22.78,29.943,23.24,4.742,7.247,6.138
42509,0.76,37.34,22.776,29.962,23.251,4.701,7.288,6.138
42510,0.767,37.359,22.8,29.962,23.251,4.782,7.288,6.138
42511,0.761,37.455,22.777,29.943,23.237,4.702,7.288,6.098
42512,0.774,37.542,22.722,29.952,23.247,4.742,7.329,6.178
42513,0.784,37.178,22.76,29.981,23.261,4.945,7.451,6.301
42514,0.8,37.299,22.792,29.972,23.247,4.825,7.371,6.221
42515,0.781,37.377,22.738,29.953,23.254,4.743,7.289,6.139
42516,0.787,37.493,22.745,29.972,23.247,4.823,7.41,6.219
42517,0.774,37.092,22.761,29.972,23.251,4.824,7.411,6.22
42518,0.771,37.231,22.808,29.972,23.251,4.743,7.33,6.098
42519,0.761,37.319,22.761,29.943,23.247,4.661,7.248,6.097
42520,0.757,37.416,22.769,29.981,23.244,4.782,7.288,6.097
42521,0.751,37.283,22.745,29.953,23.247,4.742,7.288,6.097
42522,0.741,37.406,22.694,29.953,23.247,4.701,7.207,6.056
42523,0.738,37.522,22.737,29.943,23.24,4.782,7.206,6.097
42524,0.734,37.61,22.788,29.981,23.254,4.864,7.409,6.26
42525,0.754,37.15,22.749,30.001,23.258,4.784,7.371,6.099
42526,0.744,37.251,22.753,29.963,23.251,4.824,7.37,6.138
42527,0.754,37.358,22.745,29.962,23.247,4.783,7.33,6.138
42528,0.751,37.407,22.78,29.991,23.251,4.864,7.289,6.138
42529,0.761,37.091,22.769,29.991,23.254,4.743,7.288,6.219
42530,0.751,37.203,22.772,29.962,23.237,4.661,7.125,5.976
42531,0.754,37.3,22.765,29.991,23.247,4.782,7.205,6.055
42532,0.761,37.329,22.745,29.982,23.247,4.742,7.206,6.097
42533,0.761,37.186,22.753,29.982,23.247,4.701,7.125,6.016
42534,0.77,37.29,22.776,29.953,23.244,4.701,7.165,6.015
42535,0.767,37.396,22.745,29.972,23.244,4.782,7.246,6.137
42536,0.783,37.398,22.757,30.029,23.254,4.905,7.288,6.098
42537,0.767,37.139,22.745,29.982,23.251,4.744,7.166,6.056
42538,0.754,37.28,22.776,29.972,23.251,4.823,7.206,6.056
42539,0.761,37.377,22.741,29.972,23.254,4.824,7.287,6.137
42540,0.744,37.11,22.745,30.001,23.247,4.865,7.207,6.098
42541,0.744,37.203,22.718,29.982,23.244,4.702,7.084,5.975
42542,0.738,37.281,22.706,29.972,23.254,4.742,7.083,6.137
42543,0.751,37.406,22.748,29.981,23.247,4.742,7.083,6.057
42544,0.738,37.043,22.78,29.972,23.24,4.742,7.083,6.056
42545,0.738,37.173,22.741,29.981,23.244,4.661,7.002,6.015
42546,0.738,37.299,22.721,29.982,23.251,4.822,7.163,6.137
42547,0.757,37.416,22.752,30.02,23.261,4.946,7.206,6.179
42548,0.761,36.966,22.765,30.001,23.247,4.825,7.084,6.098
42549,0.761,37.106,22.698,29.982,23.244,4.743,6.961,6.138
42550,0.757,37.232,22.713,30.01,23.251,4.783,7.122,6.098
42551,0.764,37.3,22.706,30.011,23.254,4.824,7.205,6.138
42552,0.774,36.955,22.674,30.02,23.251,4.743,7.003,5.976
42553,0.751,37.067,22.717,29.982,23.247,4.823,7.123,6.096
42554,0.767,37.202,22.772,30.001,23.251,4.702,7.124,6.016
42555,0.774,37.252,22.722,29.982,23.251,4.701,7.043,6.056
42556,0.771,36.878,22.71,29.982,23.24,4.701,7.001,6.056
42557,0.764,37.018,22.756,29.991,23.244,4.742,7.123,6.097
42558,0.767,37.164,22.815,30.03,23.258,4.905,7.205,6.178
42559,0.761,37.175,22.738,30.011,23.258,4.825,7.125,6.098
42560,0.748,37.108,22.714,30.001,23.251,4.824,7.083,6.138
42561,0.747,37.251,22.733,30.001,23.254,4.824,7.164,6.138
42562,0.754,37.348,22.682,30.001,23.258,4.865,7.124,6.179
42563,0.744,37.694,22.725,30.001,23.247,4.702,7.002,6.017
42564,0.728,36.873,22.799,29.982,23.244,4.701,7.041,6.096
42565,0.734,37.018,22.73,30.001,23.244,4.823,7.042,6.097
42566,0.728,37.144,22.729,30.011,23.244,4.702,6.96,6.056
42567,0.741,37.021,22.756,29.991,23.247,4.701,7.0,5.975
42568,0.734,37.077,22.796,30.001,23.251,4.823,7.041,6.177
42569,0.747,37.222,22.745,30.03,23.268,4.905,7.164,6.261
42570,0.76,37.329,22.737,29.992,23.251,4.784,7.043,6.18
42571,0.751,36.879,22.749,30.01,23.251,4.783,7.042,6.22
42572,0.767,36.999,22.71,30.02,23.247,4.824,7.042,6.261
42573,0.757,37.144,22.748,30.02,23.251,4.783,7.123,6.262
42574,0.764,37.184,22.807,30.001,23.247,4.783,6.961,6.139
42575,0.757,36.897,22.699,29.982,23.24,4.702,6.96,6.138
42576,0.767,37.076,22.752,29.991,23.244,4.863,6.96,6.098
42577,0.757,37.203,22.776,30.01,23.251,4.743,7.0,6.138
42578,0.754,37.261,22.796,29.991,23.247,4.701,6.919,6.138
42579,0.754,36.84,22.753,30.001,23.24,4.782,7.041,6.219
42580,0.741,37.028,22.768,30.03,23.254,4.905,7.204,6.383
42581,0.744,37.154,22.761,30.011,23.251,4.825,7.043,6.222
42582,0.738,37.184,22.729,30.011,23.251,4.824,7.042,6.261
42583,0.734,36.858,22.729,30.03,23.251,4.824,7.082,6.302
42584,0.725,36.999,22.799,30.02,23.254,4.865,7.123,6.343
42585,0.731,37.115,22.73,30.02,23.251,4.784,7.083,6.221
42586,0.721,37.145,22.753,29.982,23.237,4.661,6.88,6.261
42587,0.724,36.868,22.753,30.02,23.244,4.741,6.959,6.18
42588,0.731,37.018,22.815,30.001,23.251,4.701,7.0,6.22
42589,0.734,37.106,22.703,30.001,23.244,4.742,7.082,6.18
42590,0.731,37.136,22.733,29.991,23.247,4.742,7.083,6.179
42591,0.747,36.896,22.78,30.039,23.261,4.905,7.164,6.342
42592,0.76,37.047,22.78,30.097,23.254,4.825,7.043,6.262
42593,0.748,37.126,22.726,30.021,23.251,4.743,7.123,6.262
42594,0.767,36.935,22.807,30.011,23.254,4.823,7.124,6.221
42595,0.767,36.846,22.656,30.039,23.251,4.865,7.124,6.261
42596,0.761,36.999,22.748,30.02,23.254,4.784,7.083,6.221
42597,0.764,37.058,22.772,30.02,23.237,4.661,6.961,6.139
42598,0.735,36.819,22.804,30.02,23.251,4.822,7.122,6.26
42599,0.731,36.931,22.726,30.02,23.244,4.702,7.002,6.221
42600,0.731,37.076,22.753,30.02,23.244,4.742,6.96,6.18
42601,0.728,37.135,22.776,30.001,23.24,4.661,7.0,6.139
42602,0.734,36.829,22.691,30.02,23.254,4.822,7.123,6.341
42603,0.734,37.008,22.752,30.059,23.254,4.865,7.205,6.221
42604,0.728,37.096,22.792,30.04,23.244,4.784,7.043,6.18
42605,0.721,37.184,22.722,30.02,23.251,4.783,7.042,6.261
42606,0.724,36.743,22.752,30.049,23.254,4.783,7.164,6.302
42607,0.731,36.892,22.718,30.03,23.254,4.824,7.124,6.18
42608,0.734,36.98,22.737,30.011,23.247,4.783,6.961,6.057
42609,0.718,37.019,22.69,30.03,23.244,4.783,7.041,6.178
42610,0.737,36.79,22.717,30.02,23.251,4.742,7.082,6.179
42611,0.744,36.893,22.737,30.03,23.247,4.701,7.002,6.139
42612,0.741,37.019,22.597,30.011,23.244,4.701,7.001,6.179
42613,0.744,37.058,22.716,30.03,23.244,4.742,7.163,6.22
42614,0.754,36.809,22.799,30.049,23.261,4.905,7.206,6.342
42615,0.761,36.941,22.679,30.03,23.244,4.744,7.084,6.181
42616,0.757,37.057,22.76,30.03,23.247,4.701,7.002,6.179
42617,0.751,37.097,22.722,30.02,23.244,4.863,7.082,6.22
42618,0.751,36.877,22.803,30.039,23.254,4.824,7.123,6.302
42619,0.744,36.999,22.714,30.03,23.251,4.783,7.043,6.221
42620,0.728,37.087,22.706,30.02,23.237,4.661,7.001,6.098
42621,0.728,37.174,22.745,30.03,23.251,4.741,7.001,6.138
42622,0.721,36.897,22.694,30.02,23.251,4.742,7.001,6.138
42623,0.724,37.009,22.733,30.02,23.244,4.742,7.001,6.138
42624,0.718,37.077,22.776,30.011,23.237,4.783,7.001,6.138
42625,0.718,36.761,22.722,30.049,23.258,4.824,7.082,6.341
42626,0.721,36.854,22.772,30.059,23.254,4.865,7.123,6.181
42627,0.721,36.951,22.745,30.03,23.251,4.702,6.921,6.179
42628,0.728,37.038,22.764,30.03,23.244,4.823,6.959,6.139
42629,0.728,36.79,22.648,30.049,23.251,4.824,7.082,6.179
42630,0.734,36.912,22.701,30.059,23.258,4.824,7.042,6.22
42631,0.741,37.047,22.741,30.03,23.241,4.702,6.879,6.017
42632,0.731,37.087,22.714,30.04,23.244,4.823,6.959,6.137
42633,0.738,36.752,22.752,30.049,23.247,4.743,7.0,6.098
42634,0.744,36.883,22.792,30.021,23.244,4.701,6.96,6.097
42635,0.731,36.999,22.765,30.039,23.244,4.701,6.96,6.097
42636,0.738,37.077,22.745,30.02,23.247,4.742,6.96,6.178
42637,0.747,36.838,22.772,30.059,23.261,4.905,7.163,6.22
42638,0.738,36.97,22.796,30.04,23.247,4.784,7.124,6.139
42639,0.731,37.058,22.722,30.03,23.251,4.783,7.043,6.138
42640,0.728,37.154,22.717,30.068,23.251,4.864,7.082,6.179
42641,0.725,36.695,22.733,30.04,23.254,4.865,7.123,6.098
42642,0.721,36.834,22.698,30.03,23.251,4.743,7.083,6.056
42643,0.711,36.941,22.741,30.011,23.24,4.783,7.002,6.137
42644,0.715,36.981,22.76,30.03,23.247,4.783,7.041,6.098
42645,0.708,36.847,22.733,30.03,23.247,4.702,7.082,6.056
42646,0.705,36.98,22.737,30.03,23.24,4.701,7.002,6.097
42647,0.718,37.077,22.776,30.03,23.247,4.701,7.001,6.097
42648,0.728,37.116,22.823,30.068,23.258,4.945,7.204,6.219
42649,0.741,36.752,22.734,30.04,23.254,4.825,7.043,6.098
42650,0.734,36.854,22.757,30.049,23.251,4.783,7.001,6.138
42651,0.728,36.97,22.737,30.049,23.247,4.824,7.123,6.179
42652,0.738,36.828,22.745,30.059,23.258,4.824,7.083,6.139
42653,0.757,36.845,22.729,30.059,23.251,4.824,7.002,6.098
42654,0.728,36.922,22.788,30.011,23.233,4.702,6.919,6.016
42655,0.741,37.048,22.769,30.03,23.24,4.742,7.0,6.056
42656,0.751,36.704,22.73,30.03,23.247,4.742,6.919,5.975
42657,0.731,36.796,22.78,30.049,23.251,4.742,6.878,5.974
42658,0.728,36.902,22.78,30.021,23.24,4.742,6.918,6.055
42659,0.721,37.019,22.765,30.068,23.261,4.945,7.081,6.178
42660,0.718,36.703,22.753,30.05,23.244,4.785,6.961,6.017
42661,0.715,36.844,22.745,30.04,23.251,4.783,6.878,6.015
42662,0.718,36.941,22.702,30.059,23.258,4.824,6.877,6.096
42663,0.711,37.029,22.729,30.059,23.251,4.824,7.0,6.097
42664,0.705,36.828,22.76,30.059,23.251,4.743,6.919,6.056
42665,0.698,36.96,22.683,30.021,23.233,4.661,6.837,5.975
42666,0.695,37.096,22.713,30.039,23.247,4.7,6.877,6.055
42667,0.708,37.155,22.725,30.049,23.251,4.782,6.877,6.015
42668,0.715,36.503,22.776,30.04,23.244,4.742,6.877,5.974
42669,0.711,36.612,22.757,30.03,23.244,4.661,6.959,5.974
42670,0.724,36.786,22.78,30.078,23.258,4.944,7.041,6.177
42671,0.734,36.854,22.749,30.05,23.251,4.825,6.839,6.017
42672,0.728,36.817,22.729,30.049,23.244,4.743,6.837,6.096
42673,0.731,36.931,22.721,30.059,23.251,4.783,6.877,6.056
42674,0.734,37.048,22.78,30.03,23.254,4.824,6.959,6.097
42675,0.751,37.068,22.714,30.059,23.251,4.743,6.797,5.975
42676,0.741,36.627,22.737,30.03,23.237,4.661,6.755,5.893
42677,0.728,36.776,22.741,30.049,23.251,4.782,6.876,6.014
42678,0.725,36.883,22.8,30.049,23.244,4.783,6.877,6.015
42679,0.724,36.903,22.773,30.04,23.244,4.742,6.796,5.934
42680,0.702,36.856,22.679,30.04,23.237,4.701,6.877,5.974
42681,0.718,36.999,22.74,30.059,23.258,4.823,7.0,6.137
42682,0.721,37.125,22.76,30.078,23.258,4.783,6.96,6.057
42683,0.711,36.656,22.741,30.04,23.254,4.783,7.0,6.015
42684,0.705,36.719,22.76,30.049,23.247,4.783,7.041,6.056
42685,0.705,36.825,22.741,30.049,23.254,4.783,7.042,6.056
42686,0.705,36.941,22.718,30.068,23.251,4.783,7.042,6.097
42687,0.702,36.616,22.721,30.04,23.244,4.661,6.839,5.853
42688,0.695,36.718,22.76,30.049,23.254,4.782,6.999,6.013
42689,0.705,36.863,22.792,30.04,23.24,4.742,7.001,5.974
42690,0.711,36.932,22.757,30.049,23.244,4.661,6.919,5.974
42691,0.731,36.645,22.749,30.04,23.244,4.7,7.041,5.974
42692,0.728,36.786,22.702,30.049,23.247,4.742,7.082,6.137
42693,0.744,36.95,22.713,30.088,23.261,4.905,7.164,6.138
42694,0.734,36.99,22.784,30.05,23.247,4.744,7.124,6.016
42695,0.731,36.588,22.706,30.059,23.251,4.742,7.083,6.015
42696,0.734,36.737,22.745,30.059,23.247,4.823,7.123,6.137
42697,0.734,36.844,22.741,30.049,23.254,4.702,7.165,6.138
42698,0.725,36.884,22.788,30.049,23.247,4.66,7.043,5.976
42699,0.711,36.664,22.706,30.03,23.244,4.822,7.123,6.055
42700,0.711,36.824,22.752,30.049,23.251,4.824,7.083,6.056
42701,0.705,36.932,22.753,30.04,23.244,4.743,7.002,6.097
42702,0.708,36.961,22.683,30.049,23.244,4.701,7.041,6.056
42703,0.702,36.664,22.721,30.04,23.247,4.823,7.204,6.097
42704,0.708,36.834,22.792,30.097,23.258,4.905,7.287,6.219
42705,0.715,36.951,22.695,30.088,23.251,4.744,7.125,6.139
42706,0.702,37.22,22.733,30.059,23.247,4.823,7.124,6.098
42707,0.714,36.59,22.764,30.049,23.247,4.783,7.165,6.138
42708,0.718,36.709,22.776,30.059,23.254,4.864,7.165,6.138
42709,0.721,36.825,22.714,30.078,23.247,4.784,7.124,6.016
42710,0.721,36.519,22.674,30.03,23.233,4.742,7.002,6.056
42711,0.724,36.574,22.768,30.068,23.247,4.783,7.082,6.056
42712,0.731,36.718,22.749,30.069,23.24,4.702,7.042,6.056
42713,0.728,36.796,22.737,30.069,23.24,4.742,7.042,6.015
42714,0.725,36.5,22.78,30.011,23.24,4.742,7.042,6.015
42715,0.737,36.669,22.769,30.078,23.258,4.905,7.123,6.259
42716,0.741,36.805,22.769,30.088,23.254,4.825,6.961,6.139
42717,0.728,36.874,22.784,30.059,23.251,4.783,7.041,6.098
42718,0.721,36.414,22.788,30.088,23.247,4.864,7.082,6.138
42719,0.731,36.544,22.691,30.078,23.251,4.824,7.083,6.138
42720,0.715,36.689,22.737,30.069,23.258,4.824,6.961,6.098
42721,0.711,36.738,22.718,30.04,23.237,4.661,6.838,5.975
42722,0.702,36.566,22.702,30.068,23.244,4.782,6.999,6.137
42723,0.724,36.728,22.737,30.059,23.244,4.702,6.96,6.057
42724,0.705,36.825,22.792,30.059,23.244,4.782,6.96,6.015
42725,0.702,36.903,22.691,30.049,23.244,4.783,6.96,6.096
42726,0.705,36.491,22.717,30.078,23.251,4.864,7.082,6.219
42727,0.724,36.65,22.78,30.088,23.261,4.824,7.002,6.139
42728,0.718,36.728,22.776,30.078,23.251,4.743,7.001,6.219
42729,0.721,36.787,22.702,30.078,23.251,4.742,7.041,6.139
42730,0.737,36.471,22.744,30.078,23.254,4.864,7.082,6.179
42731,0.744,36.631,22.714,30.088,23.251,4.784,7.042,6.179
42732,0.721,36.728,22.733,30.059,23.237,4.661,6.96,6.057
42733,0.718,36.71,22.706,30.069,23.251,4.822,7.041,6.137
42734,0.737,36.556,22.76,30.05,23.244,4.783,7.042,6.098
42735,0.728,36.66,22.745,30.059,23.244,4.702,6.96,6.097
42736,0.734,36.776,22.718,30.049,23.244,4.742,7.0,6.056
42737,0.715,36.586,22.78,30.068,23.254,4.864,7.082,6.219
42738,0.728,36.565,22.792,30.097,23.254,4.865,7.002,6.22
42739,0.718,36.689,22.773,30.088,23.244,4.784,7.001,6.18
42740,0.715,36.786,22.73,30.078,23.251,4.864,6.96,6.22
42741,0.715,36.327,22.733,30.069,23.247,4.784,7.0,6.139
42742,0.708,36.428,22.741,30.078,23.254,4.864,7.041,6.219
42743,0.708,36.563,22.706,30.05,23.247,4.662,6.92,6.058
42744,0.685,36.603,22.748,30.059,23.244,4.822,7.081,6.219
42745,0.701,36.373,22.718,30.078,23.251,4.783,7.002,6.139
42746,0.705,36.505,22.702,30.069,23.247,4.783,7.041,6.219
42747,0.695,36.612,22.744,30.05,23.247,4.702,7.001,6.18
42748,0.708,36.69,22.749,30.078,23.258,4.782,7.123,6.301
42749,0.724,36.355,22.768,30.107,23.261,4.905,7.124,6.262
42750,0.721,36.476,22.722,30.079,23.251,4.744,7.124,6.18
42751,0.734,36.564,22.737,30.078,23.254,4.823,7.165,6.22
42752,0.728,36.67,22.757,30.078,23.251,4.783,7.206,6.22
42753,0.734,36.441,22.722,30.078,23.247,4.864,7.165,6.139
42754,0.728,36.544,22.752,30.059,23.24,4.662,7.084,6.057
42755,0.725,36.651,22.722,30.069,23.254,4.741,7.164,6.137
42756,0.734,36.728,22.702,30.078,23.244,4.742,7.084,6.098
42757,0.721,36.288,22.764,30.069,23.247,4.661,7.164,6.178
42758,0.715,36.408,22.772,30.069,23.247,4.7,7.124,6.098
42759,0.708,36.553,22.773,30.097,23.258,4.904,7.287,6.26
42760,0.728,36.612,22.733,30.117,23.254,4.825,7.207,6.221
42761,0.708,36.383,22.725,30.098,23.251,4.783,7.206,6.18
42762,0.708,36.505,22.76,30.126,23.251,4.742,7.125,6.261
42763,0.705,36.631,22.714,30.108,23.251,4.783,7.124,6.221
42764,0.711,36.642,22.776,30.098,23.251,4.742,7.165,6.18
42765,0.698,36.354,22.718,30.107,23.237,4.661,7.043,6.22
42766,0.701,36.514,22.737,30.088,23.247,4.741,7.123,6.18
42767,0.708,36.602,22.737,30.088,23.244,4.661,7.083,6.179
42768,0.708,36.316,22.753,30.069,23.24,4.7,7.083,6.179
42769,0.715,36.389,22.737,30.078,23.24,4.66,7.042,6.139
42770,0.721,36.553,22.741,30.117,23.261,4.904,7.286,6.301
42771,0.737,36.67,22.733,30.098,23.254,4.825,7.125,6.14
42772,0.728,36.278,22.702,30.098,23.247,4.743,7.124,6.138
42773,0.728,36.418,22.717,30.107,23.244,4.783,7.205,6.26
42774,0.738,36.553,22.807,30.088,23.251,4.783,7.247,6.18
42775,0.747,36.641,22.73,30.107,23.251,4.783,7.166,6.057
42776,0.741,36.258,22.717,30.059,23.237,4.661,7.084,6.097
42777,0.734,36.427,22.737,30.078,23.247,4.7,7.164,6.138
42778,0.718,36.515,22.757,30.078,23.244,4.742,7.165,6.138
42779,0.724,36.583,22.753,30.088,23.24,4.701,7.124,6.098
42780,0.724,36.181,22.722,30.088,23.244,4.66,7.083,6.097
42781,0.708,36.359,22.733,30.107,23.254,4.863,7.286,6.26
42782,0.728,36.486,22.714,30.098,23.251,4.824,7.207,6.139
42783,0.718,36.535,22.725,30.098,23.247,4.783,7.206,6.179
42784,0.705,36.353,22.772,30.107,23.251,4.742,7.206,6.22
42785,0.705,36.486,22.718,30.117,23.247,4.742,7.206,6.22
42786,0.711,36.612,22.737,30.127,23.251,4.742,7.165,6.139
42787,0.708,36.632,22.733,30.088,23.244,4.62,7.002,6.098
42788,0.702,36.201,22.776,30.098,23.251,4.741,7.082,6.138
42789,0.711,36.34,22.765,30.107,23.244,4.701,7.123,6.138
42790,0.715,36.409,22.745,30.098,23.244,4.66,7.124,6.098
42791,0.728,36.592,22.741,30.088,23.24,4.66,7.043,6.138
42792,0.721,36.21,22.745,30.107,23.251,4.782,7.204,6.26
42793,0.747,36.388,22.733,30.136,23.254,4.824,7.125,6.139
42794,0.741,36.457,22.78,30.108,23.251,4.783,7.083,6.179
42795,0.747,36.247,22.761,30.184,23.251,4.702,7.123,6.179
42796,0.76,36.293,22.714,30.127,23.251,4.782,7.083,6.139
42797,0.744,36.418,22.76,30.117,23.254,4.783,7.123,6.26
42798,0.734,36.486,22.737,30.088,23.24,4.62,6.921,6.017
42799,0.718,36.094,22.706,30.107,23.244,4.741,7.041,6.137
42800,0.728,36.205,22.686,30.098,23.254,4.742,7.042,6.138
42801,0.721,36.36,22.705,30.107,23.244,4.661,7.042,6.138
42802,0.711,36.447,22.729,30.088,23.251,4.66,7.001,6.098
42803,0.708,36.074,22.686,30.117,23.251,4.7,7.041,6.219
42804,0.718,36.253,22.776,30.155,23.265,4.863,7.164,6.18
42805,0.711,36.37,22.745,30.165,23.251,4.743,6.962,6.139
42806,0.705,36.448,22.706,30.118,23.251,4.742,6.96,6.179
42807,0.721,36.132,22.787,30.127,23.254,4.823,6.96,6.139
42808,0.731,36.273,22.796,30.127,23.258,4.743,6.96,6.138
42809,0.721,36.379,22.699,30.117,23.254,4.742,6.878,6.098
42810,0.721,36.409,22.659,30.079,23.24,4.579,6.877,6.138
42811,0.724,36.093,22.713,30.117,23.247,4.74,7.04,6.138
42812,0.731,36.224,22.717,30.098,23.244,4.701,7.042,6.098
42813,0.734,36.341,22.694,30.088,23.237,4.66,7.001,6.056
42814,0.738,36.351,22.748,30.098,23.244,4.66,6.96,6.137
42815,0.741,36.141,22.737,30.136,23.258,4.822,7.163,6.179
42816,0.757,36.292,22.733,30.117,23.247,4.702,7.084,6.139
42817,0.738,36.37,22.76,30.136,23.251,4.66,7.123,6.098
42818,0.725,36.38,22.769,30.117,23.254,4.782,7.043,6.178
42819,0.728,36.179,22.757,30.117,23.251,4.742,7.123,6.098
42820,0.725,36.302,22.729,30.127,23.251,4.742,7.124,6.097
42821,0.721,36.399,22.721,30.108,23.24,4.661,6.961,6.016
42822,0.711,36.246,22.713,30.107,23.247,4.7,7.082,6.137
42823,0.721,36.139,22.733,30.117,23.254,4.701,7.042,6.138
42824,0.711,36.273,22.792,30.107,23.244,4.701,7.082,6.179
42825,0.708,36.37,22.738,30.117,23.244,4.66,7.002,6.098
42826,0.702,36.035,22.706,30.117,23.251,4.7,7.123,6.26
42827,0.718,36.156,22.768,30.155,23.258,4.823,7.246,6.262
42828,0.731,36.282,22.788,30.118,23.247,4.743,7.084,6.18
42829,0.725,36.36,22.769,30.127,23.251,4.701,7.123,6.139
42830,0.734,36.016,22.714,30.127,23.254,4.782,7.205,6.219
42831,0.747,36.147,22.76,30.146,23.251,4.783,7.206,6.22
42832,0.741,36.282,22.733,30.127,23.251,4.742,7.165,6.139
42833,0.728,36.332,22.706,30.098,23.237,4.701,7.206,6.098
42834,0.741,36.016,22.745,30.117,23.251,4.66,7.206,6.178
42835,0.738,36.128,22.706,30.127,23.251,4.66,7.206,6.139
42836,0.741,36.234,22.713,30.108,23.244,4.66,7.165,6.098
42837,0.734,36.312,22.756,30.107,23.24,4.66,7.287,6.178
42838,0.731,35.987,22.772,30.146,23.258,4.863,7.41,6.301
42839,0.738,36.156,22.749,30.137,23.251,4.743,7.289,6.221
42840,0.725,36.244,22.737,30.117,23.251,4.742,7.369,6.22
42841,0.715,36.322,22.753,30.136,23.251,4.742,7.33,6.261
42842,0.715,36.064,22.741,30.146,23.251,4.701,7.37,6.262
42843,0.718,36.205,22.733,30.137,23.251,4.701,7.289,6.139
42844,0.695,36.283,22.776,30.108,23.237,4.62,7.207,6.219
42845,0.705,36.351,22.757,30.136,23.251,4.7,7.287,6.22
42846,0.708,36.054,22.726,30.146,23.247,4.701,7.288,6.18
42847,0.718,36.185,22.725,30.127,23.247,4.701,7.207,6.139
42848,0.711,36.273,22.753,30.108,23.244,4.579,7.206,6.219
42849,0.728,36.533,22.651,30.174,23.254,4.862,7.45,6.342
42850,0.747,36.085,22.744,30.137,23.247,4.702,7.33,6.303
42851,0.728,36.186,22.753,30.136,23.254,4.782,7.289,6.262
42852,0.731,36.283,22.733,30.146,23.247,4.661,7.329,6.302
42853,0.741,36.025,22.717,30.137,23.254,4.741,7.41,6.262
42854,0.747,36.051,22.749,30.146,23.258,4.661,7.249,6.139
42855,0.738,36.166,22.737,30.127,23.244,4.538,7.288,6.219
42856,0.754,36.283,22.686,30.146,23.251,4.699,7.288,6.22
42857,0.738,36.006,22.744,30.127,23.244,4.701,7.247,6.22
42858,0.731,36.127,22.757,30.108,23.247,4.66,7.206,6.18
42859,0.728,36.244,22.593,30.155,23.24,4.66,7.287,6.261
42860,0.741,36.379,22.736,30.185,23.261,4.904,7.451,6.343
42861,0.734,35.901,22.733,30.166,23.247,4.703,7.33,6.221
42862,0.725,36.021,22.725,30.127,23.251,4.66,7.37,6.302
42863,0.718,36.137,22.725,30.136,23.251,4.782,7.37,6.302
42864,0.731,36.225,22.78,30.156,23.258,4.742,7.37,6.302
42865,0.728,35.928,22.773,30.156,23.247,4.579,7.289,6.221
42866,0.715,36.04,22.698,30.127,23.244,4.7,7.288,6.261
42867,0.747,36.176,22.741,30.146,23.247,4.62,7.288,6.262
42868,0.738,36.215,22.741,30.146,23.244,4.659,7.288,6.221
42869,0.754,35.909,22.686,30.137,23.247,4.619,7.207,6.18
42870,0.754,36.04,22.686,30.146,23.244,4.659,7.328,6.261
42871,0.78,36.185,22.721,30.184,23.261,4.782,7.451,6.465
42872,0.79,36.244,22.713,30.175,23.247,4.702,7.33,6.304
42873,0.784,36.053,22.713,30.146,23.251,4.742,7.289,6.302
42874,0.793,36.185,22.764,30.127,23.258,4.701,7.288,6.302
42875,0.806,36.292,22.745,30.156,23.254,4.701,7.329,6.262
42876,0.816,36.332,22.706,30.156,23.251,4.701,7.248,6.302
42877,0.803,35.843,22.752,30.127,23.237,4.66,7.125,6.221
42878,0.803,35.982,22.761,30.165,23.247,4.741,7.205,6.302
42879,0.803,36.108,22.698,30.156,23.247,4.661,7.206,6.262
42880,0.8,36.013,22.721,30.137,23.247,4.66,7.084,6.18
42881,0.787,35.993,22.694,30.136,23.237,4.66,7.123,6.22
42882,0.787,36.156,22.717,30.184,23.261,4.782,7.327,6.424
42883,0.797,36.282,22.702,30.166,23.254,4.702,7.207,6.304
42884,0.784,35.823,22.776,30.165,23.251,4.66,7.165,6.302
42885,0.78,35.924,22.652,30.185,23.254,4.782,7.206,6.302
42886,0.79,36.06,22.701,30.156,23.258,4.742,7.206,6.343
42887,0.787,36.176,22.756,30.165,23.254,4.742,7.165,6.221
42888,0.793,35.841,22.745,30.127,23.24,4.62,7.002,6.22
42889,0.79,35.992,22.694,30.146,23.251,4.741,7.163,6.302
42890,0.81,36.137,22.737,30.146,23.24,4.661,7.084,6.221
42891,0.813,36.186,22.71,30.146,23.244,4.619,7.083,6.22
42892,0.82,35.765,22.725,30.146,23.247,4.619,7.042,6.22
42893,0.83,35.943,22.706,30.165,23.251,4.822,7.204,6.342
42894,0.849,36.098,22.768,30.156,23.254,4.824,7.206,6.221
42895,0.846,36.138,22.737,30.185,23.247,4.702,7.206,6.261
42896,0.862,35.755,22.69,30.166,23.251,4.742,7.125,6.18
42897,0.846,35.904,22.776,30.175,23.254,4.742,7.124,6.261
42898,0.833,36.031,22.769,30.166,23.254,4.742,7.205,6.262
42899,0.836,36.061,22.624,30.185,23.247,4.661,7.043,6.058
42900,0.823,35.744,22.709,30.156,23.24,4.7,7.123,6.178
42901,0.81,35.933,22.702,30.156,23.247,4.742,7.165,6.179
42902,0.8,36.05,22.737,30.156,23.244,4.62,7.165,6.057
42903,0.813,36.07,22.71,30.156,23.244,4.659,7.084,6.137
42904,0.816,35.917,22.737,30.165,23.251,4.782,7.205,6.301
42905,0.82,36.098,22.741,30.204,23.258,4.905,7.165,6.262
42906,0.82,36.157,22.702,30.166,23.244,4.744,7.084,6.18
42907,0.823,36.129,22.76,30.185,23.251,4.701,7.123,6.22
42908,0.833,35.812,22.776,30.185,23.258,4.742,7.083,6.22
42909,0.849,35.953,22.73,30.175,23.251,4.783,7.123,6.22
42910,0.853,36.069,22.733,30.166,23.247,4.702,7.043,6.098
42911,0.833,35.783,22.729,30.146,23.24,4.66,7.042,6.178
42912,0.846,35.895,22.753,30.175,23.247,4.7,7.082,6.179
42913,0.82,36.002,22.737,30.185,23.251,4.742,6.92,6.057
42914,0.82,36.099,22.725,30.166,23.244,4.661,6.959,6.056
42915,0.817,35.783,22.733,30.175,23.244,4.7,7.0,6.178
42916,0.823,35.924,22.745,30.204,23.258,4.823,7.123,6.261
42917,0.813,36.05,22.768,30.195,23.251,4.743,6.961,6.139
42918,0.797,36.138,22.753,30.185,23.254,4.701,7.041,6.219
42919,0.79,35.64,22.737,30.194,23.254,4.701,7.001,6.18
42920,0.78,35.788,22.733,30.195,23.251,4.782,7.001,6.179
42921,0.771,35.924,22.741,30.185,23.251,4.702,6.879,6.057
42922,0.748,35.954,22.725,30.156,23.24,4.62,6.877,6.056
42923,0.747,35.858,22.737,30.194,23.251,4.7,6.837,6.178
42924,0.738,36.011,22.733,30.166,23.251,4.701,6.837,6.139
42925,0.728,36.128,22.745,30.165,23.244,4.66,6.837,6.098
42926,0.725,36.167,22.706,30.165,23.24,4.66,6.837,6.138
42927,0.734,35.765,22.764,30.204,23.258,4.822,6.999,6.138
42928,0.76,35.924,22.745,30.204,23.254,4.743,6.879,6.138
42929,0.741,36.021,22.733,30.185,23.247,4.742,6.877,6.138
42930,0.738,36.051,22.714,30.194,23.254,4.742,6.877,6.179
42931,0.747,35.821,22.741,30.195,23.258,4.742,6.918,6.057
42932,0.741,35.953,22.753,30.204,23.247,4.742,6.959,6.137
42933,0.734,36.05,22.737,30.166,23.233,4.661,6.756,6.057
42934,0.731,36.233,22.725,30.175,23.244,4.7,6.836,6.056
42935,0.741,35.727,22.729,30.194,23.247,4.66,6.837,6.137
42936,0.728,35.837,22.698,30.185,23.24,4.7,6.755,6.057
42937,0.728,35.934,22.737,30.146,23.244,4.701,6.795,6.056
42938,0.712,35.82,22.733,30.184,23.251,4.823,6.917,6.219
42939,0.721,35.905,22.729,30.204,23.254,4.824,6.837,6.18
42940,0.702,35.983,22.702,30.185,23.244,4.783,6.918,6.139
42941,0.695,36.089,22.713,30.194,23.251,4.742,6.837,6.138
42942,0.701,35.745,22.733,30.195,23.254,4.742,6.796,6.179
42943,0.695,35.856,22.721,30.214,23.258,4.742,6.836,6.139
42944,0.685,35.934,22.756,30.176,23.244,4.579,6.674,6.057
42945,0.675,36.06,22.749,30.204,23.254,4.74,6.794,6.137
42946,0.685,35.716,22.714,30.195,23.244,4.742,6.836,6.057
42947,0.685,35.837,22.741,30.185,23.244,4.742,6.755,6.015
42948,0.685,35.953,22.721,30.185,23.237,4.701,6.673,6.137
42949,0.685,36.05,22.639,30.204,23.251,4.782,6.875,6.26
42950,0.698,35.744,22.685,30.204,23.258,4.783,6.837,6.139
42951,0.695,35.837,22.705,30.214,23.251,4.742,6.755,6.179
42952,0.695,35.982,22.729,30.204,23.247,4.742,6.754,6.22
42953,0.692,36.051,22.702,30.223,23.258,4.783,6.876,6.22
42954,0.698,35.629,22.725,30.204,23.247,4.661,6.796,6.139
42955,0.705,35.778,22.733,30.166,23.24,4.66,6.673,6.098
42956,0.695,35.895,22.721,30.213,23.247,4.66,6.794,6.097
42957,0.698,35.935,22.784,30.176,23.251,4.7,6.714,6.178
42958,0.692,35.686,22.714,30.204,23.251,4.701,6.713,6.098
42959,0.685,35.837,22.706,30.195,23.244,4.742,6.754,6.138
42960,0.692,35.972,22.709,30.242,23.265,4.905,6.957,6.301
42961,0.675,36.002,22.713,30.214,23.251,4.825,6.797,6.18
42962,0.678,35.744,22.721,30.204,23.254,4.743,6.755,6.22
42963,0.678,35.866,22.694,30.223,23.251,4.823,6.795,6.22
42964,0.675,35.982,22.768,30.224,23.254,4.824,6.836,6.22
42965,0.665,35.897,22.737,30.224,23.244,4.661,6.714,6.139
42966,0.659,35.781,22.71,30.185,23.244,4.741,6.794,6.219
42967,0.665,35.914,22.768,30.214,23.247,4.701,6.714,6.139
42968,0.678,36.011,22.749,30.195,23.244,4.701,6.672,6.138
42969,0.685,35.6,22.764,30.233,23.251,4.66,6.672,6.138
42970,0.685,35.663,22.702,30.204,23.247,4.741,6.794,6.26
42971,0.705,35.846,22.741,30.252,23.265,4.823,6.877,6.262
42972,0.695,35.925,22.729,30.205,23.251,4.783,6.755,6.18
42973,0.698,35.657,22.717,30.223,23.247,4.783,6.754,6.261
42974,0.705,35.779,22.749,30.224,23.254,4.742,6.836,6.221
42975,0.702,35.905,22.718,30.233,23.251,4.742,6.877,6.18
42976,0.711,35.992,22.721,30.224,23.251,4.742,6.715,6.139
42977,0.692,35.533,22.768,30.176,23.24,4.661,6.794,6.138
42978,0.692,35.701,22.765,30.213,23.247,4.66,6.836,6.219
42979,0.685,35.827,22.73,30.214,23.244,4.741,6.755,6.139
42980,0.685,35.876,22.698,30.214,23.244,4.661,6.754,6.179
42981,0.679,35.714,22.737,30.214,23.251,4.66,6.836,6.139
42982,0.682,35.885,22.721,30.252,23.265,4.863,6.958,6.301
42983,0.698,36.011,22.717,30.233,23.251,4.662,6.919,6.14
42984,0.672,36.032,22.737,30.224,23.254,4.741,6.919,6.219
42985,0.669,35.61,22.733,30.243,23.251,4.783,6.959,6.22
42986,0.672,35.749,22.71,30.243,23.247,4.742,6.96,6.22
42987,0.672,35.876,22.768,30.224,23.247,4.742,6.878,6.18
42988,0.675,35.858,22.745,30.195,23.237,4.579,6.837,6.139
42989,0.678,35.647,22.733,30.242,23.247,4.74,6.877,6.179
42990,0.685,35.769,22.725,30.214,23.244,4.701,6.877,6.179
42991,0.692,35.876,22.733,30.233,23.244,4.701,6.837,6.098
42992,0.692,36.107,22.721,30.204,23.244,4.701,6.877,6.097
42993,0.705,35.639,22.764,30.262,23.254,4.863,7.04,6.3
42994,0.728,35.788,22.733,30.234,23.247,4.784,6.92,6.221
42995,0.715,35.866,22.733,30.233,23.247,4.702,6.878,6.098
42996,0.721,35.637,22.753,30.233,23.247,4.782,6.959,6.138
42997,0.715,35.692,22.761,30.243,23.258,4.783,6.878,6.138
42998,0.715,35.827,22.714,30.233,23.254,4.702,6.959,6.057
42999,0.695,35.915,22.721,30.185,23.24,4.66,6.797,6.056
43000,0.705,35.58,22.698,30.233,23.251,4.7,6.877,6.056
43001,0.695,35.711,22.733,30.233,23.244,4.701,6.837,6.056
43002,0.682,35.846,22.717,30.214,23.244,4.579,6.837,6.056
43003,0.679,35.915,22.694,30.195,23.244,4.7,6.918,6.137
43004,0.682,35.58,22.717,30.262,23.261,4.863,7.041,6.301
43005,0.675,35.74,22.69,30.234,23.254,4.702,6.96,6.14
43006,0.662,35.837,22.69,30.224,23.251,4.701,6.96,6.138
43007,0.672,35.905,22.74,30.233,23.251,4.742,7.041,6.179
43008,0.685,35.522,22.714,30.243,23.251,4.742,7.042,6.098
43009,0.705,35.681,22.706,30.233,23.254,4.661,6.96,6.097
43010,0.711,35.76,22.702,30.214,23.234,4.579,6.96,6.097
43011,0.744,35.876,22.737,30.233,23.244,4.7,7.0,6.056
43012,0.767,35.637,22.702,30.262,23.244,4.62,7.082,6.056
43013,0.803,35.779,22.741,30.224,23.237,4.659,7.002,6.137
43014,0.829,35.885,22.675,30.233,23.251,4.66,7.082,6.098
43015,0.869,35.954,22.717,30.272,23.265,4.822,7.245,6.26
43016,0.892,35.465,22.721,30.243,23.251,4.661,7.084,6.058
43017,0.892,35.585,22.756,30.224,23.254,4.741,7.123,6.097
43018,0.892,35.721,22.706,30.243,23.251,4.742,7.165,6.138
43019,0.918,35.76,22.709,30.252,23.254,4.823,7.124,6.138
43020,0.928,35.626,22.721,30.243,23.251,4.702,7.083,6.057
43021,0.941,35.73,22.729,30.205,23.24,4.579,6.961,6.015
43022,0.954,35.856,22.714,30.252,23.247,4.7,7.082,6.056
43023,0.98,35.627,22.733,30.233,23.247,4.742,7.042,6.015
43024,1.03,35.558,22.717,30.224,23.24,4.62,7.001,6.015
43025,1.072,35.701,22.69,30.233,23.244,4.659,7.041,6.137
43026,1.122,35.827,22.713,30.262,23.254,4.782,7.123,6.26
43027,1.2,35.445,22.749,30.272,23.254,4.742,6.961,6.099
43028,1.25,35.508,22.694,30.253,23.247,4.783,7.041,6.097
43029,1.279,35.653,22.698,30.253,23.251,4.661,7.042,6.219
43030,1.319,35.74,22.702,30.262,23.251,4.741,7.042,6.18
43031,1.358,35.549,22.725,30.262,23.251,4.742,7.082,6.261
43032,1.365,35.691,22.706,30.243,23.244,4.661,6.839,6.099
43033,1.372,35.779,22.733,30.233,23.244,4.66,6.958,6.3
43034,1.401,35.895,22.667,30.233,23.251,4.66,7.041,6.302
43035,1.414,35.33,22.717,30.233,23.244,4.7,6.96,6.302
43036,1.444,35.469,22.745,30.233,23.237,4.66,6.919,6.302
43037,1.415,35.595,22.761,30.243,23.247,4.741,7.041,6.425
43038,1.408,35.711,22.694,30.272,23.265,4.864,7.042,6.507
43039,1.379,35.54,22.678,30.243,23.251,4.784,6.96,6.467
43040,1.339,35.672,22.717,30.262,23.251,4.783,7.0,6.507
43041,1.3,35.798,22.694,30.272,23.247,4.702,6.96,6.549
43042,1.234,35.866,22.725,30.262,23.254,4.782,7.041,6.712
43043,1.185,35.522,22.733,30.262,23.251,4.783,6.92,6.591
43044,1.123,35.614,22.698,30.224,23.24,4.661,6.878,6.793
43045,1.083,35.769,22.733,30.262,23.251,4.7,6.959,6.958
43046,1.011,35.799,22.71,30.262,23.247,4.742,6.919,7.041
43047,0.945,35.54,22.76,30.243,23.24,4.661,6.919,7.164
43048,0.88,35.662,22.714,30.233,23.244,4.7,7.0,7.45
43049,0.798,35.817,22.721,30.281,23.258,4.863,7.123,7.778
43050,0.728,35.79,22.71,30.262,23.254,4.743,7.002,7.984
43051,0.663,35.56,22.717,30.262,23.247,4.742,7.001,8.19
43052,0.617,35.711,22.749,30.281,23.251,4.823,7.001,8.476
43053,0.584,35.818,22.761,30.282,23.247,4.783,7.041,8.682
43054,0.547,35.416,22.69,30.253,23.233,4.661,6.92,8.766
43055,0.521,35.46,22.729,30.243,23.24,4.7,7.041,9.011
43056,0.501,35.623,22.737,30.262,23.244,4.782,7.001,9.176
43057,0.491,35.692,22.76,30.253,23.244,4.661,7.001,9.299
43058,0.501,35.53,22.69,30.253,23.247,4.619,6.96,9.382
43059,0.53,35.672,22.721,30.253,23.251,4.7,7.041,9.586
43060,0.579,35.875,22.764,30.301,23.261,4.823,7.082,9.669
43061,0.596,35.915,22.722,30.263,23.251,4.743,7.083,9.792
43062,0.622,35.359,22.717,30.272,23.247,4.742,7.083,9.996
43063,0.658,35.526,22.729,30.272,23.251,4.783,7.083,10.243
43064,0.682,35.653,22.721,30.262,23.254,4.783,7.083,10.286
43065,0.698,35.702,22.713,30.243,23.24,4.661,7.002,10.489
43066,0.718,35.453,22.713,30.281,23.251,4.741,7.123,10.817
43067,0.744,35.594,22.76,30.262,23.244,4.701,7.124,11.023
43068,0.757,35.711,22.694,30.262,23.251,4.66,7.083,11.269
43069,0.754,35.76,22.717,30.272,23.237,4.66,7.042,11.394
43070,0.774,35.463,22.784,30.282,23.258,4.863,7.204,11.883
43071,0.793,35.633,22.741,30.291,23.244,4.743,7.206,11.969
43072,0.78,35.74,22.741,30.272,23.254,4.742,7.125,12.133
43073,0.787,35.78,22.721,30.272,23.251,4.783,7.165,12.297
43074,0.793,35.406,22.698,30.282,23.251,4.742,7.165,12.421
43075,0.793,35.546,22.725,30.262,23.251,4.742,7.043,12.381
43076,0.784,35.634,22.71,30.224,23.244,4.62,7.001,12.421
43077,0.78,35.961,22.733,30.262,23.251,4.781,7.082,12.544
43078,0.78,35.494,22.643,30.262,23.244,4.742,7.083,12.382
43079,0.774,35.605,22.697,30.262,23.244,4.701,7.083,12.34
43080,0.764,35.702,22.729,30.253,23.247,4.701,7.042,12.299
43081,0.767,35.492,22.725,30.281,23.261,4.823,7.204,12.339
43082,0.774,35.528,22.737,30.282,23.251,4.783,7.084,12.136
43083,0.758,35.653,22.682,30.262,23.247,4.783,7.123,12.093
43084,0.757,35.731,22.69,30.281,23.251,4.661,7.083,12.052
43085,0.754,35.396,22.713,30.272,23.251,4.741,7.123,12.011
43086,0.757,35.517,22.67,30.301,23.254,4.701,7.043,11.767
43087,0.754,35.605,22.713,30.253,23.237,4.66,6.92,11.724
43088,0.761,35.702,22.702,30.281,23.251,4.741,7.041,11.683
43089,0.77,35.386,22.713,30.253,23.251,4.661,6.96,11.642
43090,0.761,35.508,22.713,30.253,23.244,4.66,6.96,11.438
43091,0.774,35.653,22.702,30.243,23.244,4.66,7.0,11.436
43092,0.774,35.74,22.744,30.291,23.254,4.904,7.204,11.517
43093,0.79,35.377,22.761,30.301,23.247,4.784,7.084,11.274
43094,0.787,35.46,22.683,30.263,23.254,4.742,6.961,11.109
43095,0.78,35.604,22.725,30.262,23.254,4.783,6.96,11.067
43096,0.8,35.673,22.729,30.272,23.254,4.742,7.041,10.985
43097,0.797,35.357,22.745,30.282,23.254,4.742,6.96,10.862
43098,0.777,35.469,22.69,30.262,23.24,4.661,6.878,10.617
43099,0.764,35.585,22.682,30.272,23.254,4.66,6.959,10.574
43100,0.77,35.663,22.709,30.272,23.251,4.741,6.96,10.492
43101,0.767,35.405,22.706,30.272,23.244,4.742,6.878,10.369
43102,0.757,35.546,22.705,30.243,23.24,4.661,6.837,10.246
43103,0.761,35.653,22.69,30.281,23.258,4.782,6.958,10.286
43104,0.77,35.731,22.729,30.301,23.258,4.864,6.96,10.164
43105,0.754,35.453,22.714,30.272,23.251,4.743,6.96,10.0
43106,0.748,35.604,22.706,30.291,23.251,4.742,6.838,9.917
43107,0.76,35.692,22.76,30.272,23.251,4.742,6.918,9.754
43108,0.777,35.539,22.733,30.282,23.251,4.823,6.878,9.671
43109,0.774,35.423,22.741,30.31,23.237,4.661,6.755,9.426
43110,0.767,35.546,22.702,30.282,23.247,4.741,6.836,9.464
43111,0.787,35.653,22.721,30.282,23.247,4.742,6.837,9.343
43112,0.787,35.242,22.729,30.272,23.244,4.701,6.755,9.219
43113,0.787,35.305,22.714,30.253,23.247,4.66,6.836,9.178
43114,0.79,35.459,22.745,30.272,23.258,4.822,6.958,9.177
43115,0.816,35.585,22.737,30.31,23.251,4.824,6.878,9.015
43116,0.803,35.241,22.702,30.282,23.251,4.783,6.877,8.891
43117,0.794,35.372,22.752,30.282,23.244,4.702,6.959,8.849
43118,0.79,35.517,22.718,30.282,23.251,4.782,6.96,8.808
43119,0.787,35.605,22.706,30.301,23.258,4.864,6.96,8.767
43120,0.784,35.376,22.655,30.243,23.244,4.621,6.716,8.563
43121,0.774,35.507,22.685,30.262,23.251,4.741,6.835,8.561
43122,0.777,35.653,22.647,30.281,23.247,4.783,6.918,8.439
43123,0.774,35.74,22.697,30.262,23.24,4.661,6.919,8.357
43124,0.764,35.396,22.713,30.272,23.247,4.66,6.878,8.356
43125,0.764,35.556,22.706,30.291,23.251,4.782,7.081,8.437
43126,0.77,35.691,22.702,30.33,23.258,4.783,7.083,8.275
43127,0.764,35.712,22.737,30.282,23.251,4.783,7.002,8.233
43128,0.774,35.3,22.729,30.282,23.254,4.783,7.041,8.111
43129,0.78,35.468,22.749,30.282,23.251,4.783,7.082,8.15
43130,0.793,35.576,22.69,30.301,23.254,4.742,7.123,8.11
43131,0.797,35.596,22.698,30.272,23.244,4.661,7.002,7.906
43132,0.79,35.318,22.678,30.282,23.244,4.741,7.123,7.945
43133,0.793,35.469,22.725,30.282,23.251,4.701,7.124,7.945
43134,0.8,35.585,22.686,30.282,23.24,4.701,7.002,7.742
43135,0.8,35.73,22.686,30.262,23.24,4.66,7.041,7.74
43136,0.803,35.348,22.709,30.281,23.247,4.782,7.082,7.821
43137,0.813,35.507,22.741,30.33,23.265,4.824,7.245,7.822
43138,0.797,35.605,22.694,30.292,23.248,4.661,7.125,7.659
43139,0.794,35.318,22.682,30.291,23.251,4.7,7.124,7.698
43140,0.8,35.344,22.713,30.301,23.251,4.701,7.165,7.74
43141,0.794,35.478,22.733,30.291,23.247,4.742,7.206,7.618
43142,0.78,35.576,22.729,30.291,23.244,4.701,7.125,7.454
43143,0.774,35.193,22.733,30.263,23.237,4.701,7.083,7.452
43144,0.78,35.362,22.706,30.291,23.251,4.742,7.164,7.493
43145,0.777,35.479,22.733,30.282,23.244,4.661,7.124,7.453
43146,0.767,35.566,22.706,30.272,23.244,4.579,7.124,7.371
43147,0.78,35.203,22.787,30.282,23.244,4.7,7.124,7.452
43148,0.797,35.41,22.734,30.33,23.258,4.823,7.287,7.452
43149,0.794,35.508,22.745,30.301,23.244,4.743,7.247,7.371
43150,0.8,35.576,22.737,30.291,23.251,4.661,7.206,7.289
43151,0.807,35.27,22.714,30.301,23.251,4.741,7.247,7.329
43152,0.813,35.42,22.709,30.301,23.258,4.783,7.247,7.329
43153,0.813,35.527,22.702,30.272,23.241,4.62,7.166,7.126
43154,0.813,35.586,22.651,30.272,23.244,4.7,7.206,7.205
43155,0.816,35.279,22.693,30.282,23.251,4.701,7.206,7.165
43156,0.833,35.42,22.694,30.282,23.244,4.701,7.206,7.084
43157,0.817,35.517,22.725,30.282,23.244,4.66,7.206,7.002
43158,0.81,35.576,22.643,30.282,23.254,4.822,7.45,7.163
43159,0.816,35.356,22.713,30.32,23.265,4.824,7.371,7.084
43160,0.8,35.459,22.741,30.282,23.251,4.743,7.37,7.042
43161,0.8,35.575,22.718,30.291,23.254,4.701,7.37,6.96
43162,0.807,35.605,22.737,30.291,23.251,4.742,7.37,7.122
43163,0.803,35.347,22.729,30.282,23.254,4.742,7.33,7.002
43164,0.797,35.44,22.714,30.282,23.234,4.62,7.207,6.919
43165,0.79,35.537,22.694,30.282,23.247,4.741,7.287,6.919
43166,0.793,35.356,22.705,30.282,23.244,4.62,7.288,6.919
43167,0.793,35.287,22.737,30.262,23.244,4.659,7.247,6.837
43168,0.803,35.411,22.655,30.291,23.24,4.66,7.206,6.755
43169,0.807,35.517,22.697,30.291,23.24,4.7,7.247,6.917
43170,0.82,35.173,22.698,30.31,23.258,4.823,7.369,6.959
43171,0.817,35.294,22.717,30.282,23.247,4.783,7.289,6.797
43172,0.826,35.411,22.725,30.291,23.251,4.783,7.288,6.836
43173,0.823,35.508,22.702,30.291,23.247,4.742,7.288,6.837
43174,0.836,35.221,22.686,30.291,23.251,4.701,7.207,6.837
43175,0.839,35.391,22.686,30.282,23.251,4.701,7.165,6.714
43176,0.83,35.488,22.717,30.243,23.233,4.579,7.165,6.713
43177,0.83,35.557,22.752,30.281,23.251,4.659,7.165,6.754
43178,0.83,35.231,22.667,30.282,23.244,4.619,7.084,6.754
43179,0.82,35.381,22.713,30.272,23.244,4.659,7.083,6.632
43180,0.817,35.498,22.709,30.282,23.244,4.66,7.123,6.672
43181,0.813,35.576,22.745,30.31,23.258,4.822,7.205,6.794
43182,0.829,35.241,22.757,30.282,23.247,4.743,7.165,6.673
43183,0.82,35.333,22.745,30.282,23.247,4.742,7.165,6.753
43184,0.813,35.459,22.702,30.301,23.254,4.783,7.124,6.714
43185,0.816,35.508,22.725,30.291,23.247,4.783,7.124,6.713
43186,0.82,35.298,22.741,30.301,23.244,4.702,7.124,6.632
43187,0.807,35.392,22.745,30.263,23.24,4.579,6.921,6.59
43188,0.826,35.527,22.663,30.281,23.251,4.74,7.041,6.59
43189,0.839,35.547,22.709,30.272,23.247,4.661,7.001,6.549
43190,0.836,35.116,22.674,30.262,23.24,4.66,7.041,6.508
43191,0.836,35.236,22.693,30.262,23.24,4.7,7.082,6.549
43192,0.846,35.362,22.705,30.31,23.254,4.823,7.205,6.752
43193,0.856,35.373,22.784,30.301,23.251,4.702,7.043,6.51
43194,0.843,35.191,22.737,30.349,23.251,4.742,7.001,6.549
43195,0.856,35.323,22.69,30.273,23.254,4.701,7.082,6.549
43196,0.853,35.43,22.772,30.291,23.247,4.782,7.083,6.549
43197,0.853,35.23,22.718,30.291,23.247,4.824,7.042,6.508
43198,0.84,35.314,22.69,30.253,23.237,4.58,6.96,6.467
43199,0.843,35.449,22.698,30.281,23.247,4.74,7.082,6.467
43200,0.836,35.537,22.737,30.282,23.247,4.742,7.002,6.467
43201,0.826,35.087,22.721,30.272,23.247,4.701,7.082,6.467
43202,0.826,35.207,22.69,30.272,23.24,4.66,7.164,6.507
43203,0.826,35.352,22.737,30.282,23.254,4.782,7.287,6.63
43204,0.833,35.469,22.675,30.301,23.251,4.783,7.207,6.468
43205,0.817,35.134,22.693,30.272,23.251,4.742,7.125,6.426
43206,0.823,35.275,22.729,30.291,23.251,4.701,7.205,6.507
43207,0.833,35.391,22.71,30.301,23.251,4.782,7.206,6.508
43208,0.836,35.469,22.655,30.301,23.254,4.824,7.165,6.467
43209,0.843,35.125,22.654,30.243,23.237,4.661,7.002,6.264
43210,0.836,35.275,22.705,30.281,23.251,4.7,7.123,6.384
43211,0.856,35.42,22.729,30.282,23.251,4.701,7.165,6.385
43212,0.853,35.47,22.706,30.272,23.244,4.742,7.124,6.344
43213,0.859,35.211,22.737,30.282,23.247,4.701,7.083,6.384
43214,0.872,35.352,22.597,30.32,23.258,4.823,7.327,6.507
43215,0.892,35.507,22.712,30.301,23.251,4.783,7.248,6.345
43216,0.879,35.509,22.772,30.282,23.247,4.742,7.247,6.425
43217,0.876,35.183,22.706,30.262,23.247,4.742,7.247,6.466
43218,0.866,35.352,22.725,30.339,23.254,4.783,7.288,6.507
43219,0.869,35.459,22.674,30.292,23.251,4.783,7.166,6.386
43220,0.856,35.758,22.725,30.263,23.237,4.702,7.165,6.303
43221,0.856,35.032,22.717,30.281,23.244,4.742,7.206,6.465
43222,0.856,35.159,22.71,30.282,23.251,4.742,7.247,6.426
43223,0.853,35.275,22.737,30.262,23.244,4.701,7.166,6.344
43224,0.846,35.238,22.643,30.262,23.237,4.701,7.124,6.384
43225,0.853,35.353,22.705,30.291,23.254,4.823,7.287,6.466
43226,0.859,35.507,22.737,30.291,23.251,4.743,7.247,6.386
43227,0.853,35.576,22.694,30.282,23.251,4.701,7.247,6.385
43228,0.859,35.02,22.701,30.301,23.244,4.823,7.288,6.466
43229,0.869,35.159,22.674,30.291,23.258,4.824,7.207,6.467
43230,0.872,35.285,22.748,30.272,23.247,4.743,7.206,6.386
43231,0.879,35.344,22.714,30.262,23.233,4.661,7.084,6.303
43232,0.885,35.056,22.694,30.291,23.251,4.741,7.123,6.384
43233,0.885,35.197,22.752,30.263,23.244,4.742,7.124,6.385
43234,0.885,35.304,22.706,30.329,23.24,4.701,7.043,6.303
43235,0.892,35.392,22.686,30.263,23.24,4.742,7.001,6.343
43236,0.899,35.067,22.744,30.301,23.258,4.945,7.285,6.425
43237,0.908,35.236,22.702,30.282,23.251,4.744,7.085,6.466
43238,0.886,35.353,22.725,30.282,23.244,4.783,7.083,6.386
43239,0.898,35.421,22.663,30.291,23.247,4.824,7.123,6.385
43240,0.902,35.105,22.705,30.282,23.251,4.824,7.083,6.385
43241,0.889,35.246,22.725,30.282,23.247,4.702,6.961,6.303
43242,0.876,35.343,22.706,30.253,23.24,4.701,7.0,6.343
43243,0.892,35.421,22.663,30.272,23.251,4.701,6.96,6.303
43244,0.882,35.124,22.678,30.272,23.244,4.701,7.0,6.262
43245,0.892,35.265,22.697,30.262,23.244,4.66,6.838,6.18
43246,0.882,35.372,22.659,30.262,23.244,4.741,6.877,6.301
43247,0.898,35.431,22.74,30.31,23.258,4.905,7.121,6.465
43248,0.918,35.163,22.733,30.272,23.247,4.744,7.043,6.345
43249,0.905,35.275,22.729,30.262,23.251,4.742,6.96,6.303
43250,0.908,35.391,22.725,30.281,23.251,4.742,6.96,6.302
43251,0.918,35.23,22.737,30.301,23.251,4.742,7.0,6.302
43252,0.931,35.103,22.76,30.272,23.237,4.661,6.838,6.099
43253,0.918,35.188,22.745,30.262,23.244,4.741,6.958,6.219
43254,0.941,35.343,22.671,30.272,23.24,4.701,6.878,6.261
43255,0.945,35.133,22.709,30.253,23.24,4.66,6.837,6.18
43256,0.945,35.237,22.729,30.243,23.244,4.619,6.877,6.179
43257,0.932,35.362,22.721,30.262,23.247,4.7,7.04,6.301
43258,0.944,35.498,22.686,30.301,23.261,4.823,7.042,6.302
43259,0.948,35.183,22.662,30.272,23.244,4.702,6.96,6.262
43260,0.945,35.314,22.697,30.301,23.251,4.742,6.96,6.262
43261,0.938,35.459,22.698,30.272,23.251,4.783,7.0,6.262
43262,0.932,35.547,22.705,30.282,23.254,4.742,6.96,6.18
43263,0.938,35.269,22.741,30.234,23.24,4.62,6.838,6.057
43264,0.919,35.391,22.663,30.262,23.251,4.659,6.958,6.219
43265,0.931,35.536,22.713,30.281,23.24,4.7,6.96,6.139
43266,0.931,35.586,22.721,30.262,23.244,4.701,6.878,6.138
43267,0.935,35.193,22.76,30.262,23.237,4.742,6.918,6.138
43268,0.954,35.352,22.683,30.281,23.251,4.823,7.122,6.341
43269,0.974,35.488,22.697,30.272,23.254,4.824,7.043,6.221
43270,0.961,35.518,22.682,30.262,23.251,4.702,7.042,6.139
43271,0.977,35.327,22.69,30.291,23.251,4.742,7.123,6.179
43272,0.971,35.469,22.69,30.282,23.251,4.783,7.083,6.22
43273,0.99,35.576,22.74,30.262,23.251,4.742,7.083,6.139
43274,0.997,35.586,22.714,30.234,23.24,4.661,7.002,6.016
43275,0.997,35.701,22.682,30.262,23.251,4.741,7.001,6.096
43276,1.0,35.837,22.744,30.253,23.244,4.701,7.123,6.056
43277,1.007,35.934,22.698,30.243,23.247,4.701,7.002,6.137
43278,0.994,35.945,22.67,30.243,23.244,4.66,7.041,6.138
43279,1.0,35.408,22.654,30.272,23.254,4.782,7.204,6.301
43280,1.0,35.556,22.705,30.272,23.251,4.783,7.043,6.18
43281,0.994,35.644,22.694,30.262,23.244,4.702,7.123,6.179
43282,0.997,35.587,22.709,30.262,23.251,4.742,7.124,6.179
43283,0.997,35.692,22.756,30.262,23.251,4.783,7.205,6.179
43284,0.991,35.827,22.655,30.281,23.251,4.783,7.125,6.139
43285,0.994,35.905,22.674,30.234,23.233,4.661,6.961,6.057
43286,0.997,35.57,22.744,30.233,23.247,4.7,7.041,6.137
43287,1.004,35.711,22.745,30.252,23.244,4.66,6.96,6.098
43288,1.017,35.866,22.667,30.262,23.244,4.66,7.0,6.016
43289,1.03,35.925,22.678,30.234,23.244,4.7,6.96,6.056
43290,1.037,35.772,22.736,30.224,23.254,4.823,7.204,6.259
43291,1.053,35.953,22.745,30.271,23.251,4.824,7.165,6.139
43292,1.04,36.041,22.686,30.262,23.247,4.783,7.124,6.098
43293,1.056,36.109,22.74,30.253,23.251,4.742,7.083,6.097
43294,1.056,35.879,22.718,30.253,23.251,4.783,7.205,6.138
43295,1.069,36.03,22.721,30.253,23.251,4.783,7.125,6.138
43296,1.073,36.118,22.764,30.224,23.24,4.702,7.083,5.976
43297,1.063,36.148,22.671,30.224,23.244,4.742,7.164,6.096
43298,1.05,36.023,22.701,30.233,23.251,4.742,7.165,6.016
43299,1.053,36.185,22.69,30.233,23.237,4.661,7.165,6.015
43300,1.056,36.263,22.698,30.233,23.24,4.66,7.165,6.015
43301,1.05,36.322,22.729,30.214,23.251,4.741,7.287,6.096
43302,1.063,36.198,22.706,30.262,23.258,4.905,7.329,6.138
43303,1.063,36.312,22.713,30.234,23.251,4.744,7.289,6.057
43304,1.053,36.418,22.713,30.252,23.251,4.783,7.329,6.137
43305,1.047,36.438,22.694,30.262,23.247,4.824,7.329,6.138
43306,1.056,36.419,22.705,30.281,23.258,4.865,7.329,6.138
43307,1.056,36.544,22.741,30.234,23.244,4.743,7.167,5.976
43308,1.056,36.612,22.682,30.243,23.244,4.783,7.287,6.015
43309,1.073,36.392,22.69,30.233,23.251,4.742,7.207,6.015
43310,1.079,36.352,22.658,30.243,23.247,4.661,7.206,5.974
43311,1.083,36.467,22.721,30.224,23.24,4.66,7.125,6.015
43312,1.083,36.573,22.686,30.243,23.247,4.782,7.287,6.178
43313,1.109,36.507,22.752,30.272,23.258,4.824,7.329,6.139
43314,1.102,36.621,22.718,30.224,23.244,4.743,7.167,6.098
43315,1.112,36.738,22.694,30.233,23.251,4.742,7.246,6.056
43316,1.109,36.825,22.752,30.243,23.247,4.823,7.206,6.137
43317,1.119,36.644,22.675,30.224,23.254,4.783,7.287,6.098
43318,1.106,36.805,22.697,30.224,23.237,4.702,7.004,5.975
43319,1.096,36.903,22.694,30.204,23.244,4.701,7.123,6.015
43320,1.109,36.971,22.772,30.223,23.247,4.782,7.083,6.056
43321,1.102,36.751,22.753,30.204,23.247,4.742,7.083,5.975
43322,1.083,36.883,22.714,30.223,23.244,4.661,7.002,5.974
43323,1.086,37.009,22.733,30.214,23.258,4.782,7.123,6.137
43324,1.099,37.096,22.651,30.262,23.261,4.864,7.205,6.057
43325,1.086,36.934,22.678,30.234,23.247,4.784,7.043,5.975
43326,1.099,37.076,22.713,30.224,23.247,4.783,7.123,6.055
43327,1.093,37.174,22.69,30.243,23.251,4.824,7.083,6.097
43328,1.105,37.232,22.686,30.233,23.251,4.783,7.083,6.056
43329,1.109,37.06,22.678,30.195,23.24,4.661,6.961,5.975
43330,1.102,37.164,22.772,30.214,23.254,4.741,6.96,6.055
43331,1.106,37.29,22.73,30.223,23.247,4.742,7.0,6.015
43332,1.102,37.291,22.71,30.224,23.247,4.701,6.919,6.015
43333,1.102,37.061,22.764,30.195,23.237,4.701,6.878,5.974
43334,1.109,37.193,22.714,30.233,23.247,4.863,6.959,6.137
43335,1.125,37.348,22.721,30.243,23.251,4.784,6.96,6.016
43336,1.116,37.349,22.741,30.214,23.251,4.783,6.919,6.015
43337,1.102,37.292,22.663,30.214,23.247,4.783,6.919,6.015
43338,1.096,37.406,22.689,30.214,23.254,4.742,6.959,6.056
43339,1.089,37.513,22.686,30.214,23.251,4.823,6.878,6.056
43340,1.083,37.149,22.76,30.185,23.244,4.58,6.796,5.934
43341,1.057,37.203,22.749,30.214,23.247,4.7,6.877,6.014
43342,1.06,37.357,22.702,30.195,23.244,4.701,6.837,6.015
43343,1.047,37.416,22.729,30.175,23.247,4.701,6.877,6.056
43344,1.046,37.331,22.675,30.233,23.237,4.62,6.837,6.015
43345,1.027,37.445,22.662,30.214,23.247,4.741,6.837,6.096
43346,1.037,37.59,22.725,30.243,23.265,4.864,6.999,6.097
43347,1.033,37.63,22.686,30.205,23.248,4.784,6.879,6.056
43348,1.03,37.275,22.701,30.195,23.251,4.742,6.918,6.056
43349,1.027,37.396,22.659,30.214,23.247,4.742,6.919,6.137
43350,1.027,37.522,22.728,30.204,23.254,4.823,6.959,6.138
43351,1.023,37.571,22.721,30.195,23.244,4.661,6.797,5.976
43352,1.01,37.351,22.717,30.195,23.251,4.741,6.958,6.055
43353,1.014,37.483,22.768,30.204,23.254,4.742,6.878,6.056
43354,1.014,37.609,22.718,30.185,23.244,4.661,6.918,6.015
43355,1.014,37.639,22.702,30.185,23.251,4.66,6.919,6.015
43356,0.997,37.371,22.729,30.204,23.251,4.741,7.041,6.096
43357,1.007,37.522,22.729,30.223,23.258,4.823,6.96,6.056
43358,0.971,37.61,22.702,30.185,23.251,4.702,7.0,6.097
43359,0.958,37.649,22.655,30.194,23.251,4.782,7.041,6.097
43360,0.945,37.477,22.732,30.204,23.247,4.783,6.96,6.138
43361,0.935,37.619,22.686,30.223,23.251,4.783,7.0,6.098
43362,0.925,37.716,22.69,30.157,23.24,4.62,6.797,5.975
43363,0.912,38.043,22.729,30.175,23.251,4.659,6.958,6.096
43364,0.908,37.519,22.682,30.213,23.251,4.66,6.96,6.097
43365,0.889,37.61,22.686,30.176,23.247,4.7,6.96,6.056
43366,0.879,37.697,22.729,30.166,23.24,4.66,6.96,6.015
43367,0.869,37.496,22.729,30.175,23.247,4.822,7.082,6.178
43368,0.895,37.6,22.729,30.213,23.265,4.865,7.042,6.098
43369,0.889,37.678,22.706,30.185,23.254,4.702,7.001,6.138
43370,0.879,37.774,22.733,30.185,23.251,4.742,7.082,6.098
43371,0.882,37.449,22.702,30.185,23.251,4.701,7.002,6.138
43372,0.879,37.561,22.694,30.194,23.258,4.863,7.041,6.179
43373,0.876,37.668,22.713,30.166,23.244,4.743,6.96,6.017
43374,0.876,37.736,22.69,30.156,23.244,4.701,7.041,6.178
43375,0.882,37.372,22.666,30.165,23.247,4.66,7.001,6.139
43376,0.863,37.503,22.709,30.156,23.24,4.741,6.96,6.057
43377,0.859,37.61,22.694,30.156,23.24,4.661,6.838,6.097
43378,0.843,37.687,22.69,30.165,23.251,4.7,7.04,6.178
43379,0.843,37.515,22.694,30.213,23.261,4.863,7.082,6.22
43380,0.843,37.638,22.698,30.176,23.251,4.784,6.961,6.139
43381,0.817,37.745,22.694,30.166,23.244,4.702,6.96,6.179
43382,0.81,37.804,22.682,30.175,23.251,4.782,6.96,6.179
43383,0.81,37.459,22.705,30.166,23.254,4.742,6.96,6.139
43384,0.8,37.58,22.69,30.185,23.251,4.742,6.96,6.098
43385,0.794,37.697,22.694,30.137,23.237,4.62,6.838,6.056
43386,0.784,37.736,22.725,30.175,23.244,4.7,6.877,6.178
43387,0.787,37.372,22.745,30.156,23.244,4.66,6.959,6.139
43388,0.79,37.512,22.667,30.156,23.24,4.66,6.919,6.098
43389,0.793,37.619,22.725,30.146,23.24,4.619,6.878,6.138
43390,0.793,37.668,22.714,30.184,23.261,4.781,7.081,6.301
43391,0.806,37.496,22.713,30.175,23.258,4.783,6.92,6.099
43392,0.8,37.59,22.721,30.185,23.247,4.742,6.878,6.138
43393,0.803,37.678,22.717,30.166,23.254,4.742,7.0,6.219
43394,0.807,37.515,22.69,30.185,23.258,4.783,6.919,6.139
43395,0.803,37.466,22.67,30.175,23.254,4.783,6.959,6.138
43396,0.794,37.561,22.701,30.118,23.237,4.661,6.838,5.976
43397,0.793,37.668,22.717,30.155,23.251,4.782,6.877,6.137
43398,0.787,37.362,22.702,30.213,23.24,4.702,6.877,6.057
43399,0.777,37.445,22.698,30.137,23.244,4.66,6.755,6.056
43400,0.784,37.561,22.713,30.136,23.247,4.66,6.795,6.137
43401,0.764,37.658,22.737,30.165,23.258,4.863,6.999,6.219
43402,0.79,37.486,22.741,30.175,23.251,4.784,6.797,6.18
43403,0.764,37.59,22.729,30.146,23.244,4.742,6.877,6.139
43404,0.764,37.706,22.663,30.165,23.247,4.742,6.877,6.138
43405,0.757,37.794,22.674,30.156,23.251,4.783,6.918,6.26
43406,0.761,37.239,22.713,30.156,23.247,4.742,6.878,6.099
43407,0.751,37.329,22.698,30.137,23.237,4.62,6.755,6.016
43408,0.754,37.483,22.604,30.146,23.251,4.741,6.876,6.096
43409,0.767,37.552,22.665,30.137,23.247,4.742,6.796,6.097
43410,0.764,37.428,22.67,30.136,23.244,4.742,6.755,6.016
43411,0.767,37.57,22.697,30.117,23.247,4.661,6.795,5.974
43412,0.77,37.697,22.686,30.146,23.251,4.782,6.999,6.218
43413,0.787,37.775,22.756,30.175,23.254,4.824,6.838,6.18
43414,0.787,37.315,22.667,30.137,23.244,4.661,6.837,6.057
43415,0.784,37.464,22.689,30.136,23.251,4.782,6.877,6.097
43416,0.78,37.58,22.733,30.127,23.251,4.742,6.837,6.138
43417,0.78,37.601,22.682,30.146,23.254,4.742,6.837,6.057
43418,0.764,37.208,22.697,30.165,23.237,4.661,6.755,5.975
43419,0.761,37.348,22.647,30.127,23.251,4.741,6.836,6.096
43420,0.764,37.445,22.705,30.117,23.247,4.742,6.837,6.016
43421,0.761,37.542,22.725,30.117,23.24,4.742,6.796,6.056
43422,0.754,37.332,22.698,30.107,23.24,4.701,6.836,6.015
43423,0.748,37.483,22.741,30.136,23.254,4.823,6.999,6.137
43424,0.757,37.609,22.706,30.165,23.254,4.783,6.919,6.138
43425,0.754,37.285,22.694,30.127,23.251,4.783,6.919,6.098
43426,0.754,37.339,22.741,30.136,23.258,4.702,6.959,6.097
43427,0.748,37.445,22.725,30.146,23.251,4.742,6.96,6.138
43428,0.767,37.571,22.706,30.165,23.254,4.742,7.0,6.138
43429,0.764,37.217,22.67,30.098,23.247,4.701,6.797,5.976
43430,0.757,37.319,22.732,30.117,23.247,4.742,6.917,6.096
43431,0.767,37.454,22.706,30.117,23.247,4.701,6.796,6.056
43432,0.767,37.523,22.713,30.117,23.24,4.701,6.877,6.097
43433,0.774,44.686,22.745,30.107,23.247,4.66,6.837,6.016
43434,0.774,44.864,22.71,30.088,23.247,4.782,6.877,6.096
43435,0.787,44.913,22.706,30.155,23.265,4.946,7.04,6.138
43436,0.797,44.914,22.737,30.118,23.251,4.785,6.92,6.057
43437,0.784,33.81,22.69,30.107,23.251,4.742,6.878,6.097
43438,0.774,33.947,22.682,30.136,23.244,4.661,6.918,6.097
43439,0.774,34.112,22.697,30.136,23.251,4.822,6.919,6.138
43440,0.767,34.239,22.713,30.108,23.247,4.702,6.837,5.976
43441,0.751,38.363,22.686,30.079,23.24,4.66,6.837,5.974
43442,0.748,38.53,22.682,30.107,23.247,4.7,6.837,6.055
43443,0.747,38.617,22.705,30.107,23.24,4.66,6.837,6.015
43444,0.741,38.647,22.62,30.117,23.251,4.66,6.796,6.015
43445,0.747,36.585,22.673,30.098,23.24,4.7,6.877,6.015
43446,0.747,36.747,22.701,30.126,23.254,4.863,6.918,6.218
43447,0.757,36.873,22.717,30.136,23.254,4.743,6.878,6.098
43448,0.761,36.894,22.725,30.165,23.247,4.701,6.918,5.975
43449,0.764,37.421,22.686,30.108,23.244,4.782,6.919,6.055
43450,0.774,37.542,22.717,30.107,23.254,4.864,6.878,6.097
43451,0.787,37.629,22.721,30.117,23.251,4.784,6.837,6.056
43452,0.78,37.151,22.71,30.069,23.237,4.661,6.755,6.015
43453,0.78,37.05,22.725,30.097,23.247,4.66,6.836,6.096
43454,0.79,37.183,22.702,30.079,23.251,4.7,6.714,6.016
43455,0.787,37.29,22.686,30.078,23.244,4.701,6.835,5.974
43456,0.79,37.032,22.721,30.088,23.244,4.66,6.837,6.015
43457,0.79,37.183,22.69,30.098,23.254,4.822,6.958,6.137
43458,0.793,37.328,22.705,30.126,23.251,4.783,6.838,6.057
43459,0.774,37.387,22.709,30.098,23.254,4.742,6.877,6.097
43460,0.774,37.014,22.768,30.088,23.261,4.783,6.877,6.056
43461,0.774,37.154,22.722,30.088,23.247,4.742,6.918,6.137
43462,0.771,37.29,22.729,30.088,23.254,4.783,6.756,5.976
43463,0.757,37.329,22.725,30.069,23.24,4.661,6.754,6.015
43464,0.77,36.965,22.706,30.107,23.247,4.7,6.754,6.056
43465,0.764,37.115,22.67,30.079,23.247,4.701,6.795,6.056
43466,0.761,37.213,22.725,30.069,23.24,4.62,6.795,6.015
43467,0.757,37.281,22.706,30.069,23.247,4.659,6.755,6.096
43468,0.777,37.118,22.705,30.088,23.258,4.822,6.836,6.219
43469,0.793,37.27,22.702,30.098,23.251,4.661,6.755,6.098
43470,0.79,37.367,22.713,30.088,23.251,4.7,6.795,6.097
43471,0.793,37.407,22.69,30.069,23.254,4.742,6.795,6.097
43472,0.793,37.043,22.69,30.078,23.251,4.742,6.836,6.056
43473,0.8,37.183,22.721,30.078,23.254,4.742,6.796,6.015
43474,0.803,37.28,22.671,30.04,23.237,4.62,6.673,5.974
43475,0.807,37.291,22.635,30.088,23.251,4.7,6.794,6.015
43476,0.803,37.051,22.697,30.069,23.247,4.742,6.755,6.056
43477,0.8,37.164,22.662,30.078,23.244,4.701,6.714,6.056
43478,0.794,37.29,22.678,30.059,23.244,4.62,6.713,6.015
43479,0.793,37.195,22.69,30.069,23.258,4.822,6.794,6.096
43480,0.797,37.079,22.721,30.097,23.258,4.783,6.755,6.097
43481,0.774,37.183,22.721,30.069,23.251,4.742,6.714,6.138
43482,0.777,37.29,22.713,30.059,23.247,4.823,6.754,6.179
43483,0.78,37.051,22.764,30.059,23.254,4.824,6.795,6.179
43484,0.78,37.135,22.73,30.145,23.254,4.824,6.795,6.098
43485,0.771,37.251,22.659,30.069,23.24,4.661,6.592,6.016
43486,0.761,37.3,22.713,30.03,23.254,4.66,6.712,6.096
43487,0.774,36.936,22.651,30.068,23.251,4.741,6.672,6.097
43488,0.787,37.057,22.697,30.059,23.24,4.661,6.713,6.097
43489,0.78,37.183,22.662,30.04,23.244,4.66,6.754,6.056
43490,0.787,37.252,22.701,30.04,23.244,4.7,6.754,6.097
43491,0.803,37.003,22.741,30.078,23.261,4.904,6.836,6.26
43492,0.813,37.135,22.706,30.04,23.254,4.662,6.755,6.18
43493,0.794,37.232,22.752,30.04,23.251,4.741,6.795,6.139
43494,0.813,37.31,22.722,30.049,23.251,4.742,6.877,6.138
43495,0.81,36.994,22.686,30.04,23.251,4.823,6.837,6.179
43496,0.813,37.087,22.733,30.049,23.251,4.702,6.755,5.976
43497,0.803,37.193,22.628,30.04,23.237,4.66,6.754,6.096
43498,0.79,37.3,22.673,30.04,23.244,4.7,6.836,6.138
43499,0.793,37.099,22.686,30.011,23.24,4.66,6.755,6.098
43500,0.793,37.212,22.721,30.02,23.24,4.7,6.754,6.097
43501,0.78,37.319,22.713,30.02,23.24,4.701,6.795,6.138
43502,0.784,37.387,22.69,30.059,23.258,4.823,6.958,6.26
43503,0.793,37.033,22.737,30.049,23.254,4.702,6.838,6.18
43504,0.78,37.135,22.714,30.049,23.247,4.742,6.837,6.22
43505,0.78,37.232,22.659,30.049,23.251,4.823,6.877,6.261
43506,0.784,37.549,22.728,30.049,23.261,4.783,6.877,6.221
43507,0.777,36.977,22.69,30.059,23.254,4.824,6.796,6.139
43508,0.784,37.077,22.647,30.001,23.237,4.661,6.673,6.138
43509,0.784,37.193,22.654,30.03,23.251,4.7,6.794,6.138
43510,0.793,36.935,22.678,30.03,23.251,4.742,6.836,6.179
43511,0.797,36.971,22.701,30.011,23.244,4.742,6.714,6.139
43512,0.794,37.096,22.713,30.011,23.244,4.701,6.794,6.138
43513,0.797,37.193,22.745,30.039,23.251,4.823,6.917,6.341
43514,0.82,36.878,22.741,30.059,23.251,4.824,6.878,6.181
43515,0.81,36.961,22.698,30.04,23.251,4.702,6.796,6.179
43516,0.81,37.067,22.737,30.03,23.254,4.742,6.795,6.22
43517,0.79,37.154,22.737,30.059,23.254,4.823,6.836,6.261
43518,0.793,36.887,22.678,30.04,23.251,4.783,6.837,6.18
43519,0.79,37.018,22.682,30.011,23.244,4.702,6.674,6.057
43520,0.787,37.097,22.713,30.02,23.247,4.782,6.713,6.178
43521,0.784,37.203,22.69,30.02,23.251,4.742,6.713,6.139
43522,0.784,36.82,22.674,29.992,23.244,4.661,6.794,6.179
43523,0.777,36.931,22.721,29.991,23.244,4.741,6.755,6.139
43524,0.771,37.067,22.694,30.03,23.254,4.823,6.795,6.382
43525,0.78,37.164,22.698,30.049,23.258,4.824,6.877,6.222
43526,0.767,36.906,22.737,30.011,23.247,4.783,6.837,6.22
43527,0.77,37.057,22.651,30.02,23.251,4.783,6.837,6.22
43528,0.783,37.174,22.693,30.011,23.247,4.783,6.877,6.302
43529,0.787,37.213,22.662,30.03,23.254,4.824,6.959,6.221
43530,0.777,36.792,22.717,29.972,23.237,4.58,6.797,6.18
43531,0.787,36.941,22.702,29.991,23.254,4.7,6.917,6.22
43532,0.8,37.057,22.694,30.01,23.24,4.742,6.837,6.139
43533,0.79,37.068,22.737,29.991,23.251,4.742,6.877,6.138
43534,0.79,36.809,22.671,29.991,23.244,4.701,6.837,6.219
43535,0.8,36.979,22.682,30.01,23.254,4.782,7.04,6.424
43536,0.816,37.086,22.721,30.02,23.251,4.661,6.92,6.222
43537,0.8,36.886,22.631,30.001,23.244,4.741,6.959,6.302
43538,0.784,36.827,22.662,30.011,23.247,4.783,6.96,6.18
43539,0.78,36.96,22.67,30.02,23.258,4.783,7.041,6.301
43540,0.784,37.038,22.744,30.011,23.254,4.783,6.96,6.18
43541,0.764,36.809,22.69,29.982,23.244,4.58,6.878,6.139
43542,0.767,36.922,22.705,30.01,23.254,4.74,6.959,6.138
43543,0.774,37.057,22.713,29.982,23.251,4.742,6.878,6.138
43544,0.774,37.154,22.717,29.982,23.247,4.661,6.959,6.138
43545,0.754,36.638,22.682,29.982,23.244,4.66,6.919,6.219
43546,0.754,36.757,22.721,30.01,23.258,4.822,7.122,6.261
43547,0.77,36.931,22.69,30.03,23.251,4.743,7.043,6.18
43548,0.767,36.961,22.67,30.001,23.247,4.701,7.001,6.22
43549,0.774,36.722,22.67,30.001,23.251,4.701,6.96,6.22
43550,0.774,36.873,22.717,30.011,23.251,4.701,7.0,6.261
43551,0.784,36.98,22.729,30.001,23.254,4.701,6.96,6.221
43552,0.774,37.029,22.698,29.972,23.24,4.62,6.878,6.22
43553,0.78,36.636,22.705,29.991,23.247,4.741,7.0,6.139
43554,0.777,36.795,22.686,29.982,23.244,4.742,6.96,6.138
43555,0.787,36.902,22.674,29.972,23.247,4.62,6.878,6.057
43556,0.78,36.942,22.701,29.972,23.244,4.7,6.918,6.137
43557,0.797,36.827,22.62,30.01,23.261,4.823,7.081,6.423
43558,0.787,36.97,22.666,29.991,23.244,4.702,7.002,6.222
43559,0.774,37.077,22.701,29.991,23.251,4.66,6.96,6.22
43560,0.771,37.087,22.756,29.991,23.254,4.782,6.96,6.261
43561,0.764,36.714,22.722,30.001,23.251,4.783,7.0,6.302
43562,0.754,36.834,22.706,29.982,23.247,4.661,6.879,6.099
43563,0.741,36.893,22.717,29.953,23.244,4.579,6.918,6.138
43564,0.754,36.951,22.702,29.981,23.247,4.7,6.919,6.138
43565,0.744,36.693,22.647,29.972,23.247,4.66,6.919,6.138
43566,0.744,36.825,22.681,29.972,23.251,4.579,6.796,6.138
43567,0.741,36.922,22.615,29.972,23.244,4.7,6.958,6.219
43568,0.76,36.722,22.646,30.001,23.258,4.904,7.163,6.302
43569,0.761,36.787,22.662,29.982,23.251,4.662,6.962,6.18
43570,0.761,36.912,22.74,29.982,23.254,4.741,6.96,6.179
43571,0.764,36.99,22.702,29.972,23.251,4.701,7.0,6.22
43572,0.774,36.636,22.744,29.962,23.254,4.742,7.001,6.261
43573,0.771,36.747,22.729,29.972,23.247,4.661,6.919,6.18
43574,0.767,36.844,22.682,29.953,23.237,4.619,6.878,6.098
43575,0.77,36.941,22.705,29.953,23.247,4.741,6.959,6.178
43576,0.774,36.683,22.709,29.943,23.247,4.742,6.878,6.098
43577,0.767,36.796,22.666,29.962,23.244,4.661,6.877,6.097
43578,0.764,36.941,22.643,29.953,23.244,4.7,6.959,6.138
43579,0.77,37.029,22.681,29.991,23.258,4.782,7.122,6.301
43580,0.77,36.703,22.717,29.982,23.251,4.702,6.961,6.262
43581,0.751,36.834,22.713,29.953,23.254,4.66,6.96,6.18
43582,0.744,36.951,22.717,29.981,23.251,4.7,6.96,6.22
43583,0.744,37.0,22.717,29.972,23.251,4.823,6.96,6.22
43584,0.751,36.646,22.698,29.972,23.247,4.661,6.838,6.139
43585,0.728,36.757,22.659,29.934,23.24,4.66,6.796,6.098
43586,0.734,36.873,22.697,29.962,23.247,4.7,6.917,6.219
43587,0.747,36.903,22.631,29.972,23.244,4.66,6.837,6.22
43588,0.741,36.731,22.627,29.924,23.251,4.66,6.796,6.098
43589,0.741,36.873,22.634,29.943,23.244,4.66,6.795,6.097
43590,0.747,36.99,22.732,29.962,23.258,4.782,6.999,6.3
43591,0.767,37.173,22.702,29.981,23.254,4.742,6.879,6.221
43592,0.767,36.849,22.69,29.962,23.251,4.701,6.877,6.18
43593,0.757,36.951,22.701,29.953,23.251,4.701,6.837,6.179
43594,0.764,37.086,22.69,29.953,23.247,4.701,6.877,6.261
43595,0.774,36.733,22.666,29.962,23.251,4.742,6.877,6.18
43596,0.764,36.681,22.697,29.953,23.24,4.539,6.715,6.017
43597,0.754,36.805,22.612,29.933,23.244,4.659,6.794,6.137
43598,0.764,36.941,22.658,29.943,23.244,4.66,6.755,6.138
43599,0.757,36.751,22.643,29.952,23.244,4.619,6.795,6.138
43600,0.748,36.864,22.681,29.933,23.244,4.7,6.673,6.098
43601,0.744,36.961,22.666,29.952,23.247,4.701,6.835,6.26
43602,0.76,37.125,22.686,29.981,23.254,4.823,6.877,6.139
43603,0.741,36.58,22.701,29.934,23.251,4.702,6.796,6.138
43604,0.738,36.728,22.717,29.952,23.247,4.742,6.877,6.179
43605,0.734,36.863,22.686,29.953,23.254,4.742,6.837,6.22
43606,0.734,36.922,22.752,29.953,23.258,4.742,6.958,6.18
43607,0.731,36.731,22.722,29.953,23.244,4.661,6.756,6.017
43608,0.725,36.835,22.667,29.924,23.251,4.66,6.876,6.137
43609,0.747,36.96,22.686,29.943,23.244,4.66,6.796,6.138
43610,0.751,37.038,22.69,29.933,23.247,4.619,6.836,6.057
43611,0.751,36.675,22.69,29.914,23.247,4.578,6.755,6.056
43612,0.761,36.825,22.666,29.943,23.251,4.781,6.876,6.259
43613,0.77,36.97,22.721,29.972,23.265,4.824,6.959,6.262
43614,0.767,36.981,22.686,29.953,23.251,4.702,6.919,6.139
43615,0.764,37.086,22.655,29.933,23.251,4.701,6.837,6.179
43616,0.764,37.222,22.721,29.933,23.251,4.742,6.918,6.139
43617,0.774,37.348,22.635,29.962,23.254,4.701,6.878,6.138
43618,0.751,37.359,22.666,29.914,23.244,4.579,6.755,6.057
43619,0.748,36.457,22.666,29.914,23.244,4.7,6.795,6.137
43620,0.747,36.602,22.697,29.923,23.244,4.66,6.795,6.138
43621,0.738,36.728,22.698,29.914,23.24,4.619,6.836,6.098
43622,0.731,36.729,22.674,29.895,23.247,4.659,6.755,6.097
43623,0.731,36.7,22.693,29.904,23.247,4.741,6.795,6.219
43624,0.741,36.863,22.713,29.971,23.265,4.823,6.877,6.261
43625,0.734,36.932,22.69,29.924,23.251,4.702,6.796,6.262
43626,0.725,36.683,22.717,29.933,23.251,4.66,6.836,6.221
43627,0.731,36.834,22.667,29.971,23.247,4.741,6.837,6.22
43628,0.744,36.922,22.658,29.943,23.254,4.701,6.796,6.261
43629,0.738,37.009,22.674,29.914,23.251,4.66,6.633,6.139
43630,0.738,36.54,22.654,29.904,23.247,4.66,6.712,6.179
43631,0.747,36.699,22.682,29.914,23.254,4.66,6.754,6.098
43632,0.751,36.806,22.67,29.914,23.244,4.66,6.795,6.178
43633,0.748,36.874,22.732,29.914,23.247,4.619,6.714,6.139
43634,0.764,36.654,22.717,29.914,23.247,4.7,6.754,6.26
43635,0.774,36.834,22.694,29.952,23.258,4.823,6.836,6.262
43636,0.774,36.932,22.725,29.914,23.258,4.661,6.755,6.221
43637,0.771,36.99,22.69,29.904,23.251,4.7,6.795,6.18
43638,0.754,36.674,22.674,29.923,23.251,4.66,6.755,6.261
43639,0.757,36.786,22.697,29.914,23.254,4.7,6.754,6.18
43640,0.754,36.912,22.733,29.933,23.247,4.579,6.714,6.098
43641,0.731,36.942,22.714,29.885,23.233,4.578,6.754,6.219
43642,0.744,36.712,22.717,29.923,23.244,4.7,6.754,6.18
43643,0.738,36.854,22.713,29.895,23.247,4.66,6.714,6.139
43644,0.738,36.961,22.694,29.904,23.244,4.619,6.713,6.057
43645,0.725,37.01,22.659,29.895,23.247,4.659,6.713,6.219
43646,0.737,36.742,22.721,29.942,23.265,4.822,6.916,6.302
43647,0.738,36.844,22.592,29.933,23.248,4.702,6.715,6.18
43648,0.741,36.961,22.65,29.914,23.24,4.742,6.794,6.22
43649,0.747,37.249,22.662,29.914,23.258,4.742,6.795,6.18
43650,0.744,36.734,22.705,29.933,23.251,4.742,6.755,6.261
43651,0.747,36.873,22.686,29.914,23.247,4.661,6.673,6.058
43652,0.744,36.951,22.674,29.904,23.251,4.66,6.713,6.178
43653,0.76,36.731,22.693,29.895,23.247,4.66,6.672,6.22
43654,0.751,36.825,22.67,29.914,23.247,4.66,6.672,6.058
43655,0.754,36.932,22.709,29.876,23.247,4.66,6.631,6.056
43656,0.748,37.009,22.713,29.913,23.247,4.7,6.794,6.178
43657,0.773,36.521,22.694,29.943,23.258,4.742,6.795,6.179
43658,0.754,36.612,22.674,29.914,23.254,4.701,6.795,6.179
43659,0.748,36.747,22.682,29.923,23.251,4.66,6.795,6.098
43660,0.747,36.835,22.721,29.923,23.251,4.741,6.795,6.178
43661,0.741,36.615,22.694,29.904,23.258,4.742,6.795,6.139
43662,0.731,36.709,22.686,29.895,23.237,4.62,6.633,5.976
43663,0.728,36.825,22.725,29.885,23.244,4.659,6.712,6.015
43664,0.734,36.932,22.702,29.904,23.244,4.7,6.754,6.096
43665,0.728,36.587,22.682,29.895,23.244,4.66,6.592,6.016
43666,0.731,36.709,22.701,29.904,23.244,4.579,6.631,6.015
43667,0.725,36.873,22.659,29.933,23.254,4.781,6.834,6.218
43668,0.757,36.951,22.693,29.933,23.254,4.702,6.755,6.098
43669,0.741,36.741,22.662,29.885,23.251,4.66,6.795,6.138
43670,0.744,36.854,22.728,29.914,23.258,4.66,6.755,6.138
43671,0.747,36.98,22.725,29.904,23.261,4.782,6.795,6.138
43672,0.76,37.039,22.69,29.904,23.251,4.702,6.755,6.016
43673,0.748,36.502,22.701,29.885,23.237,4.498,6.551,5.934
43674,0.757,36.65,22.698,29.914,23.247,4.74,6.752,6.014
43675,0.757,36.767,22.678,29.904,23.247,4.701,6.714,5.974
43676,0.754,36.787,22.705,29.895,23.244,4.62,6.632,6.055
43677,0.757,36.586,22.612,29.904,23.244,4.659,6.672,6.056
43678,0.757,36.747,22.642,29.933,23.258,4.904,6.875,6.178
43679,0.774,36.864,22.654,29.914,23.247,4.744,6.715,6.057
43680,0.741,36.568,22.701,29.895,23.247,4.661,6.713,6.056
43681,0.744,36.478,22.663,29.914,23.244,4.782,6.713,6.097
43682,0.741,36.631,22.689,29.904,23.254,4.742,6.672,6.056
43683,0.741,36.719,22.737,29.895,23.251,4.701,6.672,6.015
43684,0.728,36.518,22.698,29.856,23.237,4.62,6.631,5.934
43685,0.738,36.679,22.678,29.904,23.244,4.7,6.631,6.055
43686,0.734,36.786,22.717,29.885,23.244,4.742,6.672,6.015
43687,0.731,36.883,22.631,29.894,23.244,4.661,6.631,5.974
43688,0.734,36.347,22.666,29.866,23.244,4.619,6.59,6.015
43689,0.741,36.495,22.693,29.904,23.261,4.781,6.793,6.178
43690,0.751,36.631,22.721,29.904,23.247,4.661,6.673,6.017
43691,0.741,36.69,22.698,29.885,23.247,4.741,6.672,6.056
43692,0.747,36.499,22.686,29.894,23.251,4.783,6.713,5.975
43693,0.751,36.65,22.662,29.894,23.258,4.824,6.794,6.055
43694,0.757,36.776,22.689,29.894,23.251,4.702,6.714,5.975
43695,0.754,36.797,22.694,29.866,23.24,4.701,6.794,5.974
43696,0.754,36.433,22.721,29.875,23.247,4.742,6.836,6.015
43697,0.764,36.573,22.725,29.885,23.244,4.661,6.796,5.893
43698,0.744,36.689,22.671,29.866,23.24,4.579,6.877,5.892
43699,0.744,36.71,22.729,29.885,23.251,4.659,6.918,6.014
43700,0.751,36.489,22.717,29.914,23.258,4.904,7.041,6.096
43701,0.751,36.631,22.69,29.885,23.254,4.662,6.879,5.975
43702,0.744,36.738,22.666,29.894,23.251,4.782,7.04,6.015
43703,0.744,36.758,22.658,29.885,23.258,4.742,7.082,6.015
43704,0.734,36.528,22.658,29.904,23.258,4.742,7.123,6.015
43705,0.721,36.66,22.666,29.866,23.247,4.661,6.921,5.852
43706,0.715,36.738,22.678,29.865,23.237,4.7,6.959,6.013
43707,0.724,36.729,22.682,29.952,23.251,4.66,7.082,6.015
43708,0.747,36.47,22.619,29.866,23.244,4.7,6.961,5.974
43709,0.747,36.583,22.65,29.856,23.244,4.66,6.96,5.852
43710,0.741,36.661,22.713,29.875,23.247,4.619,7.0,5.973
43711,0.751,36.403,22.702,29.923,23.254,4.822,7.163,6.137
43712,0.751,36.515,22.713,29.885,23.251,4.783,7.043,5.976
43713,0.754,36.593,22.651,29.885,23.251,4.742,7.123,6.015
43714,0.757,36.709,22.674,29.885,23.254,4.701,7.043,6.056
43715,0.761,36.384,22.682,29.866,23.258,4.742,7.042,6.015
43716,0.761,36.515,22.682,29.894,23.251,4.742,6.96,5.974
43717,0.748,36.612,22.674,29.847,23.237,4.62,6.919,5.974
43718,0.751,36.728,22.67,29.884,23.247,4.659,7.0,6.015
43719,0.748,36.25,22.725,29.875,23.244,4.66,6.96,5.934
43720,0.741,36.389,22.674,29.865,23.244,4.66,6.878,5.892
43721,0.728,36.496,22.69,29.865,23.244,4.7,6.918,5.933
43722,0.738,36.612,22.694,29.894,23.261,4.863,7.122,6.136
43723,0.744,36.479,22.678,29.885,23.258,4.702,6.961,6.016
43724,0.731,36.592,22.69,29.866,23.254,4.701,6.919,6.056
43725,0.731,36.709,22.686,29.894,23.247,4.782,7.081,6.056
43726,0.738,36.758,22.686,29.885,23.254,4.824,7.083,6.056
43727,0.734,36.288,22.658,29.894,23.258,4.702,6.961,5.975
43728,0.721,36.38,22.658,29.837,23.241,4.66,6.96,5.974
43729,0.741,36.505,22.713,29.875,23.251,4.7,7.041,5.974
43730,0.741,36.545,22.702,29.865,23.244,4.701,7.042,5.974
43731,0.741,36.305,22.67,29.865,23.24,4.701,7.042,5.893
43732,0.738,36.447,22.65,29.856,23.247,4.66,7.123,6.054
43733,0.751,36.563,22.682,29.904,23.254,4.822,7.246,6.137
43734,0.764,36.823,22.658,29.875,23.247,4.783,7.125,5.976
43735,0.761,36.318,22.666,29.865,23.254,4.742,7.165,6.015
43736,0.754,36.447,22.658,29.875,23.247,4.742,7.165,6.015
43737,0.761,36.573,22.627,29.875,23.251,4.742,7.124,6.015
43738,0.751,36.306,22.65,29.875,23.244,4.742,7.083,5.974
43739,0.731,36.255,22.67,29.827,23.244,4.661,7.123,5.974
43740,0.747,36.427,22.666,29.865,23.251,4.7,7.124,5.974
43741,0.731,36.506,22.674,29.856,23.251,4.66,7.165,5.933
43742,0.728,36.209,22.666,29.846,23.244,4.66,7.124,5.933
43743,0.725,36.321,22.705,29.846,23.24,4.741,7.043,5.974
43744,0.734,36.495,22.725,29.884,23.254,4.945,7.245,6.055
43745,0.738,36.593,22.678,29.875,23.251,4.744,7.125,6.056
43746,0.728,36.153,22.721,29.875,23.254,4.701,7.165,6.056
43747,0.725,36.282,22.612,29.885,23.254,4.742,7.165,6.056
43748,0.731,36.437,22.662,29.875,23.247,4.783,7.124,6.015
43749,0.741,36.515,22.686,29.856,23.244,4.62,6.921,5.893
43750,0.741,36.113,22.713,29.837,23.24,4.7,7.081,5.973
43751,0.751,36.301,22.674,29.856,23.247,4.742,7.042,6.015
43752,0.748,36.408,22.651,29.865,23.247,4.742,7.001,5.934
43753,0.757,36.467,22.662,29.846,23.24,4.661,7.041,5.933
43754,0.754,36.122,22.686,29.856,23.251,4.782,7.042,6.055
43755,0.774,36.32,22.697,29.884,23.261,4.783,7.123,5.975
43756,0.767,36.399,22.686,29.875,23.251,4.702,7.043,5.974
43757,0.77,36.438,22.67,29.856,23.247,4.742,7.042,6.015
43758,0.761,36.554,22.693,29.846,23.254,4.823,7.082,6.056
43759,0.761,36.68,22.737,29.875,23.251,4.824,7.042,5.975
43760,0.754,36.767,22.616,29.827,23.24,4.621,7.001,5.974
43761,0.741,36.806,22.669,29.865,23.244,4.7,7.041,5.974
43762,0.734,36.135,22.643,29.865,23.244,4.701,7.082,5.974
43763,0.728,36.244,22.67,29.827,23.244,4.66,7.002,5.933
43764,0.731,36.36,22.67,29.836,23.244,4.7,7.082,6.055
43765,0.734,36.323,22.69,29.875,23.261,4.863,7.164,6.137
43766,0.734,36.246,22.67,29.865,23.254,4.702,7.124,6.057
43767,0.721,36.36,22.643,29.856,23.251,4.701,7.083,6.015
43768,0.741,36.467,22.65,29.856,23.251,4.701,7.123,6.056
43769,0.741,36.094,22.717,29.865,23.254,4.823,7.165,6.056
43770,0.744,36.176,22.694,29.865,23.251,4.621,7.002,5.893
43771,0.738,36.254,22.655,29.856,23.24,4.659,7.041,6.014
43772,0.76,36.37,22.67,29.837,23.24,4.7,7.123,6.015
43773,0.751,36.534,22.732,29.836,23.247,4.701,7.165,5.974
43774,0.741,36.679,22.717,29.846,23.24,4.701,7.124,5.974
43775,0.747,36.805,22.678,29.837,23.244,4.782,7.205,6.055
43776,0.757,36.903,22.729,29.875,23.261,4.824,7.369,6.097
43777,0.764,35.724,22.616,29.837,23.247,4.743,7.248,6.016
43778,0.754,35.875,22.681,29.865,23.247,4.742,7.369,6.015
43779,0.748,36.002,22.69,29.846,23.251,4.742,7.289,6.056
43780,0.741,36.07,22.713,29.865,23.258,4.783,7.41,6.137
43781,0.731,36.205,22.663,29.837,23.244,4.702,7.249,5.935
43782,0.721,36.312,22.623,29.836,23.24,4.66,7.328,5.974
43783,0.728,36.447,22.681,29.836,23.247,4.741,7.289,5.974
43784,0.728,36.515,22.69,29.836,23.24,4.742,7.288,5.974
43785,0.721,36.037,22.658,29.836,23.251,4.62,7.288,5.974
43786,0.721,36.166,22.682,29.856,23.251,4.741,7.451,6.177
43787,0.721,36.321,22.682,29.932,23.258,4.864,7.493,6.098
43788,0.734,36.351,22.666,29.847,23.251,4.743,7.412,6.016
43789,0.741,36.131,22.678,29.846,23.247,4.661,7.371,6.096
43790,0.744,36.263,22.721,29.856,23.251,4.741,7.452,6.016
43791,0.757,36.379,22.694,29.875,23.258,4.783,7.412,6.015
43792,0.748,36.601,22.682,29.837,23.244,4.702,7.33,5.974
43793,0.738,35.97,22.6,29.827,23.237,4.66,7.37,6.015
43794,0.747,36.137,22.63,29.836,23.24,4.66,7.411,6.015
43795,0.757,36.225,22.693,29.836,23.244,4.66,7.371,5.974
43796,0.757,36.101,22.62,29.817,23.24,4.619,7.411,5.974
43797,0.751,36.186,22.634,29.827,23.244,4.7,7.371,5.974
43798,0.761,36.35,22.716,29.855,23.258,4.823,7.492,6.177
43799,0.761,36.428,22.741,29.837,23.251,4.702,7.371,5.976
43800,0.744,35.988,22.721,29.827,23.251,4.742,7.37,6.096
43801,0.747,36.108,22.717,29.827,23.251,4.701,7.33,6.056
43802,0.747,36.253,22.698,29.846,23.251,4.742,7.41,6.056
43803,0.738,36.341,22.725,29.827,23.251,4.701,7.33,5.975
43804,0.721,36.025,22.667,29.808,23.237,4.742,7.289,6.015
43805,0.721,36.204,22.666,29.826,23.247,4.742,7.329,6.096
43806,0.728,36.312,22.689,29.827,23.244,4.701,7.207,6.016
43807,0.725,36.399,22.643,29.808,23.244,4.66,7.206,5.974
43808,0.731,35.949,22.638,29.807,23.247,4.7,7.247,6.096
43809,0.738,36.108,22.674,29.865,23.261,4.823,7.369,6.26
43810,0.754,36.224,22.701,29.837,23.251,4.702,7.208,6.017
43811,0.741,36.283,22.69,29.836,23.251,4.742,7.247,6.056
43812,0.747,36.025,22.682,29.836,23.244,4.783,7.247,6.097
43813,0.751,36.176,22.623,29.836,23.251,4.783,7.288,6.097
43814,0.761,36.283,22.631,29.846,23.251,4.742,7.207,6.097
43815,0.757,36.293,22.693,29.798,23.24,4.661,7.084,5.935
43816,0.751,35.91,22.604,29.836,23.244,4.741,7.164,6.014
43817,0.761,36.05,22.654,29.836,23.247,4.701,7.206,6.015
43818,0.744,36.157,22.639,29.817,23.24,4.701,7.165,6.015
43819,0.738,36.167,22.697,29.817,23.251,4.66,7.084,6.015
43820,0.738,36.072,22.674,29.836,23.254,4.782,7.327,6.218
43821,0.744,36.224,22.693,29.856,23.254,4.783,7.248,6.139
43822,0.734,36.312,22.705,29.837,23.247,4.783,7.288,6.138
43823,0.738,36.102,22.702,29.817,23.247,4.702,7.288,6.138
43824,0.741,36.071,22.678,29.827,23.258,4.823,7.369,6.179
43825,0.734,36.195,22.67,29.836,23.244,4.743,7.37,6.179
43826,0.728,36.283,22.682,29.808,23.244,4.539,7.208,6.098
43827,0.721,35.891,22.697,29.817,23.244,4.699,7.287,6.138
43828,0.731,36.021,22.655,29.817,23.247,4.701,7.288,6.098
43829,0.734,36.118,22.666,29.827,23.24,4.742,7.247,6.138
43830,0.741,36.215,22.717,29.808,23.244,4.701,7.247,6.179
43831,0.751,35.919,22.686,29.836,23.254,4.782,7.369,6.179
43832,0.761,36.088,22.713,29.846,23.258,4.864,7.37,6.139
43833,0.751,36.186,22.67,29.808,23.254,4.743,7.33,6.138
43834,0.754,36.263,22.697,29.836,23.244,4.783,7.37,6.219
43835,0.761,35.929,22.678,29.846,23.254,4.783,7.33,6.139
43836,0.764,36.088,22.639,29.827,23.254,4.824,7.37,6.179
43837,0.767,36.186,22.666,29.808,23.237,4.621,7.208,6.017
43838,0.754,36.244,22.635,29.846,23.251,4.781,7.287,6.137
43839,0.757,35.9,22.697,29.808,23.247,4.742,7.329,6.138
43840,0.754,36.03,22.635,29.817,23.244,4.742,7.167,6.057
43841,0.738,36.147,22.635,29.798,23.24,4.701,7.246,6.137
43842,0.747,36.225,22.654,29.846,23.254,4.904,7.369,6.26
43843,0.754,36.015,22.67,29.846,23.258,4.825,7.248,6.18
43844,0.748,36.118,22.678,29.827,23.251,4.743,7.247,6.179
43845,0.741,36.224,22.674,29.836,23.251,4.742,7.206,6.179
43846,0.741,36.235,22.682,29.808,23.254,4.864,7.247,6.179
43847,0.747,35.957,22.701,29.836,23.251,4.743,7.247,6.139
43848,0.754,36.089,22.639,29.798,23.247,4.62,7.044,6.057
43849,0.764,36.176,22.693,29.817,23.247,4.741,7.123,6.097
43850,0.774,36.254,22.686,29.817,23.251,4.701,7.124,6.138
43851,0.777,36.14,22.658,29.807,23.244,4.742,7.124,6.098
43852,0.79,36.282,22.65,29.807,23.247,4.701,7.205,6.138
43853,0.8,36.408,22.631,29.836,23.258,4.904,7.369,6.301
43854,0.813,35.94,22.677,29.827,23.247,4.744,7.248,6.14
43855,0.82,35.973,22.701,29.808,23.247,4.742,7.247,6.138
43856,0.823,36.098,22.682,29.817,23.244,4.823,7.247,6.179
43857,0.836,36.215,22.69,29.817,23.254,4.824,7.288,6.179
43858,0.833,35.861,22.658,29.807,23.247,4.743,7.207,6.057
43859,0.823,35.973,22.713,29.798,23.24,4.742,7.125,6.137
43860,0.83,36.098,22.639,29.817,23.247,4.742,7.083,6.098
43861,0.826,36.186,22.638,29.807,23.251,4.742,7.123,6.016
43862,0.823,35.851,22.654,29.798,23.244,4.701,7.124,6.096
43863,0.817,36.001,22.635,29.798,23.247,4.742,7.205,6.138
43864,0.826,36.166,22.67,29.836,23.261,4.823,7.247,6.138
43865,0.817,36.206,22.662,29.798,23.251,4.743,7.084,6.138
43866,0.807,35.794,22.662,29.807,23.247,4.742,7.123,6.179
43867,0.81,35.934,22.674,29.817,23.251,4.783,7.165,6.139
43868,0.813,36.069,22.639,29.827,23.251,4.783,7.206,6.138
43869,0.816,36.109,22.681,29.808,23.24,4.702,7.043,6.016
43870,0.807,35.87,22.619,29.807,23.244,4.742,7.123,6.096
43871,0.826,36.069,22.673,29.817,23.247,4.742,7.083,6.138
43872,0.826,36.205,22.651,29.807,23.247,4.701,7.042,6.016
43873,0.836,36.197,22.639,29.798,23.237,4.66,7.082,6.015
43874,0.856,35.784,22.697,29.817,23.258,4.741,7.123,6.178
43875,0.872,35.953,22.729,29.836,23.258,4.823,7.124,6.098
43876,0.869,36.041,22.667,29.817,23.247,4.743,7.043,6.056
43877,0.879,36.339,22.654,29.798,23.247,4.783,7.082,6.097
43878,0.869,35.891,22.643,29.807,23.247,4.824,7.083,6.138
43879,0.859,36.011,22.724,29.817,23.258,4.865,7.042,6.138
43880,0.853,36.099,22.671,29.798,23.241,4.702,6.96,5.976
43881,0.836,35.869,22.662,29.798,23.254,4.742,7.041,6.137
43882,0.839,35.877,22.658,29.798,23.251,4.783,7.001,6.057
43883,0.83,35.992,22.639,29.788,23.247,4.742,7.041,6.015
43884,0.836,36.108,22.654,29.778,23.244,4.661,6.96,6.056
43885,0.836,35.831,22.682,29.797,23.247,4.782,7.122,6.219
43886,0.852,35.991,22.682,29.855,23.258,4.824,7.205,6.139
43887,0.84,36.108,22.674,29.808,23.247,4.743,7.084,6.098
43888,0.852,36.196,22.635,29.817,23.251,4.742,7.083,6.056
43889,0.862,35.669,22.709,29.817,23.258,4.783,7.123,6.137
43890,0.856,35.798,22.698,29.807,23.251,4.783,7.124,6.098
43891,0.846,35.914,22.678,29.788,23.237,4.62,6.961,5.975
43892,0.84,36.002,22.674,29.807,23.251,4.741,7.082,6.096
43893,0.843,35.792,22.627,29.798,23.244,4.742,7.083,6.097
43894,0.843,35.943,22.642,29.778,23.244,4.701,7.002,6.056
43895,0.853,36.069,22.658,29.778,23.244,4.701,7.041,6.015
43896,0.853,36.128,22.639,29.807,23.258,4.823,7.164,6.259
43897,0.875,35.726,22.627,29.817,23.258,4.783,7.124,6.058
43898,0.846,35.827,22.627,29.807,23.251,4.783,7.083,6.056
43899,0.84,35.934,22.697,29.817,23.251,4.783,7.083,6.056
43900,0.833,35.993,22.666,29.798,23.254,4.824,7.083,6.178
43901,0.823,35.821,22.717,29.807,23.251,4.824,7.042,6.057
43902,0.804,35.924,22.682,29.779,23.237,4.661,7.042,6.015
43903,0.79,36.05,22.678,29.807,23.251,4.66,7.082,6.015
43904,0.787,36.08,22.658,29.798,23.251,4.66,7.123,6.015
43905,0.777,35.898,22.689,29.798,23.244,4.66,7.124,6.096
43906,0.767,36.011,22.635,29.788,23.24,4.619,7.083,6.056
43907,0.757,36.137,22.685,29.817,23.251,4.822,7.286,6.219
43908,0.774,35.908,22.67,29.827,23.251,4.824,7.166,6.098
43909,0.771,35.705,22.686,29.779,23.251,4.824,7.165,6.056
43910,0.767,35.846,22.666,29.797,23.251,4.743,7.206,6.137
43911,0.757,35.953,22.654,29.807,23.258,4.783,7.287,6.057
43912,0.764,35.715,22.678,29.798,23.251,4.783,7.247,6.056
43913,0.77,35.798,22.635,29.769,23.23,4.539,7.084,5.934
43914,0.757,35.924,22.654,29.797,23.254,4.74,7.123,6.096
43915,0.77,36.012,22.689,29.798,23.247,4.701,7.205,5.975
43916,0.761,35.61,22.604,29.778,23.24,4.66,7.125,5.974
43917,0.761,35.721,22.638,29.797,23.24,4.66,7.124,5.974
43918,0.754,35.875,22.635,29.798,23.254,4.822,7.246,6.137
43919,0.748,35.973,22.693,29.817,23.258,4.702,7.206,6.016
43920,0.731,35.734,22.62,29.788,23.247,4.66,7.165,6.137
43921,0.721,35.895,22.615,29.778,23.258,4.741,7.206,6.057
43922,0.718,36.021,22.65,29.807,23.254,4.742,7.287,6.056
43923,0.715,36.08,22.646,29.817,23.254,4.742,7.207,6.056
43924,0.695,35.697,22.623,29.769,23.244,4.579,7.043,5.893
43925,0.695,35.837,22.685,29.797,23.244,4.74,7.204,6.054
43926,0.695,35.924,22.639,29.788,23.251,4.742,7.125,6.015
43927,0.685,36.002,22.681,29.788,23.244,4.661,7.083,5.974
43928,0.701,35.638,22.658,29.798,23.244,4.66,7.164,6.055
43929,0.711,35.788,22.709,29.817,23.258,4.863,7.45,6.219
43930,0.715,35.924,22.694,29.788,23.251,4.702,7.208,6.017
43931,0.715,35.935,22.686,29.798,23.251,4.742,7.125,6.056
43932,0.721,35.743,22.666,29.798,23.251,4.823,7.287,6.178
43933,0.708,35.885,22.6,29.807,23.254,4.783,7.288,6.098
43934,0.718,36.011,22.665,29.807,23.247,4.661,7.207,6.016
43935,0.715,36.108,22.689,29.75,23.237,4.579,7.043,5.934
43936,0.715,35.697,22.604,29.788,23.254,4.74,7.164,6.014
43937,0.708,35.827,22.654,29.778,23.244,4.701,7.124,6.015
43938,0.705,35.924,22.666,29.778,23.247,4.66,7.124,6.015
43939,0.695,35.733,22.697,29.778,23.24,4.66,7.043,6.096
43940,0.695,35.808,22.6,29.807,23.254,4.822,7.204,6.219
43941,0.708,35.972,22.634,29.817,23.254,4.783,7.084,6.058
43942,0.695,36.041,22.619,29.798,23.251,4.783,7.083,6.137
43943,0.688,35.552,22.56,29.798,23.251,4.742,7.083,6.179
43944,0.695,35.682,22.661,29.807,23.251,4.742,7.123,6.22
43945,0.679,35.817,22.693,29.807,23.244,4.783,7.124,6.18
43946,0.682,35.886,22.635,29.769,23.244,4.661,6.921,6.057
43947,0.672,35.532,22.65,29.797,23.244,4.7,7.0,6.137
43948,0.682,35.701,22.666,29.798,23.251,4.742,6.96,6.098
43949,0.682,35.808,22.697,29.778,23.247,4.62,7.0,6.056
43950,0.682,35.895,22.666,29.778,23.237,4.578,7.041,6.097
43951,0.705,35.676,22.65,29.807,23.254,4.862,7.204,6.341
43952,0.718,35.846,22.674,29.807,23.251,4.784,7.125,6.221
43953,0.702,35.925,22.643,29.798,23.247,4.742,7.002,6.18
43954,0.711,36.002,22.658,29.817,23.251,4.783,7.041,6.22
43955,0.715,35.619,22.666,29.798,23.251,4.783,7.082,6.22
43956,0.708,35.74,22.666,29.798,23.244,4.783,7.002,6.058
43957,0.702,35.856,22.662,29.759,23.244,4.661,7.001,6.097
43958,0.701,35.925,22.65,29.778,23.251,4.741,7.041,6.097
43959,0.701,35.618,22.713,29.797,23.251,4.701,6.96,6.097
43960,0.698,35.74,22.698,29.788,23.244,4.66,6.919,5.975
43961,0.685,35.866,22.686,29.778,23.254,4.782,7.0,6.218
43962,0.695,35.925,22.682,29.817,23.258,4.905,7.123,6.261
43963,0.685,35.666,22.627,29.788,23.251,4.744,7.002,6.099
43964,0.688,35.798,22.619,29.798,23.251,4.742,7.041,6.178
43965,0.682,35.895,22.689,29.798,23.251,4.701,7.001,6.179
43966,0.688,35.8,22.623,29.807,23.251,4.782,7.001,6.179
43967,0.679,35.799,22.638,29.788,23.244,4.702,6.919,6.098
43968,0.678,35.886,22.627,29.778,23.244,4.701,6.959,6.056
43969,0.701,36.011,22.666,29.788,23.251,4.742,6.96,6.137
43970,0.698,35.533,22.666,29.798,23.244,4.742,6.919,6.016
43971,0.695,35.643,22.615,29.778,23.237,4.62,6.837,5.974
43972,0.695,35.75,22.669,29.788,23.251,4.781,6.999,6.137
43973,0.711,35.895,22.662,29.817,23.254,4.783,7.082,6.219
43974,0.708,35.541,22.654,29.779,23.244,4.742,6.92,6.098
43975,0.721,35.662,22.721,29.778,23.254,4.701,6.959,6.097
43976,0.734,35.798,22.659,29.797,23.251,4.701,6.96,6.097
43977,0.731,35.886,22.666,29.788,23.251,4.782,7.0,6.138
43978,0.705,35.56,22.631,29.778,23.251,4.62,6.797,6.016
43979,0.698,35.663,22.677,29.778,23.247,4.659,6.836,6.056
43980,0.708,35.808,22.658,29.769,23.247,4.7,6.918,6.056
43981,0.698,35.886,22.619,29.778,23.244,4.701,6.919,6.137
43982,0.701,35.388,22.654,29.778,23.237,4.66,6.878,5.976
43983,0.692,35.527,22.635,29.778,23.254,4.782,7.04,6.177
43984,0.701,35.701,22.677,29.807,23.251,4.702,7.001,6.057
43985,0.688,35.722,22.678,29.798,23.254,4.742,7.001,6.137
43986,0.692,35.636,22.643,29.798,23.251,4.742,6.96,6.138
43987,0.685,35.798,22.658,29.798,23.247,4.783,7.0,6.098
43988,0.701,35.895,22.623,29.788,23.251,4.783,6.919,6.097
43989,0.701,35.896,22.697,29.769,23.244,4.58,6.878,6.016
43990,0.698,35.513,22.643,29.778,23.244,4.7,6.877,6.056
43991,0.708,35.672,22.638,29.778,23.244,4.66,6.959,6.056
43992,0.715,35.769,22.627,29.759,23.244,4.66,6.919,6.015
43993,0.702,35.742,22.634,29.769,23.244,4.66,6.919,6.056
43994,0.721,35.578,22.627,29.797,23.254,4.863,7.122,6.219
43995,0.757,35.74,22.673,29.798,23.251,4.743,7.043,6.139
43996,0.777,35.828,22.69,29.836,23.254,4.742,7.001,6.138
43997,0.8,35.541,22.631,29.769,23.258,4.701,7.041,6.219
43998,0.82,35.634,22.654,29.778,23.254,4.782,7.042,6.22
43999,0.843,35.75,22.689,29.788,23.254,4.742,7.082,6.058
44000,0.862,35.818,22.674,29.75,23.234,4.661,6.961,6.056
44001,0.885,35.474,22.662,29.768,23.251,4.66,7.082,6.056
44002,0.902,35.595,22.67,29.778,23.244,4.7,7.002,6.056
44003,0.908,35.701,22.658,29.759,23.24,4.66,6.96,6.097
44004,0.915,35.808,22.682,29.759,23.244,4.66,7.0,6.138
44005,0.928,35.493,22.686,29.788,23.258,4.863,7.204,6.219
44006,0.951,35.662,22.701,29.788,23.247,4.743,7.084,6.058
44007,0.964,35.76,22.686,29.788,23.251,4.742,7.083,6.137
44008,0.994,35.857,22.623,29.788,23.254,4.742,7.042,6.138
44009,1.043,35.541,22.666,29.798,23.244,4.742,7.123,6.179
44010,1.085,35.672,22.639,29.778,23.244,4.661,6.961,6.017
44011,1.135,35.769,22.627,29.74,23.244,4.7,7.0,6.137
44012,1.197,35.857,22.638,29.778,23.247,4.701,7.041,6.098
44013,1.243,35.493,22.658,29.826,23.24,4.701,6.96,6.178
44014,1.292,35.643,22.635,29.769,23.244,4.701,6.919,6.179
44015,1.309,35.731,22.681,29.759,23.251,4.701,7.0,6.22
44016,1.313,35.808,22.69,29.826,23.265,4.904,7.082,6.383
44017,1.322,35.55,22.639,29.76,23.248,4.784,6.92,6.303
44018,1.293,35.672,22.693,29.778,23.251,4.824,7.0,6.384
44019,1.322,35.789,22.717,29.778,23.244,4.824,6.96,6.425
44020,1.335,36.144,22.67,29.855,23.251,4.824,7.0,6.426
44021,1.319,35.486,22.623,29.77,23.254,4.702,6.879,6.344
44022,1.274,35.585,22.634,29.74,23.24,4.579,6.796,6.425
44023,1.26,35.721,22.654,29.855,23.244,4.7,6.836,6.426
44024,1.25,35.444,22.615,29.76,23.251,4.66,6.796,6.507
44025,1.234,35.451,22.689,29.759,23.247,4.7,6.795,6.549
44026,1.201,35.594,22.69,29.816,23.244,4.701,6.795,6.549
44027,1.152,35.711,22.666,29.798,23.261,4.863,6.999,6.793
44028,1.116,35.472,22.713,29.769,23.251,4.784,6.838,6.795
44029,1.041,35.556,22.686,29.769,23.251,4.742,6.877,6.958
44030,1.004,35.711,22.69,29.788,23.254,4.742,6.918,7.082
44031,0.955,35.779,22.674,29.778,23.251,4.783,6.959,7.327
44032,0.925,35.416,22.651,29.778,23.247,4.742,6.716,7.41
44033,0.866,35.527,22.615,29.74,23.237,4.661,6.794,7.696
44034,0.82,35.701,22.638,29.787,23.247,4.782,6.836,7.983
44035,0.784,35.76,22.654,29.75,23.244,4.702,6.918,8.149
44036,0.732,35.454,22.588,29.759,23.244,4.701,6.715,8.395
44037,0.708,35.633,22.626,29.74,23.24,4.66,6.794,8.682
44038,0.679,35.759,22.658,29.797,23.258,4.822,6.999,9.091
44039,0.646,35.837,22.697,29.778,23.251,4.743,6.919,9.136
44040,0.603,35.445,22.655,29.769,23.247,4.742,6.878,9.217
44041,0.587,35.585,22.627,29.769,23.251,4.783,6.918,9.381
44042,0.557,35.721,22.658,29.778,23.254,4.742,6.959,9.586
44043,0.554,35.779,22.604,29.788,23.251,4.823,6.96,9.629
44044,0.57,35.348,22.63,29.731,23.237,4.621,6.838,9.67
44045,0.586,35.507,22.705,29.759,23.244,4.741,6.958,9.751
44046,0.629,35.643,22.577,29.788,23.254,4.701,6.919,9.874
44047,0.668,35.644,22.614,29.75,23.247,4.742,6.919,9.916
44048,0.698,35.462,22.666,29.759,23.244,4.742,6.919,10.039
44049,0.737,35.604,22.717,29.778,23.258,4.823,7.041,10.324
44050,0.773,35.749,22.706,29.788,23.251,4.743,6.96,10.449
44051,0.777,35.569,22.678,29.788,23.258,4.823,6.96,10.613
44052,0.78,35.5,22.674,29.778,23.254,4.824,7.0,11.021
44053,0.8,35.624,22.647,29.769,23.254,4.783,7.041,11.269
44054,0.803,35.721,22.635,29.769,23.247,4.742,6.879,11.312
44055,0.794,35.386,22.685,29.721,23.244,4.62,6.959,11.557
44056,0.806,35.488,22.608,29.768,23.244,4.741,7.0,11.803
44057,0.807,35.633,22.626,29.759,23.251,4.701,6.96,11.928
44058,0.794,35.711,22.642,29.749,23.244,4.66,6.878,12.091
44059,0.787,35.415,22.67,29.759,23.244,4.782,7.081,12.296
44060,0.797,35.594,22.697,29.807,23.261,4.905,7.123,12.421
44061,0.784,35.701,22.623,29.759,23.251,4.744,7.083,12.34
44062,0.78,35.779,22.631,29.769,23.254,4.742,7.042,12.38
44063,0.777,35.31,22.611,29.759,23.258,4.783,7.042,12.421
44064,0.777,35.459,22.63,29.797,23.251,4.661,7.123,12.381
44065,0.774,35.575,22.681,29.74,23.24,4.619,7.002,12.137
44066,0.748,35.634,22.537,29.768,23.254,4.741,7.082,12.134
44067,0.764,35.376,22.598,29.759,23.254,4.742,7.083,12.053
44068,0.774,35.507,22.63,29.74,23.24,4.701,7.002,11.93
44069,0.767,35.595,22.677,29.749,23.24,4.66,6.96,11.848
44070,0.774,35.663,22.643,29.759,23.254,4.782,7.122,11.887
44071,0.79,35.424,22.654,29.807,23.254,4.824,7.083,11.644
44072,0.784,35.517,22.666,29.759,23.247,4.783,7.123,11.56
44073,0.79,35.634,22.65,29.778,23.254,4.783,7.165,11.478
44074,0.793,35.683,22.654,29.769,23.254,4.783,7.206,11.396
44075,0.797,35.405,22.701,29.759,23.254,4.742,7.165,11.273
44076,0.797,35.537,22.663,29.759,23.237,4.661,7.084,10.987
44077,0.79,35.634,22.631,29.73,23.251,4.741,7.205,11.066
44078,0.793,35.798,22.658,29.759,23.247,4.701,7.206,10.904
44079,0.777,35.521,22.689,29.749,23.244,4.701,7.165,10.739
44080,0.767,35.672,22.682,29.768,23.247,4.66,7.206,10.697
44081,0.77,35.76,22.627,29.769,23.258,4.863,7.287,10.737
44082,0.78,35.387,22.631,29.769,23.254,4.784,7.207,10.494
44083,0.774,35.392,22.576,29.769,23.251,4.783,7.287,10.369
44084,0.777,35.527,22.657,29.778,23.251,4.742,7.288,10.328
44085,0.771,35.614,22.697,29.769,23.247,4.823,7.247,10.165
44086,0.767,35.289,22.588,29.788,23.251,4.743,7.206,10.041
44087,0.767,35.401,22.65,29.74,23.237,4.62,7.084,9.836
44088,0.761,35.556,22.631,29.759,23.244,4.7,7.164,9.834
44089,0.78,35.644,22.662,29.769,23.247,4.701,7.165,9.712
44090,0.774,35.318,22.639,29.778,23.24,4.701,7.124,9.589
44091,0.774,35.469,22.596,29.75,23.244,4.66,7.165,9.547
44092,0.79,35.623,22.622,29.778,23.258,4.863,7.246,9.547
44093,0.816,35.73,22.623,29.836,23.258,4.743,7.084,9.425
44094,0.8,35.243,22.615,29.76,23.251,4.823,7.164,9.302
44095,0.8,35.391,22.669,29.749,23.247,4.743,7.206,9.178
44096,0.807,35.508,22.549,29.778,23.251,4.783,7.165,9.096
44097,0.81,35.576,22.657,29.778,23.258,4.783,7.165,9.014
44098,0.794,35.375,22.662,29.721,23.234,4.661,7.084,8.81
44099,0.78,35.498,22.713,29.759,23.244,4.7,7.123,8.808
44100,0.797,35.624,22.647,29.769,23.247,4.701,7.083,8.726
44101,0.784,35.654,22.666,29.749,23.244,4.66,7.042,8.603
44102,0.784,35.29,22.658,29.749,23.247,4.66,7.123,8.602
44103,0.774,35.449,22.604,29.768,23.261,4.863,7.246,8.724
44104,0.79,35.614,22.65,29.778,23.251,4.784,7.206,8.522
44105,0.777,35.596,22.678,29.769,23.251,4.742,7.165,8.561
44106,0.774,35.395,22.623,29.778,23.247,4.783,7.165,8.48
44107,0.774,35.536,22.634,29.769,23.254,4.783,7.165,8.357
44108,0.787,35.653,22.658,29.769,23.254,4.742,7.124,8.234
44109,0.78,35.309,22.713,29.749,23.237,4.62,7.002,8.111
44110,0.777,35.257,22.643,29.768,23.244,4.741,7.041,8.15
44111,0.793,35.401,22.654,29.759,23.251,4.701,7.082,8.069
44112,0.8,35.517,22.627,29.769,23.244,4.62,7.002,7.987
44113,0.8,35.24,22.627,29.74,23.24,4.659,7.041,7.986
44114,0.807,35.362,22.634,29.778,23.258,4.782,7.245,8.068
44115,0.82,35.517,22.693,29.788,23.254,4.742,7.084,7.946
44116,0.82,35.566,22.659,29.75,23.244,4.742,7.123,7.864
44117,0.82,35.203,22.635,29.768,23.251,4.742,7.043,7.822
44118,0.817,35.343,22.689,29.759,23.251,4.783,7.164,7.822
44119,0.816,35.478,22.694,29.788,23.251,4.742,7.124,7.781
44120,0.816,35.537,22.53,29.769,23.24,4.62,6.921,7.537
44121,0.797,35.202,22.622,29.759,23.251,4.7,7.081,7.657
44122,0.8,35.381,22.627,29.769,23.251,4.701,7.042,7.576
44123,0.797,35.517,22.634,29.759,23.244,4.66,6.96,7.535
44124,0.79,35.557,22.623,29.74,23.251,4.66,6.96,7.453
44125,0.79,35.164,22.689,29.787,23.251,4.782,7.082,7.615
44126,0.81,35.352,22.635,29.798,23.251,4.742,7.002,7.535
44127,0.79,35.45,22.615,29.778,23.247,4.701,6.96,7.453
44128,0.793,35.479,22.677,29.759,23.251,4.742,7.0,7.412
44129,0.813,35.345,22.713,29.759,23.251,4.783,7.082,7.452
44130,0.803,35.478,22.612,29.759,23.247,4.742,6.961,7.33
44131,0.813,35.556,22.615,29.721,23.24,4.701,6.838,7.207
44132,0.816,35.605,22.627,29.749,23.251,4.66,6.999,7.247
44133,0.82,35.318,22.642,29.759,23.247,4.66,6.879,7.206
44134,0.82,35.43,22.584,29.749,23.251,4.7,6.918,7.165
44135,0.826,35.537,22.661,29.73,23.24,4.62,6.959,7.124
44136,0.82,35.471,22.654,29.778,23.265,4.863,7.082,7.246
44137,0.839,35.297,22.627,29.769,23.251,4.743,6.92,7.125
44138,0.823,35.392,22.658,29.749,23.244,4.742,6.878,7.205
44139,0.82,35.488,22.674,29.768,23.251,4.742,7.0,7.206
44140,0.823,35.192,22.674,29.826,23.251,4.742,7.041,7.165
44141,0.82,35.256,22.635,29.76,23.251,4.701,7.001,6.962
44142,0.803,35.372,22.65,29.721,23.237,4.579,6.879,7.082
44143,0.81,35.498,22.674,29.787,23.247,4.781,7.0,7.002
44144,0.81,35.135,22.635,29.75,23.247,4.702,7.001,6.96
44145,0.797,35.265,22.674,29.74,23.244,4.701,6.919,6.96
44146,0.777,35.391,22.651,29.759,23.247,4.66,6.959,7.0
44147,0.803,35.488,22.635,29.778,23.254,4.904,7.122,7.163
44148,0.816,35.25,22.658,29.759,23.251,4.703,7.002,7.043
44149,0.82,35.353,22.666,29.749,23.247,4.742,7.001,6.879
44150,0.817,35.498,22.65,29.768,23.247,4.742,7.082,7.0
44151,0.826,35.566,22.635,29.769,23.258,4.742,7.083,7.001
44152,0.836,35.174,22.65,29.769,23.244,4.661,6.961,6.879
44153,0.836,35.275,22.607,29.74,23.244,4.66,7.0,6.877
44154,0.839,35.411,22.634,29.749,23.251,4.7,7.001,6.796
44155,0.843,35.45,22.701,29.74,23.251,4.66,6.96,6.755
44156,0.839,35.182,22.588,29.74,23.24,4.66,6.919,6.754
44157,0.836,35.342,22.622,29.73,23.251,4.7,7.0,6.754
44158,0.846,35.488,22.642,29.759,23.261,4.863,7.123,6.836
44159,0.84,35.528,22.662,29.749,23.251,4.743,7.083,6.714
44160,0.83,35.25,22.596,29.749,23.251,4.701,7.042,6.835
44161,0.833,35.391,22.634,29.749,23.251,4.742,7.123,6.837
44162,0.826,35.498,22.619,29.759,23.251,4.783,7.083,6.796
44163,0.833,35.883,22.595,29.74,23.247,4.661,6.92,6.592
44164,0.826,35.206,22.599,29.72,23.247,4.66,7.122,6.671
44165,0.823,35.352,22.677,29.73,23.251,4.7,7.124,6.713
44166,0.797,35.459,22.6,29.739,23.251,4.701,7.043,6.713
44167,0.807,35.173,22.622,29.74,23.24,4.66,7.001,6.672
44168,0.826,35.189,22.677,29.74,23.247,4.7,7.123,6.835
44169,0.843,35.381,22.701,29.759,23.261,4.782,7.246,6.755
44170,0.839,35.44,22.639,29.759,23.247,4.742,7.044,6.714
44171,0.833,35.115,22.65,29.759,23.24,4.783,7.164,6.632
44172,0.843,35.246,22.635,29.749,23.258,4.702,7.084,6.712
44173,0.853,35.372,22.67,29.768,23.251,4.782,7.123,6.713
44174,0.849,35.469,22.627,29.721,23.237,4.661,6.961,6.51
44175,0.849,35.115,22.67,29.72,23.24,4.66,7.041,6.589
44176,0.856,35.275,22.639,29.797,23.247,4.66,7.082,6.549
44177,0.859,35.391,22.631,29.711,23.247,4.66,7.002,6.549
44178,0.853,35.469,22.666,29.72,23.247,4.619,7.041,6.508
44179,0.853,35.096,22.654,29.73,23.251,4.741,7.204,6.63
44180,0.862,35.313,22.603,29.778,23.265,4.783,7.165,6.631
44181,0.862,35.392,22.603,29.74,23.244,4.783,7.124,6.55
44182,0.849,35.45,22.615,29.73,23.254,4.742,7.165,6.508
44183,0.836,35.125,22.568,29.749,23.247,4.701,7.165,6.549
44184,0.839,35.275,22.607,29.749,23.254,4.742,7.206,6.468
44185,0.839,35.353,22.669,29.72,23.237,4.661,7.003,6.386
44186,0.836,35.402,22.588,29.73,23.251,4.7,7.082,6.507
44187,0.833,35.153,22.634,29.749,23.24,4.66,7.123,6.508
44188,0.843,35.285,22.65,29.711,23.251,4.619,7.043,6.467
44189,0.846,35.392,22.682,29.739,23.244,4.659,7.042,6.386
44190,0.853,35.431,22.623,29.749,23.258,4.822,7.245,6.588
44191,0.869,35.172,22.65,29.788,23.251,4.783,7.206,6.468
44192,0.866,35.285,22.682,29.75,23.244,4.742,7.206,6.548
44193,0.869,35.372,22.647,29.778,23.254,4.742,7.125,6.427
44194,0.882,35.258,22.642,29.75,23.244,4.783,7.287,6.466
44195,0.882,35.19,22.72,29.74,23.251,4.783,7.125,6.386
44196,0.885,35.295,22.604,29.74,23.237,4.58,7.002,6.303
44197,0.879,35.43,22.634,29.749,23.251,4.74,7.041,6.343
44198,0.879,35.067,22.697,29.73,23.247,4.661,7.082,6.343
44199,0.863,35.169,22.694,29.73,23.251,4.66,7.002,6.303
44200,0.869,35.285,22.639,29.749,23.244,4.66,7.041,6.343
44201,0.866,35.392,22.611,29.759,23.254,4.822,7.123,6.506
44202,0.869,35.162,22.654,29.769,23.254,4.783,7.124,6.345
44203,0.859,35.256,22.6,29.759,23.247,4.742,7.043,6.343
44204,0.862,35.41,22.611,29.73,23.247,4.823,7.164,6.384
44205,0.862,35.46,22.666,29.749,23.251,4.783,7.124,6.425
44206,0.866,35.048,22.545,29.778,23.254,4.742,7.124,6.385
44207,0.859,35.197,22.606,29.711,23.24,4.661,7.002,6.303
44208,0.862,35.304,22.665,29.73,23.247,4.741,7.082,6.343
44209,0.872,35.382,22.689,29.739,23.24,4.661,7.083,6.343
44210,0.879,35.124,22.631,29.73,23.244,4.741,6.961,6.303
44211,0.876,35.265,22.627,29.73,23.244,4.62,7.041,6.302
44212,0.892,35.391,22.654,29.759,23.247,4.863,7.245,6.425
44213,0.908,35.479,22.662,29.769,23.254,4.906,7.125,6.344
44214,0.902,35.585,22.639,29.73,23.247,4.865,7.083,6.303
44215,0.912,35.701,22.658,29.72,23.247,4.824,7.042,6.343
44216,0.922,35.827,22.65,29.739,23.251,4.905,7.082,6.384
44217,0.922,35.876,22.642,29.73,23.254,4.865,7.083,6.303
44218,0.915,34.822,22.666,29.73,23.24,4.743,6.92,6.14
44219,0.896,34.955,22.647,29.73,23.244,4.823,7.041,6.301
44220,0.905,35.11,22.662,29.739,23.251,4.783,6.92,6.302
44221,0.899,35.361,22.662,29.749,23.244,4.783,6.919,6.302
44222,0.889,35.364,22.666,29.72,23.237,4.742,6.837,6.302
44223,0.892,35.488,22.611,29.739,23.251,4.905,7.04,6.384
44224,0.905,35.662,22.642,29.778,23.258,4.865,6.96,6.303
44225,0.902,35.002,22.685,29.74,23.247,4.824,6.96,6.343
44226,0.895,34.995,22.576,29.759,23.251,4.824,6.96,6.425
44227,0.892,35.13,22.618,29.759,23.247,4.905,6.96,6.385
44228,0.908,35.246,22.623,29.759,23.251,4.906,6.919,6.425
44229,0.918,35.19,22.65,29.73,23.247,4.744,6.756,6.222
44230,0.918,35.314,22.611,29.739,23.251,4.864,6.876,6.342
44231,0.935,35.469,22.603,29.759,23.244,4.865,6.877,6.343
44232,0.931,35.547,22.638,29.749,23.24,4.865,6.796,6.221
44233,0.931,35.106,22.658,29.73,23.244,4.784,6.795,6.342
44234,0.938,35.265,22.631,29.739,23.251,4.864,6.917,6.466
44235,0.951,35.41,22.705,29.768,23.258,5.028,7.0,6.386
44236,0.958,35.46,22.674,29.749,23.251,4.826,6.879,6.385
44237,0.961,35.24,22.654,29.749,23.244,4.865,6.877,6.425
44238,0.958,35.343,22.697,29.749,23.254,4.906,6.877,6.385
44239,0.951,35.488,22.643,29.768,23.251,4.906,6.837,6.385
44240,0.954,35.547,22.631,29.721,23.24,4.744,6.714,6.263
44241,0.938,35.289,22.611,29.73,23.251,4.823,6.794,6.302
44242,0.954,35.439,22.634,29.72,23.244,4.783,6.836,6.302
44243,0.948,35.537,22.603,29.739,23.247,4.824,6.755,6.302
44244,0.948,35.586,22.626,29.73,23.24,4.824,6.754,6.262
44245,0.951,35.356,22.658,29.739,23.251,4.865,6.917,6.424
44246,0.964,35.507,22.611,29.768,23.254,4.906,6.878,6.344
44247,0.951,35.624,22.638,29.74,23.254,4.865,6.796,6.303
44248,0.951,35.635,22.631,29.73,23.251,4.946,6.836,6.302
44249,0.964,35.424,22.658,29.749,23.251,4.907,6.837,6.384
44250,0.984,35.546,22.627,29.759,23.254,4.906,6.877,6.303
44251,0.984,35.653,22.611,29.73,23.244,4.744,6.755,6.18
44252,0.984,35.51,22.638,29.759,23.251,4.823,6.876,6.22
44253,0.991,35.509,22.642,29.74,23.247,4.824,6.837,6.261
44254,0.991,35.643,22.642,29.74,23.247,4.783,6.837,6.18
44255,0.997,35.731,22.65,29.73,23.244,4.783,6.837,6.22
44256,1.004,35.511,22.65,29.749,23.261,4.946,7.121,6.383
44257,1.027,35.662,22.65,29.759,23.251,4.907,6.921,6.303
44258,1.017,35.74,22.678,29.74,23.251,4.906,6.959,6.221
44259,1.017,35.847,22.631,29.749,23.247,4.865,7.0,6.342
44260,1.01,35.781,22.631,29.749,23.258,4.946,7.001,6.262
44261,1.017,35.924,22.662,29.749,23.251,4.866,6.919,6.18
44262,1.01,36.012,22.623,29.711,23.244,4.784,6.959,6.22
44263,1.017,36.108,22.588,29.739,23.251,4.824,7.0,6.18
44264,1.023,35.726,22.634,29.73,23.244,4.824,6.919,6.179
44265,1.01,35.866,22.666,29.72,23.24,4.743,6.878,6.179
44266,1.007,35.992,22.623,29.749,23.247,4.864,7.04,6.22
44267,1.027,36.089,22.631,29.778,23.258,4.946,7.082,6.302
44268,1.027,36.023,22.65,29.74,23.254,4.866,6.961,6.221
44269,1.033,36.147,22.689,29.749,23.251,4.865,7.041,6.261
44270,1.04,36.254,22.619,29.749,23.251,4.906,6.96,6.221
44271,1.05,36.322,22.619,29.749,23.258,4.906,7.041,6.22
44272,1.066,36.179,22.654,29.73,23.237,4.703,6.839,6.058
44273,1.05,36.283,22.623,29.739,23.244,4.863,6.918,6.259
44274,1.066,36.408,22.65,29.74,23.251,4.824,6.959,6.18
44275,1.076,36.429,22.623,29.74,23.24,4.824,6.919,6.098
44276,1.079,36.237,22.634,29.72,23.237,4.824,6.878,6.097
44277,1.086,36.379,22.635,29.73,23.244,4.865,6.959,6.219
44278,1.086,36.505,22.681,29.768,23.261,4.987,7.0,6.261
44279,1.083,36.516,22.67,29.759,23.244,4.866,6.96,6.139
44280,1.086,36.439,22.65,29.749,23.251,4.865,6.919,6.179
44281,1.083,36.544,22.631,29.759,23.254,4.906,6.919,6.22
44282,1.083,36.679,22.67,29.749,23.251,4.906,6.959,6.22
44283,1.083,36.547,22.647,29.74,23.237,4.744,6.756,6.017
44284,1.07,36.612,22.627,29.711,23.247,4.823,6.876,6.137
44285,1.076,36.766,22.65,29.739,23.247,4.865,6.837,6.098
44286,1.083,36.864,22.642,29.74,23.244,4.784,6.755,6.056
44287,1.086,36.596,22.635,29.711,23.244,4.824,6.836,6.015
44288,1.089,36.699,22.666,29.739,23.244,4.783,6.837,6.137
44289,1.115,36.854,22.705,29.787,23.258,4.946,6.999,6.219
44290,1.112,36.932,22.659,29.74,23.244,4.866,6.838,6.18
44291,1.115,36.693,22.643,29.73,23.247,4.865,6.877,6.139
44292,1.122,36.844,22.67,29.749,23.251,4.865,6.918,6.179
44293,1.135,36.98,22.658,29.768,23.251,4.865,6.878,6.22
44294,1.142,37.029,22.619,29.73,23.24,4.824,6.837,6.017
44295,1.132,36.972,22.627,29.711,23.244,4.824,6.837,6.056
44296,1.138,37.154,22.65,29.739,23.247,4.824,6.837,6.097
44297,1.145,37.251,22.6,29.73,23.244,4.783,6.837,6.056
44298,1.132,37.281,22.681,29.739,23.24,4.824,6.877,6.015
44299,1.125,36.888,22.631,29.73,23.247,4.865,6.877,6.137
44300,1.142,37.057,22.631,29.778,23.258,4.987,7.04,6.179
44301,1.129,37.164,22.603,29.75,23.251,4.826,6.92,6.139
44302,1.135,37.203,22.622,29.73,23.251,4.865,6.919,6.138
44303,1.132,37.233,22.638,29.73,23.254,4.906,6.919,6.179
44304,1.135,37.377,22.619,29.768,23.251,4.947,6.959,6.139
44305,1.129,37.464,22.65,29.73,23.247,4.785,6.878,6.057
44306,1.119,37.782,22.658,29.72,23.244,4.864,6.918,6.178
44307,1.132,37.277,22.623,29.749,23.251,4.784,6.878,6.098
44308,1.135,37.387,22.685,29.73,23.244,4.824,6.877,6.097
44309,1.138,37.455,22.655,29.711,23.24,4.824,6.796,6.138
44310,1.138,37.302,22.662,29.73,23.254,4.865,6.917,6.219
44311,1.161,37.406,22.635,29.778,23.254,4.946,7.0,6.18
44312,1.158,37.494,22.65,29.74,23.244,4.825,6.838,6.139
44313,1.158,37.6,22.658,29.749,23.247,4.865,6.958,6.138
44314,1.168,37.285,22.639,29.749,23.251,4.865,6.919,6.179
44315,1.175,37.406,22.658,29.74,23.251,4.824,7.0,6.139
44316,1.171,37.522,22.643,29.72,23.244,4.783,6.797,5.976
44317,1.152,37.562,22.65,29.73,23.244,4.864,6.877,6.137
44318,1.155,37.533,22.65,29.72,23.244,4.743,6.918,6.098
44319,1.135,37.667,22.635,29.72,23.247,4.823,6.919,6.097
44320,1.129,37.774,22.642,29.72,23.244,4.743,6.959,6.016
44321,1.132,37.852,22.607,29.72,23.244,4.864,7.082,6.137
44322,1.132,37.508,22.638,29.787,23.254,4.946,7.002,6.219
44323,1.125,37.6,22.635,29.74,23.244,4.825,7.041,6.139
44324,1.112,37.735,22.592,29.74,23.251,4.824,7.082,6.138
44325,1.106,37.775,22.658,29.749,23.251,4.905,7.083,6.219
44326,1.096,37.536,22.631,29.759,23.254,4.865,7.164,6.22
44327,1.092,37.648,22.619,29.74,23.237,4.702,6.962,6.058
44328,1.079,37.755,22.666,29.72,23.244,4.823,7.041,6.137
44329,1.092,37.804,22.635,29.72,23.244,4.824,7.042,6.098
44330,1.089,37.641,22.638,29.701,23.237,4.783,7.001,6.097
44331,1.089,37.774,22.615,29.73,23.233,4.742,7.041,6.097
44332,1.083,37.89,22.638,29.749,23.251,4.905,7.204,6.3
44333,1.092,37.939,22.662,29.759,23.254,4.825,7.165,6.14
44334,1.073,37.729,22.658,29.73,23.251,4.865,7.124,6.179
44335,1.066,37.852,22.674,29.739,23.251,4.906,7.165,6.139
44336,1.076,37.949,22.666,29.74,23.254,4.865,7.124,6.179
44337,1.066,37.758,22.647,29.749,23.251,4.865,7.083,6.179
44338,1.047,37.622,22.654,29.711,23.24,4.702,7.002,5.976
44339,1.027,37.745,22.643,29.749,23.247,4.863,7.041,6.137
44340,1.033,37.852,22.599,29.74,23.251,4.824,7.042,6.098
44341,1.004,37.719,22.572,29.74,23.244,4.824,6.96,6.016
44342,0.994,37.823,22.603,29.711,23.247,4.783,7.0,6.056
44343,0.987,37.948,22.611,29.73,23.254,4.824,7.123,6.219
44344,0.991,38.103,22.634,29.778,23.258,4.865,7.083,6.22
44345,0.961,37.903,22.674,29.74,23.244,4.784,7.083,6.22
44346,0.951,38.026,22.654,29.778,23.247,4.824,7.042,6.22
44347,0.948,38.142,22.654,29.73,23.254,4.865,7.123,6.22
44348,0.945,38.23,22.666,29.749,23.251,4.824,7.043,6.139
44349,0.945,37.578,22.67,29.711,23.24,4.702,6.92,6.057
44350,0.935,37.706,22.561,29.749,23.251,4.782,7.0,6.097
44351,0.945,37.851,22.618,29.73,23.244,4.783,6.879,6.097
44352,0.941,37.891,22.619,29.72,23.244,4.742,6.796,6.016
44353,0.932,37.7,22.595,29.711,23.244,4.742,6.917,6.137
44354,0.944,37.88,22.607,29.768,23.261,4.905,7.041,6.26
44355,0.928,37.987,22.685,29.73,23.258,4.784,6.92,6.099
44356,0.915,38.027,22.651,29.73,23.254,4.783,6.959,6.178
44357,0.912,37.691,22.639,29.739,23.251,4.824,6.96,6.098
44358,0.905,37.822,22.681,29.74,23.258,4.824,7.0,6.138
44359,0.892,37.939,22.705,29.74,23.251,4.824,6.96,6.057
44360,0.873,37.93,22.581,29.72,23.244,4.743,6.919,6.137
44361,0.869,37.892,22.65,29.739,23.254,4.701,6.878,6.138
44362,0.869,38.007,22.646,29.72,23.244,4.742,6.918,6.057
44363,0.85,38.104,22.619,29.711,23.244,4.661,6.919,6.056
44364,0.843,38.057,22.611,29.73,23.244,4.822,6.959,6.219
44365,0.843,37.644,22.669,29.778,23.265,4.946,7.041,6.139
44366,0.83,37.755,22.639,29.807,23.248,4.785,7.042,6.179
44367,0.82,37.833,22.596,29.74,23.247,4.864,7.042,6.139
44368,0.826,37.68,22.607,29.74,23.254,4.824,7.001,6.219
44369,0.83,37.755,22.662,29.749,23.251,4.783,7.001,6.139
44370,0.826,37.852,22.6,29.72,23.24,4.702,6.879,6.016
44371,0.82,37.92,22.646,29.72,23.254,4.782,6.918,6.137
44372,0.83,37.642,22.642,29.739,23.247,4.824,6.878,6.098
44373,0.826,37.764,22.65,29.74,23.24,4.702,6.877,6.097
44374,0.82,37.881,22.623,29.74,23.247,4.66,6.837,6.097
44375,0.82,37.968,22.638,29.759,23.254,4.863,7.04,6.219
44376,0.839,37.605,22.635,29.749,23.251,4.824,6.92,6.139
44377,0.826,37.706,22.603,29.72,23.247,4.783,6.837,6.098
44378,0.82,37.823,22.646,29.739,23.251,4.742,6.958,6.138
44379,0.817,37.881,22.65,29.749,23.254,4.864,6.919,6.179
44380,0.8,37.633,22.635,29.749,23.254,4.743,6.919,6.139
44381,0.797,37.735,22.642,29.701,23.237,4.701,6.796,5.935
44382,0.79,37.852,22.631,29.73,23.251,4.782,6.877,6.096
44383,0.79,37.92,22.631,29.72,23.247,4.783,6.837,6.056
44384,0.784,37.662,22.631,29.72,23.244,4.742,6.837,6.056
44385,0.774,37.765,22.658,29.701,23.244,4.742,6.877,6.015
44386,0.784,37.919,22.646,29.758,23.261,4.823,7.04,6.259
44387,0.79,37.978,22.627,29.759,23.247,4.783,6.92,6.139
44388,0.774,37.624,22.65,29.74,23.247,4.824,6.919,6.098
44389,0.784,37.783,22.627,29.74,23.251,4.824,6.919,6.097
44390,0.784,37.89,22.603,29.816,23.254,4.824,7.0,6.138
44391,0.803,37.968,22.599,29.731,23.258,4.824,6.879,6.098
44392,0.79,37.547,22.599,29.72,23.241,4.702,6.796,6.016
44393,0.774,37.639,22.63,29.739,23.247,4.782,6.917,6.137
44394,0.793,37.784,22.611,29.749,23.244,4.742,6.878,6.098
44395,0.8,37.612,22.611,29.73,23.247,4.701,6.877,6.097
44396,0.79,37.63,22.626,29.701,23.244,4.701,6.877,5.935
44397,0.787,37.764,22.615,29.72,23.247,4.823,6.959,6.177
44398,0.793,37.89,22.701,29.759,23.265,4.946,7.122,6.179
44399,0.79,37.537,22.666,29.74,23.251,4.785,7.043,6.098
44400,0.787,37.648,22.635,29.74,23.258,4.742,7.042,6.097
44401,0.78,37.755,22.623,29.73,23.251,4.823,7.164,6.138
44402,0.78,37.861,22.634,29.759,23.251,4.824,7.165,6.179
44403,0.771,37.469,22.666,29.73,23.244,4.702,7.002,5.976
44404,0.761,37.59,22.623,29.72,23.244,4.782,7.163,6.015
44405,0.767,37.697,22.658,29.749,23.254,4.824,7.206,6.096
44406,0.764,37.784,22.643,29.72,23.251,4.783,7.206,6.056
44407,0.754,37.526,22.619,29.72,23.244,4.702,7.125,6.015
44408,0.751,37.658,22.666,29.72,23.247,4.701,7.165,6.015
44409,0.777,37.793,22.654,29.749,23.254,4.863,7.328,6.178
44410,0.78,37.862,22.666,29.797,23.247,4.784,7.207,6.098
44411,0.78,37.489,22.619,29.74,23.251,4.783,7.287,6.056
44412,0.78,37.629,22.623,29.749,23.247,4.864,7.247,6.097
44413,0.784,37.755,22.65,29.749,23.254,4.824,7.206,6.178
44414,0.79,37.804,22.631,29.74,23.251,4.743,7.165,5.976
44415,0.793,37.44,22.588,29.701,23.237,4.661,7.124,6.055
44416,0.793,37.609,22.622,29.73,23.254,4.782,7.205,5.975
44417,0.8,37.697,22.623,29.711,23.247,4.742,7.165,6.055
44418,0.787,37.727,22.67,29.73,23.247,4.661,7.165,5.934
44419,0.771,37.545,22.604,29.739,23.247,4.822,7.206,6.014
44420,0.783,37.725,22.638,29.768,23.265,4.905,7.45,6.137
44421,0.78,37.813,22.599,29.73,23.251,4.784,7.33,6.057
44422,0.774,37.699,22.619,29.73,23.254,4.742,7.289,6.015
44423,0.771,37.564,22.627,29.749,23.251,4.783,7.288,6.096
44424,0.77,37.658,22.638,29.74,23.254,4.864,7.369,6.138
44425,0.774,37.774,22.638,29.74,23.247,4.784,7.289,6.016
44426,0.764,37.516,22.619,29.72,23.24,4.742,7.329,6.056
44427,0.761,37.619,22.65,29.73,23.247,4.823,7.37,6.056
44428,0.774,37.735,22.678,29.711,23.247,4.743,7.452,5.975
44429,0.774,37.813,22.635,29.711,23.244,4.701,7.412,6.055
44430,0.777,37.45,22.666,29.73,23.244,4.782,7.452,6.097
44431,0.79,37.609,22.611,29.778,23.265,4.905,7.615,6.178
44432,0.8,37.735,22.615,29.73,23.248,4.825,7.454,6.057
44433,0.787,37.784,22.576,29.739,23.251,4.783,7.493,6.137
44434,0.806,37.363,22.603,29.73,23.254,4.824,7.534,6.138
44435,0.8,37.493,22.65,29.749,23.258,4.824,7.616,6.098
44436,0.807,37.619,22.627,29.74,23.244,4.702,7.413,6.016
44437,0.797,37.668,22.599,29.701,23.244,4.782,7.493,6.056
44438,0.8,37.429,22.65,29.739,23.251,4.742,7.575,6.015
44439,0.787,37.551,22.67,29.72,23.24,4.742,7.535,6.056
44440,0.784,37.677,22.619,29.749,23.247,4.701,7.453,6.056
44441,0.78,37.726,22.63,29.701,23.251,4.742,7.493,6.137
44442,0.777,37.564,22.65,29.758,23.258,4.945,7.656,6.301
44443,0.784,37.696,22.615,29.74,23.254,4.825,7.495,6.18
44444,0.774,37.775,22.619,29.74,23.254,4.824,7.534,6.139
44445,0.777,37.814,22.638,29.73,23.251,4.824,7.494,6.179
44446,0.771,37.498,22.65,29.759,23.254,4.824,7.534,6.179
44447,0.757,37.638,22.615,29.749,23.251,4.743,7.412,6.179
44448,0.757,37.678,22.658,29.701,23.24,4.701,7.411,6.139
44449,0.764,37.985,22.654,29.73,23.247,4.782,7.533,6.179
44450,0.777,37.528,22.639,29.72,23.247,4.783,7.412,6.098
44451,0.777,37.648,22.631,29.73,23.247,4.742,7.452,6.097
44452,0.787,37.736,22.631,29.72,23.247,4.823,7.493,6.219
44453,0.803,37.535,22.65,29.759,23.265,4.987,7.656,6.22
44454,0.8,37.571,22.642,29.73,23.248,4.785,7.455,6.22
44455,0.8,37.677,22.592,29.72,23.251,4.824,7.412,6.22
44456,0.8,37.784,22.618,29.739,23.254,4.865,7.411,6.139
44457,0.803,37.382,22.603,29.73,23.251,4.865,7.452,6.179
44458,0.807,37.464,22.603,29.73,23.244,4.743,7.29,6.098
44459,0.794,37.571,22.576,29.72,23.251,4.742,7.369,6.138
44460,0.8,37.677,22.603,29.749,23.247,4.783,7.33,6.219
44461,0.79,37.41,22.607,29.711,23.24,4.824,7.329,6.139
44462,0.784,37.541,22.611,29.72,23.247,4.743,7.289,6.138
44463,0.784,37.677,22.619,29.73,23.251,4.905,7.369,6.301
44464,0.8,37.784,22.634,29.759,23.258,4.865,7.289,6.221
44465,0.764,37.449,22.662,29.721,23.251,4.824,7.369,6.22
44466,0.774,37.609,22.639,29.739,23.251,4.824,7.248,6.18
44467,0.774,37.716,22.627,29.74,23.251,4.824,7.288,6.261
44468,0.777,37.765,22.65,29.73,23.254,4.824,7.288,6.262
44469,0.787,37.42,22.619,29.711,23.24,4.661,7.085,6.017
44470,0.774,37.522,22.615,29.72,23.247,4.782,7.205,6.137
44471,0.793,37.658,22.611,29.72,23.244,4.824,7.125,6.138
44472,0.79,37.678,22.634,29.73,23.251,4.743,7.124,6.179
44473,0.803,37.439,22.607,29.701,23.244,4.783,7.002,6.179
44474,0.797,37.599,22.65,29.72,23.258,4.864,7.204,6.342
44475,0.826,37.735,22.603,29.759,23.258,4.824,7.206,6.221
44476,0.813,37.727,22.634,29.711,23.251,4.824,7.165,6.261
44477,0.813,37.516,22.642,29.72,23.251,4.783,7.084,6.262
44478,0.807,37.648,22.65,29.73,23.254,4.824,7.123,6.302
44479,0.797,37.745,22.572,29.739,23.251,4.824,7.043,6.262
44480,0.797,37.506,22.575,29.692,23.24,4.58,6.96,6.099
44481,0.784,37.418,22.634,29.72,23.24,4.781,7.0,6.138
44482,0.787,37.57,22.611,29.711,23.244,4.742,7.041,6.179
44483,0.777,37.658,22.626,29.72,23.244,4.742,7.001,6.139
44484,0.774,37.41,22.619,29.701,23.237,4.742,6.96,6.138
44485,0.771,37.522,22.615,29.73,23.254,4.823,7.082,6.341
44486,0.787,37.677,22.623,29.778,23.251,4.824,7.123,6.303
44487,0.78,37.736,22.595,29.74,23.247,4.783,7.002,6.18
44488,0.79,37.372,22.626,29.73,23.251,4.783,7.082,6.261
44489,0.784,37.503,22.631,29.73,23.251,4.824,7.123,6.262
44490,0.787,37.629,22.619,29.759,23.247,4.865,7.124,6.221
44491,0.79,37.688,22.634,29.721,23.24,4.743,6.961,6.058
44492,0.78,37.353,22.603,29.72,23.251,4.905,7.204,6.178
44493,0.797,37.531,22.63,29.72,23.251,4.784,7.084,6.179
44494,0.803,37.629,22.658,29.72,23.237,4.661,7.164,6.139
44495,0.8,37.668,22.604,29.701,23.24,4.782,7.043,6.138
44496,0.81,37.371,22.642,29.71,23.251,4.864,7.204,6.301
44497,0.826,37.551,22.654,29.758,23.258,4.865,7.206,6.302
44498,0.81,37.62,22.674,29.721,23.247,4.784,7.206,6.18
44499,0.787,37.668,22.588,29.73,23.244,4.824,7.165,6.179
44500,0.793,37.381,22.611,29.739,23.251,4.865,7.206,6.301
44501,0.8,37.532,22.638,29.74,23.254,4.824,7.247,6.221
44502,0.794,37.619,22.619,29.72,23.24,4.661,7.125,6.058
44503,0.774,37.649,22.607,29.73,23.24,4.741,7.205,6.178
44504,0.78,37.333,22.615,29.72,23.24,4.742,7.206,6.139
44505,0.764,37.445,22.603,29.711,23.24,4.701,7.206,6.138
44506,0.767,37.542,22.607,29.72,23.24,4.701,7.165,6.138
44507,0.774,37.581,22.611,29.73,23.251,4.863,7.328,6.341
44508,0.797,37.409,22.666,29.768,23.258,4.865,7.289,6.181
44509,0.784,37.494,22.596,29.73,23.251,4.784,7.288,6.22
44510,0.787,37.629,22.626,29.739,23.251,4.783,7.288,6.22
44511,0.793,37.314,22.599,29.72,23.258,4.824,7.369,6.22
44512,0.806,37.378,22.622,29.749,23.251,4.783,7.289,6.139
44513,0.8,37.484,22.623,29.701,23.24,4.702,7.166,6.057
44514,0.8,37.59,22.619,29.739,23.247,4.782,7.328,6.178
44515,0.8,37.227,22.595,29.72,23.244,4.742,7.289,6.057
44516,0.807,37.367,22.622,29.711,23.247,4.701,7.288,6.137
44517,0.794,37.493,22.611,29.72,23.24,4.742,7.329,6.138
44518,0.797,37.59,22.677,29.739,23.254,4.905,7.41,6.341
44519,0.803,37.246,22.608,29.778,23.254,4.784,7.371,6.221
44520,0.794,37.329,22.626,29.74,23.251,4.824,7.33,6.18
44521,0.79,37.454,22.642,29.749,23.258,4.824,7.41,6.22
44522,0.78,37.542,22.65,29.759,23.258,4.824,7.411,6.302
44523,0.787,37.246,22.67,29.74,23.254,4.824,7.371,6.18
44524,0.78,37.348,22.604,29.701,23.24,4.661,7.289,6.057
44525,0.774,37.483,22.591,29.73,23.247,4.741,7.329,6.178
44526,0.774,37.523,22.583,29.72,23.251,4.701,7.289,6.179
44527,0.774,37.217,22.572,29.711,23.24,4.782,7.329,6.139
44528,0.764,37.348,22.626,29.711,23.244,4.742,7.289,6.098
44529,0.787,37.483,22.592,29.739,23.258,4.864,7.41,6.341
44530,0.797,37.533,22.63,29.74,23.251,4.824,7.249,6.221
44531,0.784,37.284,22.638,29.73,23.254,4.865,7.288,6.22
44532,0.8,37.406,22.607,29.739,23.254,4.824,7.288,6.261
44533,0.797,37.522,22.658,29.74,23.247,4.824,7.288,6.221
44534,0.803,37.84,22.662,29.749,23.251,4.824,7.247,6.18
44535,0.794,37.095,22.572,29.701,23.24,4.661,7.125,6.098
44536,0.79,37.203,22.618,29.72,23.244,4.782,7.165,6.138
44537,0.806,37.328,22.658,29.72,23.24,4.742,7.206,6.138
44538,0.803,37.263,22.654,29.701,23.24,4.661,7.125,6.057
44539,0.787,37.31,22.494,29.749,23.247,4.7,7.083,6.137
44540,0.777,37.445,22.629,29.74,23.254,4.863,7.245,6.301
44541,0.793,37.59,22.627,29.759,23.258,4.865,7.084,6.18
44542,0.771,37.083,22.634,29.721,23.247,4.784,7.123,6.098
44543,0.767,37.193,22.646,29.711,23.251,4.783,7.083,6.178
44544,0.78,37.328,22.623,29.739,23.254,4.864,7.083,6.22
44545,0.771,37.397,22.634,29.74,23.261,4.824,7.083,6.22
44546,0.767,37.052,22.611,29.711,23.234,4.621,7.002,6.139
44547,0.751,37.183,22.587,29.72,23.251,4.863,7.082,6.179
44548,0.754,37.29,22.65,29.711,23.251,4.702,7.002,6.179
44549,0.77,37.358,22.611,29.711,23.244,4.701,7.001,6.098
44550,0.764,37.138,22.591,29.701,23.24,4.701,6.879,6.219
44551,0.774,37.289,22.579,29.749,23.254,4.904,7.243,6.302
44552,0.8,37.444,22.622,29.73,23.258,4.784,7.125,6.18
44553,0.784,37.465,22.603,29.739,23.247,4.783,7.083,6.261
44554,0.79,37.072,22.638,29.74,23.251,4.824,7.123,6.18
44555,0.793,37.26,22.588,29.768,23.251,4.865,7.287,6.179
44556,0.803,37.329,22.595,29.74,23.254,4.784,7.125,6.098
44557,0.79,37.349,22.638,29.682,23.24,4.742,7.043,6.097
44558,0.79,37.1,22.599,29.729,23.244,4.742,7.164,6.138
44559,0.784,37.232,22.619,29.749,23.251,4.783,7.165,6.138
44560,0.787,37.348,22.599,29.72,23.24,4.661,7.084,6.098
44561,0.764,37.349,22.595,29.701,23.244,4.741,7.286,6.178
44562,0.767,37.042,22.63,29.739,23.258,4.905,7.288,6.301
44563,0.77,37.164,22.627,29.73,23.251,4.784,7.207,6.18
44564,0.767,37.242,22.611,29.73,23.24,4.783,7.287,6.261
44565,0.761,37.185,22.63,29.739,23.254,4.742,7.247,6.139
44566,0.751,37.156,22.615,29.74,23.251,4.783,7.288,6.219
44567,0.751,37.261,22.607,29.74,23.244,4.742,7.125,6.017
44568,0.738,37.31,22.638,29.711,23.24,4.701,7.287,6.178
44569,0.767,36.994,22.615,29.73,23.247,4.701,7.207,6.139
44570,0.757,37.077,22.611,29.701,23.24,4.701,7.206,6.057
44571,0.774,37.203,22.587,29.72,23.237,4.742,7.165,6.056
44572,0.771,37.29,22.595,29.73,23.244,4.742,7.287,6.097
44573,0.79,36.936,22.615,29.749,23.261,4.905,7.329,6.3
44574,0.793,37.057,22.638,29.74,23.244,4.744,7.207,6.14
44575,0.79,37.174,22.549,29.73,23.251,4.742,7.165,6.138
44576,0.79,37.251,22.622,29.73,23.254,4.823,7.124,6.138
44577,0.78,37.137,22.662,29.72,23.261,4.824,7.124,6.098
44578,0.787,37.27,22.615,29.701,23.244,4.743,7.043,6.016
44579,0.764,37.377,22.564,29.73,23.24,4.701,7.042,6.096
44580,0.767,37.455,22.571,29.73,23.251,4.742,7.082,6.056
44581,0.774,36.89,22.564,29.72,23.244,4.701,6.961,6.056
44582,0.754,37.018,22.603,29.701,23.244,4.66,7.041,5.975
44583,0.751,37.154,22.591,29.72,23.247,4.741,7.123,6.177
44584,0.774,37.232,22.626,29.739,23.261,4.823,7.124,6.179
44585,0.754,36.907,22.627,29.74,23.251,4.661,7.043,6.139
44586,0.744,37.038,22.654,29.72,23.244,4.782,7.082,6.098
44587,0.744,37.164,22.646,29.72,23.247,4.742,7.002,6.138
44588,0.754,37.194,22.674,29.739,23.251,4.742,7.041,6.138
44589,0.764,37.041,22.651,29.73,23.247,4.742,6.96,5.976
44590,0.744,37.164,22.607,29.701,23.24,4.742,6.919,6.055
44591,0.754,37.29,22.623,29.73,23.247,4.701,7.0,6.015
44592,0.761,37.396,22.603,29.72,23.247,4.742,6.879,6.015
44593,0.761,36.937,22.587,29.711,23.244,4.661,6.918,6.056
44594,0.767,37.067,22.611,29.701,23.24,4.7,6.959,6.137
44595,0.78,37.202,22.56,29.758,23.254,4.904,7.041,6.219
44596,0.784,36.993,22.599,29.73,23.251,4.744,6.96,6.098
44597,0.784,37.048,22.63,29.711,23.251,4.783,7.0,6.056
44598,0.784,37.164,22.627,29.739,23.247,4.742,7.041,6.137
44599,0.774,37.271,22.595,29.759,23.251,4.783,6.96,6.098
44600,0.774,36.965,22.583,29.73,23.244,4.742,7.0,5.975
44601,0.751,37.058,22.638,29.701,23.24,4.579,6.879,6.096
44602,0.754,37.222,22.611,29.73,23.244,4.7,6.918,6.097
44603,0.751,37.3,22.63,29.72,23.244,4.701,6.878,6.056
44604,0.748,36.85,22.631,29.701,23.24,4.701,6.877,5.934
44605,0.731,36.951,22.553,29.691,23.244,4.62,6.877,6.096
44606,0.747,37.134,22.599,29.758,23.258,4.903,7.121,6.178
44607,0.751,37.222,22.622,29.749,23.247,4.784,6.921,6.139
44608,0.738,36.916,22.634,29.74,23.251,4.702,6.919,6.098
44609,0.757,37.067,22.576,29.74,23.251,4.782,6.919,6.138
44610,0.761,37.183,22.63,29.72,23.254,4.824,6.959,6.138
44611,0.767,37.252,22.666,29.739,23.254,4.702,6.919,6.098
44612,0.767,36.792,22.635,29.701,23.237,4.62,6.796,6.016
44613,0.757,36.95,22.635,29.71,23.251,4.7,6.836,6.137
44614,0.77,37.057,22.638,29.72,23.251,4.701,6.837,6.016
44615,0.777,37.106,22.611,29.711,23.24,4.66,6.837,6.015
44616,0.767,36.973,22.607,29.701,23.24,4.66,6.796,6.015
44617,0.774,37.106,22.634,29.72,23.258,4.822,6.999,6.259
44618,0.784,37.26,22.642,29.759,23.254,4.783,6.879,6.139
44619,0.754,37.233,22.533,29.721,23.244,4.742,6.837,6.179
44620,0.77,36.993,22.594,29.72,23.251,4.742,6.837,6.139
44621,0.757,37.135,22.603,29.72,23.254,4.783,6.877,6.179
44622,0.754,37.232,22.619,29.749,23.251,4.742,6.918,6.098
44623,0.741,36.964,22.619,29.692,23.24,4.62,6.796,5.894
44624,0.731,36.904,22.603,29.701,23.24,4.7,6.917,6.136
44625,0.741,37.057,22.556,29.72,23.244,4.742,6.919,6.098
44626,0.741,37.154,22.606,29.72,23.244,4.701,6.837,6.097
44627,0.738,36.954,22.65,29.692,23.24,4.66,6.837,6.016
44628,0.734,37.067,22.662,29.72,23.247,4.822,6.918,6.178
44629,0.754,37.231,22.596,29.749,23.254,4.824,6.959,6.098
44630,0.757,37.281,22.607,29.73,23.251,4.702,6.878,6.097
44631,0.754,36.821,22.623,29.72,23.24,4.742,6.877,6.097
44632,0.77,36.97,22.654,29.739,23.251,4.783,7.0,6.138
44633,0.767,37.096,22.654,29.74,23.251,4.824,6.96,6.098
44634,0.764,37.155,22.6,29.701,23.24,4.743,6.838,5.975
44635,0.767,36.839,22.58,29.71,23.247,4.701,6.999,6.055
44636,0.774,37.008,22.579,29.72,23.247,4.701,6.919,6.056
44637,0.774,37.144,22.607,29.72,23.247,4.66,6.878,6.015
44638,0.761,37.184,22.665,29.72,23.24,4.7,6.959,6.015
44639,0.751,36.801,22.58,29.73,23.247,4.823,7.0,6.218
44640,0.767,36.998,22.634,29.759,23.258,4.905,7.041,6.098
44641,0.757,37.077,22.615,29.721,23.241,4.744,6.879,6.056
44642,0.751,37.126,22.623,29.73,23.251,4.742,6.959,6.056
44643,0.754,36.896,22.623,29.73,23.244,4.742,7.0,6.137
44644,0.748,37.019,22.627,29.759,23.258,4.742,7.041,6.179
44645,0.747,37.135,22.584,29.711,23.244,4.661,6.839,6.017
44646,0.734,37.136,22.603,29.711,23.24,4.782,6.958,6.096
44647,0.734,36.896,22.587,29.72,23.247,4.742,6.96,6.178
44648,0.741,37.019,22.638,29.701,23.244,4.701,6.878,6.098
44649,0.744,37.125,22.549,29.72,23.24,4.66,6.918,6.097
44650,0.744,37.04,22.559,29.72,23.247,4.822,6.959,6.178
44651,0.76,36.876,22.606,29.768,23.254,4.824,7.041,6.179
44652,0.754,36.97,22.619,29.73,23.254,4.743,6.96,6.179
44653,0.761,37.086,22.623,29.739,23.251,4.864,6.96,6.179
44654,0.757,36.8,22.662,29.74,23.254,4.784,6.96,6.22
44655,0.777,36.864,22.639,29.778,23.251,4.783,6.878,6.098
44656,0.774,36.999,22.611,29.711,23.24,4.661,6.796,5.975
44657,0.761,37.058,22.662,29.72,23.251,4.741,6.917,6.055
44658,0.764,36.742,22.635,29.72,23.244,4.62,6.878,6.056
44659,0.754,36.883,22.611,29.72,23.244,4.7,6.837,6.056
44660,0.751,36.999,22.56,29.72,23.247,4.701,6.755,6.056
44661,0.764,37.096,22.661,29.759,23.251,4.823,6.957,6.259
44662,0.767,36.762,22.635,29.74,23.258,4.783,6.838,6.18
44663,0.748,36.883,22.603,29.73,23.251,4.783,6.877,6.139
44664,0.741,37.018,22.638,29.739,23.247,4.742,6.918,6.138
44665,0.734,37.077,22.564,29.74,23.251,4.823,6.878,6.219
44666,0.747,36.829,22.603,29.749,23.254,4.702,6.837,6.098
44667,0.731,36.932,22.615,29.701,23.237,4.66,6.796,6.056
44668,0.734,37.057,22.65,29.73,23.247,4.619,6.836,6.137
44669,0.747,37.126,22.615,29.72,23.244,4.7,6.837,6.098
44670,0.747,36.791,22.58,29.701,23.244,4.742,6.714,6.097
44671,0.744,36.902,22.626,29.72,23.244,4.742,6.754,6.178
44672,0.757,37.057,22.619,29.749,23.258,4.823,6.957,6.261
44673,0.77,37.116,22.627,29.74,23.251,4.783,6.797,6.221
44674,0.764,36.704,22.638,29.73,23.244,4.742,6.836,6.18
44675,0.764,36.854,22.603,29.739,23.251,4.742,6.714,6.139
44676,0.777,36.97,22.634,29.73,23.254,4.783,6.794,6.179
44677,0.774,37.317,22.658,29.73,23.247,4.824,6.714,6.179
44678,0.774,36.841,22.65,29.701,23.24,4.621,6.713,6.098
44679,0.751,36.999,22.615,29.749,23.251,4.781,6.713,6.138
44680,0.761,37.115,22.627,29.73,23.251,4.702,6.713,6.098
44681,0.751,36.714,22.634,29.72,23.24,4.701,6.713,6.097
44682,0.748,36.71,22.615,29.711,23.244,4.66,6.713,6.097
44683,0.741,36.873,22.627,29.749,23.261,4.863,6.876,6.26
44684,0.757,36.98,22.634,29.74,23.251,4.784,6.755,6.058
44685,0.744,36.713,22.549,29.73,23.251,4.783,6.836,6.219
44686,0.728,36.825,22.583,29.739,23.254,4.702,6.796,6.139
44687,0.731,36.96,22.63,29.749,23.251,4.742,6.877,6.179
44688,0.738,37.058,22.638,29.73,23.251,4.661,6.755,6.098
44689,0.741,36.55,22.51,29.711,23.237,4.66,6.714,6.056
44690,0.754,36.699,22.629,29.73,23.244,4.741,6.794,6.097
44691,0.744,36.825,22.646,29.711,23.247,4.701,6.836,6.097
44692,0.754,36.874,22.65,29.73,23.247,4.66,6.755,6.016
44693,0.748,36.702,22.619,29.72,23.247,4.619,6.836,6.015
44694,0.76,36.873,22.662,29.739,23.251,4.822,7.04,6.259
44695,0.787,37.009,22.537,29.74,23.254,4.783,6.879,6.058
44696,0.777,37.058,22.606,29.73,23.251,4.742,6.918,6.097
44697,0.777,36.617,22.646,29.73,23.247,4.864,6.959,6.138
44698,0.767,36.747,22.6,29.739,23.254,4.784,7.0,6.138
44699,0.761,36.883,22.626,29.73,23.244,4.742,6.879,6.098
44700,0.751,36.894,22.599,29.692,23.24,4.661,6.877,6.056
44701,0.757,36.712,22.642,29.739,23.24,4.7,6.918,6.097
44702,0.738,36.854,22.654,29.72,23.244,4.701,6.959,6.056
44703,0.744,36.97,22.607,29.701,23.237,4.66,6.838,6.015
44704,0.741,36.991,22.626,29.72,23.24,4.7,6.958,6.015
44705,0.728,36.693,22.549,29.778,23.261,4.863,7.163,6.137
44706,0.738,36.844,22.602,29.73,23.251,4.784,7.002,6.098
44707,0.738,36.893,22.642,29.73,23.251,4.702,7.041,6.056
44708,0.741,36.76,22.572,29.739,23.254,4.742,7.042,6.056
44709,0.744,36.691,22.626,29.787,23.254,4.783,7.164,6.097
44710,0.754,36.815,22.576,29.731,23.247,4.783,7.002,5.975
44711,0.744,36.884,22.579,29.72,23.244,4.62,6.96,5.974
44712,0.76,36.52,22.634,29.73,23.244,4.659,6.96,6.055
44713,0.757,36.622,22.607,29.72,23.244,4.741,7.0,6.015
44714,0.757,36.728,22.634,29.701,23.244,4.661,6.96,5.974
44715,0.77,36.816,22.553,29.72,23.244,4.7,7.0,6.055
44716,0.78,36.577,22.618,29.749,23.261,4.863,7.123,6.056
44717,0.774,36.68,22.634,29.73,23.247,4.824,7.002,6.015
44718,0.774,36.805,22.631,29.73,23.251,4.824,7.001,6.015
44719,0.764,36.912,22.517,29.749,23.254,4.743,7.163,6.056
44720,0.761,36.511,22.579,29.74,23.251,4.823,7.002,6.056
44721,0.757,36.602,22.646,29.72,23.24,4.661,6.919,5.934
44722,0.748,36.709,22.623,29.72,23.237,4.741,7.0,5.974
44723,0.741,36.806,22.642,29.739,23.247,4.742,7.001,6.055
44724,0.741,36.519,22.685,29.701,23.247,4.701,6.96,5.975
44725,0.738,36.65,22.518,29.739,23.244,4.66,6.919,6.015
44726,0.741,36.786,22.61,29.74,23.251,4.741,7.122,6.096
44727,0.747,36.854,22.626,29.778,23.254,4.823,7.043,6.097
44728,0.744,36.519,22.588,29.711,23.244,4.743,7.082,6.016
44729,0.751,36.65,22.583,29.797,23.251,4.701,7.042,6.056
44730,0.754,36.767,22.56,29.74,23.247,4.823,7.164,6.097
44731,0.761,36.806,22.599,29.759,23.254,4.824,7.084,5.975
44732,0.761,36.519,22.564,29.701,23.247,4.661,6.88,6.015
44733,0.748,36.622,22.587,29.72,23.247,4.7,7.04,6.096
44734,0.76,36.738,22.618,29.739,23.251,4.701,7.042,6.016
44735,0.774,36.931,22.556,29.72,23.247,4.66,7.001,5.974
44736,0.771,36.808,22.603,29.701,23.24,4.66,6.96,6.015
44737,0.77,36.941,22.63,29.73,23.254,4.782,7.122,6.137
44738,0.777,37.077,22.634,29.749,23.254,4.824,7.083,6.057
44739,0.761,36.33,22.588,29.768,23.247,4.743,7.123,6.056
44740,0.754,36.322,22.579,29.721,23.254,4.823,7.083,6.056
44741,0.751,36.437,22.611,29.72,23.254,4.661,7.205,6.137
44742,0.751,36.544,22.611,29.739,23.254,4.782,7.165,6.057
44743,0.741,36.363,22.611,29.701,23.24,4.62,6.962,5.975
44744,0.731,36.524,22.65,29.73,23.247,4.781,7.122,6.015
44745,0.731,36.641,22.639,29.73,23.244,4.702,7.124,6.056
44746,0.728,36.719,22.603,29.711,23.244,4.701,7.124,6.056
44747,0.715,36.461,22.646,29.711,23.244,4.701,7.165,6.056
44748,0.731,36.621,22.623,29.749,23.258,4.823,7.287,6.178
44749,0.76,36.776,22.623,29.73,23.251,4.743,7.166,6.017
44750,0.751,36.806,22.607,29.72,23.251,4.701,7.206,6.015
44751,0.751,36.318,22.58,29.739,23.251,4.782,7.206,6.056
44752,0.757,36.476,22.595,29.749,23.247,4.824,7.247,6.097
44753,0.757,36.592,22.579,29.749,23.244,4.702,7.166,5.975
44754,0.748,36.603,22.614,29.701,23.244,4.701,7.124,6.055
44755,0.76,36.402,22.611,29.758,23.247,4.742,7.165,6.056
44756,0.764,36.515,22.58,29.711,23.247,4.742,7.084,5.975
44757,0.761,36.612,22.622,29.711,23.244,4.701,7.083,5.933
44758,0.757,36.661,22.584,29.72,23.247,4.742,7.123,5.974
44759,0.761,36.364,22.611,29.759,23.261,4.864,7.287,6.096
44760,0.754,36.457,22.615,29.74,23.244,4.702,7.044,6.056
44761,0.741,36.564,22.646,29.74,23.247,4.742,7.082,6.056
44762,0.747,36.612,22.631,29.74,23.254,4.742,7.123,6.097
44763,0.751,36.479,22.592,29.74,23.247,4.783,7.165,6.056
44764,0.744,36.583,22.65,29.711,23.244,4.62,7.002,5.934
44765,0.725,36.689,22.615,29.739,23.24,4.7,7.123,6.055
44766,0.724,36.345,22.56,29.74,23.247,4.66,7.043,6.056
44767,0.728,36.294,22.638,29.72,23.244,4.741,6.96,6.015
44768,0.731,36.408,22.576,29.701,23.24,4.661,6.96,6.015
44769,0.744,36.515,22.638,29.72,23.254,4.741,7.122,6.056
44770,0.754,36.296,22.638,29.759,23.254,4.783,7.083,5.975
44771,0.751,36.38,22.607,29.74,23.251,4.742,7.002,6.015
44772,0.757,36.505,22.65,29.73,23.251,4.701,6.96,6.056
44773,0.754,36.593,22.6,29.739,23.254,4.782,7.041,6.097
44774,0.764,36.287,22.669,29.73,23.251,4.783,6.96,6.016
44775,0.761,36.399,22.623,29.701,23.244,4.661,6.878,5.974
44776,0.767,36.534,22.564,29.71,23.247,4.782,7.0,6.055
44777,0.77,36.612,22.622,29.72,23.251,4.702,6.919,6.056
44778,0.764,36.287,22.576,29.72,23.244,4.66,6.878,5.975
44779,0.754,36.428,22.591,29.72,23.244,4.7,6.877,6.015
44780,0.761,36.554,22.595,29.739,23.258,4.823,7.04,6.218
44781,0.767,36.651,22.638,29.759,23.254,4.783,6.92,6.058
44782,0.741,36.268,22.65,29.73,23.247,4.742,6.878,6.097
44783,0.751,36.427,22.607,29.739,23.244,4.742,6.877,6.016
44784,0.744,36.525,22.638,29.73,23.254,4.864,6.959,6.096
44785,0.731,36.593,22.619,29.739,23.251,4.743,6.96,6.056
44786,0.738,36.316,22.576,29.711,23.244,4.62,6.797,6.056
44787,0.734,36.447,22.669,29.739,23.244,4.741,6.877,6.056
44788,0.738,36.573,22.557,29.73,23.24,4.701,6.837,6.097
44789,0.751,36.574,22.61,29.72,23.24,4.701,6.796,5.935
44790,0.748,36.219,22.623,29.711,23.24,4.66,6.836,5.974
44791,0.754,36.369,22.627,29.739,23.254,4.904,7.04,6.218
44792,0.774,36.515,22.634,29.749,23.251,4.662,6.879,6.058
44793,0.767,36.42,22.619,29.74,23.251,4.741,6.837,6.056
44794,0.774,36.304,22.634,29.73,23.254,4.783,6.918,6.056
44795,0.784,36.437,22.615,29.739,23.254,4.824,6.959,6.056
44796,0.777,36.563,22.568,29.749,23.251,4.743,6.96,5.893
44797,0.774,36.143,22.622,29.701,23.244,4.661,6.838,5.933
44798,0.777,36.244,22.58,29.73,23.244,4.741,6.918,6.014
44799,0.761,36.379,22.595,29.72,23.251,4.701,6.878,6.015
44800,0.764,36.467,22.568,29.73,23.244,4.66,6.796,5.893
44801,0.757,36.218,22.618,29.73,23.244,4.7,6.917,5.973
44802,0.754,36.408,22.63,29.768,23.254,4.863,7.041,6.177
44803,0.757,36.553,22.615,29.749,23.247,4.743,7.042,5.976
44804,0.757,36.593,22.634,29.74,23.247,4.742,7.042,5.974
44805,0.748,36.153,22.631,29.74,23.251,4.742,7.082,6.055
44806,0.751,36.282,22.603,29.74,23.254,4.823,7.164,6.056
44807,0.757,36.418,22.662,29.74,23.251,4.783,7.165,6.015
44808,0.738,36.429,22.553,29.711,23.24,4.661,7.043,5.974
44809,0.754,36.199,22.591,29.73,23.247,4.782,7.204,6.015
44810,0.757,36.331,22.572,29.72,23.247,4.742,7.125,5.974
44811,0.754,36.438,22.607,29.73,23.247,4.742,7.205,5.893
44812,0.757,36.496,22.591,29.72,23.244,4.661,7.287,6.014
44813,0.761,36.142,22.587,29.768,23.261,4.863,7.451,6.096
44814,0.777,36.292,22.669,29.749,23.251,4.743,7.412,6.056
44815,0.777,36.38,22.627,29.768,23.247,4.742,7.493,6.015
44816,0.78,36.419,22.603,29.73,23.254,4.783,7.494,5.974
44817,0.784,36.122,22.681,29.739,23.254,4.824,7.494,5.974
44818,0.787,36.282,22.627,29.74,23.251,4.743,7.453,5.974
44819,0.767,36.37,22.588,29.711,23.24,4.579,7.452,6.015
44820,0.761,36.726,22.56,29.73,23.247,4.74,7.452,6.015
44821,0.754,36.24,22.618,29.739,23.244,4.742,7.493,5.974
44822,0.748,36.369,22.572,29.72,23.247,4.661,7.453,5.893
44823,0.741,36.476,22.564,29.72,23.244,4.741,7.534,6.014
44824,0.754,36.132,22.649,29.749,23.258,4.864,7.697,6.137
44825,0.744,36.157,22.623,29.749,23.244,4.784,7.536,6.016
44826,0.741,36.282,22.603,29.749,23.247,4.824,7.534,6.096
44827,0.741,36.36,22.626,29.74,23.247,4.783,7.534,6.056
44828,0.744,36.131,22.564,29.749,23.251,4.783,7.534,6.097
44829,0.747,36.282,22.606,29.73,23.244,4.783,7.453,5.975
44830,0.751,36.341,22.572,29.692,23.237,4.661,7.452,6.015
44831,0.757,36.457,22.603,29.73,23.247,4.741,7.412,6.015
44832,0.77,35.979,22.611,29.72,23.247,4.701,7.411,5.974
44833,0.767,36.118,22.599,29.73,23.237,4.701,7.289,5.933
44834,0.767,36.244,22.642,29.72,23.244,4.742,7.329,6.055
44835,0.78,36.35,22.635,29.749,23.261,4.864,7.532,6.137
44836,0.787,36.093,22.599,29.74,23.244,4.702,7.331,6.016
44837,0.774,36.215,22.611,29.72,23.251,4.823,7.41,6.015
44838,0.774,36.369,22.591,29.739,23.247,4.783,7.411,6.096
44839,0.761,36.438,22.611,29.749,23.254,4.824,7.33,6.016
44840,0.761,36.093,22.591,29.73,23.244,4.661,7.207,5.974
44841,0.751,36.186,22.591,29.72,23.247,4.7,7.287,5.974
44842,0.754,36.331,22.595,29.739,23.244,4.782,7.125,6.015
44843,0.751,36.38,22.587,29.72,23.247,4.742,7.165,6.015
44844,0.744,36.112,22.599,29.701,23.247,4.661,7.043,5.974
44845,0.744,36.263,22.576,29.72,23.244,4.782,7.245,6.137
44846,0.747,36.418,22.595,29.768,23.258,4.905,7.328,6.179
44847,0.757,36.4,22.619,29.73,23.254,4.784,7.289,5.976
44848,0.751,36.007,22.552,29.739,23.247,4.824,7.288,6.137
44849,0.757,36.137,22.579,29.74,23.254,4.824,7.329,6.016
44850,0.764,36.225,22.595,29.759,23.247,4.865,7.329,6.056
44851,0.761,36.12,22.599,29.711,23.244,4.702,7.248,5.934
44852,0.754,36.071,22.619,29.72,23.247,4.823,7.328,6.096
44853,0.774,36.195,22.638,29.749,23.251,4.743,7.37,6.056
44854,0.767,36.312,22.631,29.74,23.244,4.742,7.289,6.097
44855,0.77,36.006,22.611,29.72,23.24,4.701,7.369,6.016
44856,0.774,36.108,22.58,29.73,23.251,4.904,7.452,6.137
44857,0.79,36.263,22.642,29.739,23.251,4.825,7.452,6.057
44858,0.78,36.331,22.592,29.749,23.244,4.865,7.412,6.137
44859,0.774,35.996,22.611,29.72,23.247,4.784,7.452,6.138
44860,0.774,36.147,22.63,29.759,23.251,4.824,7.534,6.179
44861,0.764,36.244,22.654,29.73,23.244,4.743,7.412,6.017
44862,0.751,36.331,22.603,29.711,23.244,4.701,7.411,5.974
44863,0.757,35.987,22.607,29.739,23.244,4.742,7.452,6.015
44864,0.757,36.098,22.619,29.73,23.244,4.742,7.493,6.015
44865,0.751,36.234,22.603,29.73,23.244,4.661,7.412,5.974
44866,0.744,36.283,22.572,29.711,23.244,4.822,7.574,6.096
44867,0.76,35.986,22.638,29.768,23.261,4.987,7.738,6.219
44868,0.757,36.137,22.572,29.749,23.241,4.785,7.618,6.098
44869,0.767,36.244,22.56,29.749,23.251,4.783,7.657,6.138
44870,0.774,36.283,22.587,29.74,23.247,4.824,7.617,6.138
44871,0.787,35.967,22.587,29.749,23.251,4.824,7.739,6.179
44872,0.787,36.098,22.626,29.73,23.247,4.661,7.537,5.976
44873,0.79,36.186,22.595,29.72,23.247,4.782,7.779,6.096
44874,0.806,36.244,22.634,29.73,23.251,4.742,7.7,6.097
44875,0.813,35.976,22.603,29.72,23.247,4.701,7.699,5.975
44876,0.833,36.098,22.564,29.711,23.237,4.701,7.658,5.974
44877,0.83,36.215,22.634,29.73,23.247,4.823,7.82,6.055
44878,0.846,36.331,22.607,29.768,23.258,4.905,7.781,6.097
44879,0.83,36.102,22.595,29.749,23.251,4.744,7.822,6.097
44880,0.826,36.215,22.587,29.749,23.247,4.823,7.741,6.097
44881,0.839,36.302,22.65,29.74,23.247,4.824,7.74,6.097
44882,0.836,35.929,22.662,29.749,23.251,4.824,7.781,6.138
44883,0.826,35.973,22.623,29.73,23.244,4.702,7.618,5.894
44884,0.823,36.07,22.67,29.72,23.251,4.742,7.617,6.054
44885,0.826,36.214,22.627,29.73,23.251,4.742,7.617,6.056
44886,0.82,35.909,22.56,29.73,23.244,4.701,7.617,6.015
44887,0.81,36.011,22.63,29.72,23.24,4.742,7.535,5.974
44888,0.816,36.137,22.513,29.73,23.244,4.783,7.657,6.218
44889,0.833,36.292,22.575,29.768,23.261,4.905,7.617,6.058
44890,0.826,35.958,22.54,29.721,23.251,4.825,7.535,6.097
44891,0.839,36.108,22.571,29.739,23.251,4.783,7.534,6.056
44892,0.846,36.224,22.587,29.74,23.254,4.824,7.575,6.097
44893,0.849,36.302,22.576,29.749,23.254,4.865,7.454,6.056
44894,0.859,35.843,22.634,29.701,23.244,4.743,7.33,5.975
44895,0.859,35.963,22.603,29.73,23.244,4.742,7.451,6.015
44896,0.879,36.098,22.595,29.73,23.251,4.783,7.33,6.056
44897,0.869,36.157,22.658,29.72,23.251,4.702,7.37,6.015
44898,0.866,35.851,22.588,29.72,23.237,4.701,7.289,6.015
44899,0.862,35.992,22.607,29.72,23.247,4.823,7.451,6.096
44900,0.885,36.166,22.576,29.768,23.261,4.865,7.574,6.178
44901,0.876,36.167,22.63,29.721,23.244,4.865,7.413,6.017
44902,0.866,35.928,22.592,29.739,23.251,4.784,7.411,6.096
44903,0.866,36.088,22.595,29.74,23.251,4.783,7.452,6.138
44904,0.859,36.176,22.646,29.749,23.254,4.783,7.452,6.098
44905,0.843,36.302,22.6,29.72,23.251,4.742,7.412,6.016
44906,0.833,35.804,22.583,29.72,23.244,4.742,7.452,6.096
44907,0.852,35.962,22.618,29.73,23.254,4.742,7.371,6.097
44908,0.856,36.07,22.56,29.72,23.247,4.742,7.37,6.056
44909,0.859,36.032,22.603,29.72,23.244,4.742,7.37,6.015
44910,0.859,36.061,22.603,29.72,23.251,4.783,7.492,6.096
44911,0.872,36.243,22.591,29.768,23.268,4.946,7.534,6.178
44912,0.889,36.322,22.579,29.73,23.251,4.744,7.331,6.098
44913,0.869,35.728,22.591,29.759,23.251,4.823,7.37,6.097
44914,0.872,35.818,22.622,29.73,23.251,4.783,7.411,6.219
44915,0.885,35.972,22.591,29.749,23.247,4.864,7.411,6.18
44916,0.889,36.06,22.572,29.73,23.247,4.743,7.289,5.976
44917,0.876,35.754,22.591,29.692,23.244,4.701,7.369,6.055
44918,0.879,35.943,22.564,29.73,23.244,4.823,7.33,6.015
44919,0.859,36.069,22.587,29.72,23.251,4.783,7.248,6.015
44920,0.853,36.128,22.587,29.73,23.244,4.702,7.288,5.974
44921,0.843,35.793,22.622,29.73,23.247,4.742,7.288,6.055
44922,0.836,35.981,22.654,29.768,23.258,4.945,7.451,6.137
44923,0.83,36.089,22.631,29.73,23.244,4.785,7.33,6.098
44924,0.82,36.147,22.623,29.739,23.247,4.783,7.289,6.016
44925,0.817,35.841,22.615,29.74,23.251,4.783,7.288,6.056
44926,0.803,35.982,22.634,29.759,23.251,4.824,7.247,6.178
44927,0.8,36.089,22.623,29.73,23.244,4.743,7.166,6.017
44928,0.777,36.119,22.58,29.759,23.244,4.823,7.124,5.974
44929,0.797,35.822,22.587,29.721,23.247,4.743,7.165,6.096
44930,0.777,35.943,22.595,29.739,23.244,4.661,7.084,6.056
44931,0.79,36.069,22.587,29.72,23.244,4.7,7.083,6.015
44932,0.787,36.061,22.607,29.711,23.24,4.742,7.123,6.137
44933,0.787,35.86,22.607,29.778,23.261,4.905,7.246,6.179
44934,0.79,35.992,22.623,29.73,23.251,4.703,7.125,6.139
44935,0.797,36.099,22.595,29.739,23.247,4.782,7.124,6.098
44936,0.794,35.946,22.591,29.749,23.251,4.742,7.083,6.138
44937,0.797,35.762,22.603,29.749,23.251,4.783,7.042,6.138
44938,0.784,35.904,22.548,29.74,23.251,4.702,7.001,5.976
44939,0.758,35.992,22.552,29.72,23.24,4.701,7.041,6.096
44940,0.761,35.705,22.567,29.72,23.244,4.782,7.001,6.097
44941,0.754,35.789,22.607,29.72,23.247,4.702,6.96,6.056
44942,0.735,35.924,22.623,29.72,23.24,4.701,6.96,6.015
44943,0.721,36.012,22.572,29.749,23.244,4.782,7.041,6.137
44944,0.731,35.782,22.618,29.768,23.265,4.864,7.164,6.098
44945,0.725,35.895,22.607,29.73,23.244,4.702,7.002,6.138
44946,0.708,36.002,22.607,29.739,23.254,4.823,7.001,6.138
44947,0.705,36.108,22.634,29.759,23.258,4.783,7.041,6.098
44948,0.711,35.659,22.607,29.807,23.254,4.824,7.001,6.138
44949,0.721,35.779,22.595,29.731,23.24,4.702,6.879,5.976
44950,0.711,35.866,22.587,29.711,23.244,4.742,6.918,6.096
44951,0.721,35.963,22.622,29.73,23.251,4.742,6.959,6.016
44952,0.711,35.791,22.634,29.711,23.247,4.742,6.919,6.056
44953,0.721,35.905,22.568,29.73,23.24,4.742,6.878,6.015
44954,0.724,36.021,22.63,29.739,23.251,4.783,6.959,6.137
44955,0.737,36.147,22.599,29.759,23.258,4.864,6.919,6.016
44956,0.721,35.793,22.56,29.721,23.251,4.743,6.837,6.056
44957,0.721,35.914,22.599,29.739,23.251,4.783,6.877,6.097
44958,0.715,36.021,22.587,29.749,23.251,4.783,6.959,6.097
44959,0.715,36.08,22.583,29.74,23.258,4.824,6.96,6.056
44960,0.698,35.821,22.556,29.711,23.237,4.621,6.797,5.975
44961,0.698,35.943,22.634,29.73,23.247,4.781,6.836,6.096
44962,0.695,36.088,22.631,29.73,23.247,4.661,6.714,5.975
44963,0.698,36.282,22.623,29.73,23.237,4.66,6.713,5.933
44964,0.692,35.708,22.619,29.72,23.24,4.782,6.754,5.974
44965,0.688,35.846,22.595,29.739,23.254,4.905,6.917,6.177
44966,0.695,35.972,22.607,29.768,23.251,4.703,6.796,6.098
44967,0.688,35.772,22.603,29.74,23.247,4.782,6.755,6.056
44968,0.688,35.847,22.486,29.749,23.247,4.742,6.754,6.097
44969,0.705,35.992,22.555,29.749,23.251,4.783,6.754,6.097
44970,0.708,36.079,22.567,29.749,23.258,4.742,6.714,6.097
44971,0.705,35.61,22.591,29.701,23.241,4.62,6.632,5.935
44972,0.695,35.73,22.615,29.739,23.244,4.741,6.672,6.014
44973,0.714,35.885,22.599,29.73,23.244,4.661,6.631,6.056
44974,0.718,35.954,22.661,29.72,23.244,4.7,6.672,5.934
44975,0.721,35.657,22.615,29.72,23.24,4.62,6.631,6.014
44976,0.728,35.798,22.58,29.72,23.251,4.781,6.712,6.137
44977,0.731,35.953,22.642,29.759,23.261,4.864,6.713,6.057
44978,0.721,36.021,22.599,29.721,23.247,4.784,6.632,6.015
44979,0.708,35.725,22.548,29.739,23.244,4.783,6.672,6.056
44980,0.711,35.856,22.567,29.749,23.251,4.742,6.713,6.097
44981,0.708,35.973,22.599,29.749,23.258,4.823,6.713,6.138
44982,0.705,36.031,22.56,29.74,23.244,4.58,6.591,5.976
44983,0.689,35.6,22.556,29.73,23.247,4.74,6.753,6.096
44984,0.688,35.778,22.599,29.73,23.247,4.701,6.673,5.975
44985,0.698,35.876,22.599,29.739,23.244,4.62,6.672,6.055
44986,0.682,35.915,22.595,29.711,23.244,4.741,6.713,6.015
44987,0.692,35.647,22.603,29.739,23.251,4.742,6.794,6.218
44988,0.705,35.846,22.626,29.835,23.265,4.905,6.795,6.098
44989,0.711,35.925,22.588,29.731,23.251,4.744,6.755,6.138
44990,0.702,35.935,22.611,29.73,23.247,4.701,6.714,6.098
44991,0.711,35.705,22.595,29.739,23.254,4.782,6.794,6.178
44992,0.715,35.837,22.587,29.759,23.254,4.783,6.795,6.139
44993,0.715,35.934,22.587,29.721,23.244,4.661,6.673,6.057
44994,0.708,35.686,22.626,29.73,23.251,4.741,6.794,6.097
44995,0.721,35.664,22.595,29.739,23.244,4.701,6.714,6.097
44996,0.731,35.779,22.556,29.72,23.244,4.66,6.632,6.056
44997,0.721,35.885,22.606,29.72,23.244,4.7,6.672,5.975
44998,0.721,35.618,22.572,29.73,23.251,4.701,6.753,6.218
44999,0.728,35.769,22.587,29.778,23.258,4.823,6.714,6.18
45000,0.721,35.866,22.611,29.73,23.244,4.824,6.672,6.139
45001,0.715,35.963,22.634,29.739,23.254,4.783,6.713,6.138
45002,0.715,35.648,22.603,29.74,23.251,4.783,6.794,6.219
45003,0.711,35.769,22.607,29.749,23.247,4.783,6.836,6.098
45004,0.711,35.905,22.595,29.72,23.244,4.702,6.552,6.016
45005,0.698,35.954,22.583,29.72,23.247,4.701,6.63,6.056
45006,0.698,35.542,22.572,29.73,23.244,4.742,6.59,6.137
45007,0.705,35.672,22.603,29.73,23.244,4.701,6.59,6.057
45008,0.698,35.789,22.521,29.72,23.247,4.62,6.631,6.137
45009,0.711,35.866,22.571,29.739,23.251,4.822,6.712,6.219
45010,0.734,35.647,22.607,29.768,23.258,4.783,6.713,6.058
45011,0.721,35.75,22.603,29.73,23.247,4.783,6.713,6.137
45012,0.721,35.885,22.63,29.73,23.244,4.783,6.713,6.179
45013,0.718,35.944,22.595,29.749,23.251,4.783,6.713,6.179
45014,0.724,35.552,22.63,29.73,23.251,4.742,6.672,6.139
45015,0.731,35.663,22.607,29.72,23.24,4.661,6.509,6.016
45016,0.747,35.76,22.599,29.739,23.251,4.66,6.711,6.056
45017,0.773,35.789,22.615,29.74,23.244,4.741,6.632,6.137
45018,0.793,35.617,22.572,29.74,23.244,4.742,6.672,6.057
45019,0.806,35.75,22.587,29.72,23.24,4.661,6.591,6.097
45020,0.836,35.866,22.622,29.739,23.251,4.822,6.793,6.219
45021,0.885,35.886,22.588,29.759,23.254,4.824,6.795,6.098
45022,0.882,35.637,22.599,29.749,23.247,4.824,6.714,6.097
45023,0.895,35.788,22.572,29.74,23.247,4.743,6.794,6.138
45024,0.918,35.876,22.634,29.73,23.251,4.783,6.795,6.138
45025,0.918,35.57,22.603,29.739,23.254,4.824,6.795,6.138
45026,0.925,35.634,22.556,29.73,23.24,4.661,6.673,6.016
45027,0.935,35.731,22.579,29.72,23.247,4.7,6.753,6.137
45028,0.961,35.866,22.486,29.739,23.244,4.701,6.714,6.138
45029,0.997,35.522,22.563,29.73,23.244,4.742,6.713,6.057
45030,1.036,35.662,22.571,29.72,23.24,4.701,6.713,6.015
45031,1.079,35.779,22.579,29.73,23.244,4.823,6.835,6.178
45032,1.154,35.905,22.626,29.778,23.265,4.865,6.837,6.179
45033,1.204,35.599,22.588,29.73,23.251,4.702,6.796,6.179
45034,1.246,35.721,22.618,29.759,23.251,4.742,6.836,6.179
45035,1.279,35.866,22.595,29.749,23.251,4.783,6.796,6.139
45036,1.322,35.934,22.611,29.749,23.254,4.824,6.836,6.138
45037,1.316,35.542,22.587,29.711,23.244,4.661,6.755,6.098
45038,1.309,35.653,22.568,29.711,23.244,4.7,6.917,6.138
45039,1.303,35.827,22.591,29.73,23.251,4.701,6.837,6.219
45040,1.316,35.857,22.615,29.711,23.247,4.742,6.877,6.139
45041,1.342,35.397,22.615,29.72,23.244,4.661,6.837,6.219
45042,1.336,35.527,22.587,29.73,23.251,4.822,7.08,6.302
45043,1.31,35.701,22.603,29.759,23.261,4.905,7.164,6.302
45044,1.283,35.702,22.634,29.73,23.247,4.744,7.124,6.302
45045,1.267,35.511,22.599,29.73,23.244,4.742,7.165,6.384
45046,1.267,35.662,22.568,29.759,23.254,4.661,7.165,6.303
45047,1.241,35.788,22.618,29.749,23.254,4.741,7.246,6.384
45048,1.182,36.087,22.576,29.749,23.244,4.661,7.125,6.425
45049,1.129,35.515,22.544,29.72,23.244,4.782,7.287,6.507
45050,1.073,35.653,22.544,29.73,23.251,4.742,7.207,6.508
45051,1.03,35.76,22.556,29.739,23.247,4.701,7.206,6.67
45052,0.988,35.511,22.579,29.711,23.247,4.66,7.206,6.753
45053,0.945,35.509,22.548,29.749,23.251,4.782,7.247,7.079
45054,0.899,35.662,22.641,29.759,23.258,4.864,7.369,7.205
45055,0.847,35.75,22.599,29.749,23.251,4.784,7.289,7.409
45056,0.794,35.482,22.599,29.74,23.247,4.702,7.288,7.655
45057,0.745,35.595,22.619,29.749,23.251,4.742,7.288,7.902
45058,0.718,35.74,22.619,29.749,23.254,4.742,7.329,8.107
45059,0.682,35.818,22.572,29.73,23.247,4.661,7.126,8.232
45060,0.633,35.301,22.564,29.72,23.244,4.66,7.246,8.517
45061,0.61,35.449,22.638,29.739,23.251,4.782,7.288,8.601
45062,0.577,35.585,22.58,29.701,23.244,4.742,7.207,8.765
45063,0.551,35.663,22.556,29.71,23.244,4.742,7.125,8.889
45064,0.563,35.472,22.626,29.73,23.247,4.742,7.287,9.134
45065,0.58,35.671,22.595,29.768,23.261,4.864,7.288,9.258
45066,0.593,35.76,22.611,29.73,23.247,4.743,7.207,9.341
45067,0.632,35.809,22.607,29.739,23.254,4.823,7.247,9.464
45068,0.685,35.435,22.607,29.797,23.254,4.743,7.166,9.587
45069,0.727,35.585,22.595,29.74,23.258,4.783,7.246,9.629
45070,0.741,35.682,22.587,29.72,23.241,4.62,7.044,9.588
45071,0.754,35.712,22.595,29.72,23.247,4.741,7.164,9.913
45072,0.787,35.463,22.564,29.73,23.244,4.701,7.084,10.161
45073,0.8,35.604,22.599,29.73,23.244,4.701,7.083,10.326
45074,0.803,35.711,22.63,29.72,23.237,4.62,7.002,10.734
45075,0.794,35.741,22.595,29.739,23.251,4.781,7.285,11.104
45076,0.826,35.492,22.591,29.768,23.261,4.824,7.125,11.23
45077,0.807,35.566,22.615,29.749,23.247,4.743,7.124,11.515
45078,0.816,35.701,22.564,29.72,23.244,4.783,7.124,11.681
45079,0.8,35.587,22.579,29.759,23.254,4.783,7.124,11.845
45080,0.8,35.49,22.591,29.74,23.254,4.783,7.043,11.887
45081,0.8,35.605,22.618,29.701,23.244,4.661,6.96,11.888
45082,0.781,35.702,22.611,29.739,23.244,4.741,7.041,12.091
45083,0.784,35.424,22.595,29.73,23.244,4.742,6.96,12.093
45084,0.78,35.508,22.607,29.72,23.247,4.742,7.0,12.012
45085,0.78,35.633,22.607,29.72,23.237,4.661,6.919,12.052
45086,0.767,35.731,22.587,29.739,23.247,4.822,7.122,12.133
45087,0.783,35.406,22.603,29.778,23.261,4.824,7.043,12.012
45088,0.774,35.508,22.47,29.759,23.244,4.743,7.001,11.97
45089,0.78,35.662,22.586,29.749,23.251,4.823,7.041,11.889
45090,0.784,35.731,22.595,29.759,23.254,4.824,7.042,11.806
45091,0.8,35.396,22.587,29.749,23.251,4.824,6.92,11.684
45092,0.794,35.536,22.603,29.701,23.233,4.661,6.878,11.438
45093,0.784,35.643,22.568,29.73,23.247,4.7,6.959,11.355
45094,0.803,35.721,22.56,29.749,23.244,4.701,6.878,11.313
45095,0.803,35.338,22.579,29.74,23.247,4.66,6.959,11.232
45096,0.794,35.469,22.595,29.711,23.244,4.66,6.878,10.987
45097,0.793,35.604,22.599,29.73,23.251,4.822,7.081,11.106
45098,0.81,35.692,22.583,29.759,23.254,4.824,7.002,10.985
45099,0.794,35.463,22.591,29.74,23.251,4.783,6.96,10.822
45100,0.787,35.595,22.626,29.74,23.254,4.824,7.082,10.739
45101,0.787,35.701,22.623,29.759,23.251,4.783,7.002,10.657
45102,0.79,35.77,22.634,29.74,23.247,4.742,7.041,10.452
45103,0.777,35.387,22.58,29.701,23.237,4.661,6.92,10.288
45104,0.774,35.536,22.618,29.739,23.244,4.741,7.0,10.286
45105,0.777,35.653,22.58,29.72,23.247,4.701,7.082,10.083
45106,0.767,35.817,22.572,29.73,23.244,4.701,7.042,9.959
45107,0.777,35.406,22.587,29.711,23.24,4.701,7.001,9.917
45108,0.774,35.546,22.56,29.749,23.251,4.782,7.163,9.957
45109,0.797,35.691,22.583,29.759,23.261,4.824,7.165,9.835
45110,0.787,35.376,22.595,29.721,23.244,4.783,7.124,9.631
45111,0.793,35.44,22.622,29.73,23.251,4.742,7.205,9.588
45112,0.8,35.566,22.619,29.739,23.251,4.783,7.206,9.547
45113,0.807,35.663,22.588,29.749,23.251,4.864,7.287,9.425
45114,0.807,35.175,22.618,29.701,23.244,4.621,7.166,9.22
45115,0.794,35.294,22.576,29.72,23.251,4.741,7.287,9.137
45116,0.813,35.43,22.564,29.739,23.244,4.742,7.288,9.014
45117,0.803,35.498,22.587,29.73,23.24,4.661,7.329,9.013
45118,0.81,35.317,22.572,29.72,23.24,4.7,7.37,8.85
45119,0.803,35.459,22.56,29.73,23.258,4.823,7.411,8.93
45120,0.82,35.623,22.587,29.768,23.254,4.824,7.411,8.809
45121,0.8,35.663,22.626,29.74,23.251,4.783,7.452,8.686
45122,0.797,35.338,22.588,29.73,23.251,4.824,7.493,8.684
45123,0.794,35.507,22.587,29.739,23.258,4.824,7.494,8.644
45124,0.79,35.605,22.599,29.74,23.247,4.743,7.616,8.481
45125,0.797,35.673,22.564,29.701,23.244,4.579,7.413,8.357
45126,0.781,35.319,22.599,29.73,23.247,4.74,7.533,8.356
45127,0.784,35.488,22.552,29.72,23.244,4.742,7.534,8.275
45128,0.774,35.585,22.587,29.73,23.244,4.742,7.453,8.233
45129,0.787,35.625,22.529,29.72,23.24,4.661,7.452,8.151
45130,0.797,35.241,22.567,29.739,23.254,4.782,7.615,8.232
45131,0.81,35.429,22.607,29.759,23.254,4.824,7.535,8.111
45132,0.813,35.498,22.591,29.74,23.24,4.783,7.494,8.109
45133,0.82,35.518,22.591,29.74,23.251,4.783,7.534,8.028
45134,0.826,35.423,22.591,29.74,23.258,4.783,7.534,7.987
45135,0.833,35.585,22.579,29.759,23.251,4.742,7.494,7.946
45136,0.83,35.653,22.579,29.711,23.24,4.539,7.453,7.742
45137,0.823,35.395,22.607,29.73,23.244,4.74,7.493,7.781
45138,0.826,35.345,22.584,29.72,23.244,4.701,7.453,7.7
45139,0.813,35.45,22.536,29.711,23.251,4.66,7.452,7.699
45140,0.81,35.547,22.559,29.73,23.244,4.7,7.452,7.618
45141,0.813,35.289,22.591,29.749,23.258,4.863,7.534,7.739
45142,0.82,35.401,22.568,29.74,23.251,4.702,7.412,7.618
45143,0.803,35.517,22.564,29.73,23.254,4.782,7.452,7.576
45144,0.803,35.605,22.564,29.73,23.247,4.783,7.412,7.575
45145,0.807,35.184,22.587,29.739,23.251,4.783,7.371,7.494
45146,0.807,35.314,22.587,29.73,23.251,4.783,7.37,7.453
45147,0.797,35.401,22.603,29.72,23.244,4.702,7.33,7.452
45148,0.8,35.527,22.626,29.749,23.244,4.742,7.37,7.412
45149,0.816,35.25,22.56,29.72,23.244,4.701,7.208,7.289
45150,0.813,35.362,22.595,29.72,23.237,4.66,7.206,7.288
45151,0.816,35.488,22.572,29.73,23.251,4.782,7.328,7.41
45152,0.833,35.614,22.607,29.778,23.261,4.783,7.37,7.371
45153,0.826,35.241,22.576,29.74,23.251,4.742,7.248,7.33
45154,0.826,35.391,22.587,29.73,23.251,4.742,7.288,7.289
45155,0.83,35.517,22.587,29.739,23.254,4.783,7.288,7.329
45156,0.843,35.576,22.572,29.74,23.251,4.783,7.207,7.207
45157,0.839,35.193,22.595,29.711,23.24,4.62,7.084,7.084
45158,0.843,35.333,22.572,29.711,23.247,4.7,7.123,7.123
45159,0.836,35.449,22.556,29.72,23.247,4.742,7.165,7.165
45160,0.839,35.489,22.587,29.711,23.244,4.62,7.124,7.002
45161,0.83,35.278,22.579,29.739,23.24,4.7,7.165,7.082
45162,0.82,35.449,22.595,29.749,23.258,4.904,7.287,7.205
45163,0.839,35.585,22.572,29.74,23.244,4.825,7.166,7.084
45164,0.823,35.51,22.579,29.73,23.251,4.743,7.206,7.002
45165,0.813,35.25,22.572,29.739,23.251,4.783,7.206,7.082
45166,0.807,35.391,22.61,29.74,23.247,4.702,7.165,7.002
45167,0.816,35.498,22.587,29.74,23.247,4.742,7.084,6.96
45168,0.81,35.24,22.576,29.711,23.237,4.579,7.042,6.878
45169,0.82,35.343,22.575,29.73,23.247,4.74,7.082,6.959
45170,0.83,35.469,22.571,29.73,23.24,4.661,7.083,6.919
45171,0.826,35.547,22.568,29.711,23.247,4.66,7.002,6.837
45172,0.836,35.097,22.564,29.72,23.244,4.741,7.041,6.877
45173,0.839,35.227,22.591,29.739,23.254,4.783,7.204,7.0
45174,0.859,35.41,22.634,29.74,23.251,4.742,7.043,6.879
45175,0.84,35.479,22.592,29.72,23.247,4.661,7.123,6.877
45176,0.852,35.154,22.579,29.73,23.244,4.782,7.124,6.877
45177,0.862,35.304,22.634,29.739,23.254,4.742,7.124,6.837
45178,0.849,35.42,22.564,29.72,23.254,4.823,7.124,6.796
45179,0.846,35.489,22.556,29.682,23.24,4.621,7.043,6.714
45180,0.84,35.202,22.54,29.729,23.244,4.781,7.164,6.754
45181,0.846,35.333,22.61,29.73,23.251,4.742,7.124,6.714
45182,0.836,35.469,22.576,29.711,23.24,4.661,7.083,6.672
45183,0.833,35.499,22.599,29.72,23.24,4.7,7.123,6.631
45184,0.833,35.154,22.587,29.739,23.254,4.823,7.327,6.834
45185,0.849,35.342,22.595,29.759,23.251,4.702,7.289,6.633
45186,0.833,35.43,22.568,29.749,23.251,4.742,7.207,6.672
45187,0.833,35.47,22.571,29.74,23.251,4.823,7.165,6.672
45188,0.83,35.23,22.571,29.759,23.251,4.824,7.206,6.713
45189,0.846,35.381,22.564,29.749,23.251,4.783,7.165,6.551
45190,0.849,35.46,22.603,29.711,23.24,4.58,7.043,6.549
45191,0.849,35.748,22.611,29.72,23.251,4.74,7.164,6.59
45192,0.849,35.185,22.611,29.739,23.247,4.701,7.124,6.549
45193,0.862,35.333,22.607,29.73,23.237,4.66,7.124,6.549
45194,0.859,35.421,22.544,29.73,23.244,4.66,7.083,6.508
45195,0.869,35.191,22.587,29.739,23.258,4.822,7.286,6.67
45196,0.889,35.218,22.615,29.749,23.251,4.702,7.166,6.509
45197,0.866,35.324,22.56,29.72,23.247,4.782,7.124,6.508
45198,0.879,35.43,22.603,29.739,23.251,4.742,7.165,6.508
45199,0.869,35.134,22.56,29.72,23.254,4.783,7.206,6.508
45200,0.859,35.265,22.614,29.73,23.247,4.742,7.165,6.508
45201,0.859,35.372,22.576,29.711,23.24,4.579,6.962,6.345
45202,0.856,35.469,22.599,29.739,23.251,4.781,7.122,6.425
45203,0.846,35.019,22.587,29.73,23.244,4.702,7.083,6.344
45204,0.849,35.149,22.587,29.72,23.247,4.742,7.042,6.384
45205,0.846,35.294,22.572,29.73,23.24,4.701,7.001,6.385
45206,0.849,35.392,22.556,29.739,23.258,4.823,7.123,6.588
45207,0.866,35.23,22.599,29.749,23.251,4.743,7.083,6.468
45208,0.853,35.353,22.466,29.768,23.251,4.742,7.002,6.426
45209,0.862,35.469,22.496,29.73,23.244,4.742,7.123,6.426
45210,0.869,35.518,22.567,29.73,23.251,4.783,7.165,6.385
45211,0.866,35.145,22.591,29.749,23.254,4.783,7.124,6.344
45212,0.872,35.275,22.587,29.72,23.24,4.58,6.961,6.262
45213,0.866,35.382,22.603,29.73,23.247,4.7,7.082,6.384
45214,0.876,35.46,22.537,29.739,23.247,4.742,7.083,6.303
45215,0.882,35.106,22.591,29.73,23.247,4.701,7.083,6.302
45216,0.885,35.227,22.611,29.711,23.244,4.701,7.002,6.302
45217,0.898,35.353,22.564,29.739,23.251,4.742,7.204,6.384
45218,0.902,35.44,22.599,29.768,23.251,4.864,7.165,6.344
45219,0.876,35.24,22.552,29.73,23.251,4.743,7.124,6.303
45220,0.872,35.372,22.626,29.759,23.251,4.742,7.165,6.302
45221,0.879,35.498,22.564,29.74,23.258,4.783,7.206,6.343
45222,0.879,35.346,22.528,29.749,23.254,4.824,7.125,6.303
45223,0.866,35.181,22.563,29.73,23.244,4.621,7.002,6.18
45224,0.866,35.285,22.564,29.72,23.24,4.659,7.163,6.22
45225,0.872,35.42,22.583,29.749,23.244,4.741,7.084,6.261
45226,0.863,35.086,22.607,29.74,23.24,4.661,7.123,6.262
45227,0.869,35.188,22.568,29.73,23.24,4.66,7.043,6.18
45228,0.859,35.314,22.591,29.749,23.247,4.782,7.123,6.301
45229,0.892,35.469,22.564,29.778,23.254,4.824,7.205,6.343
45230,0.895,35.077,22.579,29.75,23.251,4.702,7.125,6.303
45231,0.895,35.217,22.548,29.74,23.251,4.742,7.083,6.302
45232,0.905,35.352,22.548,29.749,23.254,4.783,7.123,6.302
45233,0.908,35.421,22.571,29.759,23.254,4.783,7.124,6.262
45234,0.912,35.105,22.489,29.74,23.244,4.58,6.921,6.139
45235,0.899,35.246,22.547,29.72,23.244,4.74,7.122,6.219
45236,0.915,35.381,22.583,29.749,23.247,4.701,7.002,6.22
45237,0.915,35.469,22.533,29.749,23.244,4.701,6.919,6.139
45238,0.918,35.067,22.587,29.72,23.247,4.66,6.878,6.138
45239,0.905,35.188,22.615,29.739,23.247,4.863,7.04,6.26
45240,0.915,35.343,22.658,29.787,23.254,4.865,7.001,6.262
45241,0.912,35.392,22.607,29.75,23.247,4.743,7.001,6.262
45242,0.908,35.105,22.58,29.749,23.251,4.783,7.001,6.302
45243,0.899,35.265,22.56,29.759,23.258,4.824,6.96,6.18
45244,0.912,35.382,22.583,29.769,23.247,4.783,6.878,6.301
45245,0.915,35.412,22.599,29.74,23.244,4.661,6.755,6.099
45246,0.889,35.211,22.576,29.74,23.24,4.741,6.795,6.26
45247,0.902,35.352,22.568,29.759,23.251,4.742,6.877,6.18
45248,0.895,35.469,22.548,29.74,23.247,4.783,6.877,6.261
45249,0.905,35.652,22.536,29.73,23.24,4.702,6.877,6.099
45250,0.908,35.213,22.606,29.739,23.251,4.823,7.04,6.341
45251,0.928,35.391,22.599,29.797,23.265,4.905,7.042,6.221
45252,0.928,35.469,22.576,29.778,23.244,4.744,7.082,6.22
45253,0.931,35.211,22.568,29.759,23.247,4.783,7.123,6.302
45254,0.938,35.237,22.54,29.778,23.251,4.783,7.124,6.221
45255,0.945,35.391,22.575,29.769,23.254,4.824,7.124,6.22
45256,0.958,35.431,22.595,29.73,23.237,4.621,7.043,6.058
45257,0.951,35.086,22.556,29.768,23.244,4.741,7.204,6.178
45258,0.961,35.246,22.556,29.749,23.244,4.742,7.165,6.098
45259,0.945,35.353,22.587,29.759,23.24,4.701,7.246,6.138
45260,0.945,35.421,22.607,29.749,23.244,4.742,7.206,6.138
45261,0.954,35.259,22.619,29.797,23.258,4.864,7.45,6.26
45262,0.948,35.43,22.607,29.769,23.247,4.784,7.33,6.262
45263,0.948,35.508,22.587,29.749,23.251,4.742,7.37,6.18
45264,0.945,35.595,22.607,29.778,23.247,4.783,7.411,6.261
45265,0.951,35.27,22.568,29.778,23.258,4.742,7.411,6.221
45266,0.945,35.42,22.603,29.788,23.254,4.783,7.411,6.22
45267,0.941,35.508,22.619,29.731,23.237,4.702,7.33,6.139
45268,0.945,35.576,22.611,29.807,23.244,4.782,7.492,6.26
45269,0.964,35.346,22.56,29.759,23.247,4.702,7.371,6.221
45270,0.961,35.459,22.548,29.759,23.24,4.701,7.37,6.18
45271,0.955,35.585,22.602,29.759,23.244,4.823,7.452,6.22
45272,0.987,35.653,22.58,29.807,23.258,4.905,7.615,6.383
45273,0.984,35.395,22.56,29.788,23.247,4.784,7.454,6.303
45274,0.974,35.527,22.571,29.788,23.251,4.783,7.493,6.262
45275,1.003,35.643,22.54,29.788,23.251,4.824,7.534,6.302
45276,1.01,35.664,22.61,29.798,23.251,4.783,7.494,6.343
45277,0.991,35.501,22.533,29.788,23.244,4.702,7.453,6.14
45278,1.004,35.624,22.548,29.75,23.244,4.701,7.493,6.301
45279,1.004,35.75,22.591,29.768,23.244,4.782,7.453,6.18
45280,1.0,35.732,22.626,29.769,23.251,4.783,7.493,6.261
45281,1.004,35.76,22.595,29.759,23.24,4.661,7.412,6.18
45282,0.991,35.904,22.552,29.759,23.244,4.741,7.533,6.301
45283,1.004,36.04,22.595,29.788,23.258,4.905,7.657,6.425
45284,1.01,36.281,22.587,29.769,23.244,4.784,7.495,6.222
45285,1.014,36.418,22.576,29.788,23.247,4.824,7.494,6.261
45286,1.001,36.544,22.599,29.788,23.247,4.824,7.494,6.343
45287,1.0,36.632,22.595,29.798,23.244,4.824,7.534,6.303
45288,1.013,35.606,22.576,29.798,23.244,4.743,7.453,6.262
45289,1.017,35.701,22.521,29.759,23.233,4.661,7.33,6.302
45290,1.027,35.856,22.528,29.778,23.251,4.782,7.37,6.262
45291,1.03,35.925,22.583,29.778,23.244,4.702,7.33,6.221
45292,1.037,36.079,22.572,29.769,23.24,4.701,7.329,6.22
45293,1.04,36.234,22.548,29.778,23.244,4.701,7.289,6.302
45294,1.046,36.379,22.544,29.807,23.261,4.863,7.451,6.425
45295,1.066,36.448,22.559,29.798,23.251,4.824,7.33,6.304
45296,1.073,36.113,22.614,29.788,23.247,4.743,7.329,6.262
45297,1.073,36.244,22.529,29.778,23.247,4.864,7.329,6.343
45298,1.076,36.36,22.555,29.797,23.254,4.824,7.329,6.303
45299,1.07,36.419,22.552,29.788,23.251,4.824,7.207,6.302
45300,1.066,36.199,22.591,29.759,23.237,4.661,7.084,6.18
45301,1.063,36.34,22.572,29.778,23.247,4.782,7.123,6.301
45302,1.066,36.476,22.56,29.778,23.247,4.742,7.165,6.302
45303,1.066,36.497,22.575,29.778,23.247,4.701,7.084,6.262
45304,1.06,36.449,22.599,29.778,23.244,4.701,6.961,6.262
45305,1.076,36.621,22.603,29.797,23.258,4.823,7.244,6.546
45306,1.076,36.757,22.599,29.817,23.251,4.824,7.125,6.305
45307,1.063,36.758,22.583,29.807,23.254,4.783,7.124,6.343
45308,1.066,36.634,22.579,29.788,23.251,4.783,7.043,6.303
45309,1.086,36.757,22.56,29.817,23.254,4.824,7.042,6.425
45310,1.092,36.835,22.587,29.798,23.254,4.783,7.001,6.385
45311,1.096,36.615,22.579,29.798,23.237,4.661,6.879,6.222
45312,1.099,36.709,22.552,29.798,23.247,4.741,6.959,6.302
45313,1.099,36.844,22.571,29.807,23.251,4.823,6.96,6.343
45314,1.106,36.932,22.56,29.798,23.24,4.783,6.919,6.303
45315,1.109,36.674,22.548,29.788,23.244,4.824,6.878,6.302
45316,1.122,36.796,22.602,29.807,23.258,4.824,7.0,6.506
45317,1.142,36.95,22.568,29.826,23.261,4.824,6.919,6.305
45318,1.132,37.01,22.56,29.779,23.247,4.865,6.837,6.302
45319,1.125,36.962,22.603,29.817,23.251,4.865,6.877,6.384
45320,1.122,37.134,22.603,29.807,23.251,4.865,6.877,6.344
45321,1.125,37.242,22.576,29.817,23.251,4.824,6.837,6.343
45322,1.122,37.281,22.536,29.798,23.24,4.661,6.674,6.221
45323,1.116,36.994,22.571,29.798,23.251,4.822,6.753,6.302
45324,1.122,37.135,22.532,29.798,23.24,4.865,6.795,6.302
45325,1.116,37.251,22.555,29.788,23.244,4.824,6.714,6.302
45326,1.115,37.291,22.595,29.798,23.244,4.743,6.754,6.302
45327,1.119,37.186,22.544,29.826,23.258,4.905,6.876,6.384
45328,1.125,37.367,22.587,29.846,23.254,4.865,6.877,6.344
45329,1.129,37.426,22.579,29.817,23.251,4.865,6.837,6.343
45330,1.135,37.446,22.657,29.827,23.247,4.906,6.877,6.303
45331,1.148,37.13,22.604,29.817,23.254,4.825,6.877,6.302
45332,1.148,37.27,22.583,29.827,23.251,4.905,6.877,6.302
45333,1.155,37.348,22.603,29.798,23.237,4.662,6.715,6.18
45334,1.145,37.704,22.56,29.798,23.244,4.822,6.916,6.22
45335,1.158,37.381,22.575,29.807,23.251,4.824,6.837,6.261
45336,1.168,37.503,22.587,29.788,23.244,4.824,6.837,6.18
45337,1.155,37.581,22.556,29.817,23.251,4.743,6.837,6.22
45338,1.158,37.351,22.571,29.827,23.254,4.905,7.04,6.342
45339,1.171,37.397,22.548,29.846,23.254,4.865,6.96,6.262
45340,1.142,37.465,22.587,29.808,23.244,4.865,6.96,6.262
45341,1.138,37.571,22.564,29.817,23.251,4.865,6.96,6.18
45342,1.132,37.466,22.56,29.827,23.258,4.906,7.041,6.261
45343,1.122,37.609,22.567,29.827,23.258,4.865,7.042,6.262
45344,1.112,37.697,22.509,29.798,23.241,4.743,6.92,6.139
45345,1.112,37.775,22.543,29.826,23.247,4.864,7.041,6.179
45346,1.106,37.392,22.579,29.808,23.244,4.865,7.001,6.22
45347,1.093,37.522,22.532,29.798,23.251,4.824,7.041,6.18
45348,1.083,37.639,22.528,29.807,23.24,4.743,7.001,6.22
45349,1.092,37.716,22.579,29.836,23.254,4.905,7.204,6.342
45350,1.102,37.487,22.65,29.856,23.258,4.865,7.125,6.181
45351,1.083,37.59,22.588,29.817,23.251,4.906,7.165,6.22
45352,1.089,37.678,22.595,29.836,23.251,4.906,7.124,6.302
45353,1.086,37.784,22.587,29.846,23.251,4.865,7.124,6.221
45354,1.083,37.574,22.587,29.827,23.247,4.824,6.961,6.22
45355,1.063,37.687,22.56,29.798,23.237,4.783,7.082,6.098
45356,1.076,37.813,22.579,29.826,23.247,4.824,7.123,6.138
45357,1.066,37.824,22.556,29.817,23.244,4.824,6.961,6.098
45358,1.06,37.613,22.548,29.817,23.251,4.824,7.0,6.056
45359,1.047,37.735,22.544,29.817,23.251,4.824,7.082,6.219
45360,1.043,37.88,22.602,29.865,23.261,4.905,7.245,6.302
45361,1.03,37.872,22.595,29.827,23.251,4.825,7.125,6.18
45362,1.011,37.671,22.572,29.836,23.244,4.824,7.083,6.22
45363,1.004,37.813,22.571,29.846,23.251,4.865,7.002,6.261
45364,0.987,37.891,22.548,29.846,23.251,4.865,7.082,6.221
45365,0.984,37.767,22.536,29.837,23.244,4.743,6.88,5.976
45366,0.955,37.631,22.587,29.827,23.244,4.905,6.959,6.177
45367,0.961,37.783,22.556,29.827,23.244,4.784,6.919,6.098
45368,0.945,37.881,22.544,29.827,23.244,4.783,6.919,6.097
45369,0.941,37.527,22.544,29.827,23.24,4.702,6.878,6.097
45370,0.935,37.6,22.591,29.836,23.247,4.823,6.959,6.219
45371,0.941,37.754,22.576,29.865,23.261,4.987,7.082,6.261
45372,0.935,37.833,22.599,29.837,23.241,4.785,6.88,6.18
45373,0.935,37.565,22.564,29.836,23.244,4.864,6.877,6.139
45374,0.925,37.687,22.587,29.856,23.254,4.784,6.959,6.219
45375,0.935,37.813,22.56,29.865,23.254,4.824,6.878,6.139
45376,0.925,37.872,22.618,29.827,23.244,4.702,6.755,5.935
45377,0.909,37.565,22.482,29.836,23.244,4.823,6.795,6.014
45378,0.918,37.735,22.567,29.836,23.251,4.824,6.755,6.096
45379,0.892,37.842,22.591,29.827,23.247,4.783,6.836,6.016
45380,0.895,37.891,22.595,29.808,23.247,4.783,6.674,6.015
45381,0.876,37.556,22.568,29.846,23.251,4.783,6.794,6.096
45382,0.872,37.716,22.544,29.894,23.265,4.986,6.877,6.138
45383,0.869,37.823,22.532,29.856,23.251,4.826,6.796,6.057
45384,0.846,37.881,22.61,29.837,23.247,4.783,6.836,6.097
45385,0.843,37.623,22.564,29.865,23.251,4.864,6.837,6.056
45386,0.826,37.774,22.564,29.856,23.247,4.784,6.837,6.137
45387,0.833,37.852,22.575,29.846,23.244,4.702,6.674,6.016
45388,0.813,37.853,22.571,29.884,23.244,4.823,6.753,6.056
45389,0.823,37.69,22.552,29.846,23.247,4.783,6.754,6.056
45390,0.833,37.794,22.536,29.837,23.244,4.661,6.714,5.975
45391,0.833,37.891,22.579,29.846,23.244,4.7,6.713,6.015
45392,0.833,37.997,22.536,29.856,23.251,4.823,6.835,6.178
45393,0.843,37.71,22.579,29.904,23.261,4.905,6.877,6.179
45394,0.83,37.803,22.493,29.847,23.251,4.825,6.755,6.139
45395,0.826,37.919,22.528,29.856,23.251,4.905,6.836,6.098
45396,0.839,37.566,22.598,29.856,23.251,4.865,6.837,6.138
45397,0.843,37.62,22.533,29.875,23.251,4.906,6.796,6.098
45398,0.82,37.745,22.563,29.856,23.24,4.662,6.673,5.975
45399,0.797,37.794,22.575,29.837,23.247,4.782,6.835,6.096
45400,0.803,37.612,22.591,29.846,23.244,4.742,6.837,5.975
45401,0.8,37.716,22.537,29.846,23.247,4.783,6.796,6.015
45402,0.79,37.861,22.532,29.856,23.24,4.702,6.755,5.974
45403,0.78,37.949,22.555,29.846,23.254,4.823,6.957,6.218
45404,0.793,37.537,22.532,29.894,23.261,4.987,7.0,6.017
45405,0.78,37.667,22.54,29.885,23.251,4.826,6.96,6.056
45406,0.767,37.755,22.606,29.885,23.244,4.824,7.0,6.137
45407,0.77,37.833,22.517,29.875,23.254,4.824,6.96,6.138
45408,0.774,37.459,22.555,29.894,23.251,4.865,6.96,6.016
45409,0.771,37.571,22.544,29.856,23.237,4.702,6.797,5.974
45410,0.774,37.677,22.602,29.856,23.247,4.823,6.917,6.015
45411,0.774,37.736,22.572,29.865,23.244,4.783,6.959,6.015
45412,0.784,37.554,22.525,29.856,23.247,4.702,6.878,5.974
45413,0.78,37.677,22.567,29.856,23.244,4.66,6.918,5.974
45414,0.784,37.793,22.544,29.904,23.254,4.904,7.122,6.177
45415,0.797,37.881,22.567,29.904,23.258,4.825,7.043,6.017
45416,0.794,37.546,22.607,29.866,23.247,4.824,7.042,6.015
45417,0.784,37.687,22.533,29.875,23.251,4.743,7.042,6.015
45418,0.793,37.803,22.579,29.875,23.247,4.823,7.001,6.056
45419,0.787,37.804,22.583,29.885,23.251,4.783,7.041,6.015
45420,0.777,37.459,22.603,29.856,23.24,4.661,6.879,6.015
45421,0.771,37.59,22.541,29.875,23.244,4.7,6.959,6.056
45422,0.764,37.716,22.552,29.875,23.247,4.701,6.919,6.015
45423,0.761,37.593,22.563,29.846,23.247,4.701,6.878,5.974
45424,0.757,37.591,22.528,29.875,23.247,4.782,6.918,6.015
45425,0.757,37.754,22.544,29.904,23.244,4.864,7.122,6.137
45426,0.767,37.881,22.618,29.904,23.251,4.784,6.961,6.138
45427,0.754,37.345,22.513,29.895,23.254,4.783,7.082,6.098
45428,0.757,37.435,22.547,29.885,23.254,4.783,7.042,6.056
45429,0.754,37.561,22.548,29.904,23.251,4.824,7.082,6.137
45430,0.761,37.648,22.602,29.904,23.254,4.865,7.042,6.016
45431,0.757,37.381,22.564,29.875,23.237,4.662,6.839,5.893
45432,0.761,37.532,22.583,29.894,23.247,4.741,6.999,5.973
45433,0.777,37.629,22.595,29.885,23.24,4.783,7.041,6.015
45434,0.774,37.697,22.548,29.866,23.244,4.742,7.042,5.893
45435,0.774,37.333,22.544,29.875,23.24,4.701,6.96,6.014
45436,0.774,37.493,22.602,29.894,23.258,4.863,7.204,6.218
45437,0.787,37.619,22.548,29.904,23.247,4.784,7.084,5.976
45438,0.777,37.659,22.567,29.885,23.251,4.824,7.123,5.893
45439,0.777,37.467,22.552,29.885,23.251,4.824,7.124,6.014
45440,0.767,37.619,22.595,29.894,23.258,4.783,7.205,6.137
45441,0.767,37.707,22.556,29.914,23.251,4.783,7.125,5.935
45442,0.754,37.746,22.567,29.876,23.24,4.661,7.083,5.892
45443,0.757,37.42,22.595,29.904,23.251,4.782,7.164,5.892
45444,0.748,37.542,22.521,29.885,23.244,4.702,7.165,5.933
45445,0.747,37.677,22.563,29.894,23.251,4.701,7.165,5.852
45446,0.734,37.669,22.618,29.885,23.24,4.742,7.287,5.932
45447,0.741,37.419,22.533,29.904,23.254,4.864,7.329,6.136
45448,0.751,37.561,22.563,29.914,23.251,4.743,7.289,5.976
45449,0.751,37.639,22.556,29.885,23.244,4.783,7.207,5.852
45450,0.757,37.601,22.595,29.894,23.254,4.783,7.287,5.932
45451,0.754,37.495,22.533,29.914,23.251,4.824,7.288,5.974
45452,0.744,37.619,22.555,29.914,23.251,4.743,7.329,5.933
45453,0.754,37.659,22.524,29.876,23.244,4.742,7.248,5.974
45454,0.77,37.371,22.516,29.923,23.247,4.742,7.288,5.933
45455,0.767,37.464,22.555,29.885,23.251,4.701,7.329,5.852
45456,0.78,37.571,22.575,29.904,23.247,4.66,7.167,5.932
45457,0.774,37.629,22.556,29.885,23.24,4.66,7.246,5.974
45458,0.78,37.323,22.556,29.923,23.261,4.863,7.491,6.096
45459,0.78,37.445,22.56,29.904,23.251,4.784,7.29,5.935
45460,0.767,37.561,22.606,29.914,23.254,4.824,7.288,5.974
45461,0.767,37.629,22.564,29.904,23.254,4.743,7.329,6.015
45462,0.767,37.285,22.579,29.923,23.251,4.742,7.329,6.015
45463,0.764,37.387,22.568,29.914,23.244,4.742,7.248,5.852
45464,0.754,37.493,22.517,29.895,23.24,4.701,7.288,5.891
45465,0.751,37.609,22.567,29.904,23.247,4.701,7.288,5.892
45466,0.754,37.352,22.571,29.904,23.247,4.701,7.288,5.973
45467,0.748,37.493,22.54,29.895,23.244,4.701,7.166,5.852
45468,0.744,37.619,22.556,29.885,23.244,4.742,7.368,5.973
45469,0.76,37.687,22.563,29.952,23.265,4.905,7.492,6.015
45470,0.777,37.343,22.614,29.914,23.251,4.744,7.331,5.934
45471,0.784,37.454,22.533,29.914,23.251,4.783,7.329,6.014
45472,0.771,37.58,22.528,29.952,23.254,4.783,7.37,5.974
45473,0.79,37.61,22.532,29.924,23.258,4.742,7.452,6.055
45474,0.787,37.409,22.524,29.914,23.251,4.661,7.371,5.812
45475,0.774,37.522,22.524,29.904,23.244,4.66,7.452,5.891
45476,0.793,37.629,22.583,29.904,23.244,4.741,7.412,5.892
45477,0.78,37.946,22.575,29.914,23.237,4.701,7.452,5.933
45478,0.784,37.393,22.532,29.914,23.24,4.66,7.412,5.892
45479,0.784,37.493,22.548,29.923,23.244,4.7,7.533,5.973
45480,0.78,37.648,22.606,29.962,23.265,4.863,7.657,6.096
45481,0.774,37.448,22.572,29.924,23.251,4.743,7.536,5.975
45482,0.771,37.456,22.564,29.923,23.247,4.783,7.616,5.974
45483,0.761,37.59,22.587,29.933,23.251,4.742,7.576,6.096
45484,0.767,37.706,22.56,29.924,23.258,4.742,7.616,6.056
45485,0.764,37.324,22.587,29.904,23.237,4.701,7.413,5.853
45486,0.748,37.397,22.579,29.895,23.24,4.701,7.574,5.973
45487,0.77,37.513,22.587,29.923,23.247,4.701,7.575,6.015
45488,0.754,37.619,22.56,29.914,23.24,4.742,7.494,6.015
45489,0.761,37.323,22.552,29.933,23.24,4.62,7.371,5.974
45490,0.774,37.426,22.602,29.914,23.247,4.741,7.573,6.055
45491,0.777,37.57,22.607,29.943,23.258,4.905,7.616,6.056
45492,0.78,37.658,22.595,29.933,23.244,4.825,7.576,6.015
45493,0.79,37.391,22.556,29.924,23.251,4.743,7.535,6.015
45494,0.79,37.522,22.56,29.991,23.251,4.742,7.534,6.096
45495,0.784,37.639,22.54,29.943,23.251,4.823,7.697,6.016
45496,0.787,37.678,22.591,29.933,23.251,4.702,7.577,5.893
45497,0.78,37.314,22.54,29.914,23.24,4.742,7.575,5.933
45498,0.797,37.435,22.544,29.923,23.251,4.783,7.698,6.014
45499,0.781,37.532,22.579,29.904,23.244,4.783,7.618,5.974
45500,0.774,37.571,22.587,29.914,23.24,4.702,7.617,5.974
45501,0.777,37.399,22.568,29.923,23.247,4.742,7.698,6.055
45502,0.784,37.57,22.54,29.962,23.261,4.823,7.821,6.097
45503,0.777,37.668,22.552,29.924,23.251,4.702,7.7,6.097
45504,0.764,37.688,22.54,30.0,23.251,4.782,7.74,6.016
45505,0.77,38.388,22.528,29.943,23.251,4.783,7.74,6.096
45506,0.761,38.51,22.602,29.933,23.254,4.742,7.74,6.097
45507,0.761,38.607,22.49,29.962,23.247,4.661,7.699,5.975
45508,0.757,37.352,22.528,29.914,23.244,4.619,7.658,6.055
45509,0.78,36.812,22.579,29.933,23.251,4.822,7.739,6.056
45510,0.777,36.922,22.63,29.943,23.251,4.743,7.74,6.015
45511,0.771,37.038,22.599,29.952,23.24,4.661,7.577,6.015
45512,0.77,37.404,22.576,29.933,23.247,4.741,7.698,6.056
45513,0.79,37.57,22.579,29.971,23.258,4.905,7.78,6.178
45514,0.787,37.677,22.501,29.953,23.247,4.784,7.7,6.057
45515,0.787,37.784,22.504,29.943,23.251,4.824,7.699,6.097
45516,0.787,37.152,22.575,29.962,23.251,4.743,7.658,6.056
45517,0.8,37.299,22.505,29.972,23.254,4.823,7.617,6.056
45518,0.803,37.435,22.54,29.934,23.251,4.743,7.576,5.934
45519,0.781,37.465,22.548,29.924,23.237,4.701,7.494,6.055
45520,0.784,37.254,22.583,29.943,23.251,4.66,7.575,6.097
45521,0.784,37.377,22.509,29.933,23.244,4.741,7.494,6.016
45522,0.767,37.503,22.52,29.933,23.24,4.701,7.494,5.974
45523,0.767,37.542,22.567,29.933,23.237,4.742,7.575,6.055
45524,0.77,37.246,22.575,30.01,23.254,4.905,7.698,6.219
45525,0.787,37.377,22.544,29.953,23.24,4.744,7.536,6.058
45526,0.761,37.464,22.61,29.953,23.251,4.742,7.575,6.137
45527,0.754,37.561,22.517,29.991,23.244,4.783,7.616,6.098
45528,0.757,37.236,22.536,29.953,23.251,4.824,7.617,6.138
45529,0.767,37.367,22.571,29.972,23.247,4.743,7.454,6.016
45530,0.757,37.426,22.564,29.943,23.24,4.742,7.371,6.056
45531,0.764,37.484,22.579,29.962,23.247,4.783,7.411,6.056
45532,0.783,37.226,22.56,29.953,23.251,4.702,7.452,6.097
45533,0.777,37.357,22.56,29.943,23.244,4.701,7.412,6.016
45534,0.777,37.445,22.497,29.943,23.24,4.742,7.411,5.974
45535,0.787,37.484,22.575,29.981,23.258,4.864,7.574,6.218
45536,0.806,37.207,22.607,29.982,23.251,4.784,7.332,6.058
45537,0.777,37.309,22.533,29.972,23.251,4.783,7.41,6.056
45538,0.797,37.416,22.567,29.972,23.247,4.824,7.452,6.097
45539,0.784,37.091,22.528,29.972,23.254,4.824,7.452,6.056
45540,0.777,37.164,22.555,29.972,23.247,4.661,7.412,6.015
45541,0.78,37.251,22.458,29.953,23.233,4.66,7.289,5.974
45542,0.764,37.367,22.539,29.972,23.244,4.741,7.329,5.974
45543,0.757,37.071,22.505,29.953,23.251,4.701,7.329,5.974
45544,0.751,37.212,22.524,29.962,23.244,4.66,7.329,5.974
45545,0.757,37.329,22.524,29.953,23.247,4.7,7.289,6.055
45546,0.751,37.397,22.559,29.981,23.258,4.823,7.41,6.178
45547,0.761,37.119,22.603,29.982,23.247,4.783,7.289,6.098
45548,0.754,37.222,22.556,29.972,23.251,4.783,7.288,6.016
45549,0.761,37.329,22.587,29.991,23.247,4.742,7.247,6.015
45550,0.767,37.387,22.626,29.962,23.251,4.742,7.247,6.096
45551,0.767,37.071,22.564,29.991,23.254,4.742,7.288,6.097
45552,0.774,37.174,22.544,29.953,23.244,4.62,7.125,6.016
45553,0.774,37.29,22.552,29.962,23.247,4.7,7.205,6.056
45554,0.784,37.368,22.563,29.972,23.247,4.782,7.247,6.015
45555,0.784,37.119,22.556,29.972,23.24,4.661,7.125,5.974
45556,0.78,37.241,22.548,29.953,23.24,4.7,7.124,5.974
45557,0.784,37.377,22.571,30.0,23.254,4.823,7.327,6.137
45558,0.793,37.436,22.564,30.001,23.254,4.783,7.207,6.057
45559,0.777,37.091,22.583,29.982,23.251,4.783,7.287,6.056
45560,0.774,37.203,22.607,30.01,23.251,4.742,7.288,6.097
45561,0.771,37.338,22.556,29.991,23.251,4.783,7.247,6.097
45562,0.754,37.464,22.548,29.982,23.251,4.702,7.125,6.097
45563,0.761,37.168,22.528,29.943,23.233,4.66,7.124,6.056
45564,0.767,37.328,22.485,29.962,23.247,4.741,7.246,6.015
45565,0.757,37.435,22.524,29.981,23.247,4.701,7.125,5.974
45566,0.751,37.091,22.548,29.962,23.244,4.701,7.246,6.015
45567,0.744,37.04,22.524,29.972,23.244,4.66,7.247,6.015
45568,0.754,37.193,22.555,30.01,23.258,4.904,7.369,6.137
45569,0.77,37.309,22.56,29.991,23.251,4.744,7.289,5.976
45570,0.761,36.936,22.599,29.991,23.251,4.742,7.329,6.137
45571,0.767,37.048,22.537,30.01,23.254,4.783,7.37,6.016
45572,0.777,37.202,22.567,30.001,23.254,4.824,7.37,6.056
45573,0.774,37.29,22.579,30.001,23.251,4.824,7.289,6.015
45574,0.767,36.879,22.572,29.943,23.233,4.661,7.288,6.015
45575,0.774,37.047,22.556,30.01,23.244,4.741,7.288,6.056
45576,0.774,37.174,22.587,29.982,23.247,4.783,7.288,5.975
45577,0.78,37.242,22.568,29.991,23.24,4.661,7.288,5.893
45578,0.774,36.945,22.528,29.972,23.244,4.7,7.247,6.014
45579,0.774,37.096,22.626,30.01,23.261,4.863,7.45,6.218
45580,0.777,37.26,22.638,30.001,23.251,4.784,7.371,6.017
45581,0.754,37.291,22.553,30.049,23.254,4.742,7.33,6.056
45582,0.761,36.975,22.548,30.011,23.251,4.742,7.289,6.056
45583,0.754,37.115,22.548,30.001,23.251,4.742,7.369,6.137
45584,0.748,37.213,22.513,30.02,23.251,4.742,7.33,5.976
45585,0.744,37.261,22.524,29.972,23.237,4.62,7.248,5.974
45586,0.744,36.869,22.579,30.001,23.251,4.741,7.41,6.055
45587,0.741,37.009,22.509,30.02,23.247,4.742,7.411,5.975
45588,0.734,37.135,22.489,29.992,23.247,4.661,7.33,5.974
45589,0.747,37.146,22.543,29.991,23.247,4.7,7.37,6.015
45590,0.757,36.964,22.598,30.01,23.258,4.782,7.614,6.218
45591,0.777,37.106,22.513,30.011,23.251,4.783,7.454,6.098
45592,0.758,37.174,22.544,29.991,23.258,4.742,7.452,6.097
45593,0.77,37.108,22.536,29.991,23.254,4.742,7.534,6.097
45594,0.777,36.982,22.552,30.02,23.244,4.742,7.534,6.178
45595,0.771,37.125,22.513,30.001,23.247,4.742,7.412,6.057
45596,0.767,37.184,22.571,29.982,23.24,4.661,7.289,5.975
45597,0.77,36.878,22.571,30.001,23.244,4.741,7.451,6.015
45598,0.77,36.961,22.532,30.001,23.244,4.742,7.452,6.096
45599,0.767,37.086,22.594,30.011,23.24,4.742,7.371,6.016
45600,0.751,37.155,22.576,29.982,23.244,4.661,7.411,6.056
45601,0.751,36.858,22.49,30.029,23.254,4.863,7.615,6.219
45602,0.764,37.057,22.555,30.03,23.254,4.824,7.495,6.098
45603,0.751,37.135,22.544,30.001,23.247,4.783,7.494,6.178
45604,0.754,37.213,22.567,30.039,23.254,4.783,7.534,6.139
45605,0.748,36.868,22.532,30.011,23.251,4.783,7.453,6.098
45606,0.731,37.018,22.563,30.039,23.251,4.824,7.493,6.219
45607,0.741,37.116,22.486,30.011,23.237,4.661,7.371,5.976
45608,0.715,37.184,22.504,30.02,23.244,4.741,7.452,6.218
45609,0.737,36.945,22.532,30.001,23.247,4.701,7.412,6.139
45610,0.738,37.067,22.563,30.011,23.247,4.742,7.33,6.138
45611,0.731,37.183,22.446,30.001,23.24,4.701,7.289,6.098
45612,0.754,37.252,22.539,30.02,23.247,4.782,7.451,6.3
45613,0.767,36.773,22.524,30.049,23.265,4.824,7.493,6.18
45614,0.761,36.883,22.587,30.011,23.251,4.783,7.371,6.22
45615,0.751,36.999,22.536,30.03,23.251,4.783,7.37,6.22
45616,0.761,37.01,22.591,30.03,23.251,4.783,7.37,6.261
45617,0.77,36.933,22.576,30.03,23.251,4.824,7.33,6.221
45618,0.764,37.038,22.544,30.001,23.24,4.661,7.167,6.058
45619,0.754,37.125,22.567,30.03,23.247,4.782,7.287,6.178
45620,0.751,37.356,22.564,30.02,23.251,4.783,7.288,6.22
45621,0.754,36.87,22.536,30.068,23.244,4.661,7.207,6.22
45622,0.735,36.999,22.544,30.002,23.244,4.7,7.125,6.18
45623,0.731,37.106,22.524,30.03,23.244,4.863,7.327,6.383
45624,0.757,36.973,22.563,30.059,23.258,4.865,7.289,6.263
45625,0.738,37.0,22.513,30.021,23.247,4.743,7.207,6.221
45626,0.734,37.115,22.575,30.039,23.251,4.742,7.206,6.22
45627,0.728,37.222,22.579,30.03,23.251,4.783,7.247,6.261
45628,0.731,36.763,22.536,30.049,23.247,4.783,7.288,6.262
45629,0.725,36.883,22.606,30.03,23.244,4.742,7.125,6.099
45630,0.731,36.961,22.587,30.011,23.237,4.742,7.165,6.219
45631,0.738,37.077,22.568,30.03,23.244,4.701,7.084,6.139
45632,0.747,36.867,22.544,30.04,23.247,4.701,7.123,6.179
45633,0.751,36.999,22.528,30.02,23.244,4.66,7.083,6.179
45634,0.748,37.115,22.485,30.03,23.244,4.741,7.164,6.22
45635,0.764,37.222,22.504,30.078,23.261,4.823,7.287,6.302
45636,0.774,36.84,22.579,30.03,23.254,4.743,7.166,6.221
45637,0.761,36.951,22.497,30.03,23.247,4.783,7.165,6.22
45638,0.761,37.067,22.555,30.049,23.247,4.783,7.084,6.261
45639,0.764,37.145,22.587,30.049,23.254,4.824,7.123,6.18
45640,0.751,36.839,22.564,30.04,23.247,4.743,7.002,6.139
45641,0.735,36.932,22.505,30.02,23.244,4.742,7.001,6.179
45642,0.747,37.076,22.555,30.039,23.251,4.742,7.082,6.179
45643,0.725,37.126,22.567,30.03,23.244,4.701,7.002,6.139
45644,0.734,36.887,22.54,30.02,23.244,4.66,7.041,6.098
45645,0.725,37.018,22.485,30.03,23.244,4.741,7.123,6.097
45646,0.728,37.173,22.617,30.068,23.251,4.905,7.287,6.3
45647,0.731,37.194,22.552,30.069,23.251,4.744,7.166,6.18
45648,0.715,36.753,22.54,30.05,23.244,4.783,7.165,6.179
45649,0.734,36.883,22.591,30.068,23.254,4.742,7.165,6.139
45650,0.738,36.961,22.603,30.05,23.251,4.783,7.246,6.138
45651,0.744,36.952,22.572,30.078,23.251,4.783,7.206,6.057
45652,0.734,36.923,22.525,30.021,23.237,4.742,7.084,6.137
45653,0.747,37.076,22.548,30.059,23.244,4.823,7.205,6.098
45654,0.747,37.164,22.497,30.03,23.247,4.783,7.165,6.097
45655,0.751,36.676,22.5,30.04,23.244,4.702,7.124,6.056
45656,0.751,36.757,22.598,30.049,23.251,4.742,7.205,6.137
45657,0.751,36.94,22.513,30.088,23.261,4.945,7.328,6.179
45658,0.764,37.019,22.524,30.069,23.251,4.785,7.207,6.098
45659,0.748,36.77,22.551,30.04,23.251,4.783,7.206,6.056
45660,0.747,36.893,22.571,30.059,23.258,4.824,7.165,6.137
45661,0.744,37.028,22.552,30.069,23.254,4.743,7.165,6.179
45662,0.738,37.116,22.536,30.05,23.244,4.701,7.043,6.017
45663,0.718,36.762,22.555,30.03,23.244,4.823,7.164,6.096
45664,0.734,36.94,22.493,30.059,23.244,4.743,7.084,6.138
45665,0.725,37.048,22.536,30.059,23.244,4.742,7.002,6.098
45666,0.718,37.097,22.598,30.049,23.24,4.701,6.96,6.056
45667,0.708,36.762,22.564,30.04,23.247,4.742,7.163,6.178
45668,0.721,36.95,22.544,30.107,23.261,4.864,7.287,6.261
45669,0.721,37.038,22.552,30.079,23.251,4.743,7.125,6.139
45670,0.724,37.058,22.606,30.069,23.247,4.823,7.165,6.179
45671,0.734,36.713,22.537,30.097,23.244,4.824,7.124,6.139
45672,0.738,36.882,22.516,30.088,23.251,4.865,7.246,6.138
45673,0.741,36.98,22.536,30.078,23.247,4.743,7.166,6.016
45674,0.725,36.971,22.524,30.04,23.233,4.701,7.206,6.137
45675,0.737,36.818,22.524,30.078,23.247,4.742,7.165,6.138
45676,0.747,36.951,22.563,30.05,23.247,4.701,7.206,6.138
45677,0.747,37.077,22.532,30.049,23.24,4.701,7.206,6.057
45678,0.751,36.992,22.52,30.068,23.247,4.782,7.287,6.137
45679,0.751,36.789,22.563,30.097,23.254,4.986,7.41,6.301
45680,0.744,36.902,22.567,30.069,23.247,4.785,7.249,6.14
45681,0.738,37.009,22.564,30.078,23.251,4.824,7.288,6.138
45682,0.734,36.847,22.528,30.078,23.247,4.783,7.329,6.179
45683,0.731,36.97,22.567,30.088,23.258,4.783,7.329,6.22
45684,0.731,37.077,22.575,30.069,23.244,4.702,7.207,6.017
45685,0.715,37.107,22.525,30.05,23.247,4.701,7.247,6.137
45686,0.728,37.27,22.567,30.088,23.244,4.823,7.288,6.138
45687,0.721,37.444,22.528,30.098,23.251,4.702,7.207,6.098
45688,0.705,37.551,22.52,30.059,23.24,4.66,7.206,6.097
45689,0.711,37.581,22.563,30.069,23.244,4.741,7.287,6.097
45690,0.731,36.277,22.579,30.107,23.261,4.864,7.369,6.219
45691,0.738,36.418,22.587,30.107,23.244,4.743,7.289,6.139
45692,0.734,36.534,22.56,30.098,23.244,4.783,7.288,6.219
45693,0.734,36.622,22.56,30.088,23.254,4.742,7.288,6.18
45694,0.741,36.776,22.509,30.107,23.254,4.783,7.247,6.179
45695,0.744,36.931,22.528,30.107,23.251,4.742,7.206,6.098
45696,0.747,37.0,22.579,30.04,23.244,4.661,7.125,6.097
45697,0.744,37.096,22.501,30.078,23.244,4.741,7.165,6.138
45698,0.754,36.666,22.536,30.069,23.24,4.742,7.124,6.057
45699,0.741,36.786,22.489,30.069,23.244,4.742,7.043,6.097
45700,0.728,36.864,22.539,30.078,23.244,4.701,7.123,6.138
45701,0.744,36.951,22.54,30.117,23.265,4.904,7.287,6.26
45702,0.751,36.703,22.524,30.088,23.251,4.744,7.207,6.139
45703,0.735,36.806,22.52,30.098,23.251,4.783,7.084,6.179
45704,0.721,36.912,22.528,30.088,23.251,4.742,7.123,6.139
45705,0.734,37.249,22.516,30.098,23.251,4.742,7.083,6.219
45706,0.731,36.696,22.606,30.107,23.251,4.742,7.083,6.139
45707,0.708,36.786,22.525,30.059,23.244,4.701,7.042,6.138
45708,0.724,36.912,22.528,30.107,23.247,4.782,7.042,6.219
45709,0.734,36.664,22.548,30.098,23.247,4.742,7.042,6.139
45710,0.728,36.671,22.595,30.088,23.24,4.661,7.001,6.098
45711,0.734,36.805,22.517,30.088,23.247,4.741,6.96,6.178
45712,0.747,36.922,22.52,30.136,23.261,4.864,7.204,6.301
45713,0.757,36.587,22.548,30.108,23.244,4.743,7.043,6.18
45714,0.744,36.699,22.528,30.107,23.254,4.742,7.001,6.179
45715,0.747,36.815,22.544,30.107,23.247,4.823,7.001,6.179
45716,0.754,36.903,22.579,30.117,23.247,4.783,7.041,6.179
45717,0.751,36.597,22.529,30.107,23.251,4.742,6.92,6.057
45718,0.751,36.709,22.512,30.059,23.24,4.701,6.919,6.137
45719,0.741,36.844,22.563,30.088,23.247,4.782,6.959,6.098
45720,0.738,36.903,22.564,30.098,23.247,4.702,6.919,6.138
45721,0.734,36.549,22.567,30.098,23.244,4.66,6.919,6.057
45722,0.731,36.689,22.493,30.107,23.244,4.7,6.919,6.178
45723,0.741,36.825,22.547,30.127,23.261,4.945,7.041,6.261
45724,0.747,36.884,22.54,30.117,23.247,4.744,6.96,6.18
45725,0.728,36.539,22.501,30.117,23.258,4.742,7.041,6.139
45726,0.721,36.689,22.571,30.117,23.251,4.783,6.96,6.179
45727,0.721,36.806,22.54,30.127,23.254,4.783,7.041,6.22
45728,0.724,36.864,22.54,30.117,23.251,4.742,7.001,6.058
45729,0.708,36.558,22.563,30.069,23.233,4.661,6.879,6.137
45730,0.728,36.699,22.556,30.107,23.247,4.66,7.0,6.098
45731,0.721,36.834,22.571,30.098,23.251,4.741,7.041,6.138
45732,0.737,36.826,22.513,30.107,23.244,4.742,7.001,6.098
45733,0.734,36.586,22.544,30.107,23.244,4.742,7.082,6.178
45734,0.744,36.757,22.552,30.146,23.258,4.905,7.205,6.301
45735,0.751,36.864,22.571,30.127,23.247,4.784,7.084,6.14
45736,0.735,36.683,22.544,30.117,23.251,4.742,7.083,6.179
45737,0.76,36.566,22.536,30.117,23.251,4.783,7.042,6.179
45738,0.757,36.718,22.548,30.136,23.251,4.864,7.082,6.139
45739,0.757,36.777,22.559,30.117,23.247,4.743,7.042,6.057
45740,0.735,36.461,22.524,30.107,23.24,4.701,7.001,6.097
45741,0.738,36.592,22.544,30.107,23.247,4.782,7.082,6.097
45742,0.731,36.709,22.544,30.107,23.24,4.742,6.961,6.097
45743,0.725,36.806,22.528,30.107,23.24,4.701,6.919,6.138
45744,0.728,36.433,22.438,30.107,23.244,4.782,7.0,6.138
45745,0.728,36.611,22.508,30.136,23.258,4.986,7.082,6.219
45746,0.744,36.738,22.563,30.136,23.244,4.785,6.961,6.18
45747,0.712,36.796,22.478,30.146,23.247,4.783,7.041,6.261
45748,0.718,36.442,22.543,30.137,23.251,4.824,6.96,6.18
45749,0.724,36.563,22.548,30.117,23.254,4.824,6.96,6.22
45750,0.737,36.68,22.606,30.127,23.254,4.865,6.919,6.098
45751,0.725,36.729,22.529,30.108,23.24,4.743,6.878,6.056
45752,0.744,36.48,22.536,30.127,23.244,4.783,6.959,6.178
45753,0.747,36.612,22.552,30.117,23.247,4.824,6.919,6.057
45754,0.738,36.728,22.536,30.107,23.24,4.783,6.959,6.056
45755,0.741,36.777,22.548,30.107,23.244,4.783,6.96,6.178
45756,0.76,36.365,22.52,30.146,23.261,4.946,7.122,6.301
45757,0.754,36.486,22.544,30.117,23.247,4.825,7.083,6.18
45758,0.751,36.602,22.54,30.117,23.251,4.743,7.083,6.139
45759,0.744,36.632,22.575,30.136,23.254,4.823,7.042,6.138
45760,0.741,36.431,22.548,30.136,23.261,4.865,7.164,6.301
45761,0.747,36.563,22.548,30.136,23.251,4.702,7.002,6.058
45762,0.731,36.651,22.552,30.127,23.251,4.782,7.163,6.137
45763,0.731,36.834,22.52,30.127,23.247,4.742,7.084,6.057
45764,0.721,36.452,22.462,30.127,23.24,4.742,7.042,6.097
45765,0.724,36.563,22.512,30.117,23.24,4.742,7.042,6.178
45766,0.731,36.689,22.567,30.146,23.251,4.823,7.245,6.261
45767,0.715,36.422,22.56,30.184,23.261,4.905,7.166,6.221
45768,0.721,36.458,22.493,30.156,23.247,4.784,7.206,6.261
45769,0.734,36.564,22.508,30.137,23.247,4.864,7.165,6.221
45770,0.751,36.66,22.524,30.146,23.251,4.824,7.206,6.22
45771,0.741,36.307,22.485,30.146,23.244,4.824,7.206,6.261
45772,0.734,36.389,22.524,30.127,23.237,4.661,6.962,6.058
45773,0.741,36.505,22.524,30.136,23.247,4.741,7.122,6.259
45774,0.747,36.631,22.559,30.146,23.251,4.783,7.043,6.221
45775,0.747,36.364,22.513,30.137,23.244,4.742,7.042,6.18
45776,0.747,36.505,22.547,30.127,23.244,4.661,7.082,6.139
45777,0.747,36.612,22.556,30.156,23.247,4.782,7.123,6.26
45778,0.757,36.738,22.54,30.165,23.261,4.946,7.287,6.302
45779,0.754,36.327,22.583,30.146,23.251,4.785,7.125,6.221
45780,0.744,36.457,22.505,30.156,23.254,4.783,7.165,6.261
45781,0.747,36.573,22.501,30.165,23.251,4.824,7.124,6.262
45782,0.757,36.641,22.5,30.146,23.258,4.824,7.165,6.221
45783,0.738,36.316,22.493,30.146,23.237,4.743,6.962,6.058
45784,0.725,36.437,22.516,30.117,23.247,4.742,7.082,6.219
45785,0.734,36.573,22.516,30.155,23.24,4.783,7.083,6.261
45786,0.728,36.584,22.547,30.146,23.247,4.742,7.042,6.139
45787,0.712,36.229,22.54,30.146,23.244,4.783,6.96,6.219
45788,0.718,36.389,22.536,30.146,23.244,4.783,7.041,6.261
45789,0.744,36.534,22.591,30.184,23.258,4.905,7.164,6.302
45790,0.725,36.507,22.517,30.175,23.251,4.825,7.043,6.262
45791,0.728,36.305,22.524,30.185,23.247,4.783,7.042,6.262
45792,0.747,36.428,22.509,30.166,23.251,4.864,7.123,6.302
45793,0.757,36.544,22.547,30.165,23.254,4.824,7.043,6.302
45794,0.754,36.382,22.556,30.165,23.247,4.702,7.001,6.18
45795,0.738,36.333,22.501,30.137,23.24,4.742,6.96,6.22
45796,0.754,36.495,22.567,30.146,23.244,4.783,7.041,6.139
45797,0.751,36.564,22.552,30.146,23.244,4.742,6.96,6.179
45798,0.751,36.076,22.54,30.146,23.24,4.701,6.919,6.139
45799,0.744,36.157,22.587,30.137,23.244,4.742,7.0,6.219
45800,0.751,36.33,22.548,30.194,23.258,4.945,7.082,6.342
45801,0.744,36.418,22.556,30.156,23.254,4.866,6.961,6.262
45802,0.728,36.295,22.528,30.165,23.247,4.824,6.96,6.221
45803,0.721,36.408,22.544,30.165,23.251,4.865,7.041,6.261
45804,0.728,36.553,22.559,30.165,23.258,4.824,6.96,6.221
45805,0.734,36.632,22.56,30.156,23.244,4.783,6.838,6.18
45806,0.715,36.153,22.509,30.146,23.244,4.783,6.918,6.22
45807,0.715,36.34,22.524,30.175,23.247,4.742,6.878,6.18
45808,0.711,36.466,22.532,30.166,23.251,4.742,6.918,6.22
45809,0.715,36.525,22.575,30.156,23.24,4.783,6.878,6.18
45810,0.721,36.152,22.478,30.146,23.244,4.824,6.959,6.22
45811,0.744,36.33,22.531,30.204,23.258,4.946,7.0,6.342
45812,0.744,36.438,22.528,30.175,23.247,4.744,6.879,6.181
45813,0.738,36.477,22.532,30.166,23.244,4.783,6.877,6.261
45814,0.754,36.238,22.563,30.175,23.258,4.905,6.959,6.302
45815,0.757,36.369,22.525,30.194,23.254,4.865,6.96,6.262
45816,0.761,36.476,22.567,30.156,23.247,4.702,6.756,6.058
45817,0.754,36.477,22.536,30.146,23.247,4.742,6.836,6.178
45818,0.761,36.171,22.528,30.184,23.244,4.823,6.877,6.22
45819,0.761,36.311,22.587,30.156,23.244,4.783,6.837,6.139
45820,0.748,36.399,22.533,30.165,23.244,4.742,6.796,6.098
45821,0.738,36.352,22.544,30.175,23.247,4.701,6.877,6.26
45822,0.751,36.198,22.517,30.204,23.261,4.904,7.0,6.302
45823,0.748,36.321,22.544,30.185,23.247,4.784,6.96,6.14
45824,0.731,36.428,22.532,30.175,23.251,4.824,6.96,6.179
45825,0.725,36.132,22.501,30.175,23.254,4.865,7.0,6.179
45826,0.724,36.215,22.559,30.185,23.258,4.906,7.001,6.261
45827,0.724,36.36,22.536,30.194,23.247,4.744,6.96,6.139
45828,0.711,36.419,22.509,30.156,23.24,4.701,7.082,6.179
45829,0.734,36.112,22.598,30.175,23.247,4.742,7.042,6.179
45830,0.734,36.244,22.556,30.166,23.244,4.701,6.96,6.098
45831,0.721,36.36,22.556,30.175,23.24,4.742,6.96,6.138
45832,0.731,36.438,22.524,30.175,23.247,4.783,7.041,6.179
45833,0.738,36.209,22.54,30.204,23.258,4.905,7.204,6.261
45834,0.744,36.35,22.556,30.185,23.251,4.825,7.084,6.18
45835,0.754,36.467,22.513,30.194,23.247,4.824,7.083,6.179
45836,0.757,36.506,22.54,30.185,23.254,4.783,7.123,6.179
45837,0.751,36.085,22.509,30.204,23.247,4.864,7.165,6.179
45838,0.764,36.215,22.504,30.185,23.247,4.784,7.043,6.017
45839,0.738,36.302,22.579,30.146,23.237,4.661,7.001,6.096
45840,0.741,36.389,22.54,30.194,23.247,4.822,7.123,6.138
45841,0.741,36.093,22.567,30.185,23.24,4.743,7.083,6.098
45842,0.731,36.215,22.532,30.166,23.24,4.823,7.083,6.097
45843,0.734,36.331,22.54,30.175,23.251,4.783,7.083,6.138
45844,0.738,36.418,22.575,30.213,23.258,4.864,7.286,6.301
45845,0.741,36.074,22.517,30.195,23.251,4.743,7.085,6.14
45846,0.728,36.186,22.575,30.195,23.244,4.783,7.083,6.219
45847,0.734,36.292,22.556,30.204,23.251,4.864,7.083,6.22
45848,0.738,36.686,22.548,30.204,23.254,4.824,7.123,6.22
45849,0.738,36.173,22.556,30.195,23.251,4.783,7.043,6.017
45850,0.731,36.263,22.524,30.175,23.237,4.702,7.123,6.178
45851,0.741,36.399,22.544,30.185,23.251,4.823,7.083,6.139
45852,0.754,36.103,22.524,30.194,23.244,4.824,7.123,6.098
45853,0.757,36.119,22.512,30.195,23.24,4.661,7.002,6.056
45854,0.754,36.244,22.528,30.195,23.251,4.782,7.082,6.178
45855,0.764,36.389,22.54,30.252,23.258,4.946,7.205,6.22
45856,0.767,35.968,22.532,30.205,23.251,4.744,7.125,6.098
45857,0.761,36.108,22.513,30.214,23.247,4.823,7.083,6.097
45858,0.77,36.244,22.54,30.204,23.247,4.824,7.123,6.178
45859,0.761,36.302,22.591,30.223,23.251,4.824,7.124,6.179
45860,0.754,36.025,22.505,30.195,23.244,4.743,6.961,6.017
45861,0.748,36.156,22.501,30.204,23.251,4.783,7.041,6.096
45862,0.738,36.302,22.497,30.195,23.24,4.783,7.042,6.178
45863,0.751,36.361,22.536,30.204,23.247,4.702,7.001,6.139
45864,0.741,36.006,22.52,30.195,23.237,4.742,7.001,6.057
45865,0.747,36.156,22.516,30.204,23.247,4.783,7.082,6.178
45866,0.744,36.302,22.59,30.243,23.261,4.946,7.164,6.301
45867,0.744,36.341,22.556,30.195,23.247,4.785,7.124,6.14
45868,0.728,36.064,22.556,30.204,23.247,4.824,7.083,6.179
45869,0.738,36.214,22.556,30.214,23.251,4.824,7.123,6.139
45870,0.747,36.321,22.548,30.204,23.254,4.824,7.083,6.219
45871,0.751,36.361,22.524,30.262,23.244,4.661,7.002,5.976
45872,0.741,35.949,22.481,30.195,23.251,4.863,7.123,6.096
45873,0.77,36.088,22.5,30.204,23.247,4.702,7.043,6.138
45874,0.774,36.215,22.481,30.214,23.244,4.66,7.042,6.098
45875,0.777,36.216,22.516,30.195,23.24,4.741,6.96,6.056
45876,0.79,36.091,22.497,30.204,23.244,4.742,7.082,6.3
45877,0.813,36.301,22.536,30.243,23.258,4.905,7.164,6.18
45878,0.81,36.361,22.54,30.214,23.254,4.784,7.043,6.139
45879,0.794,36.131,22.567,30.214,23.251,4.864,7.042,6.219
45880,0.803,35.994,22.517,30.233,23.247,4.824,7.042,6.22
45881,0.813,36.166,22.508,30.233,23.254,4.783,7.082,6.302
45882,0.8,36.235,22.543,30.204,23.24,4.702,6.92,6.099
45883,0.787,35.986,22.552,30.204,23.244,4.742,7.081,6.178
45884,0.803,36.118,22.52,30.204,23.251,4.742,7.002,6.139
45885,0.797,36.244,22.559,30.204,23.24,4.701,6.96,6.098
45886,0.79,36.331,22.517,30.204,23.244,4.701,6.919,6.138
45887,0.793,35.872,22.547,30.204,23.247,4.823,7.041,6.26
45888,0.81,36.049,22.567,30.252,23.261,4.824,7.001,6.302
45889,0.803,36.128,22.591,30.214,23.251,4.824,6.96,6.18
45890,0.81,36.215,22.474,30.223,23.251,4.783,7.0,6.22
45891,0.803,35.909,22.547,30.224,23.254,4.824,7.001,6.302
45892,0.813,36.05,22.548,30.243,23.254,4.824,7.001,6.221
45893,0.826,36.166,22.517,30.214,23.24,4.743,6.838,6.098
45894,0.817,36.206,22.536,30.214,23.244,4.823,6.877,6.26
45895,0.826,36.12,22.571,30.223,23.247,4.702,6.918,6.262
45896,0.826,36.244,22.501,30.214,23.247,4.742,6.878,6.18
45897,0.836,36.35,22.524,30.204,23.24,4.701,6.796,6.139
45898,0.849,36.409,22.532,30.214,23.251,4.742,6.917,6.219
45899,0.859,35.777,22.555,30.262,23.261,4.945,6.959,6.261
45900,0.843,35.905,22.462,30.234,23.247,4.785,6.919,6.302
45901,0.856,36.011,22.504,30.233,23.251,4.824,6.878,6.302
45902,0.849,36.041,22.528,30.214,23.251,4.824,6.918,6.302
45903,0.846,36.051,22.54,30.223,23.251,4.743,6.959,6.302
45904,0.849,36.185,22.509,30.224,23.237,4.661,6.716,6.14
45905,0.84,36.263,22.485,30.224,23.247,4.741,6.876,6.219
45906,0.839,36.322,22.543,30.214,23.247,4.823,6.837,6.302
45907,0.82,35.996,22.532,30.223,23.24,4.702,6.796,6.262
45908,0.8,36.079,22.516,30.233,23.24,4.62,6.755,6.262
45909,0.826,36.195,22.575,30.224,23.251,4.822,6.957,6.343
45910,0.849,36.379,22.548,30.252,23.261,4.865,7.0,6.303
45911,0.862,36.476,22.532,30.233,23.244,4.702,6.879,6.343
45912,0.856,36.602,22.544,30.262,23.244,4.782,6.877,6.343
45913,0.866,36.709,22.575,30.234,23.247,4.742,6.837,6.384
45914,0.876,35.54,22.564,30.233,23.258,4.742,6.918,6.385
45915,0.872,35.614,22.532,30.224,23.247,4.701,6.715,6.222
45916,0.859,35.73,22.462,30.233,23.244,4.782,6.876,6.342
45917,0.869,35.866,22.492,30.224,23.247,4.702,6.796,6.343
45918,0.872,35.886,22.543,30.224,23.24,4.782,6.755,6.303
45919,0.859,36.011,22.509,30.204,23.24,4.702,6.714,6.302
45920,0.84,36.156,22.45,30.252,23.254,4.782,6.835,6.384
45921,0.839,36.263,22.531,30.272,23.265,4.905,6.877,6.425
45922,0.82,35.814,22.524,30.243,23.254,4.744,6.796,6.304
45923,0.813,35.972,22.528,30.252,23.244,4.823,6.795,6.343
45924,0.797,36.108,22.524,30.233,23.251,4.824,6.836,6.384
45925,0.794,36.167,22.524,30.252,23.251,4.783,6.755,6.425
45926,0.787,35.841,22.516,30.243,23.24,4.661,6.673,6.222
45927,0.764,35.953,22.512,30.233,23.251,4.782,6.753,6.424
45928,0.777,36.079,22.524,30.243,23.244,4.783,6.714,6.385
45929,0.774,36.109,22.54,30.252,23.247,4.783,6.672,6.303
45930,0.777,35.86,22.477,30.233,23.24,4.661,6.672,6.302
45931,0.761,36.001,22.535,30.243,23.251,4.782,6.794,6.465
45932,0.78,36.127,22.552,30.262,23.261,4.824,6.755,6.304
45933,0.771,36.138,22.544,30.253,23.251,4.743,6.714,6.425
45934,0.777,35.879,22.536,30.253,23.244,4.701,6.632,6.344
45935,0.774,35.982,22.563,30.253,23.251,4.701,6.753,6.466
45936,0.774,36.098,22.56,30.262,23.247,4.782,6.714,6.386
45937,0.774,35.869,22.532,30.234,23.244,4.62,6.551,6.222
45938,0.767,35.8,22.528,30.224,23.247,4.7,6.671,6.302
45939,0.754,35.943,22.548,30.243,23.247,4.701,6.672,6.302
45940,0.741,36.05,22.505,30.243,23.24,4.701,6.631,6.262
45941,0.741,35.783,22.516,30.224,23.244,4.66,6.59,6.262
45942,0.734,35.905,22.512,30.233,23.24,4.741,6.631,6.343
45943,0.731,36.079,22.52,30.272,23.261,4.905,6.794,6.425
45944,0.731,36.167,22.493,30.243,23.251,4.744,6.673,6.344
45945,0.712,35.717,22.555,30.233,23.254,4.823,6.672,6.303
45946,0.702,35.875,22.462,30.262,23.251,4.783,6.753,6.343
45947,0.701,36.011,22.496,30.262,23.254,4.824,6.795,6.343
45948,0.708,36.07,22.578,30.253,23.247,4.743,6.673,6.181
45949,0.695,35.725,22.493,30.224,23.24,4.539,6.713,6.22
45950,0.688,35.894,22.52,30.262,23.247,4.781,6.754,6.22
45951,0.711,36.011,22.489,30.234,23.244,4.702,6.836,6.261
45952,0.708,36.08,22.512,30.233,23.24,4.66,6.796,6.18
45953,0.708,35.793,22.512,30.224,23.244,4.7,6.917,6.342
45954,0.718,35.972,22.516,30.291,23.261,4.863,7.041,6.425
45955,0.731,36.079,22.563,30.253,23.247,4.743,6.92,6.304
45956,0.721,36.109,22.493,30.243,23.247,4.742,6.878,6.262
45957,0.715,35.841,22.52,30.243,23.251,4.783,6.918,6.302
45958,0.724,35.972,22.555,30.262,23.251,4.783,6.959,6.384
45959,0.708,36.089,22.567,30.253,23.251,4.702,6.878,6.1
45960,0.689,36.119,22.56,30.243,23.24,4.701,6.837,6.219
45961,0.701,35.87,22.505,30.262,23.244,4.66,6.958,6.18
45962,0.692,35.992,22.528,30.243,23.244,4.66,6.838,6.22
45963,0.688,36.108,22.481,30.224,23.251,4.66,6.796,6.18
45964,0.688,35.956,22.516,30.252,23.244,4.7,6.999,6.22
45965,0.701,35.782,22.532,30.281,23.265,4.863,7.041,6.342
45966,0.692,35.885,22.516,30.243,23.248,4.702,7.123,6.262
45967,0.685,36.011,22.516,30.262,23.24,4.701,7.002,6.262
45968,0.685,35.706,22.508,30.262,23.254,4.782,7.082,6.262
45969,0.692,35.76,22.575,30.272,23.254,4.742,7.083,6.343
45970,0.701,35.904,22.509,30.262,23.247,4.661,7.083,6.181
45971,0.679,35.963,22.524,30.234,23.24,4.66,7.042,6.179
45972,0.695,35.609,22.505,30.262,23.247,4.7,7.123,6.22
45973,0.701,35.74,22.52,30.253,23.251,4.66,7.205,6.18
45974,0.705,35.856,22.516,30.253,23.244,4.66,7.165,6.22
45975,0.695,35.944,22.532,30.253,23.247,4.7,7.246,6.261
45976,0.714,35.715,22.509,30.291,23.258,4.863,7.369,6.343
45977,0.728,35.894,22.547,30.263,23.254,4.743,7.248,6.303
45978,0.721,35.992,22.532,30.262,23.254,4.661,7.288,6.221
45979,0.728,36.07,22.575,30.262,23.251,4.782,7.329,6.302
45980,0.698,35.687,22.568,30.301,23.254,4.742,7.41,6.425
45981,0.708,35.817,22.548,30.282,23.251,4.62,7.33,6.222
45982,0.689,35.905,22.513,30.243,23.24,4.578,7.37,6.261
45983,0.688,35.983,22.532,30.272,23.251,4.74,7.37,6.343
45984,0.688,35.638,22.528,30.253,23.24,4.701,7.33,6.221
45985,0.682,35.769,22.516,30.243,23.24,4.62,7.37,6.302
45986,0.672,35.866,22.505,30.272,23.237,4.659,7.411,6.343
45987,0.678,35.944,22.493,30.282,23.258,4.863,7.533,6.466
45988,0.698,35.801,22.524,30.282,23.254,4.743,7.412,6.304
45989,0.692,35.895,22.575,30.262,23.251,4.783,7.452,6.343
45990,0.695,36.021,22.501,30.272,23.251,4.742,7.412,6.384
45991,0.695,36.396,22.524,30.282,23.254,4.783,7.493,6.385
45992,0.701,35.805,22.532,30.272,23.254,4.742,7.412,6.263
45993,0.698,35.914,22.532,30.253,23.244,4.661,7.289,6.262
45994,0.711,36.011,22.501,30.272,23.251,4.7,7.451,6.343
45995,0.711,35.706,22.516,30.282,23.244,4.66,7.33,6.343
45996,0.724,35.702,22.477,30.262,23.244,4.66,7.289,6.303
45997,0.715,35.856,22.492,30.253,23.244,4.619,7.288,6.262
45998,0.721,35.953,22.528,30.272,23.251,4.781,7.451,6.465
45999,0.734,35.456,22.567,30.31,23.258,4.783,7.33,6.386
46000,0.715,35.547,22.47,30.272,23.251,4.742,7.37,6.303
46001,0.715,35.663,22.52,30.262,23.254,4.783,7.33,6.384
46002,0.705,35.74,22.532,30.272,23.254,4.783,7.451,6.425
46003,0.698,35.751,22.552,30.301,23.254,4.702,7.412,6.344
46004,0.701,35.885,22.517,30.253,23.24,4.579,7.249,6.262
46005,0.692,35.992,22.524,30.262,23.247,4.7,7.369,6.302
46006,0.698,36.099,22.485,30.281,23.247,4.742,7.37,6.262
46007,0.695,35.563,22.461,30.272,23.24,4.661,7.289,6.302
46008,0.695,35.701,22.504,30.262,23.244,4.7,7.288,6.262
46009,0.688,35.837,22.54,30.281,23.247,4.782,7.451,6.424
46010,0.718,35.934,22.427,30.31,23.258,4.824,7.371,6.385
46011,0.718,35.609,22.476,30.272,23.251,4.783,7.33,6.303
46012,0.721,35.778,22.489,30.291,23.247,4.702,7.37,6.343
46013,0.708,35.876,22.52,30.291,23.254,4.742,7.37,6.384
46014,0.718,35.954,22.536,30.291,23.251,4.783,7.33,6.385
46015,0.718,35.59,22.555,30.272,23.237,4.661,7.248,6.263
46016,0.718,35.721,22.536,30.291,23.24,4.741,7.288,6.302
46017,0.731,35.847,22.497,30.282,23.24,4.742,7.288,6.302
46018,0.751,35.838,22.551,30.253,23.244,4.701,7.247,6.343
46019,0.764,35.618,22.497,30.281,23.24,4.66,7.247,6.262
46020,0.77,35.74,22.5,30.272,23.247,4.782,7.288,6.465
46021,0.813,35.904,22.485,30.31,23.258,4.864,7.41,6.386
46022,0.823,35.724,22.489,30.282,23.251,4.743,7.289,6.425
46023,0.846,35.626,22.508,30.282,23.251,4.742,7.369,6.304
46024,0.866,35.759,22.524,30.282,23.247,4.783,7.37,6.425
46025,0.892,35.866,22.536,30.291,23.251,4.783,7.37,6.426
46026,0.895,35.589,22.485,30.263,23.24,4.661,7.208,6.263
46027,0.899,35.673,22.481,30.262,23.24,4.741,7.247,6.384
46028,0.918,35.836,22.528,30.272,23.251,4.701,7.288,6.344
46029,0.941,35.915,22.536,30.272,23.244,4.742,7.288,6.303
46030,0.967,35.503,22.376,30.291,23.244,4.661,7.247,6.262
46031,0.994,35.653,22.484,30.272,23.247,4.741,7.328,6.384
46032,1.052,35.827,22.512,30.32,23.265,4.905,7.329,6.425
46033,1.108,35.876,22.508,30.301,23.251,4.744,7.248,6.385
46034,1.158,35.589,22.524,30.291,23.247,4.783,7.288,6.466
46035,1.217,35.74,22.54,30.282,23.251,4.742,7.207,6.426
46036,1.279,35.866,22.524,30.349,23.251,4.783,7.328,6.426
46037,1.315,35.925,22.473,30.282,23.237,4.661,7.085,6.263
46038,1.339,35.503,22.539,30.272,23.251,4.741,7.205,6.424
46039,1.371,35.653,22.493,30.282,23.251,4.701,7.165,6.344
46040,1.365,35.788,22.497,30.282,23.244,4.701,7.124,6.343
46041,1.365,35.838,22.497,30.291,23.24,4.701,7.083,6.466
46042,1.378,35.503,22.504,30.291,23.247,4.742,7.245,6.507
46043,1.414,35.691,22.555,30.349,23.261,4.905,7.288,6.589
46044,1.424,35.789,22.532,30.292,23.247,4.784,7.166,6.509
46045,1.408,35.809,22.548,30.291,23.254,4.783,7.124,6.508
46046,1.379,35.55,22.497,30.32,23.254,4.742,7.083,6.63
46047,1.365,35.711,22.504,30.311,23.254,4.864,7.164,6.631
46048,1.349,35.789,22.54,30.291,23.247,4.743,7.084,6.509
46049,1.297,35.886,22.516,30.263,23.237,4.661,7.205,6.63
46050,1.264,35.589,22.473,30.301,23.244,4.7,7.247,6.753
46051,1.215,35.711,22.492,30.301,23.244,4.66,7.166,6.754
46052,1.165,35.798,22.489,30.272,23.247,4.66,7.206,6.876
46053,1.116,35.569,22.532,30.301,23.244,4.782,7.369,7.081
46054,1.063,35.653,22.524,30.339,23.258,4.864,7.37,7.286
46055,0.985,35.74,22.555,30.301,23.251,4.743,7.411,7.451
46056,0.925,35.856,22.435,30.301,23.254,4.783,7.452,7.615
46057,0.85,35.57,22.512,30.301,23.247,4.824,7.493,7.901
46058,0.788,35.692,22.547,30.311,23.254,4.743,7.534,8.067
46059,0.712,35.789,22.524,30.291,23.237,4.62,7.453,8.272
46060,0.646,35.895,22.555,30.339,23.251,4.7,7.615,8.599
46061,0.607,35.465,22.513,30.282,23.251,4.742,7.535,8.684
46062,0.554,35.585,22.516,30.301,23.247,4.661,7.616,8.969
46063,0.521,35.721,22.508,30.282,23.24,4.741,7.576,9.094
46064,0.488,35.818,22.497,30.32,23.258,4.823,7.779,9.42
46065,0.491,35.608,22.547,30.33,23.251,4.743,7.74,9.424
46066,0.498,35.74,22.509,30.32,23.244,4.742,7.74,9.586
46067,0.517,35.856,22.512,30.311,23.244,4.783,7.821,9.669
46068,0.557,35.925,22.54,30.301,23.251,4.783,7.863,9.792
46069,0.599,35.59,22.559,30.311,23.24,4.702,7.822,9.753
46070,0.632,35.692,22.497,30.272,23.244,4.579,7.741,9.874
46071,0.665,35.827,22.528,30.301,23.244,4.7,7.781,10.038
46072,0.708,35.857,22.536,30.291,23.244,4.66,7.822,10.284
46073,0.734,35.522,22.501,30.31,23.24,4.7,7.741,10.449
46074,0.754,35.672,22.493,30.291,23.237,4.701,7.74,10.816
46075,0.774,35.808,22.559,30.339,23.254,4.904,7.984,11.267
46076,0.806,35.847,22.509,30.34,23.24,4.744,7.824,11.353
46077,0.794,35.445,22.477,30.301,23.247,4.783,7.822,11.638
46078,0.806,35.575,22.531,30.301,23.247,4.742,7.781,11.926
46079,0.797,35.682,22.497,30.32,23.254,4.823,7.862,12.132
46080,0.797,35.549,22.524,30.32,23.251,4.743,7.741,12.215
46081,0.784,35.528,22.493,30.292,23.233,4.579,7.618,12.46
46082,0.78,35.682,22.536,30.32,23.244,4.659,7.698,12.544
46083,0.774,35.779,22.548,30.292,23.247,4.7,7.658,12.545
46084,0.774,35.444,22.524,30.291,23.247,4.701,7.698,12.586
46085,0.774,35.546,22.524,30.31,23.24,4.62,7.658,12.627
46086,0.774,35.72,22.509,30.33,23.258,4.822,7.942,12.708
46087,0.771,35.827,22.512,30.34,23.251,4.743,7.742,12.546
46088,0.757,35.483,22.532,30.33,23.251,4.783,7.821,12.504
46089,0.757,35.614,22.54,30.32,23.244,4.702,7.781,12.463
46090,0.774,35.75,22.509,30.33,23.251,4.823,7.903,12.381
46091,0.79,35.837,22.481,30.34,23.251,4.743,7.782,12.177
46092,0.78,35.512,22.508,30.292,23.24,4.661,7.74,12.053
46093,0.79,35.681,22.543,30.32,23.24,4.741,7.781,11.971
46094,0.793,35.817,22.544,30.32,23.244,4.661,7.781,11.929
46095,0.793,35.867,22.571,30.311,23.244,4.66,7.618,11.766
46096,0.8,35.349,22.525,30.291,23.244,4.66,7.779,11.724
46097,0.8,35.507,22.528,30.33,23.258,4.863,7.862,11.683
46098,0.81,35.643,22.548,30.34,23.247,4.702,7.7,11.52
46099,0.8,35.673,22.442,30.321,23.251,4.701,7.74,11.437
46100,0.79,35.558,22.476,30.32,23.254,4.742,7.699,11.314
46101,0.793,35.711,22.449,30.34,23.254,4.783,7.74,11.191
46102,0.787,35.818,22.477,30.33,23.247,4.742,7.577,11.108
46103,0.771,35.819,22.477,30.301,23.237,4.62,7.454,10.904
46104,0.761,35.416,22.489,30.32,23.247,4.7,7.493,10.821
46105,0.767,35.565,22.524,30.33,23.247,4.701,7.534,10.739
46106,0.77,35.663,22.497,30.311,23.244,4.701,7.494,10.616
46107,0.767,35.645,22.524,30.311,23.247,4.579,7.494,10.452
46108,0.767,35.549,22.548,30.339,23.261,4.781,7.656,10.491
46109,0.783,35.701,22.602,30.359,23.254,4.783,7.495,10.288
46110,0.784,35.77,22.498,30.349,23.251,4.742,7.453,10.164
46111,0.784,35.463,22.489,30.34,23.247,4.742,7.452,10.082
46112,0.793,35.527,22.532,30.34,23.247,4.783,7.493,9.999
46113,0.797,35.653,22.513,30.349,23.254,4.824,7.534,9.917
46114,0.8,35.75,22.516,30.311,23.237,4.661,7.331,9.672
46115,0.794,35.53,22.571,30.32,23.247,4.782,7.37,9.67
46116,0.803,35.691,22.532,30.33,23.244,4.783,7.33,9.548
46117,0.807,35.827,22.532,30.301,23.244,4.661,7.41,9.344
46118,0.8,35.876,22.544,30.311,23.24,4.7,7.371,9.301
46119,0.81,35.244,22.501,30.339,23.254,4.823,7.573,9.341
46120,0.813,35.429,22.532,30.359,23.261,4.783,7.494,9.138
46121,0.8,35.508,22.501,30.34,23.247,4.783,7.453,9.136
46122,0.794,35.605,22.497,30.311,23.244,4.742,7.412,9.014
46123,0.79,35.491,22.465,30.32,23.247,4.823,7.452,8.972
46124,0.79,35.643,22.469,30.349,23.258,4.865,7.371,8.891
46125,0.787,35.74,22.531,30.321,23.244,4.702,7.208,8.687
46126,0.774,35.77,22.431,30.33,23.247,4.742,7.328,8.684
46127,0.79,35.358,22.515,30.32,23.247,4.742,7.37,8.644
46128,0.777,35.478,22.532,30.33,23.244,4.783,7.289,8.44
46129,0.774,35.585,22.509,30.34,23.244,4.661,7.369,8.438
46130,0.787,35.644,22.524,30.407,23.258,4.822,7.37,8.519
46131,0.797,35.481,22.501,30.369,23.254,4.905,7.452,8.358
46132,0.8,35.595,22.555,30.359,23.247,4.865,7.29,8.356
46133,0.807,35.721,22.567,30.34,23.251,4.824,7.288,8.234
46134,0.803,36.067,22.536,30.349,23.254,4.783,7.329,8.192
46135,0.807,35.38,22.579,30.34,23.258,4.742,7.329,8.192
46136,0.82,35.546,22.536,30.33,23.244,4.701,7.085,7.948
46137,0.813,35.605,22.501,30.32,23.244,4.742,7.245,8.067
46138,0.829,35.376,22.559,30.33,23.244,4.701,7.166,7.946
46139,0.81,35.383,22.513,30.34,23.244,4.782,7.165,7.945
46140,0.807,35.517,22.524,30.359,23.244,4.661,7.165,7.823
46141,0.813,35.643,22.466,30.34,23.244,4.782,7.206,7.944
46142,0.826,35.395,22.496,30.388,23.258,4.824,7.206,7.823
46143,0.794,35.508,22.489,30.34,23.247,4.743,7.043,7.7
46144,0.793,35.633,22.5,30.349,23.251,4.742,7.082,7.78
46145,0.8,35.721,22.543,30.34,23.254,4.864,7.205,7.74
46146,0.794,35.281,22.446,30.359,23.251,4.824,7.084,7.699
46147,0.787,35.401,22.48,30.34,23.244,4.661,6.961,7.496
46148,0.78,35.508,22.504,30.349,23.247,4.741,7.041,7.575
46149,0.797,35.614,22.497,30.349,23.247,4.661,7.001,7.494
46150,0.807,35.261,22.43,30.359,23.244,4.66,6.96,7.453
46151,0.8,35.401,22.476,30.34,23.24,4.66,6.919,7.452
46152,0.81,35.546,22.492,30.359,23.247,4.822,7.041,7.574
46153,0.833,35.624,22.532,30.388,23.258,4.824,7.001,7.413
46154,0.823,35.414,22.497,30.359,23.247,4.702,7.001,7.452
46155,0.826,35.575,22.547,30.359,23.247,4.782,6.96,7.412
46156,0.826,35.682,22.489,30.369,23.254,4.783,6.96,7.371
46157,0.849,35.721,22.528,30.369,23.251,4.824,7.0,7.289
46158,0.84,35.214,22.548,30.321,23.24,4.661,6.838,7.166
46159,0.813,35.333,22.517,30.349,23.247,4.7,6.958,7.246
46160,0.823,35.488,22.54,30.416,23.24,4.782,6.919,7.247
46161,0.81,35.499,22.481,30.35,23.24,4.702,6.878,7.125
46162,0.81,35.451,22.535,30.349,23.244,4.701,6.877,7.205
46163,0.81,35.623,22.528,30.359,23.258,4.863,7.081,7.287
46164,0.813,35.759,22.536,30.388,23.258,4.784,7.042,7.166
46165,0.797,35.483,22.528,30.35,23.247,4.742,6.96,7.124
46166,0.797,35.345,22.485,30.378,23.251,4.742,7.041,7.205
46167,0.8,35.498,22.485,30.35,23.251,4.823,7.042,7.206
46168,0.797,35.576,22.481,30.388,23.251,4.783,7.001,7.043
46169,0.794,35.299,22.457,30.321,23.237,4.702,6.919,7.001
46170,0.803,35.44,22.5,30.368,23.251,4.782,7.0,7.001
46171,0.813,35.546,22.485,30.359,23.247,4.661,7.001,7.001
46172,0.813,35.634,22.504,30.359,23.24,4.7,6.96,7.001
46173,0.826,35.261,22.528,30.34,23.24,4.701,7.0,6.96
46174,0.833,35.41,22.544,30.378,23.258,4.782,7.163,7.082
46175,0.839,35.565,22.571,30.388,23.247,4.742,7.084,7.042
46176,0.839,35.605,22.47,30.359,23.247,4.742,7.083,6.92
46177,0.843,35.289,22.512,30.369,23.251,4.742,7.083,6.959
46178,0.846,35.468,22.54,30.359,23.251,4.823,7.042,6.96
46179,0.846,35.585,22.516,30.378,23.247,4.824,7.042,6.838
46180,0.817,35.644,22.497,30.398,23.237,4.702,6.96,6.837
46181,0.813,35.194,22.481,30.359,23.244,4.742,7.0,6.918
46182,0.81,35.352,22.571,30.349,23.244,4.701,7.041,6.837
46183,0.816,35.459,22.552,30.34,23.244,4.701,7.001,6.714
46184,0.807,35.537,22.52,30.349,23.24,4.701,7.001,6.794
46185,0.82,35.25,22.559,30.369,23.254,4.863,7.163,6.917
46186,0.82,35.42,22.517,30.407,23.254,4.865,7.124,6.756
46187,0.813,35.517,22.485,30.369,23.247,4.824,7.083,6.754
46188,0.816,35.538,22.559,30.359,23.254,4.743,7.083,6.795
46189,0.82,35.308,22.528,30.369,23.251,4.783,7.083,6.795
46190,0.83,35.44,22.493,30.369,23.254,4.864,7.083,6.795
46191,0.833,35.527,22.426,30.35,23.24,4.621,6.839,6.633
46192,0.826,35.614,22.469,30.369,23.247,4.781,6.999,6.672
46193,0.846,35.347,22.477,30.359,23.247,4.702,7.041,6.753
46194,0.843,35.488,22.5,30.359,23.244,4.742,6.92,6.592
46195,0.846,35.566,22.532,30.34,23.244,4.661,6.919,6.59
46196,0.856,35.212,22.493,30.416,23.244,4.782,7.081,6.671
46197,0.872,35.304,22.512,30.388,23.258,4.864,7.042,6.672
46198,0.869,35.392,22.559,30.369,23.254,4.743,7.001,6.631
46199,0.866,35.498,22.54,30.369,23.254,4.742,7.001,6.672
46200,0.856,35.269,22.524,30.378,23.258,4.783,7.041,6.631
46201,0.853,35.391,22.477,30.378,23.254,4.742,7.042,6.631
46202,0.846,35.498,22.539,30.359,23.244,4.701,6.839,6.468
46203,0.83,35.566,22.513,30.359,23.244,4.701,6.999,6.548
46204,0.843,35.174,22.512,30.359,23.247,4.782,6.96,6.59
46205,0.839,35.294,22.559,30.349,23.244,4.702,6.878,6.509
46206,0.833,35.43,22.528,30.359,23.244,4.62,6.877,6.549
46207,0.836,35.508,22.493,30.369,23.254,4.741,7.081,6.63
46208,0.852,35.259,22.563,30.397,23.265,4.823,7.083,6.631
46209,0.833,35.382,22.513,30.369,23.248,4.743,6.961,6.59
46210,0.856,35.508,22.504,30.359,23.247,4.783,7.0,6.631
46211,0.862,35.557,22.461,30.369,23.251,4.824,7.082,6.59
46212,0.862,35.231,22.492,30.378,23.258,4.824,7.123,6.549
46213,0.872,35.362,22.477,30.359,23.241,4.702,6.88,6.427
46214,0.866,35.45,22.461,30.349,23.247,4.701,7.04,6.507
46215,0.879,35.508,22.559,30.378,23.244,4.742,6.96,6.508
46216,0.885,35.269,22.505,30.359,23.244,4.661,7.0,6.427
46217,0.889,35.391,22.481,30.349,23.24,4.66,6.96,6.426
46218,0.879,35.498,22.539,30.349,23.247,4.7,7.0,6.466
46219,0.895,35.557,22.47,30.407,23.258,4.904,7.163,6.548
46220,0.876,35.222,22.5,30.388,23.247,4.784,7.002,6.386
46221,0.879,35.352,22.493,30.379,23.251,4.783,7.041,6.507
46222,0.872,35.459,22.493,30.369,23.251,4.742,7.001,6.427
46223,0.866,35.249,22.512,30.388,23.258,4.742,7.041,6.507
46224,0.869,35.257,22.508,30.388,23.251,4.742,6.96,6.386
46225,0.853,35.343,22.536,30.34,23.24,4.661,6.96,6.385
46226,0.856,35.488,22.524,30.416,23.251,4.741,7.082,6.425
46227,0.853,35.183,22.485,30.36,23.244,4.661,7.002,6.385
46228,0.859,35.285,22.547,30.369,23.244,4.7,6.96,6.303
46229,0.856,35.411,22.493,30.35,23.244,4.701,7.0,6.425
46230,0.875,35.546,22.532,30.388,23.258,4.945,7.163,6.548
46231,0.879,35.174,22.501,30.379,23.251,4.785,7.124,6.468
46232,0.882,35.285,22.477,30.359,23.254,4.742,7.043,6.467
46233,0.885,35.42,22.489,30.397,23.251,4.783,7.042,6.386
46234,0.895,35.498,22.493,30.369,23.251,4.783,7.042,6.425
46235,0.902,35.144,22.532,30.388,23.247,4.864,6.96,6.344
46236,0.892,35.285,22.485,30.35,23.24,4.662,6.878,6.221
46237,0.902,35.42,22.469,30.369,23.247,4.741,6.959,6.424
46238,0.905,35.479,22.516,30.35,23.244,4.742,7.0,6.304
46239,0.899,35.135,22.469,30.359,23.244,4.783,6.919,6.302
46240,0.892,35.265,22.531,30.349,23.244,4.661,6.959,6.302
46241,0.899,35.41,22.513,30.378,23.261,4.863,7.122,6.465
46242,0.915,35.489,22.571,30.378,23.251,4.784,6.961,6.386
46243,0.889,35.24,22.536,30.369,23.254,4.783,7.041,6.303
46244,0.892,35.41,22.532,30.369,23.254,4.824,7.042,6.343
46245,0.889,35.517,22.552,30.35,23.258,4.824,7.042,6.425
46246,0.889,35.566,22.52,30.369,23.254,4.783,6.96,6.304
46247,0.889,35.145,22.497,30.35,23.24,4.661,6.838,6.262
46248,0.889,35.275,22.532,30.369,23.247,4.741,6.958,6.343
46249,0.892,35.411,22.473,30.369,23.244,4.742,6.96,6.303
46250,0.905,35.374,22.469,30.369,23.244,4.661,6.878,6.302
46251,0.912,35.249,22.485,30.34,23.247,4.7,6.918,6.343
46252,0.918,35.429,22.539,30.397,23.261,4.904,7.163,6.425
46253,0.931,35.527,22.493,30.388,23.247,4.744,7.002,6.385
46254,0.928,35.135,22.528,30.388,23.258,4.823,6.96,6.303
46255,0.935,35.217,22.536,30.388,23.247,4.743,6.96,6.425
46256,0.938,35.362,22.509,30.388,23.244,4.823,6.96,6.304
46257,0.951,35.459,22.481,30.379,23.258,4.743,6.919,6.302
46258,0.935,35.058,22.512,30.331,23.237,4.701,6.837,6.262
46259,0.945,35.178,22.477,30.368,23.247,4.823,6.918,6.343
46260,0.938,35.323,22.469,30.359,23.251,4.743,6.878,6.303
46261,0.928,35.411,22.481,30.349,23.244,4.742,6.837,6.221
46262,0.935,35.259,22.524,30.359,23.247,4.783,6.918,6.383
46263,0.945,35.43,22.505,30.407,23.265,4.946,7.041,6.425
46264,0.941,35.556,22.516,30.369,23.251,4.744,6.879,6.304
46265,0.948,35.605,22.544,30.378,23.254,4.783,6.837,6.343
46266,0.935,35.165,22.485,30.369,23.251,4.783,6.918,6.343
46267,0.931,35.294,22.512,30.397,23.251,4.783,6.919,6.384
46268,0.938,35.401,22.524,30.369,23.244,4.661,6.837,6.303
46269,0.938,35.441,22.512,30.35,23.24,4.7,6.796,6.343
46270,0.961,35.364,22.516,30.426,23.247,4.742,6.795,6.221
46271,0.958,35.498,22.462,30.369,23.251,4.742,6.795,6.261
46272,0.971,35.605,22.543,30.369,23.244,4.661,6.755,6.18
46273,0.974,35.634,22.509,30.359,23.251,4.741,6.836,6.301
46274,0.977,35.357,22.512,30.397,23.261,4.864,6.958,6.384
46275,0.987,35.469,22.532,30.369,23.251,4.784,6.838,6.303
46276,0.991,35.585,22.52,30.359,23.251,4.783,6.837,6.343
46277,0.994,35.912,22.505,30.369,23.254,4.783,6.796,6.262
46278,1.004,35.388,22.532,30.359,23.251,4.824,6.836,6.262
46279,1.0,35.527,22.516,30.417,23.247,4.743,6.796,6.18
46280,0.987,35.605,22.438,30.331,23.24,4.62,6.714,6.179
46281,0.987,35.462,22.488,30.349,23.247,4.741,6.754,6.22
46282,0.994,35.508,22.493,30.369,23.251,4.661,6.714,6.261
46283,0.997,35.643,22.497,30.34,23.24,4.741,6.754,6.18
46284,0.994,35.75,22.497,30.34,23.244,4.661,6.754,6.261
46285,0.997,35.511,22.516,30.378,23.258,4.863,6.836,6.384
46286,1.004,35.653,22.516,30.398,23.254,4.743,6.755,6.303
46287,1.0,35.779,22.473,30.359,23.251,4.742,6.795,6.302
46288,1.007,35.857,22.528,30.378,23.244,4.742,6.755,6.343
46289,1.007,35.627,22.528,30.378,23.254,4.783,6.754,6.343
46290,1.017,35.778,22.548,30.436,23.251,4.783,6.714,6.262
46291,1.023,35.885,22.513,30.331,23.24,4.702,6.672,6.139
46292,1.023,35.934,22.536,30.349,23.247,4.701,6.753,6.301
46293,1.03,35.734,22.509,30.34,23.247,4.782,6.754,6.221
46294,1.046,35.866,22.481,30.349,23.247,4.661,6.754,6.22
46295,1.05,35.982,22.524,30.349,23.244,4.7,6.714,6.139
46296,1.06,36.07,22.524,30.369,23.251,4.823,6.916,6.382
46297,1.079,35.956,22.516,30.378,23.254,4.783,6.796,6.222
46298,1.066,36.06,22.544,30.359,23.247,4.824,6.795,6.261
46299,1.069,36.166,22.458,30.359,23.251,4.783,6.836,6.221
46300,1.063,36.215,22.508,30.369,23.251,4.824,6.837,6.22
46301,1.069,36.034,22.493,30.369,23.247,4.783,6.796,6.302
46302,1.063,36.137,22.493,30.35,23.24,4.58,6.673,6.058
46303,1.043,36.273,22.508,30.369,23.244,4.74,6.835,6.3
46304,1.059,36.274,22.481,30.359,23.251,4.783,6.755,6.18
46305,1.05,36.063,22.516,30.34,23.24,4.742,6.714,6.179
46306,1.046,36.186,22.501,30.378,23.244,4.701,6.794,6.22
46307,1.059,36.302,22.477,30.378,23.258,4.823,6.958,6.383
46308,1.063,36.341,22.559,30.378,23.251,4.743,6.919,6.222
46309,1.06,36.323,22.505,30.359,23.247,4.742,6.837,6.302
46310,1.076,36.457,22.508,30.359,23.247,4.783,6.918,6.262
46311,1.079,36.554,22.512,30.349,23.247,4.824,6.919,6.302
46312,1.083,36.325,22.508,30.349,23.251,4.743,6.878,6.18
46313,1.089,36.39,22.536,30.33,23.24,4.62,6.796,6.098
46314,1.089,36.515,22.493,30.34,23.251,4.7,6.877,6.178
46315,1.102,36.602,22.539,30.34,23.244,4.701,6.877,6.179
46316,1.106,36.354,22.509,30.34,23.247,4.66,6.796,6.179
46317,1.122,36.476,22.485,30.321,23.247,4.619,6.795,6.139
46318,1.109,36.602,22.539,30.33,23.244,4.741,6.917,6.301
46319,1.128,36.738,22.489,30.388,23.261,4.783,6.959,6.262
46320,1.112,36.566,22.52,30.359,23.241,4.742,6.878,6.139
46321,1.109,36.689,22.516,30.34,23.254,4.783,6.918,6.219
46322,1.109,36.806,22.54,30.368,23.251,4.742,6.959,6.22
46323,1.112,36.893,22.505,30.34,23.258,4.783,7.0,6.22
46324,1.106,36.692,22.493,30.33,23.237,4.661,6.797,6.098
46325,1.093,36.796,22.543,30.34,23.251,4.7,6.958,6.138
46326,1.096,36.95,22.489,30.349,23.247,4.742,6.919,6.219
46327,1.096,36.99,22.446,30.34,23.24,4.661,6.959,6.18
46328,1.096,36.799,22.512,30.33,23.244,4.66,6.919,6.179
46329,1.102,36.931,22.442,30.359,23.247,4.741,6.959,6.22
46330,1.122,37.096,22.504,30.369,23.258,4.864,7.082,6.22
46331,1.122,37.107,22.477,30.35,23.247,4.702,7.002,6.22
46332,1.119,36.954,22.512,30.349,23.254,4.742,6.919,6.22
46333,1.132,37.067,22.512,30.349,23.247,4.742,7.0,6.18
46334,1.142,37.183,22.508,30.349,23.251,4.783,7.041,6.179
46335,1.145,37.261,22.555,30.34,23.247,4.661,6.879,6.098
46336,1.135,37.032,22.501,30.301,23.24,4.7,6.959,6.138
46337,1.148,37.164,22.516,30.32,23.247,4.701,7.0,6.098
46338,1.135,37.261,22.512,30.32,23.247,4.66,6.919,6.097
46339,1.132,37.147,22.504,30.33,23.24,4.66,6.919,6.138
46340,1.132,37.251,22.465,30.34,23.247,4.741,7.0,6.138
46341,1.135,37.396,22.508,30.359,23.254,4.823,7.123,6.26
46342,1.142,37.493,22.516,30.321,23.251,4.743,7.002,6.18
46343,1.116,37.111,22.481,30.32,23.251,4.701,7.001,6.098
46344,1.109,37.212,22.492,30.33,23.251,4.823,6.96,6.097
46345,1.109,37.338,22.543,30.32,23.258,4.783,6.919,6.178
46346,1.099,37.435,22.517,30.34,23.251,4.742,6.919,6.057
46347,1.089,37.197,22.446,30.301,23.244,4.701,6.919,6.097
46348,1.089,37.338,22.523,30.32,23.244,4.742,6.919,6.097
46349,1.089,37.464,22.466,30.33,23.244,4.701,6.878,6.097
46350,1.089,37.542,22.473,30.32,23.24,4.66,6.877,6.056
46351,1.086,37.226,22.446,30.32,23.244,4.741,6.918,6.219
46352,1.096,37.405,22.5,30.359,23.258,4.864,7.041,6.22
46353,1.086,37.503,22.477,30.321,23.251,4.784,6.879,6.139
46354,1.083,37.552,22.5,30.311,23.251,4.783,6.959,6.138
46355,1.079,37.447,22.559,30.339,23.251,4.824,7.0,6.219
46356,1.089,37.599,22.505,30.33,23.251,4.865,6.96,6.139
46357,1.079,37.697,22.508,30.301,23.247,4.621,6.878,6.016
46358,1.047,37.688,22.524,30.291,23.244,4.659,6.918,6.056
46359,1.056,37.41,22.45,30.32,23.251,4.7,6.878,6.097
46360,1.037,37.522,22.512,30.32,23.247,4.742,6.877,6.097
46361,1.024,37.619,22.493,30.282,23.247,4.661,6.796,6.056
46362,1.014,37.716,22.5,30.32,23.254,4.782,6.958,6.219
46363,1.014,37.468,22.512,30.34,23.251,4.742,6.878,6.18
46364,0.994,37.571,22.501,30.311,23.251,4.742,6.837,6.057
46365,0.981,37.677,22.532,30.311,23.251,4.742,6.877,6.097
46366,0.974,37.515,22.497,30.311,23.254,4.742,6.877,6.178
46367,0.958,37.543,22.473,30.32,23.251,4.742,6.837,6.098
46368,0.948,37.62,22.528,30.301,23.237,4.62,6.674,5.975
46369,0.938,37.707,22.473,30.301,23.244,4.741,6.875,6.096
46370,0.945,37.362,22.485,30.311,23.254,4.701,6.715,6.138
46371,0.941,37.464,22.469,30.282,23.247,4.66,6.794,5.976
46372,0.948,37.59,22.469,30.282,23.237,4.66,6.755,6.015
46373,0.948,37.678,22.5,30.32,23.251,4.741,6.876,6.218
46374,0.945,37.525,22.536,30.34,23.258,4.864,6.877,6.058
46375,0.938,37.619,22.532,30.301,23.254,4.702,6.755,6.137
46376,0.935,37.745,22.501,30.301,23.251,4.742,6.795,6.057
46377,0.938,37.823,22.497,30.311,23.251,4.742,6.836,6.137
46378,0.935,37.469,22.516,30.301,23.258,4.783,6.796,6.098
46379,0.925,37.6,22.473,30.282,23.237,4.661,6.673,5.975
46380,0.896,37.697,22.5,30.291,23.247,4.7,6.713,6.137
46381,0.892,37.794,22.508,30.282,23.251,4.782,6.754,6.057
46382,0.889,37.478,22.493,30.282,23.24,4.661,6.673,6.056
46383,0.872,37.59,22.508,30.272,23.24,4.66,6.672,6.097
46384,0.863,37.735,22.497,30.282,23.247,4.7,6.835,6.178
46385,0.869,37.804,22.586,30.32,23.258,4.904,6.796,6.261
46386,0.856,37.555,22.509,30.311,23.247,4.744,6.755,6.221
46387,0.843,37.696,22.489,30.291,23.251,4.742,6.754,6.18
46388,0.846,37.784,22.539,30.301,23.251,4.783,6.714,6.22
46389,0.843,37.814,22.477,30.301,23.254,4.742,6.713,6.18
46390,0.856,37.594,22.496,30.301,23.244,4.701,6.632,6.057
46391,0.83,37.678,22.45,30.263,23.24,4.701,6.631,6.178
46392,0.836,37.793,22.5,30.291,23.251,4.701,6.59,6.139
46393,0.833,37.651,22.508,30.282,23.251,4.701,6.631,6.179
46394,0.833,37.496,22.504,30.272,23.24,4.66,6.672,6.139
46395,0.833,37.629,22.504,30.262,23.244,4.7,6.631,6.098
46396,0.843,37.764,22.485,30.301,23.254,4.904,6.794,6.219
46397,0.853,37.44,22.496,30.291,23.244,4.784,6.633,6.139
46398,0.83,37.484,22.52,30.272,23.247,4.742,6.631,6.179
46399,0.83,37.619,22.446,30.291,23.251,4.823,6.712,6.139
46400,0.83,37.716,22.512,30.301,23.258,4.824,6.672,6.179
46401,0.823,37.535,22.512,30.282,23.247,4.743,6.672,6.098
46402,0.82,37.639,22.508,30.243,23.237,4.661,6.631,6.056
46403,0.81,37.755,22.547,30.272,23.251,4.741,6.712,6.137
46404,0.797,37.852,22.524,30.282,23.251,4.742,6.672,6.138
46405,0.8,37.268,22.575,30.262,23.247,4.661,6.631,6.098
46406,0.781,37.415,22.505,30.262,23.24,4.741,6.631,6.138
46407,0.774,37.542,22.485,30.291,23.254,4.864,6.834,6.301
46408,0.797,37.62,22.532,30.282,23.254,4.824,6.674,6.14
46409,0.781,37.486,22.462,30.262,23.251,4.743,6.713,6.219
46410,0.79,37.638,22.465,30.272,23.247,4.783,6.754,6.098
46411,0.793,37.755,22.453,30.272,23.251,4.783,6.795,6.178
46412,0.797,37.804,22.496,30.291,23.258,4.783,6.755,6.098
46413,0.797,37.45,22.508,30.263,23.244,4.661,6.592,5.975
46414,0.79,37.561,22.508,30.253,23.251,4.782,6.753,6.055
46415,0.8,37.677,22.512,30.272,23.254,4.742,6.714,6.137
46416,0.813,37.717,22.504,30.253,23.244,4.701,6.672,5.935
46417,0.807,37.334,22.477,30.253,23.237,4.66,6.631,5.974
46418,0.807,37.454,22.504,30.262,23.247,4.782,6.753,6.137
46419,0.816,37.609,22.504,30.301,23.265,4.824,6.754,6.098
46420,0.794,37.85,22.458,30.263,23.248,4.743,6.754,6.138
46421,0.8,37.44,22.481,30.262,23.247,4.823,6.714,6.138
46422,0.797,37.561,22.489,30.272,23.251,4.783,6.754,6.138
46423,0.794,37.668,22.524,30.262,23.254,4.783,6.673,6.138
46424,0.78,37.391,22.524,30.243,23.247,4.661,6.631,6.016
46425,0.764,37.388,22.54,30.252,23.244,4.782,6.712,6.056
46426,0.777,37.541,22.532,30.281,23.247,4.742,6.754,6.056
46427,0.777,37.629,22.489,30.262,23.244,4.701,6.754,6.097
46428,0.767,37.275,22.559,30.234,23.24,4.66,6.714,6.056
46429,0.777,37.387,22.493,30.262,23.247,4.741,6.835,6.259
46430,0.793,37.56,22.497,30.301,23.265,4.823,6.837,6.139
46431,0.787,37.601,22.477,30.243,23.244,4.702,6.755,6.138
46432,0.8,37.208,22.5,30.252,23.247,4.782,6.795,6.057
46433,0.794,37.376,22.481,30.253,23.247,4.824,6.795,6.137
46434,0.8,37.503,22.485,30.253,23.254,4.783,6.836,6.138
46435,0.803,37.533,22.461,30.262,23.24,4.661,6.714,5.976
46436,0.803,37.332,22.469,30.243,23.251,4.7,6.794,6.096
46437,0.807,37.474,22.477,30.252,23.244,4.701,6.836,6.056
46438,0.813,37.58,22.473,30.243,23.247,4.701,6.796,6.056
46439,0.803,37.639,22.453,30.224,23.247,4.701,6.795,6.056
46440,0.794,37.237,22.465,30.243,23.254,4.863,6.917,6.219
46441,0.81,37.405,22.516,30.291,23.258,4.784,6.959,6.098
46442,0.8,37.503,22.497,30.263,23.247,4.702,6.838,6.056
46443,0.79,37.523,22.532,30.262,23.254,4.742,6.918,6.137
46444,0.787,37.284,22.473,30.262,23.254,4.823,6.959,6.179
46445,0.787,37.425,22.547,30.243,23.254,4.743,7.0,6.057
46446,0.774,37.522,22.524,30.224,23.24,4.661,6.879,6.056
46447,0.774,37.514,22.481,30.243,23.24,4.7,6.877,6.097
46448,0.78,37.207,22.539,30.243,23.24,4.66,6.877,6.097
46449,0.774,37.328,22.458,30.233,23.247,4.7,6.918,6.016
46450,0.787,37.454,22.473,30.224,23.244,4.701,6.959,6.056
46451,0.797,37.341,22.477,30.243,23.254,4.782,7.041,6.259
46452,0.81,37.368,22.512,30.262,23.251,4.742,6.92,6.099
46453,0.81,37.436,22.497,30.253,23.247,4.701,6.959,6.138
46454,0.81,37.542,22.469,30.233,23.247,4.823,6.96,6.138
46455,0.813,37.198,22.504,30.243,23.251,4.743,7.041,6.138
46456,0.816,37.29,22.508,30.243,23.251,4.823,6.96,6.057
46457,0.81,37.406,22.473,30.214,23.233,4.621,6.878,6.015
46458,0.813,37.484,22.492,30.223,23.247,4.659,7.04,6.096
46459,0.823,37.13,22.454,30.233,23.251,4.741,6.96,6.056
46460,0.807,37.28,22.477,30.224,23.24,4.661,7.041,6.015
46461,0.794,37.377,22.477,30.204,23.247,4.741,7.042,6.137
46462,0.813,37.493,22.492,30.262,23.258,4.823,7.245,6.26
46463,0.803,37.207,22.481,30.234,23.247,4.702,7.166,6.058
46464,0.8,37.309,22.469,30.214,23.251,4.782,7.124,6.137
46465,0.8,37.425,22.547,30.233,23.254,4.742,7.205,6.098
46466,0.803,37.503,22.548,30.233,23.254,4.701,7.206,6.138
46467,0.797,37.207,22.52,30.214,23.247,4.742,7.043,6.016
46468,0.784,37.29,22.52,30.195,23.244,4.539,7.123,6.096
46469,0.793,37.425,22.477,30.204,23.244,4.699,7.043,6.056
46470,0.803,37.494,22.473,30.214,23.247,4.66,7.123,6.015
46471,0.807,37.226,22.488,30.204,23.244,4.66,7.043,6.015
46472,0.803,37.338,22.563,30.195,23.247,4.66,7.123,6.056
46473,0.826,37.502,22.505,30.252,23.258,4.782,7.287,6.219
46474,0.83,37.514,22.485,30.214,23.244,4.742,7.125,6.058
46475,0.82,37.149,22.45,30.223,23.251,4.742,7.124,6.015
46476,0.823,37.299,22.477,30.214,23.247,4.701,7.083,6.096
46477,0.833,37.387,22.496,30.214,23.251,4.742,7.164,6.138
46478,0.83,37.407,22.5,30.204,23.244,4.742,7.043,5.935
46479,0.817,37.187,22.493,30.185,23.237,4.62,7.001,6.055
46480,0.82,37.367,22.461,30.214,23.247,4.659,7.041,6.015
46481,0.817,37.455,22.524,30.204,23.244,4.7,7.082,6.015
46482,0.81,37.216,22.493,30.195,23.244,4.66,7.083,6.015
46483,0.8,37.29,22.493,30.175,23.244,4.66,7.083,6.056
46484,0.807,37.444,22.516,30.233,23.261,4.863,7.245,6.178
46485,0.807,37.532,22.532,30.204,23.258,4.702,7.084,6.057
46486,0.8,37.13,22.509,30.195,23.251,4.701,7.083,6.056
46487,0.8,37.27,22.469,30.204,23.251,4.742,7.083,6.056
46488,0.797,37.387,22.516,30.195,23.244,4.742,7.164,6.097
46489,0.8,37.474,22.415,30.204,23.244,4.62,7.084,5.975
46490,0.803,37.12,22.476,30.175,23.237,4.659,7.042,6.055
46491,0.81,37.27,22.492,30.175,23.244,4.7,7.123,6.015
46492,0.813,37.377,22.508,30.194,23.244,4.701,7.002,6.015
46493,0.813,37.426,22.547,30.175,23.233,4.701,7.041,5.974
46494,0.823,37.129,22.517,30.185,23.244,4.66,7.082,6.096
46495,0.82,37.289,22.551,30.204,23.258,4.863,7.205,6.178
46496,0.836,37.435,22.509,30.204,23.254,4.743,7.043,6.057
46497,0.836,37.446,22.508,30.185,23.251,4.701,7.123,6.015
46498,0.836,37.072,22.501,30.185,23.251,4.823,7.165,5.974
46499,0.836,37.212,22.372,30.214,23.254,4.702,7.124,6.096
46500,0.813,37.348,22.472,30.195,23.251,4.742,7.124,6.016
46501,0.813,37.34,22.446,30.156,23.24,4.62,6.961,5.974
46502,0.82,37.004,22.484,30.175,23.251,4.781,7.082,6.055
46503,0.813,37.163,22.493,30.175,23.244,4.661,7.042,6.097
46504,0.81,37.232,22.469,30.166,23.244,4.619,7.001,5.975
46505,0.797,37.568,22.508,30.165,23.247,4.659,7.082,6.055
46506,0.8,37.255,22.497,30.194,23.258,4.822,7.245,6.219
46507,0.82,37.406,22.52,30.185,23.251,4.783,7.166,6.139
46508,0.8,37.455,22.54,30.185,23.251,4.702,7.124,6.138
46509,0.8,37.216,22.477,30.204,23.251,4.701,7.124,6.138
46510,0.8,37.194,22.469,30.185,23.254,4.823,7.205,6.138
46511,0.813,37.3,22.457,30.175,23.251,4.702,7.125,6.057
46512,0.807,37.377,22.453,30.146,23.233,4.579,7.083,6.097
46513,0.81,37.052,22.48,30.165,23.247,4.659,7.123,6.056
46514,0.82,37.174,22.485,30.175,23.251,4.66,7.165,6.056
46515,0.823,37.28,22.532,30.156,23.244,4.7,7.084,6.015
46516,0.823,37.377,22.501,30.156,23.244,4.62,7.164,6.056
46517,0.826,36.889,22.508,30.175,23.254,4.822,7.287,6.3
46518,0.846,37.047,22.563,30.156,23.251,4.661,7.207,6.14
46519,0.827,37.183,22.493,30.194,23.247,4.7,7.125,6.138
46520,0.82,37.232,22.481,30.175,23.251,4.742,7.205,6.138
46521,0.823,37.108,22.492,30.175,23.251,4.823,7.206,6.179
46522,0.82,37.222,22.539,30.166,23.251,4.702,7.084,6.179
46523,0.803,37.329,22.462,30.118,23.24,4.62,7.042,6.017
46524,0.803,37.406,22.469,30.155,23.244,4.619,7.042,6.096
46525,0.8,36.976,22.481,30.146,23.251,4.7,7.082,6.056
46526,0.803,37.096,22.461,30.146,23.247,4.62,7.042,6.015
46527,0.79,37.212,22.461,30.146,23.244,4.659,7.082,6.137
46528,0.797,37.271,22.496,30.184,23.258,4.863,7.205,6.26
46529,0.813,37.089,22.512,30.223,23.251,4.702,7.084,6.18
46530,0.8,37.193,22.454,30.157,23.247,4.701,7.123,6.098
46531,0.803,37.309,22.469,30.146,23.244,4.66,7.043,6.138
46532,0.823,37.339,22.485,30.156,23.254,4.782,7.082,6.098
46533,0.82,36.946,22.5,30.146,23.251,4.661,7.083,6.016
46534,0.813,37.057,22.493,30.117,23.237,4.579,6.961,6.056
46535,0.82,37.164,22.524,30.146,23.247,4.7,7.041,6.097
46536,0.82,37.098,22.477,30.137,23.244,4.701,7.042,6.056
46537,0.83,36.982,22.489,30.127,23.244,4.62,6.96,6.056
46538,0.826,37.106,22.504,30.127,23.24,4.659,7.041,6.056
46539,0.83,37.251,22.458,30.184,23.265,4.822,7.164,6.3
46540,0.83,36.907,22.5,30.146,23.254,4.783,7.165,6.14
46541,0.817,36.971,22.485,30.137,23.251,4.702,7.043,6.057
46542,0.807,37.096,22.555,30.127,23.251,4.701,7.164,6.097
46543,0.807,37.203,22.509,30.146,23.254,4.742,7.124,6.056
46544,0.81,36.983,22.493,30.156,23.247,4.661,7.043,5.975
46545,0.8,37.096,22.493,30.098,23.237,4.579,7.123,5.974
46546,0.8,37.251,22.481,30.126,23.247,4.7,7.002,6.055
46547,0.8,37.329,22.485,30.136,23.244,4.701,7.123,6.097
46548,0.797,36.802,22.481,30.117,23.24,4.742,7.043,5.975
46549,0.79,36.912,22.457,30.155,23.244,4.661,7.042,6.137
46550,0.813,37.086,22.484,30.165,23.258,4.863,7.164,6.098
46551,0.813,37.136,22.465,30.137,23.254,4.743,7.002,6.056
46552,0.813,36.954,22.473,30.127,23.251,4.783,7.001,6.097
46553,0.816,37.115,22.485,30.136,23.258,4.783,7.041,6.138
46554,0.82,37.251,22.485,30.136,23.254,4.783,7.001,6.057
46555,0.813,37.262,22.481,30.117,23.244,4.661,6.96,5.975
46556,0.81,36.773,22.481,30.127,23.251,4.66,6.96,6.015
46557,0.826,36.941,22.481,30.117,23.251,4.741,6.919,5.974
46558,0.826,37.029,22.492,30.107,23.247,4.701,6.919,6.055
46559,0.813,37.077,22.415,30.107,23.244,4.579,6.959,5.934
46560,0.813,37.011,22.5,30.127,23.251,4.781,7.0,6.096
46561,0.82,37.173,22.536,30.156,23.258,4.783,6.96,6.016
46562,0.81,37.223,22.563,30.108,23.251,4.702,6.96,6.015
46563,0.803,37.31,22.532,30.127,23.251,4.66,7.041,6.015
46564,0.794,36.831,22.501,30.117,23.258,4.741,7.042,6.015
46565,0.8,36.951,22.5,30.117,23.251,4.742,7.082,6.015
46566,0.79,37.067,22.473,30.088,23.24,4.62,6.961,5.893
46567,0.78,36.848,22.477,30.117,23.251,4.781,7.122,6.014
46568,0.784,36.922,22.485,30.127,23.251,4.742,7.083,5.893
46569,0.78,37.057,22.368,30.117,23.24,4.742,7.083,5.973
46570,0.79,37.164,22.46,30.088,23.24,4.701,7.083,5.893
46571,0.8,36.801,22.488,30.126,23.258,4.742,7.327,6.054
46572,0.8,36.95,22.528,30.127,23.254,4.783,7.289,6.015
46573,0.794,37.048,22.509,30.108,23.251,4.702,7.288,6.015
46574,0.806,37.135,22.504,30.107,23.251,4.742,7.288,6.015
46575,0.81,36.848,22.528,30.107,23.244,4.742,7.329,5.974
46576,0.803,36.98,22.516,30.127,23.254,4.783,7.37,6.015
46577,0.813,37.096,22.469,30.088,23.24,4.702,7.167,5.812
46578,0.803,37.155,22.488,30.078,23.254,4.742,7.328,6.013
46579,0.813,36.868,22.426,30.088,23.244,4.701,7.329,5.934
46580,0.794,36.989,22.449,30.078,23.244,4.701,7.289,5.892
46581,0.787,37.096,22.461,30.078,23.244,4.62,7.247,5.851
46582,0.793,37.155,22.52,30.098,23.254,4.781,7.41,6.095
46583,0.787,36.82,22.501,30.126,23.254,4.864,7.411,5.935
46584,0.79,36.96,22.477,30.088,23.244,4.743,7.33,5.974
46585,0.784,37.067,22.504,30.098,23.247,4.701,7.329,5.974
46586,0.78,37.116,22.508,30.098,23.254,4.742,7.451,6.015
46587,0.78,36.858,22.493,30.107,23.251,4.783,7.452,5.934
46588,0.777,36.951,22.508,30.069,23.24,4.62,7.208,5.852
46589,0.767,37.048,22.383,30.088,23.244,4.781,7.287,5.891
46590,0.787,37.097,22.437,30.088,23.251,4.742,7.329,5.892
46591,0.787,36.79,22.48,30.059,23.247,4.701,7.289,5.973
46592,0.78,36.931,22.469,30.069,23.251,4.66,7.207,5.893
46593,0.797,37.038,22.473,30.088,23.251,4.782,7.328,6.095
46594,0.816,36.972,22.449,30.107,23.261,4.824,7.289,6.016
46595,0.803,36.981,22.523,30.079,23.244,4.783,7.247,6.015
46596,0.8,37.115,22.497,30.078,23.251,4.783,7.247,6.056
46597,0.81,37.184,22.473,30.088,23.254,4.783,7.288,6.056
46598,0.816,36.772,22.539,30.05,23.251,4.783,7.247,5.975
46599,0.81,36.912,22.497,30.088,23.237,4.62,7.084,5.933
46600,0.787,36.99,22.473,30.069,23.244,4.659,7.205,6.014
46601,0.79,37.115,22.488,30.069,23.247,4.741,7.247,6.015
46602,0.79,36.752,22.485,30.059,23.251,4.661,7.166,5.974
46603,0.784,36.892,22.481,30.049,23.244,4.66,7.165,5.893
46604,0.771,37.019,22.465,30.068,23.254,4.741,7.368,6.136
46605,0.79,37.144,22.5,30.097,23.265,4.783,7.37,6.057
46606,0.784,36.829,22.497,30.079,23.251,4.783,7.33,6.097
46607,0.771,36.951,22.473,30.069,23.251,4.783,7.451,6.097
46608,0.774,37.077,22.492,30.078,23.254,4.783,7.452,6.138
46609,0.774,37.164,22.485,30.069,23.254,4.783,7.452,6.098
46610,0.774,36.82,22.461,30.05,23.24,4.62,7.249,6.016
46611,0.767,36.951,22.496,30.049,23.244,4.741,7.41,6.178
46612,0.787,37.077,22.454,30.068,23.251,4.701,7.371,6.057
46613,0.784,37.135,22.469,30.05,23.247,4.701,7.37,6.137
46614,0.787,36.858,22.446,30.04,23.237,4.701,7.33,6.057
46615,0.793,36.989,22.473,30.049,23.251,4.782,7.451,6.219
46616,0.806,37.144,22.473,30.088,23.254,4.824,7.493,6.139
46617,0.81,37.136,22.496,30.069,23.251,4.702,7.412,6.179
46618,0.803,36.762,22.489,30.04,23.254,4.742,7.452,6.179
46619,0.797,36.902,22.473,30.059,23.254,4.783,7.493,6.179
46620,0.787,37.028,22.481,30.049,23.251,4.783,7.371,6.22
46621,0.784,37.02,22.485,30.04,23.251,4.702,7.289,6.017
46622,0.774,36.876,22.465,30.03,23.24,4.701,7.369,6.137
46623,0.777,37.028,22.5,30.049,23.244,4.701,7.452,6.057
46624,0.774,37.135,22.469,30.04,23.244,4.66,7.29,6.178
46625,0.771,36.733,22.524,30.03,23.244,4.579,7.329,6.057
46626,0.764,36.806,22.512,30.04,23.244,4.781,7.451,6.219
46627,0.774,36.97,22.489,30.097,23.261,4.864,7.534,6.22
46628,0.767,37.029,22.532,30.021,23.251,4.743,7.453,6.18
46629,0.774,36.751,22.419,30.059,23.251,4.742,7.534,6.261
46630,0.774,36.883,22.507,30.049,23.254,4.783,7.494,6.221
46631,0.78,37.018,22.493,30.049,23.251,4.742,7.575,6.139
46632,0.78,37.068,22.516,30.021,23.24,4.661,7.413,6.016
46633,0.78,36.771,22.465,30.039,23.244,4.741,7.493,6.178
46634,0.793,36.96,22.445,30.03,23.244,4.742,7.616,6.098
46635,0.787,37.058,22.43,30.03,23.244,4.701,7.576,6.178
46636,0.793,37.135,22.437,30.011,23.247,4.701,7.616,6.139
46637,0.79,36.743,22.476,30.03,23.247,4.823,7.657,6.179
46638,0.8,36.921,22.461,30.068,23.261,4.905,7.78,6.301
46639,0.807,37.028,22.453,30.03,23.247,4.744,7.618,6.14
46640,0.787,37.077,22.469,30.03,23.247,4.783,7.698,6.26
46641,0.79,36.781,22.512,30.03,23.247,4.783,7.699,6.139
46642,0.787,36.931,22.508,30.049,23.254,4.824,7.699,6.219
46643,0.793,37.038,22.501,30.03,23.247,4.621,7.577,6.058
46644,0.767,37.058,22.5,30.001,23.244,4.822,7.616,6.178
46645,0.764,36.848,22.543,30.02,23.247,4.783,7.617,6.139
46646,0.761,36.98,22.493,30.02,23.244,4.702,7.617,6.098
46647,0.757,37.086,22.446,30.001,23.244,4.66,7.657,6.138
46648,0.761,37.404,22.5,30.001,23.247,4.822,7.82,6.219
46649,0.774,36.794,22.426,30.068,23.258,4.824,7.781,6.18
46650,0.777,36.893,22.488,30.021,23.244,4.783,7.822,6.22
46651,0.771,36.98,22.461,30.011,23.254,4.783,7.781,6.18
46652,0.787,36.828,22.524,30.039,23.247,4.783,7.862,6.22
46653,0.79,36.903,22.532,30.02,23.251,4.824,7.863,6.22
46654,0.787,36.99,22.505,30.001,23.244,4.661,7.782,6.058
46655,0.787,37.087,22.485,30.011,23.251,4.822,7.862,6.137
46656,0.79,36.704,22.438,30.02,23.251,4.824,7.822,6.219
46657,0.79,36.815,22.445,29.992,23.251,4.783,7.781,6.098
46658,0.787,36.922,22.441,30.001,23.24,4.702,7.822,6.097
46659,0.79,37.048,22.461,30.03,23.254,4.863,8.066,6.341
46660,0.8,36.732,22.461,30.001,23.247,4.824,7.987,6.14
46661,0.787,36.835,22.477,30.011,23.247,4.743,7.986,6.179
46662,0.78,36.941,22.5,30.011,23.254,4.823,7.986,6.179
46663,0.78,37.029,22.497,30.02,23.251,4.824,7.946,6.261
46664,0.774,36.828,22.473,30.011,23.247,4.783,7.986,6.139
46665,0.761,36.912,22.524,29.972,23.24,4.702,7.905,6.057
46666,0.761,37.067,22.493,30.02,23.244,4.823,7.985,6.097
46667,0.754,37.126,22.5,29.982,23.24,4.783,7.946,6.178
46668,0.757,36.618,22.477,29.982,23.244,4.702,7.945,6.098
46669,0.748,36.757,22.492,30.049,23.237,4.701,7.945,6.097
46670,0.77,36.902,22.489,30.011,23.254,4.863,8.108,6.219
46671,0.78,36.971,22.465,30.011,23.247,4.784,7.947,6.139
46672,0.771,36.789,22.488,30.001,23.254,4.824,7.945,6.179
46673,0.777,36.922,22.461,30.011,23.244,4.824,7.945,6.139
46674,0.784,37.038,22.488,30.011,23.251,4.865,7.945,6.219
46675,0.793,37.058,22.477,30.02,23.244,4.784,7.823,6.139
46676,0.78,36.732,22.457,29.982,23.237,4.661,7.822,6.179
46677,0.787,36.854,22.477,29.982,23.247,4.782,7.781,6.139
46678,0.793,36.97,22.485,29.982,23.24,4.783,7.74,6.138
46679,0.8,36.828,22.493,29.972,23.244,4.742,7.74,6.057
46680,0.777,36.711,22.454,30.001,23.244,4.823,7.781,6.137
46681,0.787,36.863,22.523,30.03,23.265,4.987,7.822,6.219
46682,0.787,36.961,22.501,30.001,23.248,4.744,7.741,6.139
46683,0.771,36.655,22.473,30.001,23.251,4.742,7.781,6.179
46684,0.78,36.748,22.457,30.001,23.247,4.823,7.74,6.261
46685,0.767,36.854,22.445,29.991,23.254,4.783,7.74,6.262
46686,0.761,36.98,22.469,29.991,23.244,4.783,7.577,6.017
46687,0.748,36.569,22.481,29.972,23.24,4.742,7.657,6.218
46688,0.764,36.737,22.485,29.991,23.24,4.742,7.658,6.22
46689,0.757,36.854,22.496,30.001,23.247,4.701,7.617,6.18
46690,0.764,36.941,22.465,29.972,23.244,4.742,7.535,6.098
46691,0.77,36.616,22.508,29.981,23.251,4.783,7.657,6.219
46692,0.777,36.814,22.504,30.01,23.258,4.905,7.698,6.261
46693,0.777,36.884,22.497,29.972,23.247,4.703,7.618,6.18
46694,0.784,36.961,22.493,29.991,23.254,4.823,7.617,6.179
46695,0.78,36.559,22.497,29.982,23.247,4.824,7.617,6.22
46696,0.79,36.737,22.5,29.982,23.251,4.824,7.698,6.22
46697,0.8,36.844,22.473,29.972,23.24,4.702,7.496,6.058
46698,0.774,36.865,22.5,29.981,23.244,4.823,7.616,6.137
46699,0.787,36.615,22.458,29.972,23.244,4.824,7.535,6.138
46700,0.78,36.738,22.445,29.962,23.247,4.661,7.534,6.179
46701,0.767,36.835,22.477,29.953,23.244,4.66,7.575,6.139
46702,0.78,36.865,22.469,29.991,23.254,4.822,7.698,6.301
46703,0.777,36.702,22.477,29.991,23.258,4.865,7.699,6.221
46704,0.767,36.796,22.489,29.953,23.251,4.784,7.618,6.261
46705,0.764,36.902,22.434,29.972,23.251,4.783,7.617,6.18
46706,0.764,36.942,22.496,29.991,23.247,4.824,7.739,6.179
46707,0.761,36.645,22.481,29.972,23.251,4.743,7.699,6.139
46708,0.767,36.767,22.473,29.962,23.244,4.701,7.536,6.057
46709,0.754,36.845,22.477,29.962,23.247,4.742,7.616,6.137
46710,0.774,36.587,22.453,29.972,23.247,4.742,7.617,6.138
46711,0.777,36.651,22.5,29.972,23.244,4.701,7.576,6.057
46712,0.777,36.776,22.477,29.972,23.24,4.701,7.616,6.097
46713,0.78,36.864,22.473,29.962,23.254,4.823,7.657,6.219
46714,0.793,36.548,22.496,30.001,23.251,4.824,7.576,6.18
46715,0.79,36.641,22.485,29.982,23.254,4.783,7.616,6.179
46716,0.79,36.757,22.493,29.972,23.251,4.742,7.617,6.179
46717,0.8,36.845,22.497,29.962,23.244,4.823,7.576,6.179
46718,0.794,36.443,22.508,29.972,23.247,4.743,7.535,6.057
46719,0.797,36.554,22.477,29.953,23.24,4.661,7.412,5.934
46720,0.774,36.689,22.465,29.953,23.254,4.782,7.493,6.055
46721,0.777,36.777,22.524,29.953,23.244,4.702,7.494,6.056
46722,0.774,36.375,22.481,29.962,23.251,4.782,7.453,6.015
46723,0.764,36.515,22.465,29.933,23.244,4.661,7.412,6.015
46724,0.77,36.65,22.461,29.952,23.258,4.822,7.615,6.178
46725,0.777,36.728,22.422,30.0,23.258,4.783,7.454,6.057
46726,0.771,36.528,22.433,29.963,23.251,4.783,7.452,6.015
46727,0.761,36.689,22.488,29.953,23.247,4.824,7.493,6.096
46728,0.764,36.796,22.422,29.972,23.247,4.824,7.494,6.138
46729,0.77,36.835,22.437,29.981,23.251,4.824,7.453,6.098
46730,0.774,36.433,22.461,29.953,23.237,4.702,7.29,5.894
46731,0.767,36.544,22.508,29.943,23.244,4.823,7.329,6.054
46732,0.774,36.699,22.512,29.952,23.247,4.702,7.37,6.056
46733,0.787,36.719,22.52,29.953,23.251,4.742,7.37,5.975
46734,0.784,36.489,22.485,29.943,23.237,4.661,7.37,5.974
46735,0.784,36.612,22.473,29.952,23.244,4.822,7.492,6.177
46736,0.803,36.776,22.488,29.991,23.254,4.865,7.412,6.098
46737,0.794,36.471,22.496,29.953,23.251,4.743,7.371,6.016
46738,0.797,36.439,22.469,29.953,23.24,4.783,7.33,6.015
46739,0.797,36.592,22.449,29.953,23.254,4.783,7.37,6.056
46740,0.787,36.699,22.445,29.962,23.254,4.742,7.37,6.015
46741,0.787,36.297,22.48,29.953,23.247,4.661,7.208,5.934
46742,0.774,36.38,22.453,29.905,23.247,4.741,7.287,6.014
46743,0.774,36.534,22.477,29.952,23.251,4.742,7.207,5.974
46744,0.767,36.631,22.453,29.933,23.251,4.742,7.247,5.974
46745,0.767,36.46,22.434,29.924,23.237,4.661,7.125,5.852
46746,0.754,36.602,22.453,29.933,23.247,4.7,7.287,5.973
46747,0.764,36.766,22.5,29.991,23.265,4.945,7.41,6.096
46748,0.764,36.825,22.43,29.934,23.251,4.703,7.208,5.975
46749,0.754,36.347,22.449,29.952,23.247,4.823,7.206,5.974
46750,0.77,36.486,22.445,29.943,23.254,4.743,7.206,6.055
46751,0.77,36.612,22.465,29.952,23.258,4.864,7.247,6.056
46752,0.774,36.671,22.457,29.943,23.244,4.662,7.084,5.893
46753,0.767,36.316,22.445,29.914,23.247,4.741,7.083,6.014
46754,0.78,36.485,22.457,29.933,23.244,4.742,7.083,5.974
46755,0.78,36.583,22.453,29.924,23.244,4.701,7.042,5.974
46756,0.78,36.632,22.465,29.933,23.24,4.66,7.001,5.933
46757,0.787,36.297,22.508,29.933,23.251,4.822,7.123,6.055
46758,0.803,36.447,22.489,29.971,23.258,4.865,7.165,6.015
46759,0.794,36.563,22.473,29.924,23.247,4.824,7.084,6.056
46760,0.784,36.574,22.453,29.952,23.251,4.743,7.123,6.015
46761,0.79,36.363,22.484,29.933,23.254,4.823,7.124,6.056
46762,0.787,36.495,22.485,29.952,23.261,4.824,7.124,5.975
46763,0.777,36.593,22.453,29.895,23.237,4.661,6.921,5.933
46764,0.767,36.507,22.48,29.933,23.251,4.741,7.0,5.974
46765,0.767,36.391,22.422,29.924,23.247,4.742,7.001,5.933
46766,0.767,36.505,22.426,29.923,23.247,4.742,6.96,5.892
46767,0.761,36.602,22.492,29.895,23.244,4.742,7.0,5.892
46768,0.761,36.325,22.457,29.942,23.258,4.864,7.123,6.054
46769,0.77,36.447,22.477,29.962,23.251,4.784,7.083,6.056
46770,0.777,36.535,22.453,29.924,23.244,4.742,7.042,5.975
46771,0.784,36.631,22.469,29.923,23.247,4.823,7.123,5.933
46772,0.774,36.21,22.473,29.914,23.251,4.865,7.043,5.974
46773,0.787,36.331,22.449,29.943,23.251,4.784,7.164,5.974
46774,0.78,36.438,22.434,29.895,23.24,4.702,6.88,5.933
46775,0.78,36.506,22.465,29.923,23.24,4.742,7.04,5.933
46776,0.797,36.171,22.473,29.904,23.247,4.701,6.96,5.892
46777,0.8,36.302,22.485,29.914,23.244,4.782,7.0,5.892
46778,0.79,36.418,22.43,29.904,23.237,4.742,6.96,5.851
46779,0.797,36.506,22.465,29.923,23.251,4.823,7.0,6.013
46780,0.797,36.276,22.457,29.952,23.258,4.905,7.082,6.015
46781,0.79,36.399,22.481,29.924,23.247,4.784,7.042,5.974
46782,0.784,36.496,22.477,29.914,23.258,4.824,7.082,5.974
46783,0.777,36.554,22.453,29.933,23.251,4.824,7.083,6.015
46784,0.78,36.258,22.473,29.914,23.251,4.783,7.042,6.056
46785,0.774,36.36,22.399,29.914,23.237,4.742,7.001,5.893
46786,0.761,36.447,22.464,29.904,23.251,4.701,6.96,6.014
46787,0.774,36.515,22.508,29.923,23.254,4.742,7.082,6.015
46788,0.774,36.267,22.43,29.904,23.244,4.701,7.042,5.974
46789,0.764,36.418,22.461,29.885,23.244,4.782,7.082,6.015
46790,0.774,36.496,22.434,29.904,23.24,4.783,7.123,6.056
46791,0.784,36.784,22.515,29.933,23.265,4.864,7.327,6.178
46792,0.787,36.193,22.481,29.895,23.244,4.824,7.207,6.057
46793,0.79,36.302,22.473,29.923,23.247,4.743,7.165,6.056
46794,0.79,36.418,22.453,29.904,23.244,4.783,7.206,6.097
46795,0.8,36.285,22.434,29.933,23.254,4.824,7.206,6.138
46796,0.8,36.351,22.457,29.914,23.247,4.702,7.125,6.016
46797,0.79,36.438,22.457,29.876,23.244,4.701,7.165,6.015
46798,0.797,36.563,22.453,29.913,23.251,4.742,7.246,5.974
46799,0.81,36.047,22.457,29.895,23.251,4.701,7.206,5.933
46800,0.797,36.157,22.461,29.885,23.24,4.701,7.206,5.933
46801,0.781,36.273,22.555,29.904,23.237,4.701,7.247,6.055
46802,0.797,36.408,22.501,29.942,23.261,4.904,7.41,6.178
46803,0.794,36.179,22.485,29.905,23.254,4.744,7.208,5.976
46804,0.787,36.331,22.512,29.904,23.251,4.661,7.165,6.015
46805,0.79,36.447,22.477,29.895,23.251,4.782,7.206,6.096
46806,0.78,36.525,22.485,29.914,23.251,4.824,7.287,6.016
46807,0.774,36.152,22.481,29.904,23.247,4.743,7.247,6.015
46808,0.767,36.244,22.469,29.875,23.237,4.62,7.044,5.893
46809,0.767,36.389,22.461,29.904,23.251,4.781,7.164,6.054
46810,0.78,36.429,22.453,29.895,23.244,4.661,7.124,5.975
46811,0.787,36.141,22.512,29.885,23.24,4.741,7.124,5.974
46812,0.787,36.263,22.481,29.885,23.244,4.701,7.124,5.974
46813,0.793,36.399,22.5,29.914,23.254,4.863,7.327,6.177
46814,0.813,36.486,22.485,29.923,23.251,4.784,7.248,6.057
46815,0.8,36.171,22.43,29.904,23.244,4.783,7.206,6.097
46816,0.807,36.292,22.453,29.895,23.251,4.824,7.206,6.097
46817,0.807,36.408,22.477,29.894,23.251,4.783,7.165,6.056
46818,0.807,36.438,22.43,29.885,23.254,4.824,7.165,6.015
46819,0.807,36.247,22.414,29.885,23.24,4.702,7.043,5.893
46820,0.787,36.379,22.445,29.904,23.24,4.742,7.123,6.054
46821,0.793,36.476,22.5,29.895,23.244,4.742,7.124,6.015
46822,0.787,36.266,22.469,29.885,23.24,4.742,7.205,6.015
46823,0.78,36.178,22.477,29.885,23.24,4.661,7.165,5.974
46824,0.777,36.321,22.481,29.866,23.247,4.741,7.328,6.137
46825,0.78,36.447,22.512,29.932,23.261,4.945,7.37,6.098
46826,0.78,36.094,22.465,29.885,23.251,4.703,7.289,5.975
46827,0.771,36.195,22.481,29.894,23.247,4.701,7.247,6.137
46828,0.777,36.331,22.496,29.885,23.251,4.782,7.288,6.057
46829,0.774,36.409,22.477,29.914,23.251,4.824,7.329,6.097
46830,0.78,36.036,22.446,29.876,23.247,4.661,7.248,5.975
46831,0.767,36.147,22.457,29.865,23.244,4.66,7.288,6.015
46832,0.787,36.273,22.414,29.875,23.244,4.741,7.369,6.056
46833,0.79,36.36,22.461,29.875,23.24,4.783,7.452,6.015
46834,0.793,36.026,22.43,29.865,23.24,4.742,7.412,6.015
46835,0.787,36.176,22.476,29.923,23.244,4.742,7.533,6.056
46836,0.797,36.302,22.438,29.904,23.258,4.905,7.738,6.219
46837,0.816,36.37,22.5,29.885,23.247,4.784,7.74,6.017
46838,0.8,36.035,22.469,29.885,23.247,4.783,7.821,6.056
46839,0.8,36.156,22.446,29.866,23.251,4.824,7.944,6.056
46840,0.8,36.302,22.48,29.904,23.247,4.824,7.986,6.097
46841,0.8,36.351,22.5,29.895,23.251,4.824,8.027,6.097
46842,0.787,36.064,22.454,29.866,23.244,4.661,7.946,5.975
46843,0.784,36.186,22.449,29.865,23.244,4.741,8.108,6.096
46844,0.787,36.34,22.469,29.865,23.251,4.742,8.109,6.056
46845,0.777,36.342,22.453,29.865,23.237,4.701,8.109,6.056
46846,0.767,36.064,22.441,29.856,23.24,4.701,8.109,5.975
46847,0.767,36.195,22.496,29.875,23.251,4.823,8.354,6.137
46848,0.78,36.34,22.493,29.913,23.258,4.865,8.397,6.138
46849,0.78,36.361,22.493,29.885,23.251,4.784,8.356,6.057
46850,0.777,36.15,22.461,29.866,23.244,4.824,8.356,6.056
46851,0.79,36.292,22.492,29.885,23.251,4.865,8.397,6.097
46852,0.797,36.38,22.473,29.885,23.251,4.865,8.397,6.016
46853,0.79,35.911,22.43,29.856,23.24,4.743,8.275,5.934
46854,0.793,35.983,22.445,29.884,23.251,4.783,8.274,6.055
46855,0.8,36.079,22.449,29.866,23.251,4.824,8.274,6.015
46856,0.813,36.195,22.457,29.875,23.244,4.702,8.193,5.934
46857,0.807,35.88,22.484,29.846,23.244,4.701,8.232,5.892
46858,0.807,36.011,22.426,29.875,23.251,4.863,8.314,6.136
46859,0.823,36.185,22.48,29.904,23.251,4.784,8.315,6.057
46860,0.81,36.244,22.45,29.875,23.251,4.824,8.234,5.975
46861,0.816,35.976,22.496,29.865,23.247,4.824,8.233,6.015
46862,0.81,36.118,22.418,29.875,23.254,4.905,8.151,6.096
46863,0.8,36.253,22.414,29.885,23.247,4.825,8.11,6.016
46864,0.803,36.322,22.461,29.846,23.247,4.702,7.947,5.934
46865,0.8,35.872,22.426,29.856,23.251,4.742,8.026,5.974
46866,0.813,36.069,22.472,29.875,23.251,4.783,8.027,6.015
46867,0.807,36.147,22.52,29.865,23.244,4.742,7.987,5.974
46868,0.813,36.206,22.442,29.846,23.247,4.701,7.946,5.974
46869,0.816,36.005,22.465,29.865,23.244,4.823,8.067,6.096
46870,0.846,36.195,22.477,29.885,23.258,4.905,8.109,6.016
46871,0.846,36.254,22.516,29.875,23.247,4.784,7.947,6.056
46872,0.862,36.293,22.469,29.865,23.251,4.864,7.945,6.015
46873,0.866,36.025,22.485,29.865,23.247,4.784,7.945,6.015
46874,0.872,36.195,22.489,29.875,23.247,4.783,7.864,6.015
46875,0.885,36.283,22.465,29.885,23.244,4.742,7.782,5.934
46876,0.866,36.495,22.438,29.837,23.237,4.701,7.7,5.974
46877,0.876,36.094,22.496,29.836,23.247,4.782,7.861,5.974
46878,0.882,36.224,22.461,29.856,23.244,4.783,7.782,5.974
46879,0.876,36.321,22.426,29.856,23.244,4.742,7.74,5.893
46880,0.859,35.996,22.445,29.837,23.247,4.701,7.781,5.933
46881,0.862,36.022,22.48,29.875,23.258,4.904,7.944,6.136
46882,0.853,36.137,22.446,29.865,23.247,4.784,7.823,6.016
46883,0.849,36.225,22.437,29.856,23.251,4.783,7.781,6.015
46884,0.846,35.928,22.461,29.865,23.244,4.824,7.862,6.056
46885,0.856,36.069,22.403,29.865,23.251,4.865,7.944,6.015
46886,0.856,36.205,22.402,29.875,23.254,4.784,7.864,5.974
46887,0.846,36.264,22.484,29.837,23.23,4.661,7.741,5.974
46888,0.853,35.909,22.407,29.856,23.254,4.741,7.821,6.055
46889,0.869,36.031,22.386,29.856,23.244,4.742,7.781,6.015
46890,0.876,36.147,22.441,29.846,23.247,4.742,7.822,5.934
46891,0.882,36.206,22.496,29.827,23.244,4.742,7.781,6.014
46892,0.892,35.871,22.497,29.875,23.261,4.864,7.984,6.178
46893,0.902,36.04,22.516,29.885,23.254,4.743,7.824,6.098
46894,0.892,36.137,22.489,29.856,23.251,4.661,7.822,6.056
46895,0.899,36.186,22.454,29.846,23.247,4.822,7.863,6.056
46896,0.895,35.937,22.453,29.856,23.251,4.824,7.782,6.097
46897,0.902,36.05,22.488,29.856,23.251,4.824,7.822,6.097
46898,0.899,36.166,22.438,29.837,23.244,4.661,7.659,5.894
46899,0.905,36.215,22.445,29.836,23.247,4.741,7.698,6.054
46900,0.899,36.408,22.402,29.856,23.251,4.742,7.618,6.015
46901,0.895,36.525,22.464,29.846,23.244,4.701,7.657,6.015
46902,0.882,36.641,22.445,29.846,23.247,4.66,7.617,6.015
46903,0.876,36.671,22.441,29.856,23.251,4.741,7.657,6.137
46904,0.876,35.712,22.465,29.875,23.261,4.864,7.698,6.098
46905,0.872,35.827,22.442,29.846,23.247,4.743,7.618,6.056
46906,0.863,35.924,22.422,29.856,23.254,4.783,7.576,6.015
46907,0.853,35.992,22.492,29.865,23.251,4.824,7.616,6.178
46908,0.859,36.022,22.403,29.856,23.251,4.743,7.576,6.139
46909,0.856,36.156,22.445,29.827,23.244,4.783,7.454,5.976
46910,0.853,36.206,22.441,29.808,23.237,4.783,7.452,6.096
46911,0.879,35.823,22.5,29.855,23.247,4.742,7.452,6.056
46912,0.876,35.915,22.45,29.827,23.244,4.661,7.371,6.056
46913,0.872,36.031,22.445,29.846,23.244,4.7,7.289,6.015
46914,0.863,36.137,22.445,29.846,23.244,4.742,7.41,6.137
46915,0.872,35.784,22.43,29.875,23.254,4.864,7.493,6.138
46916,0.866,35.914,22.469,29.856,23.251,4.743,7.331,6.057
46917,0.859,36.031,22.516,29.837,23.244,4.783,7.41,6.056
46918,0.859,36.147,22.45,29.856,23.251,4.824,7.452,6.097
46919,0.853,35.793,22.469,29.846,23.254,4.783,7.452,6.097
46920,0.833,35.934,22.461,29.846,23.247,4.661,7.33,5.975
46921,0.81,36.012,22.484,29.827,23.247,4.741,7.37,6.015
46922,0.813,36.118,22.453,29.846,23.251,4.661,7.411,6.015
46923,0.807,35.85,22.434,29.837,23.24,4.7,7.371,6.015
46924,0.794,36.001,22.406,29.817,23.244,4.701,7.33,5.893
46925,0.784,36.118,22.359,29.827,23.247,4.742,7.41,6.054
46926,0.79,36.224,22.433,29.855,23.254,4.905,7.533,6.137
46927,0.787,35.9,22.48,29.846,23.244,4.784,7.372,6.057
46928,0.771,36.04,22.395,29.846,23.244,4.742,7.452,6.097
46929,0.774,36.166,22.46,29.856,23.251,4.783,7.452,6.056
46930,0.78,36.215,22.449,29.856,23.251,4.783,7.493,6.056
46931,0.78,35.746,22.508,29.837,23.244,4.742,7.331,5.893
46932,0.758,35.828,22.446,29.808,23.244,4.742,7.451,6.054
46933,0.78,35.963,22.453,29.836,23.247,4.701,7.452,6.015
46934,0.764,36.204,22.465,29.836,23.247,4.701,7.371,6.015
46935,0.774,35.832,22.383,29.817,23.244,4.66,7.411,6.015
46936,0.767,35.963,22.441,29.807,23.244,4.741,7.493,6.056
46937,0.78,36.117,22.515,29.855,23.258,4.783,7.616,6.097
46938,0.767,35.812,22.438,29.837,23.251,4.783,7.495,6.016
46939,0.764,35.847,22.461,29.836,23.247,4.702,7.371,6.056
46940,0.764,35.992,22.492,29.836,23.254,4.782,7.452,6.097
46941,0.751,36.079,22.532,29.836,23.254,4.783,7.371,6.138
46942,0.754,35.754,22.415,29.836,23.251,4.702,7.37,5.935
46943,0.735,35.856,22.429,29.808,23.244,4.66,7.33,6.014
46944,0.738,36.011,22.441,29.826,23.244,4.741,7.329,6.056
46945,0.728,36.099,22.414,29.817,23.244,4.661,7.329,6.015
46946,0.725,35.716,22.418,29.807,23.237,4.579,7.289,5.974
46947,0.718,35.827,22.5,29.826,23.244,4.659,7.329,6.055
46948,0.718,35.991,22.403,29.855,23.254,4.904,7.451,6.137
46949,0.724,36.089,22.429,29.846,23.247,4.744,7.33,5.976
46950,0.724,35.716,22.461,29.837,23.251,4.783,7.289,6.015
46951,0.731,35.856,22.512,29.846,23.251,4.742,7.369,6.137
46952,0.731,35.982,22.473,29.856,23.254,4.823,7.248,6.098
46953,0.731,36.031,22.449,29.817,23.251,4.702,7.206,5.975
46954,0.734,35.802,22.418,29.817,23.24,4.742,7.206,6.096
46955,0.741,35.972,22.422,29.827,23.244,4.783,7.165,6.097
46956,0.747,36.079,22.418,29.808,23.244,4.702,7.246,6.016
46957,0.751,36.099,22.5,29.798,23.24,4.742,7.206,6.015
46958,0.754,35.649,22.43,29.807,23.247,4.742,7.247,6.056
46959,0.77,35.846,22.476,29.855,23.258,4.905,7.288,6.097
46960,0.754,35.944,22.481,29.827,23.251,4.784,7.207,6.056
46961,0.741,35.954,22.516,29.827,23.247,4.783,7.165,6.097
46962,0.744,35.849,22.43,29.827,23.251,4.702,7.246,6.097
46963,0.728,36.011,22.441,29.836,23.251,4.823,7.166,6.138
46964,0.725,36.089,22.449,29.808,23.237,4.702,7.043,6.057
46965,0.711,35.812,22.363,29.817,23.247,4.742,7.204,6.056
46966,0.724,35.752,22.409,29.817,23.251,4.701,7.206,6.056
46967,0.715,35.856,22.48,29.817,23.244,4.66,7.084,6.015
46968,0.702,35.953,22.426,29.817,23.24,4.66,7.083,6.015
46969,0.705,35.763,22.41,29.827,23.247,4.782,7.286,6.218
46970,0.734,35.904,22.492,29.855,23.258,4.783,7.288,6.18
46971,0.725,36.002,22.5,29.817,23.254,4.783,7.247,6.139
46972,0.728,36.108,22.481,29.817,23.244,4.783,7.206,6.138
46973,0.734,35.63,22.446,29.817,23.258,4.783,7.287,6.219
46974,0.741,35.788,22.477,29.836,23.244,4.783,7.207,6.139
46975,0.731,35.895,22.375,29.798,23.237,4.661,7.003,5.976
46976,0.734,35.963,22.433,29.798,23.251,4.7,7.285,6.177
46977,0.744,35.628,22.496,29.798,23.244,4.66,7.166,6.057
46978,0.757,35.778,22.411,29.807,23.244,4.7,7.206,6.137
46979,0.748,35.876,22.429,29.798,23.24,4.66,7.165,6.098
46980,0.738,35.954,22.445,29.807,23.258,4.822,7.287,6.178
46981,0.744,35.648,22.492,29.846,23.251,4.865,7.329,6.22
46982,0.731,35.759,22.473,29.817,23.247,4.743,7.167,6.139
46983,0.731,35.876,22.438,29.817,23.247,4.783,7.165,6.098
46984,0.728,35.944,22.48,29.827,23.244,4.824,7.165,6.138
46985,0.734,35.782,22.469,29.846,23.247,4.783,7.206,6.098
46986,0.728,35.866,22.434,29.798,23.24,4.62,7.003,6.016
46987,0.712,35.953,22.48,29.817,23.247,4.741,7.123,6.178
46988,0.728,36.041,22.411,29.836,23.244,4.742,7.083,6.098
46989,0.725,35.754,22.441,29.808,23.247,4.701,7.083,6.097
46990,0.724,35.866,22.406,29.798,23.24,4.701,6.961,6.056
46991,0.734,35.973,22.476,29.817,23.247,4.742,7.122,6.219
46992,0.757,36.012,22.473,29.846,23.254,4.864,7.205,6.22
46993,0.751,35.782,22.453,29.817,23.244,4.702,7.043,6.139
46994,0.757,35.914,22.449,29.836,23.254,4.782,7.082,6.138
46995,0.757,36.011,22.41,29.817,23.251,4.783,7.083,6.138
46996,0.764,35.696,22.433,29.817,23.254,4.783,7.083,6.098
46997,0.767,35.741,22.469,29.798,23.24,4.661,6.961,5.975
46998,0.754,35.856,22.438,29.788,23.247,4.66,7.0,6.137
46999,0.767,35.973,22.465,29.817,23.24,4.66,6.96,6.098
47000,0.754,35.561,22.43,29.807,23.244,4.66,6.919,6.056
47001,0.748,35.682,22.496,29.807,23.247,4.66,6.919,6.056
47002,0.738,35.817,22.45,29.807,23.254,4.741,7.041,6.178
47003,0.744,35.953,22.465,29.846,23.265,4.905,7.082,6.139
47004,0.738,35.676,22.469,29.798,23.248,4.703,7.042,6.138
47005,0.738,35.808,22.414,29.807,23.247,4.742,7.001,6.098
47006,0.734,35.943,22.449,29.807,23.251,4.783,7.041,6.138
47007,0.728,36.021,22.469,29.826,23.251,4.824,7.001,6.179
47008,0.738,35.504,22.422,29.817,23.244,4.661,6.879,6.057
47009,0.738,35.633,22.433,29.798,23.247,4.741,7.04,6.056
47010,0.773,35.759,22.453,29.807,23.244,4.742,7.042,6.056
47011,0.806,35.818,22.492,29.798,23.247,4.661,7.001,6.015
47012,0.833,35.675,22.454,29.788,23.244,4.7,6.96,6.015
47013,0.869,35.808,22.453,29.798,23.254,4.782,7.122,6.137
47014,0.915,35.962,22.445,29.836,23.261,4.864,7.205,6.138
47015,0.928,35.954,22.371,29.836,23.251,4.784,7.125,6.098
47016,0.951,35.715,22.433,29.817,23.251,4.742,7.083,6.097
47017,0.977,35.856,22.476,29.817,23.251,4.742,7.164,6.097
47018,0.981,35.963,22.422,29.827,23.251,4.823,7.124,6.056
47019,1.007,36.28,22.426,29.798,23.244,4.661,7.002,5.975
47020,1.001,35.603,22.437,29.778,23.244,4.741,7.123,6.137
47021,1.023,35.749,22.476,29.797,23.247,4.823,7.002,6.098
47022,1.046,35.866,22.453,29.807,23.247,4.783,7.041,6.097
47023,1.079,35.656,22.453,29.788,23.237,4.661,7.001,6.056
47024,1.118,35.683,22.414,29.798,23.244,4.7,7.082,6.178
47025,1.177,35.856,22.457,29.836,23.265,4.863,7.205,6.301
47026,1.227,35.934,22.445,29.808,23.244,4.743,7.084,6.14
47027,1.26,35.513,22.5,29.798,23.247,4.783,7.083,6.179
47028,1.299,35.643,22.512,29.817,23.254,4.824,7.123,6.261
47029,1.312,35.788,22.434,29.807,23.251,4.824,7.043,6.262
47030,1.322,35.866,22.496,29.798,23.247,4.743,6.96,6.221
47031,1.313,35.599,22.485,29.778,23.24,4.701,7.041,6.22
47032,1.319,35.778,22.469,29.797,23.251,4.742,7.042,6.22
47033,1.352,35.895,22.422,29.798,23.244,4.661,7.001,6.22
47034,1.365,35.963,22.406,29.798,23.244,4.741,6.96,6.261
47035,1.362,35.475,22.429,29.788,23.244,4.742,6.96,6.302
47036,1.342,35.652,22.41,29.836,23.258,4.864,7.163,6.425
47037,1.323,35.76,22.472,29.798,23.251,4.702,7.002,6.385
47038,1.316,35.837,22.461,29.798,23.254,4.742,7.041,6.344
47039,1.306,35.589,22.418,29.798,23.251,4.701,7.001,6.425
47040,1.264,35.759,22.488,29.798,23.258,4.823,7.082,6.466
47041,1.208,35.837,22.477,29.807,23.254,4.702,6.961,6.426
47042,1.142,35.886,22.473,29.769,23.24,4.782,7.041,6.548
47043,1.09,35.618,22.469,29.788,23.254,4.702,7.001,6.752
47044,1.027,35.74,22.438,29.798,23.251,4.742,6.919,6.917
47045,0.965,35.837,22.414,29.778,23.244,4.661,6.878,7.0
47046,0.929,35.876,22.422,29.788,23.247,4.741,7.0,7.326
47047,0.873,35.685,22.484,29.817,23.254,4.864,7.123,7.614
47048,0.83,35.798,22.43,29.788,23.247,4.702,7.002,7.82
47049,0.765,35.914,22.469,29.798,23.247,4.701,7.082,8.066
47050,0.738,35.695,22.461,29.807,23.251,4.823,7.002,8.312
47051,0.721,35.559,22.524,29.807,23.258,4.783,7.041,8.518
47052,0.689,35.682,22.473,29.788,23.244,4.702,6.879,8.601
47053,0.646,35.76,22.446,29.798,23.251,4.701,7.04,8.927
47054,0.639,35.483,22.473,29.798,23.244,4.742,6.96,8.972
47055,0.629,35.595,22.449,29.798,23.244,4.742,6.919,9.135
47056,0.593,35.711,22.422,29.778,23.24,4.661,6.919,9.177
47057,0.593,35.779,22.429,29.788,23.247,4.822,7.081,9.421
47058,0.622,35.492,22.461,29.826,23.251,4.783,7.002,9.383
47059,0.665,35.595,22.438,29.779,23.247,4.742,6.96,9.464
47060,0.698,35.701,22.449,29.797,23.251,4.701,7.0,9.546
47061,0.727,35.808,22.441,29.798,23.251,4.782,7.041,9.71
47062,0.751,35.56,22.461,29.798,23.251,4.783,6.96,9.752
47063,0.761,35.672,22.418,29.778,23.24,4.62,6.838,9.793
47064,0.777,35.817,22.445,29.778,23.254,4.7,6.958,10.118
47065,0.79,35.886,22.437,29.778,23.251,4.701,6.96,10.203
47066,0.797,35.484,22.453,29.769,23.247,4.701,6.96,10.448
47067,0.79,35.604,22.48,29.769,23.244,4.66,6.96,10.816
47068,0.803,35.73,22.442,29.788,23.254,4.822,7.163,11.105
47069,0.813,35.866,22.469,29.826,23.258,4.824,7.043,11.23
47070,0.8,35.589,22.418,29.788,23.247,4.783,7.082,11.434
47071,0.813,35.711,22.488,29.798,23.258,4.742,7.123,11.558
47072,0.823,35.818,22.461,29.807,23.254,4.783,7.124,11.762
47073,0.83,35.876,22.477,29.798,23.247,4.824,7.165,11.764
47074,0.83,35.484,22.461,29.759,23.237,4.661,7.002,11.724
47075,0.817,35.585,22.449,29.845,23.247,4.7,7.123,11.805
47076,0.82,35.721,22.449,29.808,23.251,4.701,7.124,11.846
47077,0.833,35.837,22.484,29.769,23.247,4.701,7.083,11.765
47078,0.83,35.483,22.43,29.778,23.24,4.62,7.083,11.683
47079,0.833,35.604,22.437,29.778,23.254,4.781,7.245,11.804
47080,0.836,35.749,22.476,29.817,23.261,4.824,7.247,11.684
47081,0.813,35.473,22.473,29.788,23.251,4.743,7.206,11.642
47082,0.816,35.547,22.368,29.798,23.251,4.742,7.165,11.56
47083,0.813,35.682,22.405,29.788,23.251,4.783,7.206,11.478
47084,0.807,35.789,22.418,29.817,23.254,4.702,7.165,11.396
47085,0.807,35.502,22.433,29.817,23.244,4.62,6.962,11.151
47086,0.797,35.624,22.406,29.788,23.251,4.659,7.163,11.108
47087,0.8,35.74,22.457,29.788,23.247,4.741,7.124,11.067
47088,0.8,35.866,22.422,29.807,23.24,4.661,7.083,10.904
47089,0.787,35.378,22.429,29.779,23.247,4.66,7.042,10.861
47090,0.793,35.527,22.472,29.778,23.251,4.822,7.204,10.902
47091,0.816,35.682,22.516,29.817,23.258,4.783,7.125,10.739
47092,0.803,35.731,22.458,29.779,23.244,4.824,7.124,10.697
47093,0.803,35.521,22.449,29.788,23.247,4.783,7.124,10.575
47094,0.816,35.662,22.438,29.788,23.247,4.783,7.165,10.533
47095,0.823,35.798,22.418,29.817,23.251,4.783,7.124,10.41
47096,0.82,35.828,22.441,29.779,23.24,4.62,6.961,10.165
47097,0.823,35.483,22.504,29.769,23.251,4.659,7.082,10.163
47098,0.826,35.633,22.395,29.769,23.244,4.66,7.083,10.0
47099,0.826,35.769,22.433,29.769,23.247,4.7,7.042,9.836
47100,0.82,35.78,22.476,29.769,23.24,4.701,7.042,9.794
47101,0.82,35.492,22.481,29.778,23.251,4.782,7.164,9.915
47102,0.839,35.672,22.407,29.807,23.258,4.864,7.165,9.672
47103,0.82,35.75,22.375,29.788,23.244,4.743,7.165,9.629
47104,0.817,35.789,22.421,29.788,23.251,4.742,7.124,9.466
47105,0.813,35.521,22.437,29.845,23.251,4.783,7.124,9.465
47106,0.803,35.653,22.41,29.798,23.254,4.742,7.165,9.302
47107,0.79,35.731,22.468,29.759,23.24,4.62,7.043,9.138
47108,0.793,35.501,22.406,29.826,23.251,4.741,7.123,9.177
47109,0.793,35.48,22.429,29.779,23.24,4.783,7.043,9.015
47110,0.803,35.585,22.449,29.769,23.244,4.62,7.042,8.972
47111,0.81,35.682,22.465,29.788,23.244,4.7,6.96,8.891
47112,0.81,35.28,22.461,29.769,23.254,4.823,7.122,8.93
47113,0.826,35.42,22.422,29.807,23.258,4.865,7.083,8.809
47114,0.813,35.546,22.461,29.788,23.247,4.743,7.083,8.686
47115,0.826,35.624,22.442,29.826,23.251,4.783,7.123,8.603
47116,0.83,35.395,22.453,29.808,23.251,4.783,7.124,8.684
47117,0.833,35.517,22.496,29.779,23.251,4.864,7.043,8.44
47118,0.83,35.634,22.309,29.769,23.244,4.581,6.879,8.275
47119,0.83,35.721,22.417,29.778,23.244,4.74,7.04,8.355
47120,0.82,35.358,22.445,29.769,23.244,4.661,7.042,8.275
47121,0.823,35.507,22.496,29.769,23.244,4.741,7.001,8.152
47122,0.82,35.624,22.364,29.778,23.24,4.661,6.96,8.191
47123,0.826,35.702,22.425,29.807,23.265,4.822,7.244,8.273
47124,0.826,35.501,22.429,29.798,23.254,4.783,7.003,8.071
47125,0.817,35.633,22.437,29.865,23.247,4.702,7.082,8.069
47126,0.826,35.75,22.43,29.779,23.251,4.782,7.083,7.987
47127,0.817,35.78,22.449,29.797,23.254,4.783,7.042,7.986
47128,0.807,35.339,22.441,29.846,23.258,4.702,7.123,7.946
47129,0.803,35.449,22.387,29.769,23.237,4.66,7.043,7.783
47130,0.8,35.547,22.437,29.797,23.244,4.741,7.082,7.781
47131,0.813,35.595,22.504,29.778,23.244,4.783,7.123,7.74
47132,0.816,35.395,22.45,29.769,23.24,4.702,7.083,7.618
47133,0.826,35.517,22.48,29.769,23.244,4.66,7.083,7.617
47134,0.833,35.634,22.461,29.788,23.254,4.822,7.286,7.779
47135,0.846,35.663,22.383,29.826,23.254,4.824,7.207,7.618
47136,0.84,35.453,22.437,29.788,23.251,4.783,7.287,7.576
47137,0.852,35.575,22.465,29.778,23.254,4.742,7.166,7.575
47138,0.846,35.682,22.406,29.797,23.254,4.783,7.287,7.535
47139,0.859,35.328,22.41,29.788,23.247,4.824,7.207,7.453
47140,0.836,35.382,22.453,29.74,23.237,4.661,7.125,7.371
47141,0.833,35.536,22.508,29.778,23.244,4.741,7.246,7.411
47142,0.836,35.634,22.43,29.788,23.24,4.742,7.247,7.33
47143,0.833,35.29,22.461,29.778,23.247,4.742,7.206,7.207
47144,0.82,35.411,22.449,29.74,23.244,4.701,7.206,7.247
47145,0.82,35.546,22.473,29.787,23.258,4.823,7.328,7.369
47146,0.836,35.701,22.442,29.798,23.251,4.783,7.248,7.289
47147,0.823,35.309,22.473,29.778,23.251,4.824,7.247,7.247
47148,0.817,35.488,22.446,29.769,23.251,4.743,7.288,7.288
47149,0.82,35.595,22.398,29.788,23.251,4.783,7.288,7.247
47150,0.83,35.682,22.453,29.778,23.247,4.783,7.288,7.125
47151,0.833,35.357,22.426,29.75,23.24,4.661,7.207,7.002
47152,0.833,35.517,22.426,29.768,23.251,4.782,7.287,7.123
47153,0.846,35.643,22.453,29.759,23.251,4.742,7.207,7.002
47154,0.843,35.692,22.441,29.749,23.244,4.661,7.247,7.001
47155,0.833,35.3,22.34,29.797,23.24,4.7,7.328,7.041
47156,0.852,35.487,22.413,29.788,23.254,4.904,7.492,7.123
47157,0.866,35.585,22.484,29.778,23.251,4.744,7.29,7.002
47158,0.84,35.605,22.45,29.788,23.251,4.823,7.451,6.96
47159,0.862,35.433,22.438,29.778,23.251,4.824,7.33,6.96
47160,0.866,35.566,22.484,29.778,23.254,4.865,7.41,6.919
47161,0.856,35.672,22.477,29.778,23.244,4.662,7.249,6.878
47162,0.843,35.999,22.407,29.74,23.244,4.822,7.328,6.877
47163,0.846,35.399,22.398,29.759,23.254,4.743,7.329,6.755
47164,0.836,35.517,22.433,29.769,23.244,4.701,7.289,6.795
47165,0.836,35.643,22.43,29.797,23.251,4.701,7.247,6.795
47166,0.826,35.261,22.406,29.769,23.251,4.823,7.369,6.877
47167,0.839,35.314,22.496,29.797,23.261,4.824,7.37,6.877
47168,0.836,35.421,22.454,29.788,23.251,4.783,7.248,6.837
47169,0.826,35.517,22.473,29.769,23.247,4.783,7.247,6.877
47170,0.849,35.288,22.488,29.759,23.251,4.824,7.288,6.877
47171,0.856,35.42,22.477,29.769,23.251,4.824,7.329,6.796
47172,0.843,35.537,22.387,29.759,23.237,4.702,7.126,6.592
47173,0.853,35.605,22.398,29.749,23.24,4.823,7.205,6.712
47174,0.866,35.212,22.429,29.759,23.244,4.702,7.247,6.672
47175,0.862,35.372,22.398,29.759,23.24,4.742,7.206,6.672
47176,0.866,35.469,22.39,29.73,23.244,4.742,7.165,6.631
47177,0.866,35.547,22.414,29.759,23.247,4.701,7.287,6.794
47178,0.885,35.222,22.441,29.797,23.258,4.904,7.369,6.673
47179,0.879,35.352,22.441,29.759,23.254,4.744,7.248,6.631
47180,0.876,35.469,22.48,29.778,23.247,4.783,7.247,6.672
47181,0.869,35.518,22.477,29.759,23.258,4.824,7.206,6.672
47182,0.876,35.279,22.449,29.759,23.247,4.783,7.247,6.591
47183,0.863,35.411,22.43,29.749,23.24,4.661,7.125,6.468
47184,0.849,35.489,22.437,29.749,23.244,4.741,7.205,6.548
47185,0.849,35.566,22.453,29.74,23.244,4.783,7.206,6.59
47186,0.856,35.222,22.434,29.759,23.24,4.702,7.084,6.59
47187,0.846,35.362,22.469,29.749,23.237,4.66,7.164,6.509
47188,0.843,35.479,22.453,29.788,23.247,4.782,7.206,6.67
47189,0.856,35.537,22.43,29.798,23.258,4.864,7.247,6.591
47190,0.869,35.336,22.469,29.769,23.247,4.743,7.166,6.509
47191,0.876,35.459,22.473,29.759,23.247,4.783,7.165,6.508
47192,0.869,35.585,22.379,29.778,23.251,4.824,7.206,6.589
47193,0.876,35.375,22.441,29.769,23.251,4.783,7.165,6.549
47194,0.882,35.239,22.43,29.759,23.244,4.661,7.002,6.346
47195,0.876,35.372,22.449,29.74,23.244,4.741,7.082,6.547
47196,0.879,35.488,22.406,29.749,23.247,4.742,7.083,6.508
47197,0.889,35.25,22.449,29.74,23.244,4.62,7.002,6.386
47198,0.892,35.362,22.438,29.74,23.247,4.659,6.96,6.425
47199,0.895,35.498,22.445,29.749,23.244,4.741,7.082,6.548
47200,0.895,35.624,22.527,29.768,23.261,4.905,7.123,6.508
47201,0.886,35.107,22.454,29.749,23.244,4.744,6.961,6.427
47202,0.885,35.255,22.473,29.759,23.247,4.742,7.041,6.466
47203,0.879,35.391,22.442,29.759,23.254,4.783,6.92,6.467
47204,0.876,35.469,22.465,29.769,23.251,4.824,7.0,6.426
47205,0.879,35.211,22.426,29.73,23.24,4.702,6.879,6.182
47206,0.863,35.324,22.418,29.739,23.244,4.742,6.959,6.383
47207,0.872,35.449,22.472,29.759,23.244,4.742,7.0,6.385
47208,0.863,35.547,22.438,29.759,23.244,4.742,6.96,6.344
47209,0.862,35.212,22.418,29.73,23.24,4.701,6.919,6.303
47210,0.872,35.362,22.457,29.739,23.251,4.742,7.122,6.465
47211,0.905,35.498,22.477,29.787,23.261,4.864,7.205,6.386
47212,0.892,35.547,22.461,29.759,23.247,4.743,7.125,6.344
47213,0.895,35.202,22.449,29.759,23.254,4.742,7.124,6.466
47214,0.902,35.352,22.457,29.769,23.254,4.783,7.205,6.426
47215,0.905,35.469,22.43,29.769,23.251,4.824,7.206,6.385
47216,0.912,35.48,22.406,29.74,23.251,4.621,7.125,6.303
47217,0.892,35.115,22.441,29.74,23.244,4.781,7.246,6.302
47218,0.915,35.294,22.414,29.749,23.244,4.661,7.288,6.302
47219,0.918,35.392,22.414,29.73,23.244,4.7,7.288,6.262
47220,0.912,35.517,22.429,29.73,23.24,4.701,7.207,6.302
47221,0.908,35.298,22.472,29.749,23.254,4.823,7.409,6.425
47222,0.934,35.478,22.383,29.807,23.261,4.824,7.411,6.344
47223,0.905,35.547,22.421,29.759,23.251,4.743,7.411,6.303
47224,0.905,35.183,22.449,29.74,23.251,4.823,7.371,6.302
47225,0.905,35.256,22.441,29.749,23.254,4.743,7.452,6.343
47226,0.912,35.382,22.449,29.759,23.251,4.783,7.412,6.425
47227,0.908,35.45,22.477,29.73,23.244,4.661,7.33,6.222
47228,0.892,35.086,22.434,29.739,23.251,4.7,7.41,6.302
47229,0.899,35.236,22.445,29.759,23.251,4.782,7.371,6.262
47230,0.905,35.343,22.453,29.74,23.247,4.661,7.37,6.302
47231,0.912,35.402,22.449,29.73,23.237,4.66,7.37,6.302
47232,0.915,35.21,22.441,29.759,23.244,4.782,7.573,6.384
47233,0.935,35.391,22.465,29.769,23.261,4.824,7.454,6.344
47234,0.935,35.488,22.43,29.749,23.247,4.783,7.412,6.303
47235,0.935,35.566,22.445,29.759,23.251,4.824,7.493,6.302
47236,0.938,35.116,22.418,29.769,23.251,4.824,7.534,6.302
47237,0.945,35.236,22.437,29.759,23.251,4.824,7.453,6.302
47238,0.945,35.362,22.445,29.73,23.237,4.661,7.371,6.14
47239,0.945,35.402,22.437,29.749,23.244,4.741,7.492,6.26
47240,0.951,35.143,22.441,29.74,23.251,4.742,7.494,6.18
47241,0.945,35.285,22.437,29.759,23.244,4.701,7.412,6.22
47242,0.935,35.411,22.394,29.74,23.244,4.701,7.452,6.18
47243,0.938,35.45,22.421,29.74,23.251,4.742,7.615,6.301
47244,0.951,35.326,22.437,29.797,23.265,4.823,7.617,6.302
47245,0.941,35.43,22.406,29.759,23.254,4.824,7.454,6.262
47246,0.938,35.556,22.414,29.759,23.247,4.743,7.452,6.302
47247,0.951,35.586,22.433,29.759,23.244,4.742,7.534,6.302
47248,0.938,35.26,22.472,29.769,23.254,4.823,7.453,6.262
47249,0.945,35.391,22.422,29.749,23.244,4.661,7.33,6.18
47250,0.935,35.45,22.488,29.73,23.24,4.741,7.451,6.261
47251,0.954,35.412,22.446,29.759,23.247,4.701,7.371,6.302
47252,0.958,35.441,22.422,29.74,23.247,4.742,7.33,6.221
47253,0.974,35.546,22.445,29.74,23.244,4.62,7.289,6.261
47254,0.981,35.672,22.441,29.749,23.254,4.7,7.491,6.424
47255,0.987,35.28,22.465,29.797,23.261,4.863,7.331,6.304
47256,0.978,35.363,22.399,29.759,23.251,4.743,7.289,6.262
47257,0.994,35.479,22.464,29.759,23.251,4.742,7.288,6.262
47258,1.0,35.566,22.465,29.769,23.254,4.783,7.288,6.302
47259,1.007,35.413,22.418,29.769,23.251,4.783,7.288,6.221
47260,0.991,35.537,22.468,29.74,23.237,4.702,7.085,6.098
47261,0.981,35.653,22.465,29.749,23.251,4.782,7.164,6.26
47262,0.987,35.74,22.403,29.759,23.247,4.742,7.165,6.18
47263,0.987,35.434,22.406,29.759,23.244,4.742,7.165,6.098
47264,0.991,35.585,22.39,29.73,23.237,4.661,7.084,6.138
47265,0.987,35.711,22.437,29.759,23.251,4.741,7.286,6.341
47266,1.004,35.798,22.426,29.797,23.254,4.823,7.247,6.221
47267,0.987,35.617,22.461,29.75,23.251,4.783,7.206,6.302
47268,0.984,35.759,22.418,29.759,23.258,4.742,7.165,6.18
47269,1.004,35.876,22.429,29.769,23.251,4.783,7.124,6.22
47270,1.004,35.915,22.484,29.759,23.258,4.742,7.124,6.18
47271,1.007,35.666,22.473,29.721,23.234,4.579,7.083,6.098
47272,1.007,35.817,22.469,29.749,23.244,4.781,7.164,6.219
47273,1.03,35.924,22.446,29.74,23.251,4.661,7.165,6.18
47274,1.03,35.944,22.43,29.73,23.24,4.66,7.124,6.139
47275,1.033,35.82,22.457,29.739,23.24,4.7,7.124,6.179
47276,1.04,35.963,22.43,29.749,23.251,4.863,7.246,6.261
47277,1.063,36.089,22.457,29.778,23.251,4.784,7.125,6.18
47278,1.056,36.08,22.434,29.74,23.247,4.742,7.205,6.179
47279,1.069,35.994,22.441,29.74,23.247,4.823,7.206,6.139
47280,1.066,36.127,22.512,29.749,23.254,4.824,7.206,6.179
47281,1.063,36.196,22.423,29.778,23.247,4.783,7.125,6.139
47282,1.053,35.928,22.422,29.711,23.24,4.661,7.002,6.016
47283,1.037,36.002,22.422,29.758,23.247,4.822,7.123,6.096
47284,1.043,36.156,22.433,29.74,23.251,4.702,7.124,6.138
47285,1.043,36.225,22.363,29.74,23.244,4.701,7.124,6.057
47286,1.056,36.13,22.382,29.74,23.244,4.701,7.083,6.097
47287,1.05,36.282,22.456,29.759,23.254,4.863,7.205,6.26
47288,1.073,36.447,22.379,29.797,23.265,4.824,7.165,6.18
47289,1.056,36.496,22.402,29.759,23.244,4.783,7.165,6.139
47290,1.073,36.209,22.457,29.749,23.247,4.742,7.287,6.301
47291,1.083,36.36,22.504,29.768,23.254,4.823,7.166,6.18
47292,1.086,36.476,22.485,29.749,23.247,4.824,7.165,6.22
47293,1.096,36.525,22.434,29.73,23.247,4.661,7.084,6.058
47294,1.092,36.401,22.453,29.759,23.251,4.782,7.164,6.178
47295,1.102,36.563,22.438,29.74,23.244,4.742,7.206,6.179
47296,1.106,36.67,22.418,29.74,23.244,4.742,7.206,6.139
47297,1.122,36.7,22.457,29.72,23.247,4.661,7.125,6.138
47298,1.112,36.518,22.406,29.73,23.247,4.782,7.287,6.219
47299,1.135,36.689,22.425,29.797,23.261,4.905,7.288,6.22
47300,1.125,36.767,22.476,29.75,23.247,4.825,7.166,6.261
47301,1.112,36.806,22.453,29.759,23.244,4.824,7.165,6.262
47302,1.128,36.682,22.438,29.769,23.251,4.824,7.287,6.262
47303,1.116,36.805,22.406,29.769,23.258,4.905,7.166,6.262
47304,1.119,36.903,22.429,29.74,23.241,4.703,7.124,6.017
47305,1.102,37.23,22.414,29.74,23.244,4.782,7.165,6.056
47306,1.115,36.859,22.398,29.74,23.247,4.783,7.165,6.137
47307,1.119,36.98,22.437,29.73,23.237,4.742,7.084,6.138
47308,1.115,37.077,22.394,29.73,23.24,4.742,7.002,6.138
47309,1.115,36.905,22.394,29.759,23.244,4.742,7.204,6.26
47310,1.135,37.009,22.453,29.788,23.261,4.945,7.328,6.302
47311,1.142,37.106,22.434,29.75,23.251,4.825,7.126,6.18
47312,1.132,37.203,22.422,29.73,23.247,4.783,7.124,6.22
47313,1.145,36.993,22.414,29.749,23.244,4.864,7.124,6.22
47314,1.161,37.115,22.429,29.759,23.254,4.865,7.165,6.18
47315,1.158,37.241,22.465,29.759,23.247,4.743,7.043,6.098
47316,1.155,37.281,22.438,29.73,23.237,4.701,7.042,6.097
47317,1.168,37.061,22.437,29.739,23.244,4.782,7.042,6.097
47318,1.171,37.202,22.441,29.72,23.247,4.742,7.042,6.138
47319,1.171,37.309,22.449,29.72,23.247,4.742,7.042,6.098
47320,1.165,37.378,22.465,29.73,23.244,4.742,7.042,6.056
47321,1.161,37.196,22.426,29.768,23.258,4.905,7.204,6.259
47322,1.174,37.367,22.422,29.769,23.247,4.825,7.165,6.099
47323,1.155,37.445,22.379,29.759,23.247,4.824,7.084,6.138
47324,1.152,37.503,22.402,29.769,23.254,4.824,7.164,6.098
47325,1.152,37.389,22.414,29.749,23.251,4.824,7.165,6.138
47326,1.161,37.522,22.418,29.759,23.254,4.824,7.206,6.057
47327,1.145,37.581,22.418,29.721,23.24,4.702,7.003,6.056
47328,1.122,37.649,22.402,29.759,23.244,4.742,7.163,6.137
47329,1.135,37.39,22.433,29.749,23.247,4.823,7.206,6.098
47330,1.132,37.493,22.465,29.74,23.24,4.783,7.247,6.097
47331,1.148,37.6,22.434,29.74,23.247,4.742,7.247,6.097
47332,1.142,37.649,22.394,29.759,23.254,4.905,7.41,6.219
47333,1.165,37.64,22.449,29.778,23.258,4.865,7.289,6.098
47334,1.155,37.697,22.453,29.74,23.251,4.824,7.329,6.178
47335,1.155,37.803,22.434,29.749,23.251,4.783,7.329,6.139
47336,1.161,37.613,22.441,29.749,23.251,4.864,7.289,6.219
47337,1.168,37.524,22.445,29.749,23.254,4.824,7.288,6.098
47338,1.155,37.639,22.43,29.73,23.244,4.661,7.207,5.975
47339,1.145,37.745,22.418,29.739,23.244,4.741,7.287,6.137
47340,1.129,37.487,22.465,29.74,23.251,4.823,7.329,6.098
47341,1.122,37.571,22.445,29.73,23.24,4.702,7.248,6.016
47342,1.109,37.716,22.406,29.73,23.244,4.66,7.288,6.056
47343,1.102,37.803,22.41,29.749,23.254,4.822,7.451,6.178
47344,1.115,37.613,22.464,29.759,23.254,4.824,7.412,6.139
47345,1.086,37.716,22.43,29.74,23.247,4.783,7.33,6.057
47346,1.079,37.832,22.441,29.759,23.244,4.824,7.37,6.097
47347,1.07,37.9,22.449,29.74,23.254,4.824,7.33,6.097
47348,1.06,37.633,22.406,29.768,23.254,4.865,7.329,6.178
47349,1.05,37.735,22.406,29.749,23.237,4.743,7.167,6.057
47350,1.043,37.852,22.453,29.74,23.244,4.783,7.246,6.137
47351,1.05,37.901,22.434,29.73,23.251,4.824,7.288,6.138
47352,1.05,37.585,22.406,29.73,23.251,4.743,7.207,6.016
47353,1.037,37.697,22.402,29.73,23.24,4.701,7.247,6.096
47354,1.033,37.822,22.437,29.759,23.254,4.904,7.369,6.219
47355,1.037,37.92,22.418,29.749,23.258,4.784,7.208,6.058
47356,1.024,37.796,22.429,29.74,23.244,4.824,7.287,6.137
47357,1.023,37.919,22.398,29.749,23.251,4.783,7.369,6.138
47358,1.014,38.036,22.421,29.749,23.251,4.824,7.33,6.179
47359,1.017,38.056,22.437,29.74,23.254,4.824,7.329,6.098
47360,0.991,37.663,22.476,29.711,23.237,4.702,7.248,6.016
47361,0.978,37.812,22.438,29.749,23.247,4.863,7.328,6.096
47362,0.968,37.9,22.437,29.74,23.244,4.743,7.329,6.056
47363,0.961,38.007,22.453,29.74,23.244,4.742,7.37,6.015
47364,0.942,37.854,22.453,29.72,23.244,4.742,7.289,6.015
47365,0.938,37.977,22.297,29.778,23.258,4.945,7.451,6.178
47366,0.935,38.103,22.436,29.769,23.251,4.907,7.33,6.057
47367,0.915,37.692,22.461,29.74,23.247,4.825,7.41,6.056
47368,0.915,37.755,22.445,29.749,23.247,4.824,7.33,6.137
47369,0.905,37.89,22.414,29.759,23.251,4.824,7.41,6.179
47370,0.908,37.968,22.445,29.769,23.251,4.824,7.411,6.057
47371,0.899,38.237,22.484,29.721,23.244,4.661,7.249,5.975
47372,0.889,38.374,22.403,29.749,23.247,4.782,7.369,6.096
47373,0.899,38.491,22.437,29.73,23.244,4.783,7.289,5.935
47374,0.899,38.578,22.43,29.73,23.247,4.824,7.288,5.974
47375,0.889,37.4,22.441,29.72,23.244,4.783,7.288,5.933
47376,0.885,37.532,22.426,29.749,23.251,4.864,7.369,6.136
47377,0.905,37.677,22.422,29.778,23.265,4.906,7.289,6.098
47378,0.895,37.736,22.414,29.74,23.248,4.865,7.288,6.056
47379,0.886,37.765,22.386,29.759,23.247,4.865,7.207,6.056
47380,0.876,37.909,22.46,29.749,23.251,4.865,7.287,6.097
47381,0.866,38.026,22.453,29.749,23.258,4.906,7.288,5.975
47382,0.853,38.065,22.469,29.73,23.244,4.784,7.207,5.974
47383,0.843,37.548,22.449,29.739,23.251,4.864,7.287,6.096
47384,0.843,37.735,22.453,29.74,23.247,4.865,7.288,5.975
47385,0.826,37.832,22.457,29.73,23.244,4.865,7.207,5.933
47386,0.82,37.853,22.406,29.73,23.24,4.784,7.247,5.974
47387,0.82,37.661,22.445,29.749,23.247,4.946,7.288,6.137
47388,0.826,37.851,22.477,29.797,23.265,4.988,7.369,6.138
47389,0.82,37.929,22.418,29.731,23.251,4.826,7.289,6.057
47390,0.807,38.007,22.433,29.759,23.247,4.946,7.288,6.097
47391,0.82,37.576,22.406,29.749,23.251,4.866,7.288,6.097
47392,0.817,37.725,22.449,29.807,23.251,4.987,7.329,6.097
47393,0.81,37.813,22.41,29.721,23.244,4.826,7.207,5.894
47394,0.81,37.641,22.406,29.73,23.251,4.824,7.328,6.136
47395,0.82,37.716,22.445,29.739,23.244,4.987,7.207,5.976
47396,0.817,37.823,22.406,29.749,23.244,4.785,7.206,6.015
47397,0.816,37.881,22.406,29.701,23.244,4.824,7.125,6.015
47398,0.813,37.565,22.402,29.73,23.244,4.987,7.287,6.137
47399,0.836,37.725,22.437,29.768,23.258,5.07,7.41,6.098
47400,0.82,37.823,22.453,29.73,23.251,4.948,7.289,6.097
47401,0.81,37.891,22.387,29.749,23.247,4.866,7.329,6.016
47402,0.803,37.46,22.406,29.749,23.254,4.906,7.289,6.096
47403,0.8,37.599,22.394,29.74,23.254,4.906,7.288,6.056
47404,0.794,37.716,22.402,29.72,23.247,4.825,7.166,5.893
47405,0.771,37.756,22.418,29.73,23.244,4.865,7.206,6.054
47406,0.783,37.583,22.394,29.739,23.244,4.906,7.206,5.975
47407,0.78,37.706,22.433,29.74,23.244,4.906,7.247,5.974
47408,0.764,37.813,22.43,29.72,23.247,4.825,7.206,5.974
47409,0.774,37.881,22.433,29.749,23.251,4.946,7.165,6.096
47410,0.787,37.585,22.508,29.759,23.258,4.988,7.328,6.097
47411,0.787,37.687,22.434,29.74,23.251,4.907,7.248,6.016
47412,0.78,37.794,22.453,29.749,23.247,4.865,7.247,6.015
47413,0.79,37.843,22.399,29.759,23.251,4.946,7.328,6.056
47414,0.793,37.479,22.421,29.749,23.254,4.947,7.248,6.097
47415,0.797,37.6,22.383,29.73,23.244,4.825,7.166,5.894
47416,0.79,37.678,22.402,29.73,23.244,4.865,7.287,5.973
47417,0.81,37.726,22.414,29.73,23.247,4.946,7.288,5.974
47418,0.813,37.631,22.41,29.73,23.244,4.866,7.207,5.933
47419,0.803,37.755,22.425,29.72,23.24,4.865,7.165,5.892
47420,0.787,37.852,22.453,29.739,23.251,4.865,7.409,6.136
47421,0.8,37.786,22.406,29.778,23.261,4.906,7.33,6.016
47422,0.79,37.651,22.402,29.74,23.251,4.825,7.329,6.015
47423,0.784,37.755,22.39,29.74,23.247,4.865,7.289,6.056
47424,0.777,37.852,22.429,29.749,23.254,4.906,7.288,6.056
47425,0.777,37.469,22.406,29.749,23.251,4.947,7.369,5.975
47426,0.771,37.523,22.437,29.72,23.24,4.825,7.208,5.893
47427,0.761,37.639,22.445,29.739,23.247,4.905,7.287,6.014
47428,0.764,37.736,22.441,29.72,23.251,4.865,7.207,5.974
47429,0.761,37.497,22.418,29.73,23.244,4.824,7.247,6.015
47430,0.764,37.619,22.433,29.73,23.244,4.783,7.206,5.974
47431,0.777,37.735,22.465,29.759,23.251,4.905,7.369,6.137
47432,0.8,37.871,22.473,29.836,23.254,4.906,7.33,6.016
47433,0.777,37.489,22.395,29.741,23.251,4.906,7.329,6.015
47434,0.79,37.657,22.406,29.749,23.251,4.906,7.289,6.096
47435,0.79,37.784,22.406,29.759,23.251,4.865,7.329,6.056
47436,0.797,37.833,22.421,29.759,23.244,4.906,7.37,6.056
47437,0.8,37.44,22.445,29.73,23.24,4.744,7.167,5.853
47438,0.797,37.571,22.449,29.739,23.247,4.864,7.287,5.932
47439,0.803,37.716,22.438,29.74,23.244,4.865,7.329,5.974
47440,0.803,37.746,22.445,29.74,23.244,4.865,7.289,6.015
47441,0.787,37.506,22.391,29.72,23.244,4.784,7.369,5.974
47442,0.78,37.648,22.386,29.749,23.251,4.864,7.533,6.096
47443,0.79,37.803,22.386,29.788,23.261,4.987,7.657,6.178
47444,0.78,37.804,22.413,29.74,23.244,4.785,7.698,6.098
47445,0.774,37.536,22.398,29.74,23.251,4.864,7.821,6.016
47446,0.771,37.667,22.414,29.74,23.247,4.865,7.944,6.056
47447,0.774,37.765,22.437,29.759,23.258,4.906,7.986,6.056
47448,0.774,37.996,22.445,29.74,23.241,4.865,7.905,5.975
47449,0.751,37.442,22.395,29.72,23.244,4.784,8.067,6.055
47450,0.77,37.59,22.433,29.739,23.24,4.864,8.069,6.056
47451,0.78,37.658,22.469,29.74,23.24,4.824,8.069,6.015
47452,0.787,37.506,22.43,29.73,23.247,4.743,8.069,6.056
47453,0.79,37.571,22.406,29.759,23.251,4.945,8.191,6.178
47454,0.8,37.716,22.472,29.769,23.254,4.988,8.192,6.057
47455,0.794,37.784,22.438,29.759,23.251,4.866,8.11,6.097
47456,0.8,37.44,22.433,29.749,23.247,4.824,8.109,6.097
47457,0.8,37.561,22.394,29.74,23.254,4.865,8.109,6.138
47458,0.81,37.716,22.398,29.759,23.244,4.824,8.191,6.057
47459,0.803,37.756,22.41,29.721,23.24,4.702,8.029,6.015
47460,0.794,37.411,22.441,29.73,23.251,4.823,8.109,6.015
47461,0.8,37.561,22.394,29.73,23.251,4.783,8.028,6.015
47462,0.8,37.696,22.417,29.72,23.244,4.702,7.987,6.015
47463,0.794,37.736,22.433,29.711,23.24,4.782,8.027,5.974
47464,0.777,37.458,22.414,29.749,23.251,4.905,8.109,6.096
47465,0.787,37.628,22.449,29.768,23.254,4.906,8.028,6.097
47466,0.777,37.707,22.422,29.73,23.247,4.825,7.987,6.056
47467,0.777,37.765,22.445,29.739,23.247,4.905,7.986,6.097
47468,0.784,37.478,22.414,29.759,23.254,4.906,7.946,6.097
47469,0.787,37.628,22.398,29.74,23.254,4.865,7.945,6.138
47470,0.787,37.707,22.398,29.72,23.24,4.702,7.783,5.976
47471,0.78,37.736,22.41,29.739,23.244,4.782,7.781,6.096
47472,0.79,37.506,22.39,29.74,23.247,4.783,7.862,6.016
47473,0.784,37.638,22.421,29.72,23.251,4.824,7.822,6.056
47474,0.803,37.745,22.418,29.711,23.237,4.743,7.781,6.056
47475,0.794,37.765,22.441,29.73,23.244,4.823,7.984,6.178
47476,0.81,37.488,22.445,29.768,23.261,4.905,7.986,6.179
47477,0.81,37.581,22.406,29.74,23.247,4.825,7.864,6.139
47478,0.813,37.706,22.437,29.74,23.244,4.783,7.863,6.098
47479,0.816,37.535,22.418,29.74,23.247,4.824,7.863,6.097
47480,0.813,37.476,22.468,29.759,23.247,4.946,7.904,6.138
47481,0.803,37.628,22.367,29.74,23.254,4.785,7.742,5.976
47482,0.784,37.688,22.363,29.711,23.244,4.783,7.862,6.096
47483,0.787,37.429,22.382,29.73,23.247,4.824,7.782,6.056
47484,0.784,37.522,22.378,29.739,23.247,4.824,7.74,6.056
47485,0.784,37.667,22.409,29.72,23.244,4.783,7.699,6.097
47486,0.777,37.745,22.398,29.73,23.244,4.824,7.78,6.097
47487,0.787,37.602,22.417,29.759,23.265,5.027,7.903,6.219
47488,0.777,37.716,22.425,29.759,23.248,4.785,7.782,6.139
47489,0.774,37.832,22.39,29.74,23.251,4.824,7.7,6.138
47490,0.784,37.91,22.472,29.74,23.251,4.905,7.74,6.138
47491,0.793,37.355,22.395,29.74,23.258,4.906,7.781,6.179
47492,0.787,37.483,22.414,29.72,23.247,4.744,7.659,5.976
47493,0.784,37.571,22.394,29.72,23.244,4.742,7.658,6.137
47494,0.806,37.658,22.41,29.739,23.251,4.742,7.617,6.138
47495,0.794,37.458,22.429,29.74,23.24,4.742,7.535,6.016
47496,0.793,37.561,22.43,29.72,23.24,4.742,7.616,6.015
47497,0.81,37.706,22.383,29.73,23.244,4.823,7.657,6.096
47498,0.813,37.765,22.421,29.768,23.258,4.987,7.78,6.138
47499,0.816,37.43,22.445,29.73,23.247,4.826,7.618,6.057
47500,0.803,37.542,22.484,29.749,23.251,4.905,7.657,6.097
47501,0.79,37.677,22.379,29.73,23.251,4.906,7.698,6.178
47502,0.797,37.688,22.421,29.759,23.258,4.825,7.658,6.098
47503,0.79,37.563,22.418,29.73,23.247,4.824,7.576,5.935
47504,0.777,37.668,22.383,29.701,23.24,4.783,7.535,5.974
47505,0.78,37.793,22.413,29.72,23.251,4.702,7.657,5.974
47506,0.777,37.766,22.379,29.72,23.247,4.823,7.576,5.974
47507,0.774,37.516,22.413,29.73,23.244,4.743,7.616,5.974
47508,0.774,37.658,22.402,29.73,23.24,4.823,7.617,6.177
47509,0.78,37.774,22.402,29.768,23.261,4.987,7.739,6.22
47510,0.784,37.344,22.472,29.73,23.247,4.826,7.618,6.139
47511,0.79,37.387,22.418,29.739,23.247,4.865,7.657,6.057
47512,0.787,37.512,22.363,29.74,23.254,4.906,7.658,6.137
47513,0.8,37.619,22.421,29.74,23.251,4.865,7.78,6.138
47514,0.81,37.4,22.422,29.73,23.247,4.784,7.618,6.016
47515,0.784,37.503,22.41,29.72,23.24,4.783,7.617,6.056
47516,0.813,37.648,22.449,29.73,23.244,4.824,7.657,6.097
47517,0.823,37.726,22.387,29.72,23.247,4.783,7.536,5.975
47518,0.82,37.286,22.398,29.711,23.24,4.702,7.534,5.974
47519,0.807,37.425,22.433,29.739,23.244,4.823,7.697,6.137
47520,0.82,37.59,22.476,29.759,23.268,4.946,7.658,6.138
47521,0.803,37.639,22.356,29.74,23.251,4.866,7.617,6.057
47522,0.794,37.304,22.401,29.74,23.251,4.824,7.576,6.137
47523,0.8,37.435,22.429,29.73,23.247,4.824,7.575,6.057
47524,0.794,37.551,22.433,29.749,23.254,4.905,7.616,6.056
47525,0.79,37.61,22.406,29.73,23.244,4.703,7.495,5.975
47526,0.777,37.265,22.394,29.73,23.251,4.742,7.534,6.055
47527,0.784,37.415,22.382,29.739,23.247,4.783,7.575,6.015
47528,0.774,37.542,22.386,29.74,23.244,4.783,7.494,6.015
47529,0.771,37.562,22.413,29.72,23.237,4.824,7.534,5.934
47530,0.774,37.37,22.449,29.73,23.247,4.783,7.575,6.177
47531,0.803,37.541,22.402,29.759,23.258,4.905,7.738,6.057
47532,0.794,37.639,22.418,29.73,23.251,4.744,7.577,6.097
47533,0.793,37.947,22.406,29.73,23.254,4.823,7.616,6.056
47534,0.8,37.211,22.402,29.73,23.251,4.824,7.657,6.137
47535,0.81,37.357,22.398,29.759,23.254,4.865,7.698,6.098
47536,0.807,37.426,22.378,29.73,23.24,4.662,7.618,5.975
47537,0.8,37.302,22.413,29.701,23.244,4.741,7.617,5.893
47538,0.816,37.416,22.418,29.739,23.244,4.783,7.657,6.054
47539,0.813,37.532,22.402,29.72,23.244,4.824,7.576,5.975
47540,0.8,37.61,22.445,29.72,23.247,4.743,7.616,5.933
47541,0.787,37.16,22.43,29.739,23.244,4.783,7.698,6.136
47542,0.81,37.347,22.484,29.816,23.261,4.905,7.699,6.098
47543,0.797,37.407,22.411,29.74,23.247,4.825,7.74,6.056
47544,0.794,37.503,22.457,29.74,23.247,4.783,7.74,6.056
47545,0.793,37.149,22.426,29.74,23.251,4.864,7.74,6.056
47546,0.787,37.299,22.445,29.74,23.251,4.865,7.781,6.056
47547,0.774,37.377,22.43,29.701,23.237,4.662,7.578,5.975
47548,0.764,37.464,22.398,29.72,23.244,4.822,7.698,6.055
47549,0.77,37.197,22.414,29.73,23.244,4.743,7.699,6.015
47550,0.777,37.309,22.414,29.72,23.244,4.701,7.658,6.015
47551,0.777,37.425,22.402,29.72,23.24,4.823,7.576,6.015
47552,0.79,37.513,22.398,29.759,23.254,4.905,7.86,6.178
47553,0.806,37.159,22.386,29.74,23.251,4.744,7.7,6.098
47554,0.8,37.261,22.402,29.72,23.251,4.864,7.577,6.097
47555,0.797,37.387,22.386,29.739,23.251,4.865,7.657,6.097
47556,0.803,37.426,22.441,29.74,23.254,4.824,7.739,6.097
47557,0.8,37.177,22.375,29.759,23.247,4.824,7.659,6.016
47558,0.8,37.29,22.39,29.701,23.233,4.702,7.495,5.974
47559,0.8,37.425,22.437,29.73,23.244,4.782,7.534,6.055
47560,0.803,37.427,22.41,29.711,23.244,4.742,7.494,6.056
47561,0.787,37.168,22.316,29.749,23.244,4.742,7.534,6.015
47562,0.787,37.29,22.378,29.73,23.251,4.783,7.575,6.137
47563,0.797,37.425,22.417,29.768,23.261,4.905,7.738,6.138
47564,0.784,37.273,22.422,29.73,23.244,4.744,7.537,6.057
47565,0.78,37.176,22.426,29.739,23.247,4.742,7.534,6.056
47566,0.777,37.299,22.406,29.74,23.251,4.823,7.575,6.137
47567,0.78,37.416,22.429,29.74,23.251,4.824,7.657,6.138
47568,0.78,37.062,22.418,29.73,23.237,4.661,7.414,5.976
47569,0.774,37.145,22.41,29.72,23.251,4.741,7.533,6.055
47570,0.774,37.28,22.437,29.72,23.251,4.701,7.494,6.056
47571,0.78,37.368,22.433,29.711,23.244,4.782,7.453,5.975
47572,0.784,36.985,22.391,29.749,23.247,4.742,7.412,6.015
47573,0.777,37.125,22.359,29.74,23.254,4.823,7.615,6.218
47574,0.806,37.28,22.398,29.759,23.254,4.783,7.495,6.098
47575,0.787,37.348,22.41,29.73,23.251,4.824,7.494,6.097
47576,0.79,37.023,22.418,29.72,23.251,4.743,7.494,6.138
47577,0.803,37.154,22.375,29.73,23.251,4.783,7.453,6.138
47578,0.8,37.28,22.409,29.73,23.251,4.824,7.493,6.016
47579,0.803,37.339,22.402,29.72,23.24,4.702,7.29,5.893
47580,0.784,36.956,22.429,29.711,23.247,4.782,7.369,6.014
47581,0.79,37.115,22.363,29.72,23.24,4.661,7.37,5.974
47582,0.78,37.232,22.378,29.72,23.244,4.7,7.33,5.974
47583,0.78,37.271,22.402,29.711,23.244,4.66,7.37,6.015
47584,0.774,36.974,22.402,29.72,23.244,4.822,7.411,6.056
47585,0.777,37.134,22.457,29.759,23.254,4.824,7.411,6.015
47586,0.771,37.232,22.438,29.73,23.244,4.743,7.411,5.974
47587,0.757,37.271,22.391,29.73,23.244,4.864,7.411,6.055
47588,0.757,37.118,22.414,29.73,23.247,4.824,7.493,6.097
47589,0.761,37.232,22.414,29.749,23.251,4.824,7.412,6.097
47590,0.764,37.348,22.461,29.73,23.24,4.702,7.33,5.975
47591,0.757,37.426,22.356,29.73,23.251,4.742,7.41,5.974
47592,0.761,37.12,22.417,29.73,23.251,4.783,7.371,5.974
47593,0.764,37.241,22.39,29.711,23.24,4.661,7.33,5.974
47594,0.78,37.329,22.39,29.701,23.244,4.741,7.329,5.974
47595,0.78,36.965,22.414,29.73,23.251,4.783,7.451,6.137
47596,0.797,37.058,22.425,29.768,23.261,4.864,7.452,6.016
47597,0.79,37.154,22.39,29.721,23.254,4.784,7.371,5.974
47598,0.79,37.251,22.41,29.73,23.251,4.702,7.37,6.096
47599,0.797,36.907,22.414,29.73,23.244,4.742,7.37,5.975
47600,0.794,37.028,22.461,29.73,23.254,4.864,7.37,6.055
47601,0.79,37.135,22.371,29.73,23.244,4.662,7.208,5.893
47602,0.767,37.232,22.398,29.73,23.24,4.822,7.287,5.973
47603,0.77,36.993,22.414,29.739,23.247,4.743,7.288,5.933
47604,0.757,37.154,22.398,29.72,23.24,4.701,7.247,5.974
47605,0.748,37.27,22.41,29.72,23.24,4.66,7.247,5.974
47606,0.754,37.358,22.425,29.72,23.254,4.822,7.328,6.055
47607,0.764,37.033,22.379,29.759,23.258,4.865,7.248,6.015
47608,0.751,37.125,22.394,29.74,23.241,4.784,7.206,6.056
47609,0.744,37.222,22.414,29.711,23.244,4.824,7.206,6.015
47610,0.754,37.3,22.445,29.749,23.251,4.824,7.206,6.056
47611,0.764,36.984,22.356,29.74,23.251,4.824,7.125,5.975
47612,0.767,37.106,22.425,29.701,23.24,4.661,7.043,5.852
47613,0.767,37.193,22.441,29.72,23.251,4.782,7.123,5.932
47614,0.777,37.261,22.461,29.72,23.244,4.742,7.124,5.974
47615,0.767,36.907,22.41,29.72,23.244,4.742,7.002,5.852
47616,0.777,36.999,22.41,29.72,23.251,4.742,7.082,5.973
47617,0.787,37.125,22.351,29.749,23.251,4.783,7.164,6.055
47618,0.797,37.213,22.37,29.759,23.254,4.824,7.165,5.975
47619,0.787,37.022,22.405,29.711,23.251,4.824,7.124,5.974
47620,0.78,37.154,22.429,29.739,23.247,4.783,7.124,6.015
47621,0.774,37.27,22.379,29.73,23.251,4.742,7.043,6.056
47622,0.771,37.051,22.413,29.739,23.251,4.783,7.082,5.975
47623,0.77,37.001,22.437,29.73,23.244,4.661,6.961,5.893
47624,0.748,37.106,22.441,29.72,23.24,4.741,7.0,5.933
47625,0.757,37.232,22.418,29.72,23.247,4.701,7.001,5.892
47626,0.761,36.868,22.425,29.711,23.244,4.742,6.96,5.933
47627,0.748,36.999,22.39,29.72,23.24,4.701,6.919,5.933
47628,0.744,37.125,22.363,29.73,23.251,4.742,7.0,6.055
47629,0.757,37.232,22.448,29.768,23.258,4.864,7.082,6.015
47630,0.754,37.012,22.434,29.711,23.241,4.824,7.002,6.056
47631,0.764,37.135,22.297,29.749,23.247,4.783,6.96,6.015
47632,0.761,37.27,22.428,29.72,23.247,4.824,7.0,5.974
47633,0.757,37.367,22.437,29.749,23.254,4.824,6.96,6.015
47634,0.774,36.87,22.422,29.701,23.244,4.743,6.878,5.893
47635,0.758,36.961,22.398,29.71,23.247,4.783,6.877,6.014
47636,0.774,37.134,22.406,29.739,23.247,4.742,6.959,5.974
47637,0.784,37.146,22.418,29.701,23.24,4.701,6.919,5.974
47638,0.777,36.762,22.425,29.71,23.244,4.742,6.837,5.933
47639,0.78,36.893,22.418,29.711,23.247,4.783,6.999,6.014
47640,0.787,37.038,22.433,29.758,23.258,4.905,7.082,6.056
47641,0.771,37.078,22.363,29.73,23.251,4.744,6.839,5.975
47642,0.774,37.03,22.351,29.73,23.247,4.823,6.999,5.974
47643,0.767,37.154,22.374,29.73,23.247,4.783,7.001,5.974
47644,0.757,37.29,22.406,29.739,23.254,4.824,7.001,5.974
47645,0.754,37.291,22.39,29.73,23.244,4.743,6.879,5.893
47646,0.741,36.936,22.394,29.711,23.244,4.742,7.04,5.973
47647,0.744,37.067,22.351,29.739,23.247,4.742,6.96,5.974
47648,0.738,37.202,22.398,29.73,23.244,4.701,6.878,5.933
47649,0.731,37.137,22.433,29.72,23.24,4.742,6.918,5.974
47650,0.738,36.973,22.461,29.701,23.244,4.742,7.041,6.096
47651,0.764,37.144,22.418,29.758,23.265,4.905,7.164,6.056
47652,0.754,37.203,22.394,29.73,23.251,4.825,7.084,5.893
47653,0.754,36.849,22.421,29.72,23.247,4.743,7.164,6.014
47654,0.761,36.922,22.426,29.72,23.244,4.783,7.124,6.056
47655,0.774,37.048,22.422,29.749,23.254,4.824,7.083,6.056
47656,0.767,37.126,22.445,29.72,23.244,4.702,7.002,5.934
47657,0.761,36.829,22.395,29.72,23.24,4.782,7.082,5.974
47658,0.783,36.999,22.398,29.72,23.247,4.742,7.042,5.974
47659,0.78,37.135,22.464,29.711,23.244,4.701,7.042,5.974
47660,0.774,37.184,22.379,29.701,23.24,4.742,7.042,5.974
47661,0.758,36.763,22.402,29.739,23.254,4.864,7.204,6.055
47662,0.783,36.95,22.402,29.768,23.254,4.743,7.125,6.056
47663,0.754,37.057,22.429,29.73,23.247,4.823,7.083,6.015
47664,0.757,37.116,22.418,29.72,23.251,4.783,7.042,6.015
47665,0.751,36.867,22.398,29.739,23.251,4.864,7.082,6.056
47666,0.757,37.028,22.382,29.74,23.251,4.824,7.002,5.975
47667,0.741,37.116,22.386,29.692,23.24,4.661,6.96,5.933
47668,0.741,37.174,22.386,29.73,23.244,4.741,7.0,6.014
47669,0.738,36.954,22.374,29.739,23.247,4.742,6.96,5.974
47670,0.738,37.077,22.425,29.711,23.24,4.701,6.878,6.055
47671,0.744,37.183,22.402,29.711,23.244,4.66,6.918,5.975
47672,0.751,37.232,22.39,29.72,23.251,4.822,7.081,6.137
47673,0.77,37.233,22.41,29.759,23.251,4.783,7.042,6.057
47674,0.764,37.329,22.406,29.721,23.244,4.742,7.001,6.056
47675,0.767,37.445,22.429,29.739,23.254,4.701,7.041,6.056
47676,0.767,37.695,22.457,29.74,23.251,4.782,7.001,6.056
47677,0.767,36.691,22.344,29.759,23.251,4.783,6.96,5.975
47678,0.77,36.757,22.397,29.682,23.233,4.661,6.838,5.893
47679,0.774,36.883,22.445,29.71,23.247,4.782,6.877,5.973
47680,0.767,36.827,22.461,29.711,23.247,4.702,6.796,6.015
47681,0.754,36.941,22.403,29.73,23.24,4.66,6.795,5.974
47682,0.751,37.038,22.382,29.692,23.24,4.66,6.877,5.974
47683,0.754,37.154,22.433,29.749,23.258,4.904,7.0,6.096
47684,0.757,36.753,22.422,29.759,23.251,4.744,6.919,5.975
47685,0.731,36.816,22.402,29.73,23.244,4.742,6.878,5.974
47686,0.731,36.96,22.421,29.73,23.251,4.742,6.877,6.055
47687,0.731,37.058,22.32,29.768,23.254,4.742,6.837,6.056
47688,0.738,36.78,22.385,29.749,23.251,4.742,6.796,5.975
47689,0.728,36.883,22.398,29.701,23.233,4.701,6.714,5.974
47690,0.731,37.009,22.425,29.739,23.244,4.66,6.754,6.015
47691,0.741,37.077,22.414,29.768,23.247,4.741,6.754,5.893
47692,0.747,36.752,22.39,29.711,23.247,4.661,6.632,5.973
47693,0.751,36.883,22.425,29.73,23.24,4.741,6.672,6.055
47694,0.767,37.047,22.422,29.759,23.261,4.905,6.875,6.097
47695,0.764,37.097,22.429,29.73,23.244,4.744,6.633,6.056
47696,0.757,36.733,22.414,29.73,23.247,4.783,6.631,6.015
47697,0.774,36.863,22.367,29.73,23.244,4.742,6.753,5.974
47698,0.777,36.999,22.374,29.72,23.254,4.823,6.795,5.974
47699,0.774,37.039,22.406,29.739,23.244,4.661,6.673,5.974
47700,0.754,36.646,22.421,29.701,23.24,4.741,6.631,6.015
47701,0.754,36.805,22.363,29.73,23.251,4.742,6.631,5.974
47702,0.751,36.931,22.421,29.739,23.251,4.742,6.712,6.015
47703,0.744,36.933,22.429,29.711,23.24,4.742,6.632,5.974
47704,0.741,36.846,22.43,29.73,23.244,4.742,6.672,6.015
47705,0.747,37.018,22.465,29.749,23.254,4.864,6.835,6.096
47706,0.754,37.106,22.422,29.73,23.244,4.784,6.633,6.056
47707,0.738,36.886,22.347,29.749,23.251,4.702,6.753,6.015
47708,0.734,36.807,22.39,29.74,23.247,4.823,6.795,6.096
47709,0.728,36.931,22.402,29.73,23.251,4.824,6.795,6.138
47710,0.731,37.038,22.394,29.73,23.251,4.743,6.755,5.894
47711,0.721,36.598,22.355,29.711,23.244,4.661,6.795,5.973
47712,0.744,36.709,22.347,29.73,23.244,4.782,6.714,5.974
47713,0.751,36.854,22.386,29.73,23.247,4.742,6.713,5.974
47714,0.754,36.932,22.398,29.72,23.24,4.701,6.713,5.893
47715,0.748,36.635,22.425,29.72,23.24,4.701,6.835,6.095
47716,0.77,36.824,22.453,29.749,23.258,4.904,6.918,6.178
47717,0.787,36.932,22.387,29.749,23.247,4.744,6.878,5.976
47718,0.774,37.0,22.378,29.73,23.251,4.701,6.796,5.974
47719,0.767,36.636,22.429,29.73,23.254,4.782,6.877,6.055
47720,0.774,36.767,22.418,29.749,23.247,4.864,6.918,5.975
47721,0.764,36.912,22.406,29.778,23.247,4.784,6.756,5.974
47722,0.748,36.942,22.363,29.711,23.24,4.742,6.836,6.015
47723,0.754,36.635,22.421,29.739,23.247,4.742,6.837,5.974
47724,0.741,36.776,22.433,29.73,23.251,4.701,6.837,5.974
47725,0.741,36.864,22.41,29.72,23.237,4.742,6.755,5.974
47726,0.734,36.922,22.433,29.72,23.247,4.701,6.836,6.055
47727,0.731,36.664,22.441,29.797,23.265,4.863,6.958,6.178
47728,0.744,36.786,22.352,29.74,23.244,4.824,6.878,6.139
47729,0.734,36.883,22.425,29.73,23.247,4.743,6.877,6.138
47730,0.728,36.913,22.414,29.749,23.251,4.783,6.796,6.057
47731,0.747,36.587,22.394,29.788,23.251,4.824,6.836,6.056
47732,0.747,36.718,22.375,29.731,23.247,4.743,6.755,5.975
47733,0.744,36.796,22.339,29.701,23.24,4.701,6.795,6.096
47734,0.757,36.893,22.393,29.739,23.251,4.782,6.836,6.056
47735,0.764,36.654,22.367,29.73,23.244,4.742,6.796,6.056
47736,0.761,36.786,22.409,29.73,23.244,4.783,6.877,6.015
47737,0.767,36.854,22.379,29.711,23.244,4.783,6.959,6.056
47738,0.78,36.567,22.382,29.768,23.261,4.946,7.082,6.137
47739,0.774,36.632,22.406,29.749,23.251,4.744,7.002,6.016
47740,0.767,36.738,22.46,29.74,23.244,4.783,7.082,6.056
47741,0.767,36.844,22.352,29.74,23.254,4.783,7.123,6.137
47742,0.764,36.443,22.401,29.74,23.251,4.742,7.083,6.138
47743,0.761,36.563,22.394,29.711,23.251,4.661,6.961,6.016
47744,0.741,36.651,22.433,29.711,23.244,4.7,7.041,6.056
47745,0.744,36.767,22.418,29.739,23.247,4.782,7.123,6.097
47746,0.741,36.519,22.445,29.74,23.244,4.702,7.043,6.056
47747,0.731,36.631,22.398,29.72,23.24,4.742,7.001,6.097
47748,0.721,36.757,22.367,29.739,23.237,4.742,7.082,6.016
47749,0.728,36.864,22.425,29.759,23.258,4.864,7.327,6.178
47750,0.744,36.548,22.426,29.74,23.241,4.743,7.167,6.098
47751,0.741,36.651,22.308,29.759,23.251,4.864,7.206,6.138
47752,0.744,36.805,22.366,29.74,23.251,4.824,7.287,6.138
47753,0.747,36.845,22.394,29.759,23.251,4.824,7.288,6.138
47754,0.751,36.491,22.394,29.74,23.247,4.743,7.166,6.057
47755,0.741,36.593,22.39,29.72,23.24,4.742,7.165,6.137
47756,0.751,36.718,22.425,29.739,23.244,4.701,7.206,6.098
47757,0.764,36.758,22.429,29.778,23.244,4.742,7.125,5.975
47758,0.764,36.614,22.371,29.721,23.244,4.661,7.205,5.974
47759,0.757,36.738,22.425,29.72,23.247,4.782,7.287,6.096
47760,0.777,36.902,22.422,29.759,23.265,4.864,7.288,6.138
47761,0.751,36.961,22.406,29.721,23.244,4.743,7.288,6.138
47762,0.751,36.434,22.382,29.739,23.244,4.742,7.207,6.057
47763,0.754,36.563,22.429,29.749,23.251,4.823,7.287,6.137
47764,0.748,36.689,22.441,29.749,23.251,4.743,7.288,6.179
47765,0.741,36.441,22.371,29.72,23.237,4.701,7.166,5.895
47766,0.734,36.439,22.405,29.711,23.244,4.66,7.328,6.014
47767,0.738,36.582,22.394,29.739,23.244,4.741,7.289,6.096
47768,0.731,36.699,22.406,29.73,23.244,4.742,7.329,6.056
47769,0.715,36.374,22.433,29.711,23.247,4.701,7.329,5.975
47770,0.721,36.515,22.433,29.739,23.251,4.782,7.532,6.177
47771,0.747,36.679,22.402,29.768,23.261,4.824,7.534,6.098
47772,0.738,36.729,22.386,29.759,23.247,4.783,7.494,6.056
47773,0.741,36.403,22.394,29.74,23.247,4.783,7.534,6.056
47774,0.751,36.544,22.382,29.749,23.251,4.783,7.575,6.097
47775,0.761,36.67,22.378,29.749,23.247,4.864,7.616,6.138
47776,0.761,36.729,22.417,29.72,23.24,4.662,7.454,5.935
47777,0.764,36.355,22.398,29.711,23.24,4.782,7.452,6.014
47778,0.764,36.505,22.351,29.72,23.244,4.702,7.493,5.974
47779,0.767,36.621,22.413,29.701,23.244,4.701,7.494,6.055
47780,0.764,36.68,22.371,29.72,23.244,4.66,7.453,5.975
47781,0.757,36.422,22.417,29.73,23.251,4.741,7.452,6.177
47782,0.754,36.592,22.398,29.759,23.258,4.864,7.534,6.139
47783,0.748,36.689,22.437,29.74,23.247,4.702,7.453,6.057
47784,0.744,36.738,22.422,29.74,23.244,4.823,7.452,6.056
47785,0.744,36.403,22.41,29.72,23.254,4.783,7.493,6.056
47786,0.731,36.544,22.441,29.749,23.254,4.905,7.453,6.097
47787,0.725,36.632,22.367,29.74,23.244,4.703,7.33,5.894
47788,0.715,36.652,22.374,29.72,23.244,4.701,7.37,6.014
47789,0.731,36.431,22.429,29.73,23.247,4.742,7.411,6.015
47790,0.728,36.554,22.39,29.73,23.244,4.701,7.289,5.974
47791,0.734,36.66,22.39,29.72,23.247,4.701,7.288,5.974
47792,0.741,36.556,22.374,29.73,23.247,4.701,7.369,6.096
47793,0.754,36.449,22.433,29.778,23.261,4.823,7.452,6.097
47794,0.751,36.573,22.414,29.73,23.247,4.905,7.371,6.056
47795,0.748,36.661,22.39,29.73,23.251,4.744,7.33,6.056
47796,0.757,36.326,22.449,29.73,23.254,4.783,7.329,6.137
47797,0.767,36.428,22.375,29.749,23.251,4.783,7.289,6.138
47798,0.764,36.534,22.386,29.72,23.247,4.702,7.166,5.894
47799,0.754,36.593,22.413,29.711,23.244,4.782,7.206,6.054
47800,0.761,36.344,22.375,29.72,23.251,4.742,7.206,6.015
47801,0.751,36.486,22.285,29.739,23.244,4.701,7.165,6.015
47802,0.748,36.593,22.338,29.72,23.244,4.701,7.124,6.056
47803,0.738,36.689,22.354,29.739,23.244,4.782,7.287,6.178
47804,0.751,36.259,22.413,29.768,23.254,4.824,7.247,6.098
47805,0.735,36.351,22.39,29.74,23.251,4.783,7.125,6.056
47806,0.728,36.505,22.398,29.74,23.247,4.824,7.205,6.137
47807,0.721,36.564,22.417,29.73,23.251,4.743,7.206,6.057
47808,0.734,36.325,22.429,29.759,23.258,4.742,7.206,6.178
47809,0.734,36.437,22.387,29.721,23.241,4.661,7.043,6.017
47810,0.725,36.525,22.453,29.72,23.237,4.741,7.164,6.056
47811,0.747,36.603,22.379,29.73,23.251,4.701,7.165,6.015
47812,0.741,36.22,22.382,29.711,23.244,4.742,7.124,6.056
47813,0.738,36.34,22.367,29.711,23.244,4.701,7.124,6.056
47814,0.738,36.466,22.39,29.73,23.244,4.742,7.246,6.137
47815,0.76,36.554,22.402,29.768,23.258,4.823,7.288,6.179
47816,0.761,36.306,22.371,29.73,23.254,4.743,7.288,6.139
47817,0.761,36.428,22.398,29.73,23.251,4.742,7.247,6.057
47818,0.774,36.563,22.398,29.749,23.254,4.742,7.288,6.097
47819,0.764,36.804,22.406,29.74,23.251,4.783,7.369,6.097
47820,0.761,36.193,22.457,29.72,23.244,4.62,7.167,5.853
47821,0.741,36.331,22.356,29.73,23.244,4.741,7.287,6.095
47822,0.751,36.457,22.378,29.739,23.251,4.701,7.247,6.056
47823,0.741,36.41,22.347,29.73,23.244,4.701,7.288,5.975
47824,0.738,36.477,22.382,29.72,23.244,4.742,7.207,5.974
47825,0.734,36.612,22.402,29.749,23.251,4.783,7.328,6.096
47826,0.754,36.738,22.39,29.768,23.258,4.905,7.41,6.178
47827,0.728,36.144,22.425,29.73,23.244,4.744,7.33,6.139
47828,0.728,36.282,22.41,29.739,23.247,4.742,7.329,6.138
47829,0.728,36.408,22.382,29.73,23.251,4.823,7.289,6.138
47830,0.738,36.486,22.46,29.73,23.251,4.865,7.329,6.138
47831,0.734,36.238,22.414,29.72,23.244,4.662,7.167,5.976
47832,0.738,36.35,22.34,29.72,23.244,4.7,7.287,6.137
47833,0.738,36.505,22.417,29.739,23.237,4.742,7.288,6.057
47834,0.744,36.564,22.398,29.73,23.244,4.701,7.207,6.015
47835,0.741,36.123,22.41,29.72,23.24,4.66,7.165,5.974
47836,0.744,36.282,22.386,29.739,23.244,4.7,7.287,6.096
47837,0.764,36.418,22.413,29.759,23.261,4.863,7.329,6.178
47838,0.777,36.477,22.398,29.749,23.251,4.743,7.289,6.098
47839,0.761,36.171,22.414,29.74,23.251,4.783,7.288,6.016
47840,0.754,36.292,22.433,29.73,23.251,4.783,7.207,6.056
47841,0.748,36.408,22.406,29.749,23.247,4.783,7.328,6.097
47842,0.757,36.477,22.375,29.749,23.251,4.702,7.248,6.016
47843,0.738,36.123,22.308,29.701,23.237,4.66,7.288,6.096
47844,0.738,36.282,22.374,29.749,23.24,4.7,7.329,5.935
47845,0.728,36.399,22.304,29.74,23.24,4.701,7.289,6.014
47846,0.738,36.4,22.362,29.72,23.247,4.62,7.288,5.974
47847,0.725,36.246,22.413,29.73,23.24,4.822,7.329,6.096
47848,0.731,36.408,22.355,29.768,23.258,4.824,7.492,6.178
47849,0.734,36.505,22.382,29.74,23.251,4.702,7.371,6.057
47850,0.731,36.238,22.402,29.73,23.24,4.742,7.411,6.015
47851,0.744,36.139,22.453,29.739,23.24,4.742,7.411,6.178
47852,0.741,36.273,22.434,29.749,23.251,4.823,7.452,6.139
47853,0.738,36.379,22.398,29.74,23.244,4.661,7.33,5.935
47854,0.741,36.035,22.406,29.72,23.237,4.741,7.329,6.014
47855,0.747,36.195,22.371,29.778,23.244,4.742,7.329,6.015
47856,0.747,36.312,22.359,29.73,23.24,4.661,7.41,5.934
47857,0.754,36.38,22.429,29.711,23.237,4.66,7.289,5.974
47858,0.757,36.122,22.394,29.72,23.24,4.741,7.41,5.974
47859,0.774,36.311,22.394,29.759,23.261,4.905,7.574,6.055
47860,0.767,36.418,22.386,29.74,23.247,4.703,7.535,6.097
47861,0.754,36.458,22.449,29.72,23.247,4.742,7.494,6.056
47862,0.748,36.055,22.391,29.739,23.247,4.742,7.534,6.056
47863,0.747,36.205,22.414,29.749,23.251,4.783,7.575,6.097
47864,0.741,36.331,22.422,29.749,23.251,4.783,7.535,5.975
47865,0.721,36.342,22.355,29.711,23.24,4.62,7.534,6.015
47866,0.734,36.083,22.366,29.739,23.251,4.741,7.494,6.015
47867,0.728,36.215,22.394,29.73,23.24,4.701,7.494,5.974
47868,0.725,36.321,22.339,29.711,23.247,4.782,7.494,6.015
47869,0.715,36.38,22.343,29.739,23.244,4.742,7.534,6.056
47870,0.734,36.141,22.378,29.759,23.258,4.905,7.697,6.137
47871,0.747,36.273,22.429,29.721,23.251,4.825,7.618,6.057
47872,0.744,36.351,22.418,29.739,23.251,4.702,7.535,6.056
47873,0.744,36.399,22.441,29.749,23.244,4.742,7.534,6.056
47874,0.757,36.093,22.398,29.74,23.247,4.823,7.575,6.056
47875,0.761,36.215,22.406,29.73,23.247,4.702,7.494,6.015
47876,0.744,36.312,22.379,29.72,23.24,4.62,7.371,5.974
47877,0.773,36.303,22.445,29.739,23.244,4.741,7.411,5.974
47878,0.767,36.092,22.383,29.73,23.251,4.661,7.371,5.974
47879,0.764,36.215,22.37,29.711,23.24,4.66,7.289,5.974
47880,0.767,36.331,22.398,29.72,23.237,4.741,7.41,6.015
47881,0.761,36.064,22.421,29.759,23.254,4.864,7.533,6.096
47882,0.764,36.147,22.41,29.749,23.251,4.743,7.453,5.935
47883,0.754,36.292,22.414,29.74,23.251,4.783,7.412,6.014
47884,0.748,36.36,22.402,29.74,23.254,4.702,7.411,6.015
47885,0.744,35.997,22.402,29.749,23.247,4.823,7.371,6.015
47886,0.751,36.137,22.363,29.74,23.251,4.783,7.33,5.893
47887,0.725,36.225,22.394,29.72,23.237,4.702,7.329,5.973
47888,0.737,36.331,22.355,29.739,23.24,4.782,7.37,5.974
47889,0.734,36.064,22.398,29.73,23.247,4.661,7.452,5.974
47890,0.741,36.186,22.378,29.72,23.237,4.66,7.33,5.933
47891,0.747,36.302,22.402,29.73,23.244,4.782,7.573,6.014
47892,0.77,36.399,22.425,29.778,23.258,4.905,7.657,6.096
47893,0.774,35.959,22.367,29.74,23.244,4.744,7.536,6.056
47894,0.777,36.079,22.382,29.749,23.247,4.823,7.534,6.015
47895,0.79,36.205,22.289,29.759,23.251,4.743,7.575,6.015
47896,0.8,36.273,22.358,29.73,23.254,4.823,7.616,6.015
47897,0.823,36.092,22.413,29.72,23.247,4.661,7.495,5.934
47898,0.81,36.195,22.273,29.711,23.24,4.66,7.616,5.974
47899,0.826,36.331,22.397,29.711,23.251,4.7,7.576,5.933
47900,0.833,36.361,22.414,29.72,23.244,4.701,7.575,5.892
47901,0.826,35.987,22.433,29.711,23.247,4.66,7.575,5.851
47902,0.833,36.127,22.367,29.739,23.237,4.7,7.657,6.013
47903,0.833,36.273,22.39,29.759,23.261,4.863,7.739,6.137
47904,0.826,36.571,22.414,29.73,23.247,4.702,7.618,6.016
47905,0.823,36.018,22.367,29.72,23.24,4.782,7.657,6.056
47906,0.82,36.147,22.359,29.739,23.254,4.742,7.739,5.934
47907,0.813,36.244,22.421,29.749,23.251,4.823,7.781,6.055
47908,0.794,36.082,22.355,29.749,23.244,4.743,7.618,5.934
47909,0.79,36.042,22.366,29.711,23.237,4.661,7.657,5.933
47910,0.8,36.205,22.382,29.739,23.251,4.7,7.78,6.014
47911,0.81,36.273,22.413,29.74,23.244,4.66,7.618,5.974
47912,0.803,35.919,22.359,29.72,23.24,4.66,7.657,5.974
47913,0.81,36.05,22.347,29.711,23.244,4.7,7.658,6.015
47914,0.833,36.195,22.366,29.768,23.254,4.863,7.82,6.178
47915,0.843,36.302,22.378,29.759,23.251,4.702,7.7,6.057
47916,0.843,35.891,22.374,29.73,23.247,4.742,7.699,6.056
47917,0.853,36.04,22.417,29.73,23.254,4.742,7.699,6.056
47918,0.866,36.166,22.429,29.749,23.254,4.783,7.74,6.056
47919,0.862,36.254,22.39,29.73,23.247,4.742,7.659,5.975
47920,0.869,35.881,22.394,29.682,23.24,4.701,7.536,6.015
47921,0.856,36.021,22.421,29.729,23.247,4.742,7.575,6.015
47922,0.853,36.156,22.344,29.73,23.24,4.742,7.575,6.096
47923,0.843,36.196,22.374,29.72,23.244,4.701,7.616,5.975
47924,0.839,35.784,22.398,29.72,23.244,4.62,7.576,5.974
47925,0.839,35.953,22.285,29.759,23.258,4.822,7.698,6.137
47926,0.833,36.089,22.373,29.74,23.251,4.661,7.577,6.057
47927,0.836,36.109,22.448,29.74,23.251,4.7,7.575,6.015
47928,0.833,36.033,22.414,29.807,23.247,4.701,7.535,6.056
47929,0.849,36.185,22.39,29.75,23.254,4.701,7.575,6.219
47930,0.846,36.283,22.406,29.74,23.251,4.742,7.454,5.976
47931,0.84,36.255,22.429,29.711,23.24,4.661,7.371,5.974
47932,0.852,35.986,22.367,29.73,23.247,4.7,7.492,6.055
47933,0.843,36.118,22.363,29.73,23.244,4.701,7.412,5.975
47934,0.846,36.244,22.417,29.73,23.24,4.742,7.452,5.974
47935,0.849,36.072,22.375,29.711,23.244,4.701,7.412,5.974
47936,0.853,35.994,22.378,29.768,23.258,4.863,7.533,6.137
47937,0.862,36.118,22.417,29.74,23.247,4.702,7.453,6.057
47938,0.859,36.205,22.371,29.73,23.247,4.701,7.452,6.056
47939,0.853,35.842,22.359,29.739,23.247,4.782,7.412,6.056
47940,0.853,35.905,22.425,29.73,23.251,4.824,7.452,6.015
47941,0.843,36.05,22.433,29.73,23.251,4.743,7.33,5.974
47942,0.826,36.109,22.367,29.711,23.237,4.661,7.207,5.933
47943,0.813,35.831,22.398,29.72,23.251,4.782,7.287,6.014
47944,0.807,35.963,22.421,29.72,23.251,4.702,7.288,5.893
47945,0.787,36.089,22.379,29.72,23.244,4.701,7.207,5.892
47946,0.784,36.147,22.359,29.701,23.24,4.701,7.206,5.973
47947,0.78,35.956,22.437,29.73,23.254,4.823,7.45,6.218
47948,0.767,36.156,22.406,29.749,23.247,4.783,7.208,6.058
47949,0.761,36.254,22.371,29.74,23.251,4.742,7.287,6.015
47950,0.751,36.322,22.378,29.74,23.247,4.783,7.329,6.056
47951,0.77,35.805,22.382,29.74,23.244,4.783,7.289,6.056
47952,0.77,35.953,22.328,29.749,23.258,4.824,7.207,5.975
47953,0.757,36.031,22.366,29.711,23.237,4.661,7.206,5.933
47954,0.764,36.109,22.398,29.739,23.244,4.7,7.165,5.974
47955,0.767,35.793,22.414,29.73,23.244,4.66,7.124,5.974
47956,0.761,35.914,22.375,29.739,23.244,4.7,7.124,5.974
47957,0.748,36.011,22.374,29.72,23.244,4.701,7.165,5.974
47958,0.767,36.099,22.39,29.759,23.261,4.823,7.328,6.177
47959,0.78,35.975,22.363,29.73,23.244,4.783,7.167,6.017
47960,0.767,36.089,22.429,29.759,23.247,4.702,7.165,6.056
47961,0.748,36.215,22.355,29.73,23.244,4.823,7.206,6.015
47962,0.731,36.321,22.39,29.759,23.251,4.824,7.206,6.056
47963,0.731,35.872,22.371,29.721,23.244,4.743,7.084,5.853
47964,0.712,35.953,22.355,29.72,23.237,4.742,7.042,5.973
47965,0.708,36.089,22.413,29.72,23.247,4.783,7.123,5.974
47966,0.702,35.821,22.39,29.73,23.251,4.661,7.083,6.015
47967,0.685,35.876,22.414,29.73,23.24,4.7,7.042,5.934
47968,0.688,36.011,22.398,29.72,23.24,4.66,7.042,6.055
47969,0.695,36.156,22.371,29.759,23.258,4.904,7.245,6.137
47970,0.698,35.745,22.421,29.721,23.251,4.784,7.084,6.057
47971,0.698,35.847,22.379,29.73,23.251,4.783,7.083,6.097
47972,0.705,35.982,22.312,29.749,23.247,4.824,7.083,6.016
47973,0.708,36.06,22.37,29.73,23.247,4.783,7.042,6.096
47974,0.715,35.764,22.363,29.749,23.247,4.824,7.042,5.975
47975,0.695,35.895,22.378,29.701,23.233,4.621,6.96,5.933
47976,0.701,36.002,22.355,29.73,23.244,4.741,7.041,5.974
47977,0.711,36.079,22.386,29.739,23.247,4.701,6.96,5.974
47978,0.705,35.716,22.351,29.72,23.244,4.742,6.96,5.974
47979,0.708,35.856,22.347,29.72,23.244,4.742,6.919,5.974
47980,0.715,35.982,22.417,29.749,23.254,4.823,7.122,6.177
47981,0.711,36.06,22.371,29.759,23.251,4.743,7.002,6.057
47982,0.702,35.792,22.39,29.797,23.251,4.742,7.001,6.015
47983,0.698,35.934,22.355,29.75,23.247,4.742,6.96,6.056
47984,0.688,36.05,22.409,29.74,23.251,4.742,7.0,6.015
47985,0.688,36.118,22.414,29.74,23.251,4.742,7.001,6.056
47986,0.685,35.879,22.371,29.701,23.233,4.62,6.879,5.934
47987,0.675,36.002,22.433,29.739,23.251,4.822,7.0,6.055
47988,0.678,36.147,22.391,29.74,23.244,4.743,7.001,6.056
47989,0.672,36.148,22.371,29.711,23.244,4.701,7.041,6.056
47990,0.672,35.803,22.437,29.73,23.24,4.66,7.042,6.137
47991,0.675,35.943,22.418,29.739,23.251,4.822,7.204,6.341
47992,0.695,36.098,22.336,29.759,23.258,4.783,7.206,6.221
47993,0.685,35.822,22.362,29.73,23.251,4.742,7.165,6.139
47994,0.701,35.8,22.386,29.73,23.244,4.783,7.206,6.219
47995,0.698,35.934,22.351,29.739,23.254,4.824,7.287,6.22
47996,0.698,36.05,22.378,29.749,23.247,4.783,7.207,6.139
47997,0.698,35.955,22.398,29.701,23.233,4.58,7.125,6.057
47998,0.695,36.089,22.363,29.739,23.247,4.781,7.246,6.178
47999,0.701,36.215,22.374,29.74,23.244,4.742,7.166,6.179
48000,0.708,36.321,22.402,29.72,23.24,4.661,7.165,6.22
48001,0.689,35.44,22.367,29.701,23.244,4.7,7.206,6.18
48002,0.695,35.585,22.386,29.768,23.251,4.823,7.328,6.342
48003,0.708,35.768,22.367,29.759,23.261,4.824,7.289,6.221
48004,0.685,35.809,22.402,29.73,23.247,4.702,7.166,6.22
48005,0.669,35.704,22.375,29.739,23.244,4.782,7.287,6.22
48006,0.675,35.856,22.382,29.74,23.247,4.742,7.329,6.261
48007,0.682,35.953,22.437,29.74,23.251,4.823,7.289,6.262
48008,0.672,36.041,22.398,29.73,23.24,4.58,7.125,6.139
48009,0.659,35.629,22.39,29.73,23.24,4.74,7.165,6.26
48010,0.678,35.798,22.414,29.739,23.244,4.742,7.165,6.221
48011,0.685,35.914,22.422,29.72,23.247,4.742,7.165,6.18
48012,0.685,35.954,22.344,29.749,23.244,4.701,7.165,6.261
48013,0.679,35.657,22.362,29.73,23.244,4.823,7.246,6.343
48014,0.704,35.836,22.398,29.759,23.265,4.905,7.288,6.343
48015,0.702,35.924,22.371,29.74,23.251,4.744,7.125,6.221
48016,0.708,35.954,22.394,29.72,23.247,4.823,7.165,6.22
48017,0.708,35.648,22.32,29.749,23.247,4.783,7.165,6.22
48018,0.721,35.788,22.37,29.749,23.251,4.824,7.165,6.261
48019,0.718,35.886,22.378,29.73,23.247,4.783,7.124,6.139
48020,0.708,35.867,22.382,29.701,23.237,4.702,7.043,6.219
48021,0.708,35.742,22.378,29.758,23.251,4.742,7.042,6.22
48022,0.702,35.837,22.37,29.74,23.254,4.823,7.082,6.22
48023,0.698,35.934,22.39,29.72,23.247,4.743,7.002,6.22
48024,0.688,35.647,22.378,29.711,23.244,4.823,7.082,6.18
48025,0.692,35.779,22.425,29.758,23.265,4.946,7.205,6.261
48026,0.705,35.885,22.379,29.73,23.248,4.866,7.084,6.18
48027,0.689,35.973,22.339,29.73,23.247,4.824,7.083,6.261
48028,0.685,35.6,22.374,29.739,23.247,4.865,7.123,6.302
48029,0.685,35.73,22.39,29.74,23.254,4.987,7.165,6.302
48030,0.688,35.837,22.414,29.74,23.247,4.826,7.124,6.18
48031,0.688,35.924,22.308,29.701,23.237,4.783,7.002,6.139
48032,0.688,35.475,22.385,29.73,23.247,4.824,7.123,6.179
48033,0.695,35.623,22.398,29.739,23.251,4.824,7.083,6.179
48034,0.695,35.73,22.394,29.74,23.244,4.783,7.042,6.139
48035,0.692,35.799,22.406,29.73,23.244,4.742,7.042,6.219
48036,0.708,35.569,22.41,29.749,23.258,4.986,7.286,6.342
48037,0.737,35.759,22.32,29.778,23.251,4.866,7.125,6.221
48038,0.734,35.837,22.385,29.74,23.251,4.865,7.043,6.302
48039,0.751,35.905,22.413,29.73,23.247,4.865,7.082,6.262
48040,0.78,35.695,22.386,29.739,23.251,4.865,7.164,6.221
48041,0.793,35.846,22.335,29.74,23.251,4.865,7.043,6.261
48042,0.826,35.944,22.335,29.711,23.24,4.743,6.839,6.139
48043,0.846,35.973,22.366,29.72,23.247,4.823,6.999,6.179
48044,0.866,35.696,22.37,29.73,23.247,4.824,6.96,6.179
48045,0.879,35.856,22.394,29.73,23.244,4.783,6.919,6.179
48046,0.895,35.953,22.386,29.72,23.237,4.783,6.959,6.139
48047,0.899,36.28,22.339,29.73,23.254,4.986,7.082,6.341
48048,0.931,35.795,22.382,29.778,23.258,4.948,7.002,6.221
48049,0.928,35.895,22.39,29.74,23.251,4.785,6.96,6.261
48050,0.964,35.983,22.417,29.74,23.244,4.864,7.0,6.262
48051,0.987,35.705,22.273,29.74,23.251,4.865,7.001,6.302
48052,1.043,35.722,22.342,29.74,23.251,4.946,6.919,6.221
48053,1.079,35.808,22.319,29.701,23.24,4.663,6.796,6.098
48054,1.135,35.924,22.374,29.739,23.254,4.782,6.917,6.219
48055,1.194,35.551,22.39,29.74,23.244,4.783,6.837,6.18
48056,1.23,35.663,22.414,29.711,23.24,4.783,6.714,6.179
48057,1.269,35.788,22.312,29.711,23.24,4.783,6.794,6.139
48058,1.302,35.905,22.366,29.758,23.261,4.905,6.999,6.382
48059,1.299,35.609,22.441,29.74,23.251,4.906,6.838,6.303
48060,1.293,35.73,22.41,29.749,23.251,4.865,6.796,6.302
48061,1.28,35.885,22.363,29.768,23.254,4.824,6.836,6.343
48062,1.315,35.944,22.362,29.73,23.251,4.865,6.837,6.384
48063,1.322,35.494,22.378,29.749,23.247,4.824,6.796,6.263
48064,1.306,35.605,22.351,29.701,23.24,4.702,6.714,6.343
48065,1.277,35.749,22.374,29.73,23.251,4.823,6.754,6.303
48066,1.26,35.818,22.39,29.73,23.247,4.824,6.754,6.384
48067,1.24,35.55,22.343,29.73,23.244,4.783,6.714,6.344
48068,1.237,35.691,22.354,29.739,23.244,4.742,6.713,6.466
48069,1.201,35.827,22.417,29.759,23.258,4.905,6.835,6.67
48070,1.149,35.876,22.398,29.74,23.241,4.825,6.714,6.631
48071,1.093,35.484,22.351,29.749,23.251,4.865,6.713,6.672
48072,1.04,35.624,22.358,29.74,23.251,4.824,6.835,6.794
48073,1.004,35.74,22.382,29.749,23.251,4.865,6.755,6.958
48074,0.958,35.76,22.421,29.74,23.251,4.865,6.754,7.163
48075,0.899,35.483,22.398,29.711,23.237,4.662,6.592,7.328
48076,0.856,35.633,22.41,29.73,23.247,4.782,6.793,7.654
48077,0.801,35.74,22.429,29.739,23.247,4.742,6.714,7.942
48078,0.758,35.636,22.355,29.72,23.244,4.783,6.672,8.148
48079,0.715,35.5,22.417,29.711,23.237,4.742,6.672,8.435
48080,0.689,35.643,22.355,29.73,23.251,4.864,6.794,8.804
48081,0.656,35.807,22.39,29.778,23.258,4.946,6.755,9.052
48082,0.616,35.541,22.374,29.721,23.247,4.825,6.714,9.176
48083,0.59,35.643,22.398,29.749,23.251,4.824,6.713,9.421
48084,0.544,35.788,22.41,29.74,23.251,4.824,6.794,9.586
48085,0.531,35.886,22.406,29.73,23.251,4.865,6.755,9.588
48086,0.534,35.474,22.406,29.72,23.237,4.702,6.632,9.588
48087,0.55,35.604,22.371,29.73,23.247,4.904,6.712,9.751
48088,0.573,35.74,22.347,29.73,23.244,4.784,6.754,9.874
48089,0.612,35.837,22.386,29.72,23.244,4.783,6.714,9.876
48090,0.652,35.474,22.363,29.711,23.237,4.742,6.754,9.916
48091,0.691,35.643,22.378,29.778,23.247,4.783,6.836,10.12
48092,0.734,35.798,22.37,29.75,23.258,4.946,6.877,10.325
48093,0.741,35.838,22.355,29.73,23.251,4.825,6.877,10.49
48094,0.76,35.483,22.398,29.759,23.247,4.743,6.837,10.776
48095,0.767,35.662,22.41,29.74,23.251,4.823,6.918,11.064
48096,0.777,35.779,22.41,29.749,23.251,4.865,6.919,11.351
48097,0.787,35.828,22.402,29.74,23.244,4.743,6.756,11.476
48098,0.777,35.512,22.339,29.692,23.237,4.701,6.795,11.762
48099,0.784,35.662,22.417,29.72,23.247,4.742,6.836,11.968
48100,0.78,35.779,22.34,29.73,23.244,4.742,6.796,12.092
48101,0.777,35.818,22.378,29.711,23.247,4.742,6.673,12.215
48102,0.764,35.493,22.374,29.72,23.244,4.783,6.794,12.42
48103,0.78,35.643,22.433,29.759,23.261,4.864,6.999,12.544
48104,0.774,35.798,22.426,29.74,23.251,4.784,6.879,12.464
48105,0.754,35.895,22.406,29.73,23.247,4.783,6.877,12.544
48106,0.757,35.57,22.402,29.739,23.251,4.783,6.837,12.423
48107,0.761,35.711,22.386,29.74,23.254,4.864,6.837,12.462
48108,0.751,35.827,22.359,29.749,23.251,4.824,6.837,12.259
48109,0.748,35.397,22.401,29.701,23.233,4.702,6.714,12.054
48110,0.738,35.441,22.339,29.749,23.247,4.782,6.794,12.093
48111,0.764,35.575,22.366,29.74,23.244,4.783,6.836,12.012
48112,0.761,35.682,22.374,29.74,23.237,4.742,6.796,11.848
48113,0.757,35.376,22.417,29.72,23.244,4.742,6.714,11.725
48114,0.774,35.507,22.402,29.749,23.261,4.823,6.876,11.886
48115,0.79,35.701,22.398,29.768,23.261,4.905,6.877,11.603
48116,0.784,35.731,22.421,29.74,23.244,4.744,6.877,11.519
48117,0.78,35.473,22.386,29.74,23.247,4.823,6.837,11.355
48118,0.79,35.604,22.363,29.73,23.251,4.824,6.918,11.232
48119,0.793,35.73,22.39,29.739,23.251,4.824,6.919,11.231
48120,0.79,35.818,22.308,29.74,23.247,4.743,6.837,10.905
48121,0.771,35.349,22.346,29.73,23.247,4.742,6.918,10.902
48122,0.774,35.517,22.405,29.739,23.247,4.823,6.959,10.821
48123,0.774,35.624,22.433,29.73,23.247,4.824,6.878,10.698
48124,0.758,35.692,22.394,29.72,23.244,4.743,6.918,10.453
48125,0.757,35.52,22.343,29.72,23.244,4.783,6.959,10.41
48126,0.774,35.691,22.456,29.768,23.254,4.905,7.163,10.491
48127,0.771,35.827,22.391,29.749,23.247,4.825,7.084,10.247
48128,0.761,35.838,22.363,29.749,23.247,4.865,7.083,10.164
48129,0.764,35.455,22.421,29.74,23.247,4.824,7.002,10.041
48130,0.761,35.585,22.351,29.749,23.251,4.865,7.001,10.04
48131,0.77,35.711,22.347,29.749,23.251,4.824,7.082,9.796
48132,0.761,35.722,22.284,29.711,23.237,4.661,6.88,9.59
48133,0.764,35.463,22.342,29.72,23.247,4.782,7.0,9.588
48134,0.79,35.604,22.339,29.749,23.247,4.742,7.041,9.507
48135,0.787,35.702,22.37,29.73,23.24,4.742,7.001,9.343
48136,0.787,35.472,22.386,29.72,23.24,4.742,7.001,9.301
48137,0.787,35.47,22.367,29.72,23.251,4.823,7.001,9.382
48138,0.806,35.643,22.394,29.768,23.261,4.824,7.163,9.179
48139,0.797,35.702,22.382,29.711,23.251,4.824,7.002,9.055
48140,0.794,35.376,22.413,29.73,23.247,4.865,7.041,9.054
48141,0.79,35.507,22.386,29.749,23.251,4.824,7.082,8.932
48142,0.784,35.633,22.367,29.74,23.251,4.824,7.123,8.89
48143,0.784,35.711,22.429,29.73,23.247,4.743,6.961,8.605
48144,0.764,35.377,22.351,29.72,23.244,4.783,7.163,8.643
48145,0.777,35.546,22.378,29.72,23.247,4.783,7.084,8.603
48146,0.774,35.672,22.413,29.72,23.247,4.742,7.123,8.521
48147,0.774,35.76,22.402,29.72,23.247,4.742,7.124,8.398
48148,0.767,35.406,22.367,29.73,23.247,4.783,7.165,8.397
48149,0.774,35.575,22.421,29.759,23.258,4.905,7.409,8.438
48150,0.787,35.72,22.371,29.759,23.251,4.784,7.289,8.357
48151,0.784,35.779,22.366,29.749,23.247,4.742,7.329,8.275
48152,0.784,35.444,22.366,29.749,23.251,4.864,7.451,8.193
48153,0.787,35.585,22.409,29.749,23.258,4.824,7.452,8.11
48154,0.787,35.701,22.363,29.73,23.247,4.702,7.371,8.069
48155,0.787,35.731,22.362,29.72,23.24,4.742,7.452,8.028
48156,0.79,35.492,22.382,29.73,23.24,4.783,7.493,7.946
48157,0.79,35.633,22.378,29.711,23.247,4.742,7.494,7.823
48158,0.793,35.721,22.39,29.711,23.24,4.701,7.494,7.781
48159,0.806,35.76,22.382,29.73,23.251,4.823,7.616,7.944
48160,0.823,35.415,22.398,29.759,23.261,4.865,7.698,7.864
48161,0.791,35.508,22.363,29.74,23.251,4.784,7.618,7.741
48162,0.793,35.624,22.378,29.74,23.251,4.742,7.657,7.74
48163,0.793,35.52,22.398,29.749,23.251,4.823,7.658,7.74
48164,0.787,35.336,22.359,29.74,23.254,4.783,7.698,7.659
48165,0.78,35.478,22.378,29.711,23.247,4.702,7.536,7.495
48166,0.774,35.528,22.409,29.711,23.244,4.742,7.575,7.534
48167,0.78,35.336,22.379,29.739,23.251,4.823,7.575,7.534
48168,0.774,35.421,22.378,29.73,23.24,4.783,7.535,7.575
48169,0.774,35.517,22.417,29.711,23.24,4.742,7.575,7.372
48170,0.771,35.624,22.351,29.739,23.247,4.742,7.616,7.533
48171,0.803,35.318,22.378,29.768,23.261,4.864,7.657,7.534
48172,0.797,35.449,22.351,29.749,23.251,4.784,7.536,7.331
48173,0.8,35.556,22.398,29.74,23.247,4.742,7.494,7.41
48174,0.803,35.644,22.363,29.749,23.251,4.783,7.616,7.411
48175,0.807,35.357,22.374,29.749,23.251,4.824,7.617,7.33
48176,0.807,35.478,22.386,29.74,23.247,4.702,7.535,7.289
48177,0.813,35.585,22.359,29.72,23.24,4.66,7.453,7.247
48178,0.82,35.673,22.359,29.739,23.247,4.822,7.452,7.166
48179,0.82,35.271,22.39,29.73,23.24,4.702,7.412,7.165
48180,0.82,35.41,22.308,29.749,23.24,4.742,7.452,7.084
48181,0.81,35.546,22.323,29.701,23.24,4.742,7.33,7.123
48182,0.803,35.595,22.374,29.749,23.258,4.823,7.573,7.205
48183,0.826,35.395,22.445,29.768,23.254,4.865,7.494,7.165
48184,0.804,35.508,22.371,29.74,23.247,4.784,7.453,7.043
48185,0.803,35.633,22.405,29.759,23.254,4.783,7.534,7.123
48186,0.797,35.673,22.398,29.749,23.244,4.783,7.372,7.083
48187,0.794,35.252,22.386,29.759,23.251,4.824,7.452,7.002
48188,0.8,35.391,22.374,29.73,23.237,4.702,7.371,6.919
48189,0.79,35.46,22.374,29.73,23.247,4.782,7.37,7.0
48190,0.79,35.94,22.339,29.73,23.244,4.783,7.33,7.001
48191,0.79,35.82,22.339,29.72,23.244,4.702,7.289,6.919
48192,0.8,35.943,22.366,29.72,23.24,4.701,7.288,6.878
48193,0.8,36.041,22.39,29.73,23.251,4.782,7.369,6.959
48194,0.823,35.274,22.402,29.768,23.261,4.824,7.452,7.0
48195,0.817,35.161,22.398,29.73,23.251,4.783,7.29,6.919
48196,0.823,35.285,22.367,29.739,23.247,4.742,7.329,6.878
48197,0.826,35.411,22.378,29.749,23.251,4.783,7.289,6.918
48198,0.833,35.278,22.367,29.749,23.251,4.702,7.288,6.919
48199,0.83,35.42,22.347,29.74,23.247,4.782,7.166,6.796
48200,0.823,35.508,22.339,29.701,23.237,4.62,7.206,6.755
48201,0.82,35.624,22.347,29.749,23.244,4.781,7.084,6.754
48202,0.817,35.098,22.358,29.73,23.244,4.742,7.164,6.795
48203,0.816,35.227,22.3,29.73,23.244,4.661,7.084,6.714
48204,0.81,35.343,22.354,29.73,23.251,4.741,7.083,6.754
48205,0.816,35.45,22.362,29.759,23.261,4.823,7.286,6.917
48206,0.833,35.355,22.413,29.759,23.244,4.783,7.125,6.756
48207,0.813,35.498,22.406,29.74,23.244,4.742,7.002,6.714
48208,0.807,35.605,22.379,29.749,23.251,4.783,7.163,6.754
48209,0.813,35.663,22.417,29.759,23.247,4.783,7.084,6.714
48210,0.81,35.223,22.386,29.769,23.251,4.783,7.042,6.713
48211,0.813,35.343,22.343,29.73,23.24,4.62,6.879,6.551
48212,0.813,35.45,22.351,29.73,23.244,4.781,7.0,6.712
48213,0.836,35.499,22.362,29.73,23.251,4.783,6.96,6.591
48214,0.836,35.259,22.394,29.749,23.244,4.661,6.878,6.59
48215,0.833,35.391,22.339,29.73,23.237,4.66,6.918,6.59
48216,0.836,35.488,22.374,29.749,23.254,4.782,7.0,6.671
48217,0.852,35.576,22.367,29.778,23.261,4.824,7.001,6.672
48218,0.853,35.279,22.366,29.74,23.254,4.743,6.919,6.55
48219,0.846,35.43,22.366,29.74,23.251,4.783,6.919,6.549
48220,0.856,35.546,22.363,29.749,23.251,4.742,6.959,6.59
48221,0.849,35.337,22.347,29.768,23.251,4.742,6.96,6.549
48222,0.843,35.219,22.37,29.749,23.247,4.701,6.797,6.468
48223,0.83,35.314,22.355,29.74,23.244,4.742,6.877,6.629
48224,0.833,35.449,22.378,29.749,23.247,4.742,6.877,6.468
48225,0.836,35.297,22.347,29.749,23.247,4.701,6.755,6.467
48226,0.833,35.411,22.378,29.74,23.237,4.579,6.754,6.386
48227,0.833,35.556,22.32,29.73,23.251,4.7,6.795,6.588
48228,0.833,35.663,22.385,29.778,23.261,4.863,6.958,6.671
48229,0.833,35.184,22.374,29.75,23.244,4.784,6.797,6.591
48230,0.826,35.342,22.386,29.759,23.247,4.742,6.795,6.509
48231,0.836,35.478,22.371,29.769,23.247,4.742,6.795,6.508
48232,0.846,35.556,22.386,29.759,23.251,4.823,6.795,6.508
48233,0.849,35.202,22.371,29.769,23.247,4.743,6.755,6.467
48234,0.853,35.295,22.343,29.74,23.237,4.701,6.632,6.426
48235,0.843,35.42,22.366,29.749,23.251,4.782,6.834,6.466
48236,0.856,35.489,22.405,29.74,23.244,4.742,6.755,6.426
48237,0.859,35.183,22.379,29.749,23.24,4.661,6.714,6.426
48238,0.862,35.304,22.374,29.74,23.244,4.66,6.754,6.385
48239,0.869,35.42,22.406,29.759,23.251,4.904,6.917,6.507
48240,0.885,35.537,22.402,29.788,23.254,4.784,6.756,6.386
48241,0.859,35.298,22.402,29.759,23.251,4.742,6.795,6.385
48242,0.853,35.42,22.402,29.769,23.251,4.783,6.877,6.385
48243,0.859,35.546,22.41,29.759,23.254,4.824,6.877,6.466
48244,0.856,35.595,22.355,29.769,23.247,4.783,6.877,6.386
48245,0.853,35.193,22.347,29.74,23.244,4.62,6.674,6.222
48246,0.846,35.304,22.358,29.749,23.247,4.7,6.794,6.383
48247,0.856,35.44,22.347,29.759,23.251,4.701,6.795,6.303
48248,0.846,35.537,22.382,29.759,23.251,4.66,6.795,6.343
48249,0.843,35.241,22.351,29.759,23.244,4.7,6.714,6.303
48250,0.849,35.381,22.37,29.778,23.254,4.823,6.916,6.506
48251,0.872,35.508,22.386,29.788,23.254,4.865,6.837,6.386
48252,0.866,35.173,22.382,29.759,23.251,4.743,6.755,6.425
48253,0.879,35.227,22.39,29.788,23.247,4.742,6.795,6.304
48254,0.879,35.381,22.386,29.769,23.251,4.783,6.836,6.384
48255,0.879,35.479,22.39,29.778,23.251,4.783,6.796,6.344
48256,0.885,35.182,22.308,29.74,23.244,4.58,6.633,6.14
48257,0.872,35.285,22.342,29.759,23.24,4.659,6.794,6.301
48258,0.898,35.439,22.409,29.759,23.247,4.741,6.795,6.262
48259,0.899,35.527,22.32,29.769,23.24,4.742,6.633,6.302
48260,0.905,35.097,22.339,29.759,23.237,4.701,6.631,6.262
48261,0.899,35.246,22.366,29.769,23.247,4.782,6.794,6.302
48262,0.908,35.41,22.456,29.797,23.261,4.864,6.795,6.262
48263,0.902,35.45,22.422,29.769,23.251,4.743,6.714,6.302
48264,0.889,35.288,22.379,29.759,23.251,4.823,6.754,6.302
48265,0.885,35.43,22.359,29.769,23.251,4.783,6.754,6.302
48266,0.889,35.546,22.378,29.769,23.258,4.783,6.714,6.262
48267,0.892,35.615,22.374,29.769,23.247,4.661,6.591,6.139
48268,0.879,35.136,22.327,29.749,23.24,4.7,6.59,6.26
48269,0.889,35.256,22.382,29.759,23.251,4.742,6.631,6.262
48270,0.885,35.41,22.296,29.778,23.244,4.701,6.55,6.139
48271,0.898,35.441,22.307,29.759,23.247,4.66,6.549,6.179
48272,0.899,35.316,22.315,29.778,23.244,4.782,6.59,6.22
48273,0.912,35.488,22.382,29.797,23.254,4.905,6.712,6.383
48274,0.922,35.605,22.367,29.788,23.247,4.744,6.591,6.181
48275,0.922,35.615,22.37,29.769,23.251,4.742,6.59,6.261
48276,0.938,35.203,22.351,29.769,23.244,4.742,6.549,6.262
48277,0.932,35.371,22.374,29.797,23.251,4.783,6.63,6.221
48278,0.948,35.479,22.409,29.778,23.247,4.742,6.509,6.18
48279,0.935,35.547,22.336,29.759,23.244,4.661,6.386,6.139
48280,0.938,35.643,22.354,29.778,23.244,4.741,6.466,6.179
48281,0.938,35.769,22.347,29.797,23.244,4.701,6.467,6.179
48282,0.941,35.866,22.378,29.788,23.247,4.66,6.467,6.139
48283,0.935,35.244,22.335,29.778,23.237,4.7,6.426,6.138
48284,0.938,35.324,22.35,29.797,23.254,4.742,6.548,6.301
48285,0.948,35.507,22.394,29.826,23.251,4.783,6.508,6.221
48286,0.932,35.566,22.355,29.779,23.247,4.783,6.508,6.18
48287,0.941,35.308,22.37,29.788,23.251,4.742,6.508,6.179
48288,0.932,35.44,22.37,29.798,23.247,4.742,6.549,6.261
48289,0.948,35.566,22.386,29.807,23.254,4.783,6.508,6.18
48290,0.941,35.653,22.355,29.779,23.24,4.661,6.427,6.139
48291,0.932,35.366,22.28,29.778,23.244,4.782,6.507,6.219
48292,0.964,35.517,22.358,29.769,23.244,4.702,6.386,6.18
48293,0.955,35.624,22.366,29.778,23.244,4.701,6.466,6.139
48294,0.961,35.702,22.324,29.788,23.24,4.66,6.426,6.138
48295,0.961,35.511,22.335,29.778,23.244,4.782,6.507,6.26
48296,0.987,35.681,22.335,29.826,23.261,4.824,6.63,6.302
48297,0.984,35.779,22.366,29.788,23.247,4.743,6.631,6.221
48298,1.004,35.818,22.386,29.807,23.254,4.783,6.55,6.22
48299,0.984,35.598,22.374,29.798,23.251,4.824,6.508,6.22
48300,0.991,35.74,22.382,29.807,23.251,4.783,6.549,6.22
48301,0.994,35.837,22.347,29.798,23.24,4.661,6.427,6.139
48302,0.974,35.838,22.437,29.759,23.247,4.741,6.548,6.219
48303,0.987,35.694,22.363,29.788,23.247,4.742,6.468,6.139
48304,0.978,35.827,22.374,29.798,23.24,4.661,6.507,6.179
48305,0.981,35.934,22.367,29.778,23.244,4.7,6.467,6.139
48306,0.981,36.002,22.335,29.788,23.24,4.742,6.548,6.179
48307,0.994,36.012,22.37,29.826,23.265,4.905,6.671,6.301
48308,0.994,36.128,22.378,29.798,23.248,4.825,6.55,6.221
48309,0.991,36.186,22.359,29.788,23.247,4.702,6.59,6.18
48310,0.994,35.909,22.359,29.798,23.254,4.782,6.631,6.261
48311,1.01,36.011,22.335,29.798,23.251,4.783,6.59,6.221
48312,1.014,36.137,22.37,29.826,23.251,4.783,6.509,6.18
48313,1.01,36.186,22.32,29.779,23.233,4.661,6.427,6.139
48314,1.023,35.947,22.354,29.807,23.244,4.822,6.588,6.138
48315,1.036,36.098,22.355,29.798,23.24,4.743,6.509,6.179
48316,1.037,36.215,22.308,29.807,23.237,4.742,6.549,6.139
48317,1.046,36.293,22.362,29.788,23.244,4.701,6.468,6.179
48318,1.053,36.437,22.413,29.807,23.258,4.823,6.711,6.301
48319,1.073,36.611,22.328,29.817,23.251,4.743,6.591,6.14
48320,1.069,36.699,22.347,29.817,23.254,4.823,6.631,6.098
48321,1.069,36.767,22.362,29.807,23.251,4.783,6.672,6.178
48322,1.06,36.078,22.421,29.817,23.247,4.824,6.631,6.22
48323,1.063,36.224,22.398,29.827,23.258,4.824,6.753,6.098
48324,1.043,36.321,22.371,29.769,23.237,4.621,6.551,6.016
48325,1.046,36.38,22.366,29.807,23.244,4.7,6.671,6.137
48326,1.053,36.476,22.398,29.798,23.247,4.701,6.672,6.057
48327,1.056,36.631,22.386,29.807,23.244,4.782,6.713,6.056
48328,1.05,36.738,22.351,29.798,23.24,4.661,6.672,6.097
48329,1.053,36.748,22.401,29.807,23.251,4.822,6.794,6.178
48330,1.069,36.595,22.273,29.865,23.261,4.905,6.836,6.261
48331,1.079,36.709,22.358,29.808,23.244,4.825,6.796,6.099
48332,1.083,36.806,22.362,29.817,23.254,4.743,6.795,6.138
48333,1.079,37.162,22.39,29.827,23.254,4.742,6.795,6.179
48334,1.096,36.772,22.378,29.827,23.251,4.823,6.795,6.179
48335,1.099,36.883,22.367,29.808,23.247,4.743,6.714,6.057
48336,1.096,36.961,22.304,29.807,23.237,4.701,6.672,6.137
48337,1.109,36.779,22.335,29.817,23.244,4.742,6.672,6.138
48338,1.115,36.806,22.382,29.807,23.247,4.701,6.713,6.016
48339,1.112,36.941,22.292,29.798,23.247,4.782,6.713,5.974
48340,1.109,37.029,22.331,29.807,23.244,4.742,6.754,6.055
48341,1.122,36.905,22.374,29.836,23.261,4.864,6.836,6.219
48342,1.122,37.047,22.433,29.846,23.247,4.784,6.796,6.058
48343,1.116,37.154,22.402,29.817,23.247,4.783,6.755,6.097
48344,1.115,37.222,22.382,29.817,23.254,4.824,6.673,6.056
48345,1.109,37.051,22.367,29.817,23.258,4.905,6.753,6.137
48346,1.102,37.164,22.398,29.836,23.251,4.825,6.714,6.057
48347,1.119,37.261,22.359,29.798,23.237,4.661,6.591,5.975
48348,1.112,37.348,22.323,29.826,23.247,4.782,6.631,6.055
48349,1.109,37.081,22.393,29.827,23.244,4.824,6.631,6.015
48350,1.106,37.222,22.296,29.827,23.251,4.743,6.55,5.934
48351,1.112,37.319,22.327,29.817,23.247,4.701,6.63,6.014
48352,1.122,37.406,22.378,29.855,23.254,4.904,6.834,6.218
48353,1.132,37.254,22.406,29.827,23.244,4.865,6.633,6.058
48354,1.125,37.339,22.402,29.846,23.254,4.784,6.631,6.056
48355,1.132,37.454,22.382,29.837,23.247,4.783,6.672,6.056
48356,1.145,37.494,22.374,29.846,23.251,4.824,6.672,6.097
48357,1.139,37.236,22.351,29.856,23.251,4.824,6.631,6.016
48358,1.138,37.348,22.351,29.808,23.237,4.743,6.509,6.015
48359,1.135,37.464,22.362,29.836,23.247,4.783,6.589,6.015
48360,1.145,37.485,22.323,29.827,23.244,4.742,6.631,5.974
48361,1.129,37.37,22.315,29.817,23.244,4.701,6.59,6.015
48362,1.119,37.474,22.37,29.817,23.237,4.742,6.549,6.056
48363,1.125,37.609,22.386,29.855,23.254,4.905,6.712,6.178
48364,1.129,37.515,22.413,29.846,23.251,4.825,6.591,6.098
48365,1.103,37.437,22.383,29.837,23.244,4.824,6.631,6.138
48366,1.099,37.571,22.413,29.836,23.254,4.824,6.631,6.098
48367,1.093,37.668,22.347,29.846,23.254,4.824,6.631,6.097
48368,1.076,37.525,22.382,29.856,23.254,4.824,6.672,6.097
48369,1.076,37.6,22.39,29.827,23.237,4.661,6.509,5.853
48370,1.053,37.716,22.367,29.846,23.247,4.822,6.63,6.054
48371,1.073,37.832,22.327,29.846,23.251,4.743,6.55,6.056
48372,1.069,37.45,22.323,29.837,23.247,4.742,6.59,6.056
48373,1.063,37.561,22.358,29.836,23.244,4.742,6.509,6.015
48374,1.06,37.696,22.343,29.865,23.251,4.905,6.711,6.178
48375,1.066,37.822,22.374,29.875,23.261,4.987,6.632,6.139
48376,1.053,37.526,22.374,29.846,23.247,4.826,6.59,6.016
48377,1.053,37.667,22.347,29.846,23.247,4.865,6.631,6.056
48378,1.043,37.793,22.37,29.856,23.251,4.865,6.631,6.137
48379,1.043,37.833,22.359,29.865,23.254,4.824,6.672,6.098
48380,1.037,37.517,22.366,29.846,23.244,4.743,6.55,5.935
48381,1.02,37.619,22.351,29.837,23.254,4.823,6.63,6.136
48382,1.01,37.774,22.358,29.865,23.247,4.743,6.59,6.016
48383,0.994,37.794,22.382,29.827,23.24,4.742,6.468,6.015
48384,0.984,37.651,22.32,29.836,23.254,4.783,6.467,5.974
48385,0.971,37.774,22.354,29.846,23.244,4.783,6.629,6.137
48386,0.971,37.919,22.398,29.894,23.258,4.946,6.712,6.179
48387,0.961,37.93,22.382,29.866,23.247,4.866,6.672,6.057
48388,0.942,37.758,22.378,29.865,23.247,4.824,6.672,6.097
48389,0.935,37.871,22.406,29.865,23.254,4.824,6.753,6.056
48390,0.909,37.968,22.379,29.894,23.254,4.865,6.795,6.097
48391,0.925,37.959,22.355,29.875,23.247,4.865,6.755,6.016
48392,0.912,37.576,22.327,29.837,23.237,4.743,6.673,6.056
48393,0.912,37.716,22.405,29.846,23.247,4.783,6.794,6.097
48394,0.912,37.813,22.375,29.875,23.251,4.783,6.836,6.016
48395,0.905,37.584,22.363,29.856,23.24,4.783,6.755,6.015
48396,0.895,37.668,22.335,29.846,23.244,4.702,6.795,6.056
48397,0.899,37.813,22.374,29.884,23.258,4.904,6.958,6.219
48398,0.905,37.929,22.386,29.885,23.247,4.784,6.838,6.017
48399,0.892,37.575,22.335,29.875,23.247,4.824,6.877,6.056
48400,0.892,37.716,22.366,29.875,23.251,4.824,6.918,6.056
48401,0.879,37.832,22.339,29.875,23.254,4.824,6.959,6.097
48402,0.859,37.92,22.39,29.875,23.254,4.865,6.838,6.056
48403,0.849,37.623,22.32,29.856,23.237,4.743,6.714,5.975
48404,0.846,37.774,22.335,29.865,23.247,4.742,6.794,6.137
48405,0.836,37.9,22.35,29.875,23.251,4.823,6.836,5.976
48406,0.83,37.968,22.339,29.856,23.244,4.783,6.755,6.015
48407,0.823,37.48,22.378,29.856,23.244,4.702,6.714,6.056
48408,0.82,37.619,22.37,29.894,23.251,4.904,6.876,6.178
48409,0.823,37.774,22.382,29.923,23.254,4.906,6.837,6.139
48410,0.813,37.804,22.359,29.876,23.254,4.825,6.755,6.098
48411,0.816,37.68,22.335,29.885,23.244,4.865,6.795,6.097
48412,0.81,37.822,22.382,29.894,23.254,4.865,6.836,6.138
48413,0.81,37.929,22.398,29.904,23.251,4.865,6.796,6.098
48414,0.81,37.969,22.375,29.875,23.244,4.743,6.673,5.975
48415,0.8,37.595,22.351,29.856,23.244,4.783,6.753,6.137
48416,0.813,37.745,22.331,29.875,23.254,4.783,6.754,6.016
48417,0.813,37.861,22.358,29.875,23.24,4.783,6.795,6.096
48418,0.803,37.93,22.382,29.865,23.244,4.742,6.633,5.975
48419,0.807,37.528,22.32,29.865,23.251,4.783,6.794,6.137
48420,0.823,37.706,22.358,29.923,23.258,4.905,6.958,6.138
48421,0.807,37.803,22.323,29.895,23.247,4.825,6.878,6.098
48422,0.797,37.641,22.397,29.894,23.251,4.824,6.918,6.138
48423,0.794,37.688,22.359,29.904,23.254,4.865,6.878,6.098
48424,0.777,37.803,22.343,29.904,23.254,4.865,6.959,6.097
48425,0.774,37.891,22.358,29.875,23.247,4.824,6.838,6.138
48426,0.767,37.508,22.323,29.885,23.24,4.743,6.877,6.057
48427,0.764,37.658,22.343,29.894,23.247,4.783,6.877,6.097
48428,0.761,37.774,22.358,29.894,23.247,4.783,6.837,6.138
48429,0.764,37.833,22.331,29.875,23.24,4.702,6.877,6.057
48430,0.754,37.373,22.331,29.885,23.244,4.742,6.837,6.137
48431,0.767,37.541,22.3,29.904,23.261,4.823,6.958,6.341
48432,0.777,37.677,22.397,29.923,23.251,4.865,6.838,6.181
48433,0.777,37.717,22.425,29.895,23.244,4.824,6.918,6.057
48434,0.774,37.516,22.394,29.914,23.251,4.783,6.878,6.137
48435,0.78,37.667,22.398,29.914,23.251,4.864,7.0,6.138
48436,0.787,37.755,22.336,29.914,23.251,4.865,6.919,6.138
48437,0.777,37.785,22.358,29.885,23.237,4.621,6.796,6.057
48438,0.78,37.526,22.394,29.894,23.254,4.781,6.958,6.178
48439,0.774,37.686,22.339,29.904,23.24,4.702,6.878,6.139
48440,0.78,37.784,22.331,29.895,23.24,4.782,6.918,6.057
48441,0.767,37.823,22.3,29.885,23.244,4.742,6.878,6.056
48442,0.761,37.555,22.366,29.914,23.247,4.823,7.0,6.259
48443,0.777,37.716,22.39,29.952,23.258,4.905,7.041,6.139
48444,0.758,37.803,22.355,29.905,23.247,4.825,7.001,6.138
48445,0.754,37.804,22.362,29.914,23.247,4.824,7.041,6.219
48446,0.751,37.565,22.331,29.923,23.254,4.865,7.042,6.18
48447,0.751,37.696,22.343,29.933,23.247,4.906,7.001,6.22
48448,0.741,37.813,22.378,29.914,23.244,4.744,6.879,6.058
48449,0.725,37.613,22.351,29.904,23.244,4.742,7.0,6.137
48450,0.737,37.505,22.362,29.914,23.247,4.783,7.001,6.179
48451,0.744,37.638,22.304,29.914,23.247,4.783,6.919,6.179
48452,0.744,37.716,22.354,29.904,23.244,4.783,6.959,6.057
48453,0.744,37.42,22.359,29.904,23.247,4.905,7.122,6.259
48454,0.767,37.57,22.355,29.962,23.261,4.906,7.124,6.221
48455,0.761,37.668,22.366,29.905,23.244,4.865,7.043,6.139
48456,0.761,37.774,22.335,29.923,23.247,4.824,7.001,6.219
48457,0.774,37.325,22.366,29.933,23.251,4.824,7.041,6.18
48458,0.774,37.435,22.405,29.924,23.251,4.946,7.082,6.22
48459,0.774,37.561,22.343,29.914,23.24,4.785,6.961,6.058
48460,0.761,37.601,22.354,29.904,23.244,4.824,7.041,6.137
48461,0.761,37.476,22.351,29.923,23.251,4.783,7.123,6.138
48462,0.757,37.619,22.39,29.933,23.244,4.783,7.043,6.057
48463,0.761,37.735,22.316,29.933,23.24,4.742,6.92,6.015
48464,0.741,37.794,22.339,29.933,23.24,4.823,7.041,6.056
48465,0.747,37.363,22.335,29.952,23.265,4.905,7.204,6.259
48466,0.741,37.474,22.315,29.933,23.251,4.865,7.084,6.18
48467,0.741,37.58,22.342,29.933,23.251,4.824,7.083,6.098
48468,0.747,37.649,22.351,29.943,23.247,4.905,7.002,6.178
48469,0.738,37.438,22.358,29.952,23.254,4.947,7.163,6.22
48470,0.734,37.599,22.335,29.953,23.244,4.866,7.043,6.017
48471,0.731,37.687,22.323,29.914,23.233,4.743,6.96,6.056
48472,0.744,37.726,22.37,29.933,23.24,4.783,7.041,6.056
48473,0.757,37.382,22.366,29.933,23.251,4.783,7.042,6.137
48474,0.761,37.503,22.355,29.952,23.24,4.742,7.001,6.057
48475,0.754,37.61,22.335,29.933,23.244,4.783,7.082,6.056
48476,0.764,37.879,22.327,29.971,23.261,4.905,7.205,6.219
48477,0.767,37.546,22.366,29.972,23.251,4.825,7.125,6.139
48478,0.774,37.648,22.374,29.934,23.244,4.905,7.205,6.138
48479,0.774,37.745,22.378,29.952,23.244,4.865,7.165,6.098
48480,0.771,37.391,22.37,29.953,23.244,4.865,7.165,6.178
48481,0.77,37.417,22.359,29.953,23.251,4.906,7.206,6.139
48482,0.764,37.513,22.386,29.933,23.244,4.784,7.043,5.935
48483,0.748,37.581,22.374,29.933,23.244,4.864,7.123,6.055
48484,0.751,37.332,22.363,29.943,23.251,4.824,7.165,6.015
48485,0.751,37.464,22.323,29.943,23.247,4.824,7.084,5.974
48486,0.738,37.542,22.354,29.933,23.244,4.783,7.123,5.974
48487,0.734,37.639,22.359,29.943,23.247,4.905,7.246,6.137
48488,0.744,37.438,22.355,29.981,23.261,4.987,7.247,6.179
48489,0.744,37.542,22.378,29.953,23.247,4.907,7.125,6.057
48490,0.751,37.677,22.343,29.972,23.244,4.865,7.205,6.137
48491,0.754,37.736,22.323,29.972,23.251,4.865,7.206,6.098
48492,0.767,37.295,22.378,29.962,23.254,4.865,7.165,6.097
48493,0.757,37.425,22.39,29.962,23.247,4.824,7.124,6.016
48494,0.751,37.513,22.367,29.924,23.24,4.743,7.083,5.974
48495,0.761,37.619,22.343,29.962,23.247,4.742,7.164,6.015
48496,0.764,37.419,22.315,29.953,23.24,4.823,7.124,6.015
48497,0.767,37.58,22.3,29.962,23.251,4.824,7.165,5.974
48498,0.77,37.658,22.381,29.943,23.244,4.824,7.206,6.055
48499,0.777,37.717,22.37,29.972,23.251,4.987,7.369,6.178
48500,0.78,37.42,22.37,29.972,23.254,4.866,7.248,6.017
48501,0.761,37.522,22.378,29.972,23.258,4.906,7.206,6.015
48502,0.757,37.61,22.398,29.972,23.247,4.906,7.287,6.096
48503,0.764,37.649,22.375,29.962,23.247,4.906,7.207,6.138
48504,0.757,37.534,22.343,29.972,23.251,4.906,7.206,6.057
48505,0.754,37.648,22.37,29.962,23.24,4.784,7.165,5.893
48506,0.744,37.716,22.327,29.953,23.244,4.824,7.165,5.933
48507,0.744,37.468,22.323,29.972,23.244,4.905,7.287,5.974
48508,0.744,37.36,22.354,29.953,23.244,4.784,7.166,5.974
48509,0.747,37.474,22.304,29.962,23.244,4.783,7.165,5.974
48510,0.744,37.58,22.323,29.972,23.247,4.864,7.206,6.055
48511,0.76,37.313,22.331,29.991,23.258,4.987,7.328,6.137
48512,0.774,37.425,22.382,29.972,23.241,4.866,7.207,6.057
48513,0.771,37.522,22.382,29.972,23.254,4.865,7.206,5.975
48514,0.764,37.61,22.359,29.972,23.251,4.865,7.247,6.096
48515,0.777,37.4,22.39,29.981,23.254,4.906,7.288,6.097
48516,0.784,37.532,22.308,29.991,23.244,4.784,7.207,6.056
48517,0.774,37.629,22.319,29.934,23.237,4.742,7.084,6.015
48518,0.774,37.707,22.389,29.962,23.251,4.864,7.205,5.974
48519,0.787,37.276,22.3,29.962,23.247,4.824,7.084,6.055
48520,0.784,37.415,22.338,29.981,23.247,4.824,7.083,5.975
48521,0.771,37.522,22.339,29.953,23.24,4.824,7.123,5.974
48522,0.757,37.581,22.374,29.991,23.258,4.905,7.246,6.177
48523,0.777,37.39,22.359,30.001,23.254,4.906,7.166,5.976
48524,0.758,37.474,22.362,29.982,23.254,4.906,7.124,5.974
48525,0.764,37.6,22.351,29.991,23.254,4.825,7.205,6.055
48526,0.757,37.639,22.327,29.982,23.251,4.905,7.206,6.015
48527,0.757,37.477,22.343,29.991,23.251,4.906,7.206,5.974
48528,0.744,37.571,22.374,29.982,23.24,4.744,7.003,5.893
48529,0.734,37.668,22.327,29.972,23.244,4.783,7.082,6.014
48530,0.744,37.726,22.35,29.981,23.244,4.824,7.042,5.974
48531,0.751,37.305,22.351,29.982,23.247,4.824,7.042,5.852
48532,0.741,37.406,22.382,29.962,23.247,4.743,7.082,5.973
48533,0.751,37.532,22.347,30.001,23.251,4.905,7.123,6.015
48534,0.764,37.591,22.335,30.001,23.254,4.947,7.165,6.015
48535,0.77,37.39,22.347,29.991,23.244,4.825,7.002,5.974
48536,0.777,37.512,22.308,30.001,23.254,4.865,7.123,6.015
48537,0.787,37.6,22.335,30.001,23.254,4.865,7.124,5.974
48538,0.79,37.275,22.39,29.991,23.251,4.865,7.124,5.974
48539,0.787,37.367,22.296,29.982,23.244,4.824,6.961,5.811
48540,0.777,37.436,22.338,29.982,23.247,4.743,7.0,5.932
48541,0.777,37.571,22.354,30.001,23.251,4.823,7.001,5.974
48542,0.764,37.313,22.405,29.982,23.247,4.824,7.001,5.893
48543,0.761,37.435,22.308,29.982,23.244,4.743,6.919,5.973
48544,0.757,37.561,22.327,29.982,23.247,4.864,7.081,5.974
48545,0.764,37.706,22.366,30.029,23.261,4.987,7.042,6.055
48546,0.757,37.276,22.351,29.982,23.251,4.826,6.96,5.975
48547,0.761,37.415,22.355,29.991,23.244,4.824,6.96,5.974
48548,0.748,37.513,22.343,30.01,23.251,4.905,6.96,6.055
48549,0.764,37.6,22.343,30.02,23.254,4.906,6.919,6.097
48550,0.754,37.16,22.366,30.011,23.244,4.825,6.878,5.975
48551,0.748,37.28,22.292,29.982,23.24,4.743,6.918,5.974
48552,0.76,37.416,22.358,30.001,23.247,4.783,6.796,5.974
48553,0.757,37.446,22.382,30.02,23.244,4.824,6.836,5.974
48554,0.767,37.245,22.339,30.001,23.24,4.743,6.837,6.015
48555,0.767,37.386,22.358,29.982,23.24,4.823,6.918,6.096
48556,0.78,37.532,22.335,30.049,23.265,4.946,6.959,6.138
48557,0.784,37.562,22.347,30.011,23.248,4.825,6.797,6.016
48558,0.777,37.246,22.366,30.011,23.244,4.905,6.877,6.096
48559,0.79,37.367,22.32,30.02,23.247,4.865,6.918,6.097
48560,0.784,37.503,22.362,30.02,23.254,4.906,6.837,6.056
48561,0.793,37.83,22.323,30.011,23.244,4.784,6.837,5.934
48562,0.758,37.21,22.358,29.982,23.24,4.783,6.796,6.055
48563,0.764,37.376,22.347,30.02,23.247,4.824,6.836,6.015
48564,0.761,37.484,22.327,30.02,23.247,4.743,6.796,6.056
48565,0.754,37.235,22.358,30.001,23.237,4.783,6.795,5.975
48566,0.748,37.233,22.335,29.991,23.251,4.783,6.836,6.096
48567,0.76,37.405,22.382,30.049,23.258,4.905,6.877,6.219
48568,0.757,37.522,22.367,30.011,23.247,4.865,6.837,6.139
48569,0.741,37.006,22.359,30.039,23.247,4.784,6.837,6.098
48570,0.747,37.144,22.382,30.03,23.251,4.905,6.837,6.178
48571,0.754,37.27,22.355,30.049,23.258,4.825,6.877,6.139
48572,0.767,37.339,22.386,30.03,23.251,4.783,6.796,6.016
48573,0.751,37.042,22.378,29.992,23.233,4.702,6.633,6.015
48574,0.751,37.202,22.339,30.03,23.247,4.782,6.753,6.096
48575,0.757,37.328,22.315,30.03,23.247,4.742,6.795,6.016
48576,0.761,37.387,22.307,30.011,23.244,4.742,6.714,6.056
48577,0.757,36.956,22.327,30.011,23.237,4.701,6.754,6.097
48578,0.764,37.105,22.35,30.03,23.254,4.823,6.836,6.219
48579,0.787,37.27,22.327,30.059,23.261,4.865,6.837,6.139
48580,0.777,37.31,22.335,30.04,23.247,4.824,6.837,6.098
48581,0.767,37.099,22.339,30.04,23.251,4.783,6.877,6.138
48582,0.764,37.232,22.386,30.049,23.258,4.864,6.796,6.138
48583,0.761,37.348,22.359,30.049,23.261,4.824,6.836,6.138
48584,0.754,37.368,22.359,30.021,23.237,4.702,6.714,5.976
48585,0.748,36.908,22.347,30.02,23.251,4.742,6.794,6.137
48586,0.744,37.057,22.335,30.02,23.247,4.742,6.755,6.098
48587,0.747,37.193,22.347,30.03,23.247,4.783,6.754,6.016
48588,0.734,37.194,22.308,30.04,23.244,4.702,6.714,6.015
48589,0.731,37.06,22.319,30.03,23.244,4.823,6.794,6.178
48590,0.731,37.25,22.346,30.068,23.251,4.905,6.917,6.22
48591,0.747,37.348,22.319,30.069,23.247,4.744,6.837,6.139
48592,0.751,37.177,22.389,30.04,23.247,4.742,6.877,6.138
48593,0.744,37.041,22.429,30.04,23.254,4.783,6.837,6.179
48594,0.751,37.183,22.39,30.068,23.251,4.864,6.877,6.22
48595,0.757,37.28,22.347,30.059,23.254,4.743,6.837,6.098
48596,0.754,36.994,22.304,30.011,23.234,4.661,6.796,6.097
48597,0.751,37.115,22.319,30.059,23.237,4.7,6.795,6.097
48598,0.761,37.213,22.35,30.049,23.247,4.742,6.836,6.056
48599,0.761,37.3,22.292,30.03,23.244,4.742,6.837,6.056
48600,0.764,36.821,22.307,30.03,23.237,4.701,6.796,6.015
48601,0.754,36.97,22.323,30.059,23.251,4.863,7.039,6.218
48602,0.757,37.125,22.346,30.088,23.258,4.865,6.92,6.18
48603,0.754,37.174,22.335,30.04,23.247,4.743,6.919,6.179
48604,0.741,36.954,22.339,30.04,23.251,4.783,6.878,6.179
48605,0.741,37.115,22.343,30.049,23.258,4.824,6.959,6.139
48606,0.738,37.203,22.343,30.059,23.254,4.865,6.96,6.179
48607,0.728,37.252,22.335,30.04,23.24,4.702,6.797,5.976
48608,0.715,37.722,22.358,30.049,23.247,4.742,6.917,6.177
48609,0.724,37.909,22.339,30.049,23.244,4.742,6.959,6.139
48610,0.728,37.988,22.354,30.059,23.247,4.701,6.919,6.098
48611,0.734,38.027,22.308,30.049,23.24,4.701,6.837,6.056
48612,0.738,36.618,22.366,30.04,23.247,4.701,6.958,6.219
48613,0.741,36.776,22.378,30.078,23.258,4.985,7.041,6.22
48614,0.747,36.902,22.351,30.059,23.251,4.826,7.001,6.22
48615,0.747,36.904,22.362,30.069,23.251,4.783,7.041,6.18
48616,0.754,37.019,22.288,30.069,23.251,4.824,7.042,6.179
48617,0.748,37.154,22.331,30.069,23.251,4.824,7.042,6.179
48618,0.754,37.28,22.382,30.05,23.247,4.783,6.96,6.139
48619,0.761,37.387,22.292,30.03,23.233,4.661,6.96,6.098
48620,0.761,37.119,22.342,30.049,23.251,4.782,7.041,6.056
48621,0.757,37.213,22.308,30.049,23.244,4.742,7.001,6.137
48622,0.741,37.338,22.362,30.03,23.244,4.742,6.919,6.098
48623,0.738,36.783,22.316,30.04,23.24,4.701,6.919,6.097
48624,0.721,36.768,22.264,30.068,23.258,4.823,7.041,6.26
48625,0.747,36.95,22.334,30.107,23.258,4.905,7.123,6.139
48626,0.734,37.019,22.288,30.059,23.244,4.784,7.002,6.098
48627,0.728,36.866,22.323,30.078,23.254,4.783,7.041,6.178
48628,0.725,37.009,22.362,30.069,23.247,4.864,7.001,6.139
48629,0.728,37.125,22.312,30.069,23.247,4.824,7.041,6.179
48630,0.721,37.232,22.323,30.069,23.244,4.783,6.96,5.976
48631,0.711,36.897,22.28,30.05,23.244,4.702,6.96,6.137
48632,0.734,37.057,22.366,30.059,23.24,4.782,6.96,6.098
48633,0.734,37.145,22.359,30.069,23.247,4.742,7.0,6.138
48634,0.734,37.222,22.304,30.088,23.244,4.701,6.879,6.098
48635,0.734,36.83,22.342,30.05,23.24,4.742,6.918,6.178
48636,0.747,37.018,22.312,30.107,23.254,4.905,7.041,6.342
48637,0.754,37.135,22.346,30.088,23.247,4.784,7.001,6.14
48638,0.754,37.165,22.405,30.069,23.251,4.783,7.001,6.138
48639,0.757,36.897,22.34,30.069,23.254,4.824,6.96,6.219
48640,0.754,37.038,22.347,30.097,23.258,4.783,7.041,6.139
48641,0.754,37.135,22.327,30.088,23.251,4.783,6.96,6.138
48642,0.744,37.146,22.354,30.059,23.237,4.661,6.96,6.098
48643,0.734,36.887,22.288,30.078,23.251,4.741,7.041,6.138
48644,0.738,37.038,22.342,30.078,23.251,4.701,7.042,6.138
48645,0.728,37.145,22.331,30.078,23.244,4.782,7.042,6.098
48646,0.731,37.146,22.276,30.059,23.244,4.742,7.042,6.016
48647,0.728,36.983,22.319,30.069,23.251,4.783,7.164,6.218
48648,0.734,37.173,22.374,30.126,23.258,4.905,7.287,6.18
48649,0.728,37.213,22.3,30.108,23.247,4.784,7.247,6.179
48650,0.718,36.964,22.315,30.098,23.254,4.783,7.288,6.098
48651,0.715,36.904,22.339,30.107,23.251,4.742,7.207,6.138
48652,0.741,37.057,22.382,30.088,23.251,4.864,7.369,6.179
48653,0.734,37.116,22.324,30.088,23.244,4.662,7.289,6.017
48654,0.721,36.781,22.335,30.069,23.244,4.822,7.329,6.137
48655,0.747,36.931,22.319,30.107,23.244,4.783,7.37,6.138
48656,0.744,37.048,22.276,30.107,23.247,4.702,7.411,6.057
48657,0.734,37.116,22.334,30.079,23.244,4.701,7.371,6.097
48658,0.744,36.934,22.405,30.069,23.247,4.823,7.492,6.219
48659,0.76,37.134,22.359,30.145,23.265,4.824,7.494,6.139
48660,0.761,37.222,22.327,30.098,23.244,4.783,7.534,6.098
48661,0.748,37.281,22.378,30.117,23.247,4.783,7.494,6.097
48662,0.734,36.811,22.39,30.098,23.251,4.783,7.534,6.219
48663,0.738,36.96,22.32,30.117,23.251,4.824,7.534,6.18
48664,0.715,37.067,22.35,30.107,23.244,4.661,7.453,6.017
48665,0.718,37.116,22.28,30.079,23.244,4.782,7.493,6.137
48666,0.724,36.81,22.272,30.088,23.24,4.742,7.494,6.098
48667,0.721,36.931,22.307,30.107,23.244,4.661,7.534,6.056
48668,0.718,37.038,22.323,30.107,23.24,4.7,7.453,6.097
48669,0.711,37.078,22.268,30.088,23.247,4.742,7.452,6.219
48670,0.721,36.867,22.291,30.136,23.258,4.945,7.534,6.342
48671,0.737,36.999,22.323,30.117,23.247,4.825,7.494,6.181
48672,0.721,37.087,22.362,30.107,23.251,4.743,7.453,6.139
48673,0.731,37.116,22.343,30.107,23.251,4.823,7.493,6.219
48674,0.744,36.887,22.354,30.107,23.258,4.824,7.534,6.261
48675,0.738,36.999,22.351,30.107,23.251,4.824,7.412,6.099
48676,0.731,37.077,22.331,30.107,23.24,4.661,7.33,6.138
48677,0.738,37.001,22.335,30.136,23.247,4.782,7.451,6.138
48678,0.747,36.789,22.366,30.117,23.247,4.783,7.412,6.098
48679,0.741,36.902,22.359,30.107,23.24,4.783,7.371,6.056
48680,0.744,37.019,22.3,30.088,23.244,4.702,7.411,6.137
48681,0.741,36.847,22.346,30.126,23.254,4.863,7.574,6.219
48682,0.747,36.98,22.39,30.136,23.251,4.784,7.535,6.139
48683,0.734,37.077,22.316,30.127,23.254,4.742,7.534,6.098
48684,0.728,37.174,22.354,30.108,23.251,4.864,7.534,6.178
48685,0.725,36.714,22.359,30.117,23.254,4.743,7.575,6.139
48686,0.721,36.844,22.343,30.136,23.247,4.823,7.575,6.138
48687,0.724,36.97,22.351,30.079,23.233,4.743,7.413,5.935
48688,0.705,37.01,22.335,30.107,23.244,4.823,7.493,6.136
48689,0.702,36.809,22.311,30.117,23.247,4.824,7.494,6.138
48690,0.705,36.931,22.303,30.117,23.244,4.783,7.453,6.098
48691,0.702,37.057,22.288,30.098,23.24,4.742,7.493,5.975
48692,0.721,37.116,22.315,30.117,23.251,4.864,7.616,6.177
48693,0.731,36.704,22.346,30.146,23.254,4.906,7.617,6.179
48694,0.731,36.854,22.355,30.117,23.254,4.784,7.535,6.057
48695,0.734,36.961,22.304,30.127,23.251,4.783,7.494,6.137
48696,0.741,37.019,22.28,30.146,23.251,4.864,7.534,6.138
48697,0.734,36.828,22.303,30.165,23.247,4.906,7.616,6.098
48698,0.747,36.97,22.366,30.127,23.244,4.784,7.413,6.016
48699,0.734,37.048,22.277,30.098,23.237,4.742,7.411,6.015
48700,0.744,37.116,22.319,30.146,23.244,4.823,7.411,6.056
48701,0.738,36.81,22.343,30.127,23.251,4.743,7.452,6.056
48702,0.728,36.931,22.358,30.117,23.244,4.742,7.371,6.097
48703,0.721,37.019,22.347,30.098,23.24,4.783,7.33,6.056
48704,0.734,37.394,22.343,30.146,23.261,4.905,7.492,6.178
48705,0.738,36.889,22.327,30.146,23.251,4.784,7.331,6.057
48706,0.715,36.99,22.307,30.137,23.251,4.824,7.41,6.056
48707,0.715,37.087,22.323,30.136,23.251,4.865,7.371,6.137
48708,0.724,36.8,22.366,30.127,23.247,4.906,7.411,6.138
48709,0.715,36.816,22.284,30.136,23.247,4.865,7.371,6.098
48710,0.705,36.922,22.334,30.108,23.237,4.662,7.289,5.975
48711,0.698,37.038,22.343,30.136,23.244,4.782,7.369,6.015
48712,0.708,36.761,22.351,30.117,23.247,4.702,7.37,6.015
48713,0.724,36.845,22.316,30.117,23.244,4.782,7.289,6.056
48714,0.724,36.989,22.315,30.117,23.244,4.702,7.288,6.015
48715,0.721,37.077,22.296,30.136,23.251,4.823,7.329,6.137
48716,0.734,36.685,22.358,30.184,23.258,4.905,7.41,6.138
48717,0.738,36.796,22.3,30.146,23.251,4.784,7.289,6.057
48718,0.747,36.912,22.366,30.127,23.254,4.824,7.329,6.056
48719,0.741,36.99,22.359,30.156,23.251,4.865,7.329,6.137
48720,0.751,36.674,22.339,30.146,23.254,4.906,7.329,6.179
48721,0.741,36.805,22.358,30.137,23.244,4.744,7.167,5.976
48722,0.715,36.883,22.335,30.117,23.244,4.742,7.246,6.055
48723,0.718,36.98,22.335,30.155,23.251,4.742,7.288,6.056
48724,0.715,36.751,22.323,30.127,23.24,4.783,7.247,6.015
48725,0.718,36.854,22.343,30.127,23.244,4.702,7.247,6.015
48726,0.698,36.98,22.308,30.127,23.247,4.782,7.288,6.096
48727,0.714,37.058,22.354,30.175,23.258,4.864,7.491,6.178
48728,0.715,36.637,22.374,30.156,23.251,4.824,7.331,6.139
48729,0.708,36.767,22.308,30.165,23.247,4.824,7.37,6.138
48730,0.702,36.893,22.335,30.165,23.251,4.783,7.452,6.098
48731,0.711,36.903,22.362,30.156,23.254,4.824,7.534,6.138
48732,0.721,36.712,22.374,30.156,23.251,4.824,7.412,6.057
48733,0.711,36.787,22.324,30.137,23.237,4.702,7.411,6.015
48734,0.721,36.941,22.296,30.165,23.244,4.823,7.411,6.056
48735,0.724,36.722,22.311,30.137,23.244,4.743,7.452,6.015
48736,0.728,36.633,22.276,30.194,23.24,4.783,7.412,6.015
48737,0.725,36.738,22.299,30.156,23.237,4.702,7.452,6.015
48738,0.734,36.854,22.37,30.156,23.251,4.945,7.615,6.259
48739,0.747,36.644,22.343,30.175,23.258,4.825,7.495,6.058
48740,0.738,36.728,22.308,30.146,23.251,4.905,7.494,6.178
48741,0.731,36.854,22.335,30.175,23.247,4.825,7.453,6.057
48742,0.728,36.941,22.393,30.156,23.247,4.865,7.493,6.097
48743,0.728,36.54,22.308,30.185,23.254,4.865,7.494,6.097
48744,0.721,36.651,22.303,30.137,23.237,4.743,7.331,5.935
48745,0.708,36.757,22.342,30.136,23.244,4.864,7.492,6.096
48746,0.711,36.845,22.276,30.194,23.247,4.824,7.453,6.138
48747,0.705,36.587,22.326,30.147,23.244,4.905,7.452,5.976
48748,0.702,36.718,22.354,30.146,23.24,4.744,7.371,6.015
48749,0.711,36.854,22.319,30.146,23.247,4.905,7.452,6.137
48750,0.715,36.951,22.343,30.204,23.258,4.987,7.534,6.138
48751,0.715,36.52,22.323,30.185,23.251,4.907,7.412,6.057
48752,0.728,36.67,22.405,30.175,23.251,4.865,7.493,6.178
48753,0.738,36.757,22.34,30.175,23.251,4.906,7.453,6.179
48754,0.741,36.825,22.37,30.185,23.247,4.865,7.371,6.139
48755,0.734,36.653,22.335,30.146,23.237,4.784,7.33,6.016
48756,0.721,36.786,22.347,30.184,23.251,4.864,7.37,6.096
48757,0.728,36.912,22.319,30.166,23.251,4.824,7.37,6.056
48758,0.741,36.932,22.346,30.156,23.24,4.824,7.289,6.015
48759,0.734,36.482,22.331,30.156,23.237,4.824,7.288,6.137
48760,0.744,36.65,22.296,30.194,23.258,4.987,7.41,6.26
48761,0.751,36.757,22.338,30.204,23.254,4.866,7.289,6.221
48762,0.721,36.816,22.351,30.185,23.251,4.865,7.288,6.139
48763,0.721,36.701,22.265,30.194,23.247,4.906,7.288,6.138
48764,0.721,36.834,22.319,30.195,23.254,4.947,7.288,6.138
48765,0.721,36.941,22.35,30.204,23.251,4.866,7.247,6.057
48766,0.698,36.463,22.23,30.175,23.23,4.784,7.125,5.975
48767,0.714,36.516,22.349,30.185,23.247,4.905,7.205,6.055
48768,0.715,36.67,22.382,30.204,23.244,4.865,7.165,6.137
48769,0.705,36.748,22.273,30.175,23.237,4.743,7.124,6.057
48770,0.705,36.432,22.319,30.166,23.247,4.864,7.165,6.097
48771,0.711,36.592,22.343,30.204,23.258,5.068,7.287,6.26
48772,0.724,36.747,22.378,30.195,23.247,4.908,7.125,6.18
48773,0.724,36.806,22.292,30.185,23.247,4.947,7.165,6.139
48774,0.728,36.414,22.323,30.204,23.244,4.988,7.165,6.179
48775,0.731,36.582,22.315,30.204,23.247,4.907,7.206,6.179
48776,0.734,36.709,22.358,30.185,23.254,4.906,7.165,6.139
48777,0.731,36.739,22.304,30.175,23.24,4.744,7.043,6.057
48778,0.734,36.451,22.366,30.185,23.244,4.905,7.042,6.015
48779,0.738,36.602,22.359,30.185,23.251,4.825,7.082,6.056
48780,0.738,36.718,22.296,30.185,23.24,4.824,7.042,6.015
48781,0.734,36.758,22.331,30.185,23.237,4.743,6.96,6.015
48782,0.718,36.48,22.335,30.194,23.254,4.864,7.122,6.178
48783,0.734,36.64,22.233,30.242,23.258,4.946,7.083,6.179
48784,0.728,36.738,22.307,30.195,23.251,4.907,7.042,6.098
48785,0.725,36.787,22.327,30.204,23.244,4.865,7.042,6.097
48786,0.715,36.433,22.358,30.252,23.251,4.906,7.082,6.138
48787,0.711,36.573,22.316,30.195,23.254,4.906,7.164,6.057
48788,0.715,36.67,22.374,30.195,23.247,4.865,7.002,6.056
48789,0.692,36.786,22.347,30.204,23.237,4.824,7.041,6.137
48790,0.698,36.778,22.343,30.214,23.247,4.824,7.042,6.098
48791,0.708,36.883,22.347,30.185,23.244,4.824,6.96,6.138
48792,0.715,36.961,22.347,30.175,23.24,4.783,7.0,5.976
48793,0.715,36.434,22.28,30.185,23.24,4.864,7.123,6.096
48794,0.721,36.371,22.311,30.223,23.258,5.028,7.165,6.219
48795,0.734,36.505,22.339,30.214,23.247,4.826,6.962,6.098
48796,0.721,36.583,22.335,30.214,23.251,4.824,7.0,6.138
48797,0.731,36.248,22.308,30.204,23.254,4.865,7.001,6.138
48798,0.741,36.379,22.342,30.223,23.254,4.906,7.001,6.138
48799,0.744,36.505,22.323,30.224,23.244,4.825,6.919,6.057
48800,0.734,36.554,22.292,30.195,23.244,4.783,6.837,6.056
48801,0.741,36.459,22.362,30.204,23.247,4.824,6.877,6.137
48802,0.738,36.592,22.343,30.204,23.24,4.702,6.959,6.057
48803,0.728,36.709,22.343,30.214,23.244,4.782,6.878,6.015
48804,0.718,36.767,22.28,30.204,23.247,4.742,6.877,6.056
48805,0.718,36.336,22.307,30.223,23.258,5.027,7.04,6.259
48806,0.731,36.495,22.346,30.3,23.244,4.867,6.92,6.139
48807,0.715,36.602,22.3,30.215,23.247,4.824,6.878,6.057
48808,0.711,36.661,22.377,30.233,23.254,4.905,6.959,6.137
48809,0.705,36.249,22.343,30.281,23.251,4.906,6.96,6.138
48810,0.705,36.408,22.335,30.243,23.254,4.825,6.919,6.179
48811,0.711,36.486,22.366,30.195,23.234,4.702,6.796,6.057
48812,0.708,36.516,22.378,30.214,23.247,4.823,6.917,6.097
48813,0.715,36.267,22.328,30.223,23.244,4.865,6.837,6.138
48814,0.721,36.418,22.304,30.224,23.244,4.824,6.877,6.098
48815,0.721,36.534,22.338,30.195,23.244,4.783,6.837,6.016
48816,0.721,36.555,22.296,30.233,23.251,4.864,6.958,6.259
48817,0.747,36.392,22.334,30.252,23.258,5.028,7.0,6.262
48818,0.731,36.486,22.35,30.224,23.247,4.948,6.919,6.139
48819,0.741,36.621,22.331,30.224,23.254,4.907,6.919,6.138
48820,0.744,36.412,22.335,30.224,23.247,4.825,6.959,6.26
48821,0.741,36.218,22.401,30.243,23.244,4.905,6.96,6.139
48822,0.721,36.34,22.351,30.224,23.251,4.784,6.797,6.057
48823,0.721,36.438,22.339,30.195,23.24,4.824,6.836,6.137
48824,0.718,36.228,22.319,30.204,23.251,4.824,6.918,6.057
48825,0.718,36.35,22.327,30.233,23.244,4.824,6.837,6.097
48826,0.705,36.467,22.319,30.224,23.244,4.824,6.837,6.016
48827,0.708,36.554,22.296,30.224,23.244,4.783,6.837,6.178
48828,0.705,36.21,22.346,30.252,23.258,4.986,7.04,6.22
48829,0.715,36.379,22.319,30.253,23.251,4.826,6.92,6.22
48830,0.702,36.496,22.307,30.233,23.247,4.865,6.878,6.18
48831,0.711,36.564,22.346,30.243,23.247,4.906,6.918,6.139
48832,0.721,36.171,22.366,30.262,23.247,4.906,6.878,6.219
48833,0.728,36.34,22.343,30.253,23.247,4.865,6.877,6.139
48834,0.725,36.39,22.327,30.224,23.237,4.824,6.837,6.057
48835,0.724,36.505,22.362,30.243,23.244,4.865,6.958,6.137
48836,0.728,36.343,22.284,30.243,23.244,4.784,6.838,6.098
48837,0.734,36.457,22.307,30.243,23.24,4.783,6.837,6.056
48838,0.738,36.554,22.366,30.205,23.247,4.783,6.877,6.137
48839,0.734,36.651,22.288,30.262,23.261,4.946,7.0,6.301
48840,0.754,36.134,22.319,30.253,23.254,4.785,6.96,6.14
48841,0.725,36.215,22.327,30.243,23.251,4.864,6.96,6.179
48842,0.721,36.34,22.366,30.243,23.251,4.865,7.082,6.098
48843,0.721,36.371,22.3,30.262,23.251,4.824,7.083,6.178
48844,0.711,36.313,22.327,30.262,23.247,4.865,7.042,6.098
48845,0.711,36.418,22.315,30.224,23.237,4.743,6.96,6.016
48846,0.702,36.515,22.327,30.252,23.251,4.783,7.163,6.096
48847,0.705,36.785,22.311,30.253,23.251,4.824,7.124,6.097
48848,0.702,36.25,22.358,30.233,23.244,4.743,7.124,6.097
48849,0.692,36.389,22.312,30.252,23.24,4.701,7.083,6.097
48850,0.695,36.486,22.323,30.262,23.244,4.904,7.205,6.178
48851,0.705,36.171,22.331,30.272,23.261,4.947,7.287,6.22
48852,0.711,36.167,22.362,30.262,23.251,4.866,7.247,6.18
48853,0.708,36.321,22.273,30.262,23.247,4.865,7.288,6.179
48854,0.721,36.39,22.287,30.272,23.247,4.946,7.288,6.22
48855,0.734,36.17,22.311,30.272,23.247,4.866,7.329,6.139
48856,0.721,36.292,22.303,30.234,23.24,4.702,7.126,6.057
48857,0.721,36.399,22.323,30.243,23.244,4.863,7.287,6.137
48858,0.731,36.496,22.354,30.252,23.24,4.824,7.247,6.138
48859,0.738,36.046,22.327,30.253,23.244,4.743,7.288,6.098
48860,0.734,36.166,22.339,30.243,23.24,4.742,7.207,6.178
48861,0.731,36.321,22.374,30.262,23.251,4.905,7.369,6.301
48862,0.734,36.428,22.382,30.291,23.251,4.865,7.289,6.221
48863,0.721,36.113,22.355,30.272,23.254,4.824,7.288,6.18
48864,0.721,36.272,22.308,30.262,23.247,4.824,7.288,6.22
48865,0.715,36.399,22.323,30.272,23.254,4.824,7.329,6.22
48866,0.715,36.457,22.319,30.291,23.254,4.865,7.289,6.22
48867,0.711,36.074,22.296,30.243,23.244,4.702,7.125,6.139
48868,0.698,36.195,22.338,30.262,23.251,4.782,7.327,6.219
48869,0.692,36.321,22.312,30.262,23.244,4.824,7.289,6.18
48870,0.692,36.38,22.307,30.262,23.244,4.743,7.288,6.139
48871,0.695,36.17,22.315,30.262,23.244,4.742,7.247,6.219
48872,0.708,36.302,22.323,30.281,23.254,4.905,7.491,6.383
48873,0.721,36.456,22.335,30.349,23.251,4.825,7.371,6.263
48874,0.711,36.429,22.257,30.263,23.247,4.783,7.452,6.221
48875,0.724,36.113,22.295,30.281,23.254,4.783,7.534,6.261
48876,0.734,36.244,22.311,30.272,23.254,4.824,7.575,6.302
48877,0.731,36.341,22.319,30.282,23.247,4.824,7.575,6.302
48878,0.728,36.102,22.327,30.243,23.24,4.743,7.454,6.18
48879,0.725,36.042,22.319,30.262,23.247,4.783,7.615,6.301
48880,0.737,36.185,22.327,30.262,23.244,4.824,7.698,6.18
48881,0.725,36.273,22.362,30.243,23.247,4.783,7.658,6.22
48882,0.731,36.111,22.343,30.252,23.247,4.702,7.658,6.139
48883,0.728,36.253,22.339,30.262,23.247,4.863,7.739,6.301
48884,0.741,36.398,22.312,30.301,23.258,4.946,7.821,6.302
48885,0.731,36.477,22.327,30.263,23.251,4.825,7.863,6.262
48886,0.721,35.931,22.339,30.291,23.244,4.905,7.782,6.221
48887,0.724,36.069,22.351,30.282,23.251,4.865,7.822,6.342
48888,0.724,36.195,22.374,30.291,23.247,4.865,7.863,6.262
48889,0.711,36.283,22.355,30.282,23.237,4.702,7.782,6.18
48890,0.708,36.092,22.312,30.243,23.244,4.782,7.862,6.261
48891,0.734,36.224,22.366,30.281,23.244,4.783,7.985,6.18
48892,0.728,36.36,22.366,30.282,23.247,4.824,7.864,6.261
48893,0.734,36.419,22.316,30.291,23.24,4.702,7.863,6.221
48894,0.744,36.055,22.28,30.272,23.244,4.782,7.944,6.342
48895,0.764,36.233,22.311,30.31,23.258,4.905,8.026,6.425
48896,0.78,36.35,22.307,30.301,23.247,4.784,7.946,6.304
48897,0.767,36.38,22.315,30.282,23.251,4.824,7.986,6.302
48898,0.774,35.939,22.323,30.291,23.251,4.783,7.905,6.343
48899,0.79,36.098,22.346,30.301,23.254,4.783,7.945,6.303
48900,0.806,36.196,22.312,30.282,23.244,4.824,7.905,6.18
48901,0.787,36.206,22.362,30.262,23.237,4.702,7.823,6.139
48902,0.8,36.053,22.362,30.301,23.244,4.823,7.822,6.219
48903,0.794,36.166,22.327,30.272,23.251,4.702,7.903,6.261
48904,0.79,36.283,22.319,30.282,23.244,4.742,7.863,6.221
48905,0.784,36.245,22.315,30.282,23.24,4.701,7.863,6.261
48906,0.803,36.082,22.358,30.301,23.258,4.945,8.026,6.302
48907,0.797,36.224,22.335,30.301,23.247,4.866,7.946,6.221
48908,0.784,36.293,22.354,30.301,23.251,4.865,7.945,6.302
48909,0.777,35.967,22.343,30.301,23.247,4.784,8.026,6.221
48910,0.78,36.041,22.288,30.311,23.254,4.864,7.946,6.302
48911,0.79,36.195,22.35,30.282,23.24,4.784,7.905,6.14
48912,0.787,36.235,22.327,30.272,23.24,4.702,7.863,6.219
48913,0.797,35.976,22.354,30.282,23.251,4.782,7.944,6.18
48914,0.8,36.108,22.335,30.291,23.251,4.702,7.864,6.179
48915,0.803,36.234,22.327,30.291,23.24,4.742,7.863,6.139
48916,0.82,36.322,22.319,30.291,23.24,4.783,7.985,6.219
48917,0.833,35.929,22.335,30.339,23.258,4.905,8.108,6.302
48918,0.849,36.06,22.315,30.292,23.247,4.825,8.028,6.221
48919,0.849,36.176,22.3,30.32,23.251,4.783,8.027,6.22
48920,0.853,36.263,22.311,30.32,23.251,4.864,8.068,6.261
48921,0.849,35.938,22.35,30.32,23.247,4.824,8.069,6.262
48922,0.849,36.06,22.312,30.301,23.24,4.743,7.987,6.139
48923,0.84,36.157,22.3,30.272,23.237,4.742,7.986,6.138
48924,0.83,36.234,22.335,30.31,23.244,4.783,8.068,6.179
48925,0.83,35.976,22.354,30.291,23.244,4.783,8.109,6.098
48926,0.82,36.089,22.327,30.282,23.244,4.742,7.987,6.138
48927,0.81,36.234,22.311,30.301,23.244,4.823,8.108,6.138
48928,0.803,36.264,22.362,30.33,23.261,4.946,8.232,6.341
48929,0.816,35.986,22.323,30.359,23.251,4.825,8.111,6.181
48930,0.81,36.079,22.304,30.311,23.244,4.824,8.069,6.22
48931,0.816,36.205,22.338,30.311,23.244,4.824,8.028,6.18
48932,0.833,36.523,22.339,30.32,23.251,4.824,8.068,6.261
48933,0.833,36.018,22.269,30.311,23.254,4.824,8.028,6.221
48934,0.836,36.118,22.295,30.282,23.24,4.702,7.946,5.976
48935,0.833,36.234,22.303,30.33,23.251,4.823,7.986,6.137
48936,0.836,35.948,22.319,30.301,23.244,4.783,7.946,6.138
48937,0.839,35.935,22.304,30.32,23.237,4.742,7.864,6.138
48938,0.839,36.031,22.311,30.292,23.244,4.742,7.863,6.098
48939,0.833,36.156,22.315,30.32,23.258,4.905,8.026,6.26
48940,0.846,35.832,22.319,30.349,23.258,4.865,7.905,6.221
48941,0.83,35.924,22.354,30.311,23.251,4.824,7.823,6.18
48942,0.81,36.05,22.343,30.339,23.254,4.783,7.863,6.179
48943,0.803,36.138,22.308,30.321,23.244,4.824,7.863,6.22
48944,0.794,36.014,22.323,30.33,23.251,4.824,7.822,6.139
48945,0.787,36.147,22.323,30.311,23.244,4.743,7.619,6.057
48946,0.767,36.254,22.307,30.301,23.247,4.823,7.739,6.219
48947,0.774,36.331,22.292,30.32,23.247,4.783,7.699,6.18
48948,0.761,35.872,22.342,30.32,23.247,4.824,7.658,6.098
48949,0.741,36.011,22.335,30.32,23.24,4.702,7.617,6.097
48950,0.734,36.128,22.319,30.33,23.244,4.742,7.617,6.178
48951,0.751,36.234,22.37,30.368,23.258,4.945,7.779,6.301
48952,0.748,35.832,22.386,30.33,23.244,4.785,7.659,6.221
48953,0.751,35.982,22.32,30.34,23.247,4.864,7.576,6.22
48954,0.751,36.089,22.327,30.34,23.247,4.824,7.616,6.22
48955,0.757,36.138,22.343,30.349,23.251,4.905,7.576,6.22
48956,0.748,35.918,22.319,30.321,23.244,4.744,7.413,6.058
48957,0.741,36.031,22.284,30.33,23.247,4.823,7.493,6.219
48958,0.751,36.156,22.299,30.32,23.251,4.783,7.494,6.139
48959,0.735,36.187,22.315,30.32,23.244,4.783,7.494,6.098
48960,0.744,35.87,22.264,30.311,23.244,4.742,7.371,6.097
48961,0.725,36.011,22.35,30.33,23.254,4.905,7.573,6.26
48962,0.734,36.147,22.335,30.397,23.258,4.865,7.575,6.139
48963,0.712,36.014,22.304,30.331,23.247,4.824,7.494,6.179
48964,0.708,35.926,22.288,30.34,23.251,4.824,7.534,6.179
48965,0.702,36.05,22.295,30.34,23.251,4.824,7.575,6.139
48966,0.701,36.166,22.303,30.349,23.247,4.824,7.535,6.138
48967,0.698,35.822,22.292,30.33,23.24,4.743,7.534,5.976
48968,0.679,35.905,22.323,30.33,23.244,4.823,7.534,6.096
48969,0.688,36.031,22.323,30.349,23.244,4.783,7.534,6.097
48970,0.682,36.137,22.268,30.34,23.247,4.824,7.657,6.138
48971,0.685,35.803,22.338,30.321,23.247,4.743,7.617,6.098
48972,0.685,35.943,22.362,30.32,23.247,4.783,7.698,6.138
48973,0.695,36.127,22.327,30.368,23.254,4.946,7.74,6.138
48974,0.705,36.186,22.3,30.34,23.251,4.825,7.659,6.179
48975,0.692,35.803,22.311,30.34,23.247,4.865,7.78,6.179
48976,0.705,35.934,22.323,30.359,23.254,4.906,7.781,6.179
48977,0.698,36.079,22.319,30.349,23.251,4.865,7.822,6.261
48978,0.701,36.128,22.346,30.349,23.258,4.824,7.659,6.058
48979,0.685,35.716,22.331,30.321,23.237,4.743,7.658,6.097
48980,0.695,35.875,22.319,30.34,23.254,4.783,7.739,6.138
48981,0.685,35.982,22.374,30.349,23.24,4.824,7.618,6.098
48982,0.675,36.041,22.288,30.34,23.24,4.743,7.617,6.097
48983,0.669,35.754,22.311,30.321,23.244,4.783,7.657,6.138
48984,0.669,35.895,22.268,30.359,23.254,4.905,7.78,6.341
48985,0.682,36.05,22.319,30.378,23.254,4.906,7.7,6.221
48986,0.669,36.07,22.304,30.369,23.251,4.865,7.658,6.22
48987,0.665,35.936,22.264,30.35,23.247,4.865,7.698,6.22
48988,0.662,36.06,22.319,30.349,23.247,4.946,7.74,6.302
48989,0.665,36.166,22.319,30.349,23.251,4.866,7.659,6.221
48990,0.662,36.235,22.284,30.33,23.244,4.702,7.536,6.139
48991,0.669,35.717,22.35,30.359,23.244,4.904,7.575,6.219
48992,0.675,35.837,22.37,30.349,23.244,4.784,7.575,6.18
48993,0.675,35.982,22.335,30.378,23.24,4.864,7.535,6.179
48994,0.678,35.792,22.311,30.331,23.244,4.743,7.494,6.261
48995,0.682,35.886,22.335,30.378,23.251,4.864,7.575,6.384
48996,0.701,36.05,22.35,30.388,23.258,4.987,7.616,6.263
48997,0.695,36.128,22.331,30.359,23.244,4.826,7.535,6.302
48998,0.692,35.755,22.327,30.359,23.247,4.865,7.494,6.302
48999,0.692,35.904,22.307,30.378,23.251,4.906,7.494,6.302
49000,0.708,36.031,22.315,30.378,23.251,4.825,7.453,6.221
49001,0.695,36.099,22.315,30.35,23.237,4.743,7.29,6.18
49002,0.669,35.601,22.303,30.369,23.244,4.864,7.369,6.22
49003,0.678,35.769,22.319,30.378,23.24,4.784,7.37,6.302
49004,0.665,35.876,22.296,30.369,23.244,4.742,7.33,6.262
49005,0.662,35.963,22.307,30.359,23.24,4.783,7.289,6.18
49006,0.656,35.686,22.323,30.369,23.244,4.824,7.369,6.423
49007,0.675,35.865,22.311,30.417,23.254,4.946,7.452,6.385
49008,0.662,35.944,22.335,30.379,23.244,4.825,7.33,6.344
49009,0.669,36.05,22.304,30.378,23.254,4.865,7.37,6.384
49010,0.669,35.764,22.307,30.378,23.251,4.824,7.411,6.466
49011,0.678,35.914,22.35,30.388,23.251,4.865,7.33,6.345
49012,0.682,36.021,22.316,30.359,23.244,4.824,7.248,6.262
49013,0.669,36.022,22.3,30.359,23.24,4.783,7.288,6.343
49014,0.682,35.725,22.292,30.378,23.24,4.824,7.288,6.343
49015,0.682,35.847,22.342,30.369,23.244,4.783,7.207,6.303
49016,0.688,35.963,22.347,30.359,23.247,4.824,7.247,6.343
49017,0.692,35.974,22.327,30.369,23.251,4.824,7.328,6.425
49018,0.701,35.782,22.284,30.388,23.258,4.946,7.41,6.507
49019,0.714,35.933,22.319,30.379,23.244,4.825,7.289,6.305
49020,0.705,36.012,22.331,30.378,23.247,4.824,7.369,6.384
49021,0.708,35.773,22.35,30.378,23.251,4.824,7.33,6.344
49022,0.695,35.742,22.28,30.378,23.247,4.824,7.329,6.343
49023,0.695,35.875,22.295,30.388,23.251,4.743,7.289,6.343
49024,0.695,35.954,22.253,30.35,23.237,4.661,7.247,6.303
49025,0.682,35.667,22.295,30.378,23.244,4.863,7.369,6.384
49026,0.692,35.788,22.186,30.398,23.24,4.824,7.37,6.303
49027,0.679,35.895,22.306,30.369,23.24,4.824,7.289,6.384
49028,0.685,35.973,22.335,30.359,23.247,4.824,7.369,6.385
49029,0.685,35.648,22.323,30.455,23.254,4.905,7.452,6.466
49030,0.688,35.827,22.296,30.408,23.251,4.825,7.452,6.426
49031,0.682,35.896,22.295,30.379,23.244,4.783,7.412,6.426
49032,0.698,35.963,22.362,30.378,23.251,4.905,7.452,6.466
49033,0.692,35.686,22.288,30.388,23.251,4.947,7.452,6.467
49034,0.695,35.837,22.307,30.388,23.251,4.866,7.452,6.467
49035,0.692,35.953,22.311,30.369,23.237,4.702,7.29,6.304
49036,0.698,36.012,22.3,30.388,23.247,4.823,7.451,6.465
49037,0.705,35.6,22.319,30.379,23.244,4.824,7.412,6.386
49038,0.724,35.74,22.323,30.359,23.24,4.824,7.371,6.344
49039,0.75,35.837,22.319,30.349,23.244,4.783,7.37,6.343
49040,0.77,35.915,22.343,30.397,23.258,4.864,7.452,6.547
49041,0.803,35.609,22.362,30.417,23.258,4.865,7.412,6.386
49042,0.82,35.74,22.288,30.408,23.247,4.824,7.371,6.425
49043,0.826,35.837,22.291,30.407,23.254,4.865,7.289,6.426
49044,0.849,35.896,22.288,30.398,23.258,4.906,7.329,6.507
49045,0.866,35.762,22.295,30.398,23.251,4.906,7.329,6.427
49046,0.885,35.876,22.288,30.369,23.24,4.784,7.207,6.263
49047,0.876,35.982,22.299,30.369,23.251,4.864,7.328,6.343
49048,0.902,35.888,22.323,30.378,23.244,4.865,7.289,6.384
49049,0.912,35.685,22.3,30.398,23.244,4.824,7.288,6.344
49050,0.931,35.798,22.272,30.388,23.237,4.783,7.288,6.384
49051,0.954,35.914,22.311,30.398,23.247,4.864,7.329,6.466
49052,1.016,35.705,22.354,30.407,23.251,4.946,7.289,6.386
49053,1.046,35.76,22.187,30.417,23.251,4.947,7.288,6.385
49054,1.108,35.895,22.294,30.417,23.254,4.825,7.288,6.466
49055,1.177,35.973,22.292,30.398,23.254,4.905,7.288,6.467
49056,1.233,35.513,22.28,30.427,23.251,4.865,7.247,6.345
49057,1.263,35.614,22.338,30.379,23.24,4.743,7.084,6.384
49058,1.299,35.74,22.343,30.398,23.251,4.783,7.164,6.344
49059,1.345,35.837,22.351,30.398,23.247,4.783,7.165,6.384
49060,1.358,35.656,22.335,30.388,23.244,4.783,7.124,6.385
49061,1.365,35.788,22.362,30.379,23.244,4.783,7.083,6.466
49062,1.381,35.943,22.335,30.436,23.261,4.946,7.286,6.67
49063,1.411,36.031,22.323,30.427,23.251,4.907,7.125,6.631
49064,1.405,35.6,22.304,30.417,23.251,4.825,7.205,6.631
49065,1.405,35.749,22.299,30.417,23.258,4.905,7.125,6.631
49066,1.385,35.876,22.307,30.436,23.247,4.906,7.124,6.631
49067,1.362,35.925,22.311,30.417,23.244,4.825,7.043,6.428
49068,1.326,35.571,22.3,30.388,23.244,4.743,7.001,6.588
49069,1.306,35.749,22.311,30.417,23.251,4.823,7.001,6.631
49070,1.26,35.866,22.296,30.417,23.244,4.824,7.001,6.631
49071,1.205,35.886,22.338,30.398,23.244,4.743,7.001,6.672
49072,1.165,35.57,22.319,30.398,23.244,4.783,6.96,6.835
49073,1.119,35.759,22.327,30.436,23.258,5.027,7.082,7.08
49074,1.083,35.866,22.304,30.408,23.244,4.867,7.002,7.164
49075,1.011,36.212,22.307,30.417,23.251,4.824,6.96,7.409
49076,0.952,35.621,22.296,30.417,23.254,4.824,6.96,7.615
49077,0.876,35.75,22.327,30.417,23.251,4.865,7.041,7.942
49078,0.801,35.828,22.272,30.417,23.251,4.824,6.839,8.067
49079,0.722,35.531,22.303,30.369,23.24,4.743,6.796,8.353
49080,0.666,35.567,22.311,30.388,23.244,4.783,6.836,8.6
49081,0.604,35.682,22.331,30.426,23.251,4.824,6.796,8.806
49082,0.557,35.779,22.288,30.388,23.244,4.824,6.714,8.97
49083,0.518,35.512,22.303,30.388,23.244,4.702,6.794,9.216
49084,0.495,35.643,22.331,30.436,23.254,4.863,6.958,9.503
49085,0.475,35.817,22.339,30.437,23.254,4.865,6.878,9.506
49086,0.465,35.876,22.312,30.417,23.251,4.824,6.796,9.587
49087,0.494,35.589,22.303,30.427,23.254,4.824,6.836,9.751
49088,0.524,35.73,22.299,30.417,23.251,4.824,6.837,9.874
49089,0.563,35.875,22.338,30.436,23.254,4.865,6.877,9.876
49090,0.59,35.906,22.292,30.398,23.24,4.743,6.715,9.916
49091,0.619,35.494,22.327,30.417,23.24,4.783,6.916,10.12
49092,0.658,35.633,22.296,30.427,23.244,4.742,6.796,10.203
49093,0.695,35.769,22.292,30.417,23.24,4.742,6.795,10.367
49094,0.724,35.799,22.299,30.417,23.244,4.783,6.836,10.693
49095,0.747,35.627,22.311,30.427,23.251,4.905,6.958,11.063
49096,0.777,35.798,22.307,30.456,23.254,4.865,6.919,11.229
49097,0.777,35.886,22.315,30.437,23.247,4.824,6.878,11.475
49098,0.777,35.915,22.288,30.427,23.244,4.783,7.0,11.802
49099,0.78,35.427,22.319,30.427,23.254,4.864,6.96,12.131
49100,0.784,35.565,22.331,30.436,23.254,4.824,7.0,12.215
49101,0.784,35.663,22.335,30.417,23.237,4.661,6.879,12.257
49102,0.764,35.693,22.288,30.417,23.251,4.822,6.837,12.542
49103,0.767,35.511,22.303,30.417,23.251,4.783,6.918,12.586
49104,0.764,35.624,22.288,30.427,23.244,4.783,6.959,12.667
49105,0.757,35.74,22.291,30.398,23.247,4.742,6.797,12.627
49106,0.751,35.645,22.295,30.427,23.251,4.864,7.039,12.749
49107,0.764,35.644,22.342,30.456,23.254,4.906,7.082,12.709
49108,0.754,35.721,22.323,30.427,23.251,4.784,6.961,12.628
49109,0.757,35.837,22.343,30.427,23.251,4.824,6.96,12.586
49110,0.754,35.531,22.327,30.446,23.251,4.824,7.0,12.505
49111,0.757,35.614,22.37,30.446,23.244,4.824,7.041,12.463
49112,0.757,35.75,22.312,30.417,23.24,4.702,6.839,12.138
49113,0.751,35.828,22.272,30.417,23.244,4.782,6.958,12.175
49114,0.764,35.454,22.28,30.417,23.247,4.783,6.96,12.013
49115,0.774,35.594,22.276,30.427,23.247,4.824,6.878,11.889
49116,0.764,35.711,22.276,30.417,23.237,4.783,6.877,11.806
49117,0.774,35.808,22.299,30.436,23.247,4.824,7.0,11.846
49118,0.797,35.464,22.28,30.456,23.261,4.865,7.082,11.643
49119,0.787,35.585,22.319,30.437,23.247,4.824,6.961,11.56
49120,0.78,35.701,22.3,30.427,23.251,4.865,6.919,11.437
49121,0.774,35.76,22.327,30.436,23.251,4.824,6.959,11.355
49122,0.777,35.626,22.28,30.446,23.251,4.865,6.96,11.191
49123,0.767,35.759,22.291,30.427,23.24,4.784,6.797,10.946
49124,0.764,35.837,22.295,30.398,23.244,4.702,6.877,10.943
49125,0.764,35.915,22.307,30.427,23.247,4.823,6.837,10.821
49126,0.761,35.427,22.319,30.417,23.247,4.743,6.796,10.657
49127,0.757,35.565,22.323,30.417,23.24,4.742,6.836,10.493
49128,0.757,35.692,22.307,30.436,23.24,4.783,6.918,10.532
49129,0.761,35.75,22.335,30.465,23.258,5.027,7.0,10.492
49130,0.764,35.492,22.311,30.437,23.247,4.867,6.879,10.288
49131,0.764,35.624,22.339,30.437,23.247,4.743,6.918,10.245
49132,0.77,35.721,22.296,30.437,23.251,4.823,6.919,10.042
49133,0.777,35.837,22.284,30.437,23.258,4.865,6.878,9.958
49134,0.774,35.56,22.311,30.437,23.244,4.824,6.755,9.754
49135,0.784,35.653,22.296,30.417,23.24,4.702,6.836,9.671
49136,0.787,35.788,22.307,30.427,23.244,4.742,6.796,9.629
49137,0.787,35.387,22.335,30.417,23.244,4.701,6.836,9.426
49138,0.793,35.402,22.249,30.417,23.244,4.742,6.837,9.302
49139,0.79,35.546,22.307,30.427,23.24,4.701,6.755,9.26
49140,0.797,35.663,22.335,30.456,23.265,4.904,7.039,9.341
49141,0.803,35.827,22.335,30.456,23.244,4.825,6.879,9.097
49142,0.787,35.934,22.245,30.427,23.244,4.783,6.837,9.136
49143,0.787,36.088,22.272,30.436,23.247,4.824,6.837,8.933
49144,0.78,36.157,22.311,30.446,23.251,4.824,6.918,8.89
49145,0.784,35.113,22.35,30.437,23.244,4.783,6.796,8.727
49146,0.767,35.207,22.288,30.408,23.237,4.661,6.714,8.644
49147,0.767,35.352,22.315,30.427,23.247,4.741,6.835,8.603
49148,0.764,35.45,22.288,30.446,23.251,4.783,6.796,8.562
49149,0.757,35.47,22.307,30.427,23.247,4.702,6.917,8.521
49150,0.751,35.585,22.296,30.427,23.24,4.742,6.878,8.479
49151,0.77,35.74,22.358,30.446,23.258,4.864,7.0,8.52
49152,0.793,35.808,22.308,30.446,23.251,4.824,7.001,8.358
49153,0.78,35.32,22.339,30.456,23.247,4.783,6.96,8.356
49154,0.793,35.449,22.339,30.456,23.247,4.905,6.96,8.275
49155,0.797,35.566,22.343,30.456,23.258,4.825,7.0,8.274
49156,0.8,35.624,22.343,30.446,23.251,4.743,6.96,7.989
49157,0.794,35.52,22.3,30.417,23.237,4.62,6.838,8.027
49158,0.8,35.681,22.217,30.436,23.244,4.741,6.877,7.946
49159,0.807,35.798,22.279,30.417,23.247,4.742,6.959,8.026
49160,0.807,35.799,22.291,30.427,23.244,4.701,6.919,7.824
49161,0.8,35.272,22.292,30.427,23.244,4.782,7.0,7.863
49162,0.803,35.458,22.288,30.494,23.258,4.946,7.001,7.944
49163,0.8,35.556,22.291,30.437,23.247,4.825,7.001,7.783
49164,0.8,35.433,22.342,30.446,23.251,4.743,7.001,7.822
49165,0.794,35.47,22.347,30.456,23.251,4.823,6.96,7.741
49166,0.787,35.614,22.343,30.465,23.254,4.824,7.0,7.781
49167,0.784,35.702,22.319,30.427,23.244,4.702,6.879,7.537
49168,0.767,35.242,22.264,30.408,23.24,4.742,6.918,7.616
49169,0.777,35.391,22.287,30.446,23.247,4.701,7.0,7.617
49170,0.774,35.508,22.288,30.427,23.247,4.701,6.96,7.576
49171,0.774,35.595,22.342,30.417,23.24,4.742,6.96,7.494
49172,0.79,35.299,22.28,30.436,23.247,4.742,7.122,7.656
49173,0.8,35.478,22.327,30.475,23.258,4.864,7.124,7.495
49174,0.81,35.595,22.331,30.446,23.244,4.784,7.043,7.494
49175,0.81,35.682,22.304,30.437,23.244,4.824,7.001,7.453
49176,0.813,35.28,22.311,30.446,23.254,4.783,7.041,7.452
49177,0.816,35.401,22.315,30.456,23.254,4.783,7.123,7.371
49178,0.823,35.517,22.288,30.427,23.24,4.742,7.002,7.289
49179,0.81,35.576,22.28,30.417,23.244,4.701,7.082,7.369
49180,0.826,35.634,22.319,30.436,23.244,4.742,7.002,7.33
49181,0.82,35.779,22.335,30.437,23.244,4.661,7.041,7.289
49182,0.803,35.895,22.245,30.437,23.244,4.782,7.001,7.329
49183,0.807,35.935,22.287,30.437,23.244,4.783,7.041,7.248
49184,0.807,35.187,22.303,30.456,23.254,4.905,7.204,7.45
49185,0.816,35.323,22.335,30.446,23.247,4.784,7.125,7.249
49186,0.797,35.421,22.272,30.446,23.24,4.824,7.083,7.288
49187,0.794,35.47,22.28,30.456,23.247,4.783,7.123,7.207
49188,0.79,35.393,22.303,30.465,23.251,4.824,7.124,7.247
49189,0.79,35.536,22.288,30.456,23.254,4.824,7.124,7.206
49190,0.787,35.615,22.295,30.418,23.24,4.661,6.961,7.125
49191,0.793,35.519,22.346,30.455,23.247,4.782,7.082,7.165
49192,0.806,35.327,22.3,30.437,23.244,4.742,7.042,7.084
49193,0.82,35.449,22.311,30.437,23.233,4.701,7.001,7.042
49194,0.817,35.547,22.26,30.427,23.244,4.66,7.041,7.082
49195,0.826,35.346,22.299,30.436,23.254,4.904,7.164,7.245
49196,0.839,35.469,22.292,30.494,23.258,4.906,7.124,7.166
49197,0.833,35.566,22.292,30.437,23.251,4.784,7.083,7.084
49198,0.839,35.672,22.288,30.446,23.254,4.783,7.123,7.123
49199,0.843,35.242,22.327,30.456,23.247,4.824,7.205,7.083
49200,0.843,35.372,22.323,30.446,23.258,4.824,7.125,7.123
49201,0.843,35.488,22.327,30.446,23.244,4.661,7.043,7.002
49202,0.82,35.557,22.28,30.427,23.24,4.741,7.204,7.041
49203,0.826,35.26,22.287,30.427,23.244,4.701,7.206,6.96
49204,0.817,35.391,22.256,30.427,23.251,4.742,7.206,7.0
49205,0.816,35.508,22.252,30.427,23.24,4.701,7.165,7.001
49206,0.813,35.585,22.256,30.417,23.244,4.782,7.246,7.001
49207,0.826,35.289,22.295,30.455,23.261,4.905,7.41,7.123
49208,0.82,35.439,22.288,30.446,23.244,4.784,7.371,6.961
49209,0.813,35.566,22.299,30.446,23.247,4.783,7.33,6.96
49210,0.82,35.596,22.311,30.456,23.251,4.824,7.37,7.0
49211,0.813,35.299,22.335,30.465,23.251,4.783,7.33,7.001
49212,0.829,35.43,22.308,30.446,23.247,4.702,7.248,6.797
49213,0.813,35.527,22.272,30.417,23.237,4.701,7.288,6.836
49214,0.823,35.586,22.256,30.446,23.244,4.782,7.288,6.877
49215,0.839,35.318,22.279,30.417,23.244,4.742,7.247,6.796
49216,0.836,35.44,22.28,30.436,23.244,4.701,7.247,6.795
49217,0.836,35.537,22.334,30.417,23.251,4.782,7.247,6.836
49218,0.843,35.921,22.269,30.446,23.254,4.905,7.41,6.877
49219,0.862,35.407,22.334,30.417,23.24,4.744,7.33,6.837
49220,0.849,35.508,22.347,30.427,23.244,4.823,7.207,6.837
49221,0.849,35.633,22.37,30.446,23.254,4.824,7.247,6.877
49222,0.84,35.299,22.3,30.465,23.247,4.865,7.288,6.837
49223,0.839,35.296,22.303,30.446,23.244,4.865,7.247,6.837
49224,0.833,35.401,22.264,30.417,23.237,4.621,7.044,6.674
49225,0.826,35.508,22.287,30.427,23.247,4.781,7.245,6.672
49226,0.83,35.25,22.272,30.436,23.247,4.742,7.125,6.713
49227,0.83,35.381,22.291,30.437,23.24,4.701,7.165,6.632
49228,0.82,35.508,22.264,30.437,23.247,4.701,7.084,6.672
49229,0.83,35.624,22.283,30.446,23.254,4.863,7.245,6.794
49230,0.846,35.232,22.288,30.446,23.251,4.824,7.206,6.673
49231,0.833,35.324,22.315,30.427,23.247,4.783,7.165,6.672
49232,0.836,35.469,22.3,30.436,23.251,4.783,7.124,6.713
49233,0.843,35.547,22.315,30.437,23.251,4.783,7.165,6.632
49234,0.853,35.212,22.319,30.437,23.251,4.864,7.124,6.59
49235,0.846,35.324,22.323,30.398,23.233,4.662,7.002,6.509
49236,0.853,35.44,22.311,30.436,23.244,4.7,7.123,6.467
49237,0.859,35.508,22.335,30.408,23.244,4.742,6.961,6.507
49238,0.866,35.202,22.272,30.417,23.244,4.742,6.96,6.508
49239,0.856,35.352,22.287,30.417,23.24,4.661,7.0,6.427
49240,0.866,35.469,22.319,30.427,23.251,4.822,7.123,6.629
49241,0.879,35.547,22.327,30.475,23.265,4.865,7.124,6.55
49242,0.859,35.25,22.343,30.466,23.241,4.824,7.043,6.468
49243,0.866,35.391,22.28,30.437,23.251,4.783,7.042,6.548
49244,0.862,35.498,22.354,30.427,23.251,4.783,7.123,6.508
49245,0.856,35.528,22.339,30.446,23.251,4.742,7.124,6.549
49246,0.853,35.279,22.335,30.408,23.247,4.701,6.961,6.386
49247,0.84,35.372,22.327,30.427,23.247,4.742,7.163,6.466
49248,0.852,35.498,22.272,30.427,23.254,4.742,7.165,6.467
49249,0.846,35.346,22.272,30.427,23.244,4.742,7.165,6.426
49250,0.846,35.239,22.252,30.417,23.24,4.661,7.124,6.385
49251,0.856,35.391,22.318,30.427,23.251,4.863,7.246,6.507
49252,0.882,35.517,22.288,30.456,23.265,4.784,7.247,6.427
49253,0.863,35.26,22.284,30.418,23.248,4.742,7.247,6.385
49254,0.882,35.382,22.28,30.417,23.244,4.823,7.247,6.425
49255,0.879,35.508,22.295,30.417,23.244,4.824,7.288,6.466
49256,0.892,35.614,22.311,30.427,23.251,4.824,7.288,6.426
49257,0.892,35.098,22.346,30.398,23.24,4.702,7.085,6.304
49258,0.892,35.236,22.276,30.398,23.247,4.782,7.205,6.343
49259,0.899,35.41,22.303,30.417,23.244,4.783,7.206,6.343
49260,0.892,35.469,22.292,30.417,23.244,4.742,7.165,6.303
49261,0.889,35.173,22.295,30.408,23.237,4.783,7.124,6.262
49262,0.879,35.342,22.256,30.427,23.254,4.905,7.246,6.465
49263,0.889,35.498,22.279,30.446,23.258,4.784,7.206,6.304
49264,0.882,35.547,22.307,30.417,23.247,4.824,7.206,6.425
49265,0.882,35.241,22.296,30.417,23.24,4.824,7.287,6.344
49266,0.879,35.401,22.295,30.427,23.247,4.824,7.247,6.384
49267,0.879,35.517,22.323,30.417,23.251,4.824,7.288,6.385
49268,0.879,35.547,22.257,30.408,23.244,4.661,7.125,6.263
49269,0.876,35.174,22.279,30.417,23.24,4.741,7.205,6.302
49270,0.876,35.342,22.276,30.398,23.247,4.701,7.287,6.343
49271,0.885,35.45,22.319,30.398,23.237,4.742,7.166,6.303
49272,0.889,35.47,22.245,30.379,23.244,4.701,7.206,6.343
49273,0.899,35.307,22.272,30.417,23.247,4.782,7.328,6.466
49274,0.921,35.478,22.307,30.455,23.258,4.864,7.451,6.467
49275,0.915,35.566,22.28,30.418,23.247,4.784,7.29,6.304
49276,0.918,35.596,22.291,30.408,23.251,4.824,7.288,6.384
49277,0.922,35.212,22.295,30.427,23.247,4.865,7.288,6.385
49278,0.931,35.343,22.245,30.427,23.251,4.824,7.247,6.303
49279,0.935,35.45,22.291,30.408,23.24,4.702,7.125,6.262
49280,0.925,35.173,22.295,30.388,23.244,4.742,7.246,6.302
49281,0.925,35.247,22.311,30.407,23.244,4.783,7.206,6.262
49282,0.931,35.391,22.245,30.398,23.244,4.661,7.165,6.262
49283,0.925,35.488,22.264,30.379,23.244,4.741,7.165,6.18
49284,0.922,35.25,22.303,30.398,23.244,4.783,7.206,6.301
49285,0.928,35.429,22.315,30.436,23.261,4.946,7.409,6.465
49286,0.928,35.556,22.288,30.398,23.251,4.785,7.167,6.304
49287,0.925,35.644,22.299,30.398,23.251,4.824,7.165,6.384
49288,0.925,35.27,22.303,30.417,23.251,4.743,7.206,6.303
49289,0.922,35.439,22.311,30.427,23.254,4.823,7.125,6.384
49290,0.925,35.546,22.284,30.408,23.247,4.783,7.002,6.222
49291,0.928,35.586,22.338,30.379,23.24,4.783,6.96,6.261
49292,0.938,35.26,22.261,30.398,23.244,4.742,7.041,6.262
49293,0.945,35.42,22.283,30.388,23.244,4.783,6.96,6.262
49294,0.948,35.517,22.272,30.379,23.24,4.702,6.919,6.18
49295,0.961,35.595,22.272,30.388,23.24,4.66,6.959,6.301
49296,0.974,35.414,22.295,30.417,23.254,4.782,7.041,6.425
49297,0.984,35.565,22.334,30.417,23.251,4.742,6.96,6.304
49298,0.974,35.644,22.226,30.408,23.244,4.783,6.96,6.221
49299,0.99,35.702,22.287,30.398,23.251,4.742,7.0,6.302
49300,0.997,35.501,22.303,30.407,23.247,4.823,7.041,6.302
49301,0.991,35.633,22.338,30.398,23.251,4.743,6.839,6.262
49302,0.987,35.75,22.202,30.388,23.237,4.661,6.755,6.18
49303,0.981,35.78,22.267,30.388,23.247,4.782,6.876,6.179
49304,0.984,35.454,22.311,30.407,23.247,4.742,6.837,6.261
49305,0.978,35.585,22.3,30.388,23.244,4.661,6.837,6.221
49306,0.977,35.701,22.303,30.35,23.24,4.66,6.918,6.22
49307,0.984,35.635,22.303,30.397,23.258,4.863,6.959,6.342
49308,0.984,35.721,22.288,30.417,23.254,4.906,6.919,6.384
49309,0.978,35.808,22.307,30.379,23.251,4.744,6.837,6.303
49310,0.984,35.924,22.299,30.378,23.247,4.742,6.837,6.302
49311,0.984,35.58,22.335,30.378,23.254,4.864,6.877,6.302
49312,1.007,35.711,22.292,30.407,23.251,4.784,6.877,6.302
49313,1.01,35.827,22.323,30.379,23.247,4.702,6.552,6.18
49314,1.004,35.886,22.315,30.35,23.244,4.742,6.712,6.179
49315,1.027,35.695,22.296,30.369,23.244,4.783,6.713,6.301
49316,1.02,35.837,22.295,30.378,23.244,4.742,6.672,6.262
49317,1.03,35.944,22.292,30.369,23.237,4.661,6.631,6.18
49318,1.04,36.021,22.233,30.369,23.247,4.782,6.753,6.301
49319,1.056,35.85,22.295,30.407,23.258,4.986,6.836,6.384
49320,1.063,35.972,22.299,30.388,23.241,4.785,6.796,6.181
49321,1.047,36.07,22.296,30.379,23.251,4.824,6.755,6.261
49322,1.046,36.166,22.288,30.417,23.251,4.743,6.795,6.221
49323,1.043,35.937,22.295,30.408,23.254,4.823,6.795,6.342
49324,1.056,36.069,22.37,30.379,23.251,4.824,6.755,6.262
49325,1.043,36.157,22.327,30.331,23.237,4.661,6.673,6.18
49326,1.037,36.206,22.323,30.368,23.247,4.822,6.753,6.22
49327,1.046,36.206,22.327,30.359,23.247,4.743,6.795,6.18
49328,1.04,36.321,22.249,30.359,23.244,4.701,6.836,6.139
49329,1.037,36.437,22.291,30.369,23.247,4.701,6.796,6.138
49330,1.05,36.477,22.323,30.369,23.254,4.863,7.08,6.341
49331,1.066,36.257,22.311,30.378,23.258,4.824,7.042,6.221
49332,1.06,36.36,22.206,30.359,23.251,4.783,7.082,6.22
49333,1.069,36.476,22.302,30.359,23.247,4.824,7.123,6.22
49334,1.073,36.506,22.311,30.369,23.251,4.865,7.165,6.22
49335,1.089,36.497,22.3,30.369,23.251,4.743,7.206,6.22
49336,1.083,36.612,22.292,30.33,23.244,4.661,7.125,6.139
49337,1.076,36.69,22.334,30.349,23.244,4.741,7.205,6.219
49338,1.099,36.451,22.319,30.349,23.244,4.742,7.206,6.058
49339,1.099,36.563,22.272,30.34,23.244,4.701,7.247,6.056
49340,1.102,36.66,22.338,30.33,23.24,4.66,7.288,6.056
49341,1.099,36.776,22.265,30.349,23.251,4.822,7.329,6.219
49342,1.109,36.615,22.287,30.388,23.254,4.824,7.329,6.22
49343,1.093,36.728,22.245,30.34,23.258,4.743,7.329,6.22
49344,1.099,36.844,22.291,30.359,23.247,4.742,7.37,6.18
49345,1.096,36.903,22.295,30.359,23.251,4.783,7.33,6.139
49346,1.089,36.597,22.299,30.34,23.251,4.824,7.37,6.179
49347,1.089,36.737,22.311,30.349,23.24,4.743,7.208,5.976
49348,1.066,36.806,22.268,30.33,23.244,4.783,7.287,6.096
49349,1.082,36.912,22.283,30.34,23.247,4.783,7.288,6.178
49350,1.086,36.808,22.327,30.321,23.244,4.661,7.247,6.098
49351,1.079,36.951,22.319,30.32,23.24,4.741,7.288,6.138
49352,1.099,37.067,22.245,30.349,23.247,4.823,7.288,6.179
49353,1.119,37.154,22.299,30.369,23.261,4.905,7.369,6.22
49354,1.106,37.501,22.272,30.34,23.251,4.784,7.248,6.22
49355,1.119,37.658,22.28,30.349,23.254,4.742,7.288,6.18
49356,1.115,37.755,22.28,30.359,23.251,4.701,7.329,6.179
49357,1.119,37.775,22.342,30.349,23.251,4.782,7.289,6.139
49358,1.119,36.73,22.3,30.34,23.251,4.702,7.166,6.057
49359,1.122,36.844,22.256,30.321,23.244,4.782,7.206,6.056
49360,1.125,36.97,22.334,30.34,23.247,4.742,7.247,6.015
49361,1.112,37.364,22.288,30.33,23.24,4.701,7.206,6.056
49362,1.109,37.234,22.252,30.32,23.244,4.742,7.247,5.975
49363,1.102,37.348,22.256,30.34,23.244,4.864,7.45,6.218
49364,1.109,37.464,22.303,30.359,23.261,4.906,7.412,6.18
49365,1.093,37.13,22.323,30.34,23.251,4.784,7.371,6.057
49366,1.089,37.136,22.272,30.33,23.254,4.783,7.452,6.137
49367,1.086,37.251,22.326,30.311,23.251,4.824,7.452,6.138
49368,1.083,37.367,22.276,30.349,23.254,4.824,7.493,6.138
49369,1.073,37.215,22.295,30.301,23.244,4.702,7.412,6.016
49370,1.047,37.281,22.311,30.301,23.244,4.701,7.452,6.137
49371,1.05,37.425,22.303,30.301,23.244,4.66,7.412,6.138
49372,1.06,37.513,22.303,30.311,23.24,4.741,7.452,6.098
49373,1.053,37.217,22.272,30.301,23.244,4.661,7.412,6.056
49374,1.047,37.357,22.303,30.311,23.244,4.66,7.452,6.097
49375,1.056,37.483,22.323,30.349,23.254,4.863,7.656,6.219
49376,1.056,37.552,22.3,30.321,23.251,4.743,7.495,6.098
49377,1.053,37.217,22.342,30.311,23.244,4.742,7.534,6.097
49378,1.043,37.348,22.292,30.349,23.251,4.742,7.534,6.097
49379,1.05,37.464,22.295,30.311,23.254,4.783,7.616,6.138
49380,1.037,37.513,22.354,30.311,23.247,4.661,7.535,6.016
49381,1.017,37.322,22.269,30.263,23.233,4.66,7.453,5.934
49382,1.007,37.473,22.283,30.291,23.244,4.741,7.534,6.096
49383,0.994,37.59,22.256,30.301,23.247,4.742,7.534,6.056
49384,0.968,37.601,22.307,30.291,23.247,4.661,7.575,5.975
49385,0.968,37.467,22.296,30.291,23.24,4.619,7.616,6.055
49386,0.958,37.619,22.28,30.31,23.254,4.781,7.779,6.178
49387,0.971,37.735,22.323,30.32,23.261,4.742,7.781,6.098
49388,0.942,37.737,22.225,30.292,23.247,4.783,7.7,6.178
49389,0.925,37.478,22.271,30.31,23.247,4.742,7.821,6.179
49390,0.925,37.58,22.311,30.291,23.247,4.783,7.781,6.139
49391,0.915,37.706,22.307,30.291,23.254,4.702,7.781,6.098
49392,0.918,37.592,22.284,30.272,23.24,4.62,7.578,5.975
49393,0.899,37.553,22.256,30.282,23.247,4.7,7.698,6.096
49394,0.912,37.687,22.268,30.301,23.244,4.701,7.74,6.056
49395,0.912,37.765,22.291,30.291,23.247,4.701,7.74,6.097
49396,0.905,37.334,22.307,30.272,23.24,4.579,7.577,6.056
49397,0.908,37.406,22.339,30.301,23.244,4.7,7.698,6.178
49398,0.921,37.58,22.312,30.33,23.261,4.823,7.78,6.179
49399,0.918,37.639,22.284,30.282,23.241,4.702,7.7,6.057
49400,0.902,37.352,22.303,30.282,23.251,4.701,7.699,6.137
49401,0.895,37.483,22.276,30.291,23.247,4.742,7.699,6.179
49402,0.882,37.629,22.307,30.291,23.254,4.701,7.78,6.179
49403,0.879,37.678,22.253,30.272,23.244,4.66,7.659,6.057
49404,0.856,37.563,22.334,30.243,23.237,4.619,7.698,6.137
49405,0.843,37.735,22.304,30.272,23.247,4.659,7.658,6.057
49406,0.83,37.852,22.299,30.282,23.24,4.741,7.739,6.056
49407,0.813,37.891,22.299,30.262,23.244,4.701,7.659,6.056
49408,0.813,37.345,22.241,30.262,23.247,4.742,7.739,6.137
49409,0.803,37.502,22.287,30.31,23.261,4.823,7.903,6.26
49410,0.807,37.638,22.307,30.291,23.244,4.743,7.742,6.18
49411,0.807,37.63,22.299,30.282,23.247,4.742,7.821,6.139
49412,0.813,37.486,22.233,30.272,23.244,4.742,7.822,6.219
49413,0.813,37.629,22.287,30.272,23.247,4.783,7.822,6.22
49414,0.82,37.745,22.307,30.282,23.251,4.783,7.741,6.098
49415,0.817,37.727,22.296,30.243,23.237,4.661,7.659,6.016
49416,0.81,37.391,22.303,30.262,23.247,4.822,7.739,6.096
49417,0.813,37.522,22.323,30.272,23.247,4.743,7.699,6.097
49418,0.82,37.629,22.307,30.234,23.247,4.701,7.699,6.056
49419,0.813,37.668,22.288,30.243,23.251,4.742,7.74,6.015
49420,0.813,37.448,22.342,30.262,23.244,4.864,7.943,6.178
49421,0.82,37.599,22.284,30.281,23.258,4.946,7.864,6.179
49422,0.797,37.668,22.28,30.262,23.251,4.785,7.7,6.057
49423,0.8,37.419,22.272,30.243,23.254,4.864,7.74,6.137
49424,0.797,37.484,22.334,30.262,23.251,4.824,7.74,6.138
49425,0.787,37.609,22.292,30.281,23.251,4.865,7.74,6.098
49426,0.78,37.697,22.295,30.234,23.24,4.743,7.577,5.975
49427,0.761,37.362,22.288,30.224,23.244,4.823,7.657,6.096
49428,0.761,37.522,22.198,30.262,23.244,4.702,7.698,6.056
49429,0.757,37.619,22.275,30.253,23.251,4.782,7.658,6.015
49430,0.757,37.697,22.295,30.233,23.24,4.742,7.576,6.056
49431,0.757,37.285,22.28,30.243,23.251,4.783,7.657,6.137
49432,0.774,37.492,22.28,30.3,23.254,4.986,7.78,6.26
49433,0.774,37.571,22.256,30.253,23.251,4.826,7.618,6.139
49434,0.767,37.62,22.318,30.262,23.24,4.824,7.535,6.098
49435,0.783,37.361,22.28,30.234,23.251,4.865,7.534,6.097
49436,0.793,37.512,22.291,30.252,23.254,4.865,7.534,6.138
49437,0.797,37.6,22.334,30.262,23.254,4.824,7.575,6.138
49438,0.79,37.639,22.288,30.224,23.24,4.661,7.535,6.016
49439,0.79,37.333,22.284,30.224,23.247,4.822,7.494,6.056
49440,0.79,37.445,22.334,30.224,23.24,4.783,7.534,6.056
49441,0.79,37.551,22.311,30.224,23.244,4.742,7.453,5.975
49442,0.774,37.581,22.284,30.243,23.244,4.742,7.452,6.015
49443,0.767,37.917,22.268,30.252,23.258,4.905,7.656,6.3
49444,0.79,38.064,22.303,30.253,23.251,4.906,7.536,6.14
49445,0.761,38.152,22.288,30.233,23.251,4.825,7.534,6.138
49446,0.764,38.287,22.28,30.233,23.247,4.824,7.534,6.057
49447,0.761,37.052,22.342,30.233,23.254,4.865,7.534,6.097
49448,0.77,37.154,22.23,30.262,23.251,4.824,7.575,6.097
49449,0.761,37.251,22.275,30.214,23.24,4.743,7.372,5.975
49450,0.741,37.319,22.287,30.233,23.244,4.783,7.452,6.096
49451,0.754,37.416,22.288,30.233,23.244,4.702,7.452,6.138
49452,0.761,37.551,22.303,30.281,23.244,4.742,7.412,6.098
49453,0.764,37.629,22.268,30.205,23.247,4.742,7.371,6.016
49454,0.761,37.064,22.295,30.233,23.251,4.783,7.492,6.259
49455,0.787,37.183,22.295,30.262,23.258,4.905,7.453,6.18
49456,0.771,37.299,22.264,30.234,23.254,4.865,7.412,6.139
49457,0.767,37.368,22.354,30.214,23.247,4.824,7.371,6.179
49458,0.787,37.253,22.319,30.223,23.254,4.865,7.452,6.139
49459,0.797,37.406,22.319,30.224,23.258,4.865,7.412,6.057
49460,0.797,37.522,22.323,30.204,23.247,4.743,7.249,6.056
49461,0.774,37.552,22.307,30.214,23.251,4.823,7.328,6.137
49462,0.771,37.207,22.284,30.214,23.251,4.824,7.37,6.138
49463,0.77,37.338,22.26,30.214,23.251,4.783,7.289,6.016
49464,0.761,37.426,22.326,30.204,23.24,4.702,7.207,6.096
49465,0.754,37.522,22.307,30.195,23.251,4.742,7.369,6.219
49466,0.777,37.255,22.339,30.252,23.261,4.986,7.411,6.18
49467,0.754,37.358,22.308,30.214,23.244,4.826,7.289,6.139
49468,0.748,37.474,22.257,30.233,23.244,4.824,7.288,6.179
49469,0.751,37.533,22.279,30.214,23.254,4.824,7.288,6.22
49470,0.757,37.245,22.319,30.214,23.244,4.946,7.288,6.18
49471,0.751,37.367,22.307,30.214,23.237,4.744,7.125,6.057
49472,0.761,37.464,22.288,30.233,23.237,4.701,7.205,6.219
49473,0.767,37.485,22.288,30.214,23.251,4.742,7.247,6.18
49474,0.77,37.159,22.311,30.214,23.247,4.742,7.084,6.098
49475,0.78,37.27,22.264,30.185,23.24,4.701,7.083,6.097
49476,0.777,37.406,22.283,30.194,23.244,4.701,7.083,6.138
49477,0.79,37.292,22.303,30.214,23.254,4.904,7.286,6.301
49478,0.803,37.186,22.299,30.214,23.247,4.784,7.207,6.14
49479,0.787,37.299,22.272,30.204,23.251,4.783,7.125,6.179
49480,0.79,37.387,22.287,30.204,23.247,4.864,7.124,6.179
49481,0.8,37.148,22.245,30.204,23.254,4.865,7.124,6.22
49482,0.787,37.251,22.279,30.204,23.251,4.865,7.165,6.139
49483,0.784,37.367,22.287,30.175,23.237,4.702,7.002,6.016
49484,0.78,37.436,22.319,30.185,23.24,4.782,7.123,6.178
49485,0.774,37.158,22.343,30.194,23.244,4.742,7.002,6.057
49486,0.767,37.28,22.319,30.185,23.247,4.742,7.001,6.097
49487,0.767,37.377,22.296,30.166,23.244,4.701,6.96,6.056
49488,0.761,37.474,22.299,30.204,23.251,4.863,7.041,6.219
49489,0.774,37.216,22.292,30.223,23.254,4.906,7.082,6.18
49490,0.764,37.309,22.303,30.185,23.247,4.825,7.042,6.139
49491,0.764,37.425,22.303,30.185,23.247,4.865,7.042,6.179
49492,0.777,37.503,22.272,30.214,23.244,4.824,7.001,6.139
49493,0.793,37.197,22.28,30.166,23.247,4.905,7.041,6.179
49494,0.777,37.319,22.299,30.175,23.24,4.744,6.839,5.976
49495,0.784,37.387,22.284,30.166,23.244,4.742,6.958,6.177
49496,0.79,37.493,22.291,30.165,23.247,4.823,6.878,6.057
49497,0.8,37.12,22.307,30.156,23.24,4.824,6.959,6.097
49498,0.8,37.27,22.307,30.156,23.244,4.743,6.797,5.975
49499,0.8,37.387,22.272,30.146,23.254,4.823,6.958,6.137
49500,0.813,37.436,22.33,30.194,23.258,4.905,7.122,6.219
49501,0.807,37.158,22.226,30.166,23.251,4.784,6.961,6.098
49502,0.794,37.28,22.26,30.175,23.247,4.905,6.919,6.138
49503,0.793,37.396,22.256,30.185,23.251,4.906,6.919,6.138
49504,0.79,37.608,22.315,30.194,23.254,4.865,7.041,6.138
49505,0.78,37.16,22.319,30.147,23.247,4.824,6.96,6.057
49506,0.767,37.27,22.284,30.127,23.237,4.824,6.96,5.975
49507,0.777,37.406,22.346,30.146,23.251,4.905,6.96,6.055
49508,0.764,37.148,22.315,30.175,23.247,4.784,7.0,6.097
49509,0.761,37.174,22.264,30.146,23.244,4.783,6.96,6.056
49510,0.764,37.29,22.342,30.146,23.24,4.742,7.041,6.137
49511,0.77,37.406,22.304,30.165,23.258,4.905,7.164,6.26
49512,0.79,37.091,22.276,30.156,23.247,4.825,7.165,6.099
49513,0.774,37.183,22.287,30.137,23.247,4.865,7.084,6.097
49514,0.784,37.309,22.327,30.146,23.254,4.824,7.164,6.097
49515,0.79,37.387,22.292,30.165,23.258,4.905,7.165,6.097
49516,0.793,37.129,22.256,30.165,23.254,4.906,7.165,6.097
49517,0.797,37.232,22.295,30.127,23.237,4.703,7.043,5.975
49518,0.787,37.358,22.288,30.127,23.244,4.823,7.164,6.055
49519,0.806,37.445,22.272,30.136,23.244,4.743,7.206,6.056
49520,0.803,37.082,22.299,30.117,23.244,4.783,7.084,6.097
49521,0.8,37.212,22.233,30.136,23.247,4.702,7.164,6.056
49522,0.797,37.357,22.26,30.146,23.251,4.863,7.328,6.178
49523,0.813,37.435,22.291,30.184,23.258,4.865,7.37,6.098
49524,0.787,37.043,22.295,30.127,23.244,4.865,7.289,6.138
49525,0.79,37.173,22.299,30.136,23.251,4.824,7.329,6.138
49526,0.787,37.309,22.303,30.136,23.247,4.824,7.289,6.098
49527,0.784,37.349,22.311,30.146,23.251,4.824,7.288,6.097
49528,0.774,37.071,22.296,30.146,23.247,4.702,7.207,5.975
49529,0.761,37.183,22.245,30.117,23.244,4.742,7.287,6.055
49530,0.777,37.29,22.354,30.107,23.247,4.823,7.288,6.097
49531,0.771,37.31,22.273,30.127,23.247,4.702,7.166,6.016
49532,0.787,37.224,22.272,30.108,23.237,4.742,7.287,5.974
49533,0.793,37.329,22.256,30.107,23.247,4.823,7.288,6.096
49534,0.797,37.474,22.326,30.155,23.265,4.946,7.451,6.178
49535,0.794,37.197,22.296,30.118,23.244,4.825,7.29,6.098
49536,0.8,37.165,22.26,30.117,23.247,4.865,7.369,6.056
49537,0.807,37.261,22.311,30.127,23.251,4.824,7.37,6.056
49538,0.807,37.377,22.303,30.146,23.247,4.824,7.411,6.056
49539,0.82,37.062,22.288,30.117,23.244,4.743,7.249,5.975
49540,0.797,37.135,22.311,30.088,23.237,4.701,7.247,6.055
49541,0.807,37.289,22.221,30.107,23.251,4.823,7.328,5.975
49542,0.797,37.387,22.279,30.117,23.244,4.824,7.207,6.015
49543,0.787,36.86,22.284,30.098,23.24,4.743,7.328,5.974
49544,0.78,36.961,22.307,30.107,23.24,4.742,7.289,6.015
49545,0.78,37.115,22.303,30.117,23.261,4.864,7.41,6.178
49546,0.8,37.213,22.272,30.117,23.251,4.824,7.371,6.098
49547,0.781,37.022,22.295,30.098,23.247,4.865,7.289,6.056
49548,0.777,37.183,22.28,30.126,23.244,4.784,7.369,6.137
49549,0.771,37.299,22.303,30.117,23.251,4.905,7.33,6.098
49550,0.777,37.358,22.307,30.127,23.251,4.784,7.329,6.056
49551,0.78,36.908,22.249,30.079,23.237,4.661,7.207,5.934
49552,0.787,37.057,22.318,30.098,23.247,4.782,7.287,6.055
49553,0.787,37.174,22.3,30.088,23.251,4.742,7.288,5.975
49554,0.79,37.204,22.35,30.088,23.237,4.701,7.288,5.974
49555,0.793,36.926,22.343,30.069,23.24,4.742,7.247,6.015
49556,0.8,37.086,22.296,30.117,23.265,4.986,7.41,6.178
49557,0.803,37.203,22.303,30.098,23.248,4.826,7.289,6.098
49558,0.81,37.223,22.272,30.088,23.247,4.865,7.329,6.056
49559,0.816,36.897,22.291,30.088,23.251,4.824,7.248,6.056
49560,0.81,37.028,22.307,30.098,23.254,4.824,7.288,6.056
49561,0.813,37.192,22.268,30.117,23.247,4.824,7.125,5.934
49562,0.79,37.098,22.248,30.05,23.233,4.783,7.165,6.014
49563,0.803,36.896,22.279,30.078,23.247,4.783,7.206,6.056
49564,0.794,36.99,22.323,30.078,23.244,4.742,7.125,6.015
49565,0.787,37.106,22.292,30.069,23.24,4.783,7.083,6.056
49566,0.78,36.944,22.284,30.04,23.237,4.742,7.083,6.015
49567,0.774,37.019,22.307,30.088,23.258,4.905,7.205,6.178
49568,0.787,37.164,22.303,30.098,23.261,4.825,7.206,6.057
49569,0.78,37.251,22.264,30.079,23.247,4.743,7.165,5.975
49570,0.777,36.85,22.268,30.078,23.254,4.823,7.165,6.096
49571,0.767,36.951,22.244,30.098,23.254,4.865,7.206,6.056
49572,0.787,37.105,22.283,30.098,23.247,4.824,7.165,6.015
49573,0.787,37.155,22.225,30.069,23.237,4.702,6.962,5.893
49574,0.774,36.896,22.318,30.069,23.251,4.742,7.122,5.973
49575,0.787,37.028,22.307,30.069,23.244,4.823,7.124,6.015
49576,0.793,37.145,22.323,30.05,23.244,4.743,6.961,5.974
49577,0.793,37.213,22.315,30.04,23.24,4.742,7.0,5.933
49578,0.8,36.82,22.292,30.049,23.247,4.823,7.123,6.136
49579,0.807,36.999,22.292,30.078,23.254,4.824,7.165,6.098
49580,0.8,37.077,22.303,30.059,23.251,4.824,7.043,6.056
49581,0.79,37.135,22.26,30.049,23.251,4.824,7.042,5.975
49582,0.787,36.915,22.264,30.068,23.251,4.783,7.082,6.055
49583,0.787,37.057,22.248,30.069,23.251,4.824,7.083,6.056
49584,0.787,37.145,22.299,30.05,23.247,4.783,6.961,5.893
49585,0.767,37.165,22.256,30.04,23.244,4.702,7.082,6.014
49586,0.777,36.849,22.26,30.049,23.244,4.782,7.123,5.974
49587,0.771,36.989,22.283,30.04,23.251,4.702,7.083,6.015
49588,0.767,37.096,22.291,30.04,23.24,4.742,7.042,5.934
49589,0.754,37.443,22.252,30.049,23.247,4.823,7.082,6.014
49590,0.764,36.861,22.311,30.088,23.254,4.905,7.205,6.137
49591,0.774,36.989,22.288,30.05,23.251,4.744,7.084,6.057
49592,0.767,37.087,22.256,30.068,23.244,4.783,7.083,6.015
49593,0.774,36.848,22.229,30.069,23.254,4.824,7.123,5.974
49594,0.777,36.836,22.295,30.069,23.251,4.824,7.124,6.055
49595,0.793,36.999,22.292,30.05,23.251,4.743,7.124,6.015
49596,0.793,37.058,22.276,30.03,23.237,4.742,7.002,5.934
49597,0.793,36.809,22.303,30.04,23.244,4.783,7.041,6.096
49598,0.78,36.922,22.311,30.049,23.244,4.702,7.001,5.975
49599,0.777,37.048,22.268,30.03,23.247,4.701,7.001,5.893
49600,0.784,37.126,22.319,30.02,23.244,4.782,7.041,5.973
49601,0.79,36.714,22.186,30.059,23.254,4.864,7.286,6.096
49602,0.797,36.882,22.275,30.069,23.254,4.824,7.166,6.138
49603,0.784,36.98,22.291,30.03,23.251,4.824,7.165,6.016
49604,0.777,37.048,22.303,30.04,23.244,4.824,7.165,6.015
49605,0.767,36.886,22.303,30.02,23.251,4.824,7.165,6.096
49606,0.767,37.047,22.284,30.049,23.251,4.824,7.124,6.056
49607,0.754,37.135,22.334,30.03,23.244,4.743,7.002,6.015
49608,0.741,37.165,22.28,30.011,23.237,4.823,7.123,6.056
49609,0.747,36.782,22.252,30.039,23.254,4.783,7.124,6.056
49610,0.757,36.893,22.299,30.02,23.244,4.742,7.165,6.015
49611,0.754,36.999,22.206,30.001,23.237,4.661,7.084,6.015
49612,0.761,37.039,22.256,30.011,23.237,4.66,7.123,6.096
49613,0.767,37.557,22.256,30.059,23.258,4.904,7.368,6.138
49614,0.774,37.658,22.291,30.03,23.244,4.784,7.289,6.057
49615,0.774,37.765,22.311,30.02,23.247,4.824,7.247,6.015
49616,0.784,37.785,22.272,30.011,23.247,4.743,7.288,6.137
49617,0.784,36.443,22.326,30.02,23.247,4.864,7.288,6.098
49618,0.774,36.582,22.323,30.03,23.24,4.784,7.207,6.016
49619,0.777,36.651,22.284,29.982,23.233,4.702,7.125,5.893
49620,0.774,36.882,22.299,30.02,23.24,4.742,7.246,6.054
49621,0.777,36.999,22.225,30.02,23.247,4.742,7.206,6.056
49622,0.767,37.154,22.264,30.001,23.244,4.742,7.165,6.056
49623,0.767,37.203,22.276,29.991,23.237,4.701,7.165,6.015
49624,0.748,36.696,22.311,30.03,23.247,4.782,7.287,6.056
49625,0.777,36.825,22.296,30.04,23.254,4.824,7.166,6.097
49626,0.754,36.912,22.253,30.001,23.247,4.783,7.206,6.016
49627,0.751,37.0,22.307,30.02,23.244,4.783,7.247,6.056
49628,0.757,36.751,22.264,30.011,23.247,4.783,7.206,6.137
49629,0.754,36.883,22.264,30.03,23.254,4.783,7.369,6.057
49630,0.748,36.97,22.287,29.992,23.244,4.702,7.045,5.893
49631,0.741,37.019,22.225,30.01,23.244,4.823,7.204,6.014
49632,0.76,36.655,22.248,29.991,23.247,4.783,7.125,6.015
49633,0.761,36.767,22.24,30.01,23.251,4.702,7.124,6.015
49634,0.761,36.893,22.307,29.972,23.24,4.701,7.083,5.974
49635,0.767,36.971,22.284,30.02,23.247,4.782,7.205,6.096
49636,0.783,36.856,22.307,30.039,23.261,4.864,7.247,6.138
49637,0.777,36.941,22.296,30.001,23.251,4.784,7.206,6.057
49638,0.784,37.077,22.272,29.991,23.247,4.824,7.247,6.015
49639,0.79,37.116,22.284,30.001,23.254,4.743,7.166,6.137
49640,0.79,36.704,22.28,29.991,23.251,4.823,7.206,6.016
49641,0.784,36.815,22.229,30.001,23.24,4.743,7.165,5.893
49642,0.771,36.912,22.26,29.963,23.244,4.701,7.165,6.014
49643,0.767,36.952,22.319,29.981,23.244,4.701,7.206,5.974
49644,0.761,36.808,22.362,29.972,23.244,4.782,7.125,6.015
49645,0.757,36.951,22.312,29.991,23.244,4.702,7.083,5.974
49646,0.748,37.057,22.296,29.991,23.244,4.701,7.164,6.055
49647,0.754,37.135,22.315,30.01,23.258,4.904,7.287,6.137
49648,0.77,36.695,22.296,30.001,23.247,4.744,7.207,6.098
49649,0.751,36.825,22.256,29.991,23.251,4.783,7.287,6.056
49650,0.744,36.922,22.287,30.02,23.247,4.742,7.288,6.056
49651,0.751,36.75,22.237,30.02,23.247,4.823,7.247,6.137
49652,0.764,36.825,22.221,29.982,23.247,4.743,7.288,5.976
49653,0.741,36.912,22.232,29.972,23.244,4.701,7.288,6.055
49654,0.76,37.028,22.314,29.972,23.244,4.742,7.329,5.975
49655,0.764,36.694,22.276,29.972,23.24,4.742,7.289,6.015
49656,0.764,36.844,22.284,29.962,23.244,4.661,7.288,5.893
49657,0.767,36.941,22.284,29.981,23.244,4.822,7.329,6.095
49658,0.78,37.077,22.307,30.029,23.258,4.946,7.451,6.097
49659,0.79,36.675,22.284,29.982,23.251,4.785,7.29,6.016
49660,0.787,36.796,22.291,29.982,23.247,4.742,7.369,6.015
49661,0.787,36.941,22.237,30.039,23.247,4.742,7.411,6.056
49662,0.784,37.009,22.248,29.982,23.254,4.783,7.371,6.097
49663,0.78,36.78,22.279,29.953,23.244,4.661,7.208,5.975
49664,0.761,36.902,22.276,29.962,23.244,4.741,7.247,6.015
49665,0.757,37.057,22.303,29.962,23.251,4.701,7.247,6.056
49666,0.757,37.087,22.264,29.972,23.244,4.62,7.288,5.934
49667,0.741,36.656,22.319,29.972,23.24,4.741,7.247,6.014
49668,0.738,36.805,22.292,29.972,23.247,4.742,7.41,6.137
49669,0.754,36.97,22.272,30.01,23.261,4.945,7.533,6.179
49670,0.751,36.981,22.33,29.972,23.244,4.785,7.372,6.057
49671,0.751,36.703,22.237,29.972,23.244,4.824,7.37,6.015
49672,0.757,36.844,22.264,29.991,23.258,4.824,7.452,6.015
49673,0.761,36.951,22.256,29.991,23.251,4.824,7.452,6.137
49674,0.761,36.971,22.287,29.972,23.24,4.702,7.29,6.016
49675,0.748,36.664,22.26,29.934,23.237,4.782,7.288,6.056
49676,0.764,36.824,22.256,29.981,23.247,4.742,7.41,6.097
49677,0.767,36.932,22.283,29.953,23.247,4.742,7.33,6.016
49678,0.767,36.75,22.248,29.953,23.247,4.661,7.329,5.934
49679,0.767,36.739,22.233,29.943,23.244,4.782,7.329,5.974
49680,0.777,36.864,22.322,29.981,23.258,4.946,7.532,6.218
49681,0.787,36.98,22.241,29.962,23.247,4.744,7.372,6.058
49682,0.761,36.703,22.271,29.953,23.244,4.823,7.411,6.056
49683,0.761,36.806,22.264,29.953,23.247,4.824,7.371,6.137
49684,0.767,36.941,22.303,29.962,23.251,4.946,7.411,6.138
49685,0.754,37.019,22.307,29.962,23.247,4.744,7.289,5.976
49686,0.741,36.655,22.241,29.933,23.24,4.742,7.288,6.015
49687,0.744,36.824,22.338,29.952,23.244,4.783,7.288,6.015
49688,0.751,36.932,22.296,29.962,23.244,4.742,7.247,6.056
49689,0.735,37.0,22.288,29.943,23.24,4.783,7.288,6.015
49690,0.734,36.521,22.342,29.943,23.244,4.742,7.288,6.015
49691,0.738,36.698,22.245,29.981,23.254,4.945,7.451,6.178
49692,0.754,36.825,22.287,29.982,23.254,4.825,7.33,6.057
49693,0.748,36.874,22.233,29.953,23.251,4.783,7.329,6.178
49694,0.754,36.635,22.283,29.953,23.247,4.824,7.248,6.139
49695,0.761,36.776,22.295,29.962,23.244,4.865,7.288,6.138
49696,0.764,36.912,22.249,29.972,23.251,4.906,7.166,6.138
49697,0.761,36.913,22.279,29.924,23.244,4.703,7.124,6.016
49698,0.764,36.635,22.26,29.943,23.244,4.782,7.287,6.056
49699,0.78,36.757,22.248,29.924,23.244,4.824,7.125,5.975
49700,0.767,36.864,22.307,29.952,23.237,4.783,7.124,6.055
49701,0.767,36.884,22.241,29.914,23.24,4.783,7.124,6.056
49702,0.761,36.644,22.26,29.952,23.251,4.946,7.327,6.219
49703,0.777,36.805,22.264,29.962,23.258,4.866,7.207,6.098
49704,0.758,36.874,22.303,29.953,23.241,4.865,7.165,6.056
49705,0.754,36.817,22.276,29.953,23.247,4.906,7.206,6.137
49706,0.757,36.673,22.276,29.953,23.251,4.825,7.206,6.138
49707,0.757,36.815,22.338,29.953,23.258,4.865,7.206,6.098
49708,0.754,36.884,22.304,29.914,23.234,4.743,7.043,5.975
49709,0.728,36.549,22.28,29.923,23.244,4.823,7.123,6.015
49710,0.734,36.632,22.311,29.923,23.251,4.824,7.124,6.096
49711,0.741,36.757,22.233,29.923,23.24,4.783,7.124,5.975
49712,0.757,36.845,22.271,29.914,23.24,4.742,7.043,5.974
49713,0.757,36.529,22.272,29.933,23.251,4.905,7.164,6.137
49714,0.79,36.698,22.326,29.971,23.261,4.987,7.287,6.057
49715,0.767,36.796,22.261,29.943,23.244,4.866,7.166,6.097
49716,0.757,36.883,22.264,29.933,23.251,4.865,7.165,6.138
49717,0.764,36.481,22.264,29.943,23.258,4.906,7.165,6.138
49718,0.77,36.64,22.272,29.952,23.254,4.987,7.165,6.057
49719,0.78,36.738,22.268,29.933,23.244,4.826,6.962,5.934
49720,0.767,36.768,22.252,29.904,23.24,4.824,7.041,6.014
49721,0.774,36.48,22.248,29.933,23.247,4.824,7.082,5.974
49722,0.764,36.612,22.248,29.914,23.244,4.783,7.042,6.015
49723,0.748,36.709,22.264,29.933,23.237,4.783,6.96,5.974
49724,0.747,36.758,22.268,29.933,23.24,4.905,7.082,6.055
49725,0.747,36.576,22.28,29.952,23.261,4.987,7.205,6.178
49726,0.76,36.689,22.264,29.924,23.251,4.826,7.043,6.057
49727,0.748,36.796,22.28,29.914,23.251,4.865,7.123,6.056
49728,0.744,36.855,22.291,29.923,23.251,4.906,7.083,6.097
49729,0.741,36.606,22.28,29.943,23.251,4.906,7.083,6.056
49730,0.747,36.728,22.291,29.924,23.244,4.744,6.961,5.975
49731,0.728,36.816,22.26,29.923,23.24,4.783,7.041,6.055
49732,0.751,37.152,22.256,29.933,23.247,4.824,7.042,6.097
49733,0.751,36.494,22.303,29.924,23.24,4.824,7.042,6.056
49734,0.757,36.583,22.28,29.914,23.244,4.824,7.042,6.056
49735,0.761,36.699,22.291,29.914,23.24,4.824,7.082,6.097
49736,0.774,36.537,22.268,29.952,23.254,4.987,7.123,6.219
49737,0.78,36.564,22.303,29.914,23.244,4.866,7.124,6.017
49738,0.774,36.699,22.307,29.914,23.247,4.865,7.124,6.056
49739,0.774,36.786,22.276,29.933,23.247,4.865,7.083,6.015
49740,0.774,39.434,22.295,29.924,23.251,4.906,7.164,6.056
49741,0.777,39.633,22.233,29.991,23.251,4.865,7.084,5.975
49742,0.758,39.712,22.217,29.895,23.237,4.743,7.002,5.974
49743,0.764,39.789,22.256,29.904,23.244,4.864,7.041,5.974
49744,0.754,35.053,22.303,29.904,23.244,4.784,7.082,5.974
49745,0.751,35.149,22.292,29.895,23.247,4.742,7.002,5.933
49746,0.741,35.285,22.252,29.904,23.247,4.823,7.041,5.974
49747,0.754,35.411,22.318,29.942,23.254,5.027,7.164,6.137
49748,0.754,36.889,22.304,29.933,23.247,4.907,7.043,6.057
49749,0.741,37.038,22.253,29.914,23.247,4.784,7.082,6.015
49750,0.734,37.145,22.295,29.923,23.244,4.905,7.002,6.096
49751,0.741,37.203,22.28,29.981,23.247,4.906,7.041,6.056
49752,0.754,36.12,22.256,29.915,23.247,4.865,7.001,5.975
49753,0.748,36.205,22.276,29.885,23.237,4.702,6.919,5.974
49754,0.751,36.369,22.28,29.914,23.244,4.904,7.0,5.974
49755,0.757,36.4,22.276,29.923,23.247,4.825,6.96,6.015
49756,0.767,36.381,22.272,29.895,23.244,4.743,6.878,5.934
49757,0.757,36.515,22.311,29.904,23.244,4.823,6.837,5.892
49758,0.774,36.65,22.303,29.933,23.258,4.987,7.04,6.095
49759,0.793,36.671,22.257,29.924,23.251,4.826,6.96,5.975
49760,0.78,36.393,22.303,29.895,23.251,4.824,6.96,5.974
49761,0.78,36.534,22.21,29.894,23.254,4.946,6.919,5.933
49762,0.774,36.631,22.236,29.923,23.251,4.866,7.0,5.974
49763,0.767,36.45,22.24,29.923,23.247,4.865,6.919,5.893
49764,0.761,36.295,22.268,29.885,23.237,4.743,6.878,5.892
49765,0.764,36.485,22.268,29.894,23.247,4.823,6.959,5.933
49766,0.751,36.564,22.252,29.904,23.244,4.824,6.919,5.892
49767,0.761,36.258,22.295,29.904,23.237,4.743,7.0,5.851
49768,0.748,36.351,22.268,29.885,23.237,4.783,6.879,5.973
49769,0.744,36.514,22.252,29.923,23.261,4.986,7.121,6.055
49770,0.751,36.622,22.303,29.914,23.247,4.866,7.002,5.975
49771,0.748,36.239,22.175,29.923,23.244,4.865,7.082,6.015
49772,0.754,36.389,22.271,29.914,23.244,4.824,7.042,5.974
49773,0.754,36.515,22.248,29.914,23.254,4.865,7.123,5.974
49774,0.767,36.583,22.338,29.885,23.251,4.824,6.961,5.974
49775,0.764,36.2,22.312,29.875,23.24,4.661,6.838,5.933
49776,0.757,36.36,22.272,29.875,23.247,4.822,6.958,5.974
49777,0.77,36.476,22.311,29.894,23.24,4.743,7.0,5.933
49778,0.78,36.564,22.292,29.885,23.244,4.783,6.96,5.892
49779,0.771,36.248,22.276,29.875,23.244,4.702,6.878,5.933
49780,0.77,36.389,22.284,29.904,23.251,4.904,7.081,6.055
49781,0.783,36.553,22.284,29.904,23.254,4.906,7.042,5.975
49782,0.754,36.564,22.264,29.895,23.251,4.825,7.082,6.015
49783,0.767,36.219,22.26,29.885,23.247,4.905,7.002,6.056
49784,0.774,36.36,22.299,29.894,23.254,4.784,7.082,6.015
49785,0.758,36.495,22.249,29.914,23.258,4.824,7.123,6.015
49786,0.751,36.526,22.229,29.876,23.244,4.824,6.961,5.852
49787,0.741,36.267,22.264,29.865,23.237,4.743,7.082,5.973
49788,0.747,36.446,22.248,29.885,23.244,4.823,7.042,5.974
49789,0.747,36.535,22.244,29.894,23.244,4.783,7.001,5.974
49790,0.741,36.603,22.283,29.875,23.24,4.742,7.001,5.933
49791,0.741,36.229,22.256,29.885,23.247,4.783,7.041,6.055
49792,0.764,36.389,22.264,29.914,23.258,4.986,7.245,6.137
49793,0.767,36.476,22.276,29.895,23.247,4.785,7.084,6.057
49794,0.754,36.132,22.33,29.885,23.244,4.824,7.123,5.975
49795,0.751,36.196,22.304,29.885,23.258,4.824,7.205,6.055
49796,0.761,36.331,22.28,29.894,23.251,4.905,7.206,6.056
49797,0.774,36.428,22.276,29.885,23.251,4.784,7.043,5.975
49798,0.771,36.17,22.252,29.856,23.237,4.824,7.123,5.974
49799,0.787,36.33,22.272,29.875,23.244,4.783,7.124,5.974
49800,0.767,36.418,22.268,29.865,23.24,4.783,7.083,6.015
49801,0.764,36.515,22.276,29.865,23.244,4.783,7.042,5.974
49802,0.748,36.065,22.241,29.875,23.237,4.702,7.164,6.055
49803,0.754,36.243,22.291,29.904,23.258,4.904,7.287,6.178
49804,0.767,36.36,22.362,29.885,23.251,4.784,7.125,6.098
49805,0.751,36.428,22.296,29.875,23.251,4.824,7.205,6.097
49806,0.744,36.141,22.295,29.885,23.254,4.783,7.165,6.056
49807,0.747,36.263,22.256,29.885,23.254,4.905,7.206,6.137
49808,0.754,36.399,22.244,29.885,23.251,4.784,7.165,5.894
49809,0.738,36.419,22.24,29.856,23.244,4.742,7.124,6.054
49810,0.744,36.17,22.268,29.875,23.244,4.783,7.205,6.056
49811,0.741,36.311,22.252,29.885,23.244,4.742,7.165,6.056
49812,0.741,36.428,22.233,29.856,23.237,4.742,7.124,6.056
49813,0.751,36.419,22.24,29.846,23.237,4.701,7.165,6.137
49814,0.761,36.103,22.256,29.904,23.251,4.863,7.287,6.179
49815,0.767,36.263,22.279,29.904,23.251,4.865,7.207,6.098
49816,0.764,36.351,22.287,29.895,23.247,4.784,7.206,6.097
49817,0.767,36.371,22.299,29.885,23.247,4.864,7.165,6.138
49818,0.77,36.285,22.28,29.885,23.247,4.865,7.287,6.179
49819,0.78,36.418,22.299,29.846,23.247,4.824,7.247,6.098
49820,0.774,36.506,22.311,29.846,23.24,4.702,7.044,5.975
49821,0.767,36.161,22.194,29.865,23.244,4.782,7.164,6.177
49822,0.767,36.119,22.244,29.875,23.247,4.742,7.124,6.139
49823,0.767,36.234,22.275,29.856,23.24,4.701,7.124,6.057
49824,0.764,36.322,22.315,29.856,23.24,4.823,7.083,6.137
49825,0.751,36.092,22.28,29.875,23.251,4.824,7.245,6.26
49826,0.774,36.263,22.291,29.894,23.258,4.905,7.288,6.221
49827,0.754,36.36,22.295,29.856,23.247,4.784,7.247,6.139
49828,0.751,36.476,22.288,29.875,23.251,4.783,7.247,6.179
49829,0.738,36.017,22.288,29.885,23.247,4.783,7.206,6.22
49830,0.738,36.137,22.307,29.856,23.251,4.783,7.287,6.18
49831,0.741,36.263,22.167,29.856,23.244,4.661,7.085,6.098
49832,0.744,36.331,22.212,29.817,23.244,4.782,7.123,6.219
49833,0.751,36.092,22.228,29.855,23.251,4.742,7.205,6.098
49834,0.764,36.215,22.267,29.856,23.244,4.742,7.125,6.097
49835,0.764,36.331,22.26,29.856,23.237,4.661,7.043,6.097
49836,0.764,36.399,22.248,29.837,23.244,4.7,7.164,6.219
49837,0.78,36.007,22.229,29.884,23.254,4.823,7.246,6.342
49838,0.774,36.137,22.271,29.875,23.244,4.743,7.166,6.181
49839,0.787,36.244,22.276,29.865,23.251,4.701,7.124,6.22
49840,0.774,36.274,22.28,29.865,23.251,4.782,7.124,6.18
49841,0.784,36.13,22.295,29.865,23.254,4.783,7.124,6.179
49842,0.774,36.253,22.249,29.865,23.247,4.783,6.961,6.057
49843,0.767,36.341,22.275,29.827,23.24,4.661,7.041,6.137
49844,0.764,36.399,22.28,29.875,23.251,4.782,7.082,6.179
49845,0.767,36.16,22.28,29.837,23.247,4.661,7.083,6.057
49846,0.751,36.292,22.272,29.836,23.244,4.66,7.083,6.097
49847,0.744,36.399,22.307,29.836,23.237,4.782,7.123,6.138
49848,0.747,36.323,22.296,29.865,23.265,4.824,7.327,6.26
49849,0.754,36.15,22.264,29.856,23.248,4.824,7.248,6.221
49850,0.738,36.244,22.272,29.846,23.247,4.743,7.247,6.18
49851,0.738,36.331,22.229,29.875,23.251,4.783,7.288,6.22
49852,0.754,35.929,22.244,29.875,23.258,4.864,7.329,6.261
49853,0.761,36.012,22.229,29.846,23.244,4.743,7.248,6.058
49854,0.757,36.08,22.275,29.808,23.24,4.62,7.206,6.178
49855,0.754,36.215,22.252,29.855,23.244,4.781,7.328,6.098
49856,0.761,36.014,22.252,29.846,23.244,4.661,7.289,6.138
49857,0.764,36.147,22.268,29.856,23.24,4.7,7.329,6.057
49858,0.761,36.263,22.248,29.846,23.24,4.742,7.37,6.137
49859,0.777,36.379,22.303,29.875,23.261,4.945,7.492,6.301
49860,0.784,35.911,22.272,29.846,23.247,4.785,7.453,6.14
49861,0.774,36.04,22.272,29.846,23.251,4.783,7.452,6.138
49862,0.78,36.166,22.252,29.846,23.251,4.783,7.493,6.179
49863,0.771,36.244,22.299,29.846,23.251,4.824,7.494,6.22
49864,0.767,35.938,22.307,29.846,23.247,4.743,7.494,6.017
49865,0.751,36.04,22.245,29.798,23.24,4.62,7.371,6.015
49866,0.748,36.195,22.26,29.836,23.247,4.781,7.492,6.056
49867,0.744,36.254,22.311,29.846,23.244,4.702,7.494,6.056
49868,0.747,36.015,22.288,29.837,23.247,4.742,7.453,6.015
49869,0.734,36.147,22.272,29.836,23.24,4.742,7.493,6.096
49870,0.741,36.273,22.272,29.856,23.254,4.823,7.656,6.26
49871,0.747,36.341,22.291,29.875,23.251,4.824,7.617,6.18
49872,0.751,36.045,22.241,29.837,23.247,4.743,7.535,6.139
49873,0.754,36.195,22.287,29.846,23.244,4.742,7.534,6.138
49874,0.767,36.283,22.291,29.856,23.244,4.823,7.534,6.138
49875,0.777,36.638,22.249,29.846,23.251,4.783,7.534,6.138
49876,0.784,36.057,22.256,29.837,23.24,4.702,7.453,6.016
49877,0.761,36.157,22.213,29.827,23.24,4.701,7.412,6.056
49878,0.787,36.302,22.244,29.836,23.251,4.782,7.493,6.097
49879,0.78,35.967,22.232,29.827,23.244,4.783,7.453,5.975
49880,0.787,35.964,22.213,29.817,23.244,4.702,7.412,6.015
49881,0.784,36.098,22.228,29.817,23.244,4.742,7.533,6.218
49882,0.793,36.234,22.264,29.875,23.261,4.986,7.657,6.22
49883,0.784,35.861,22.322,29.837,23.244,4.785,7.536,6.139
49884,0.787,35.982,22.276,29.836,23.254,4.702,7.534,6.179
49885,0.797,36.108,22.299,29.846,23.251,4.782,7.616,6.098
49886,0.787,36.224,22.315,29.837,23.251,4.824,7.657,6.138
49887,0.797,35.967,22.272,29.827,23.251,4.743,7.617,6.057
49888,0.761,36.098,22.264,29.808,23.237,4.661,7.576,6.097
49889,0.774,36.234,22.28,29.846,23.247,4.822,7.616,6.138
49890,0.78,36.293,22.268,29.837,23.244,4.824,7.657,6.057
49891,0.78,35.795,22.248,29.817,23.244,4.702,7.658,6.015
49892,0.793,35.914,22.244,29.798,23.244,4.742,7.698,6.137
49893,0.816,36.079,22.311,29.865,23.258,4.864,7.943,6.26
49894,0.833,36.138,22.292,29.837,23.244,4.743,7.742,6.058
49895,0.833,35.947,22.292,29.865,23.247,4.742,7.781,6.137
49896,0.843,36.108,22.264,29.837,23.244,4.823,7.822,6.179
49897,0.843,36.215,22.248,29.836,23.244,4.783,7.781,6.139
49898,0.862,36.283,22.256,29.846,23.251,4.824,7.7,6.098
49899,0.866,35.833,22.264,29.798,23.237,4.661,7.618,5.975
49900,0.859,35.972,22.225,29.826,23.247,4.741,7.698,6.015
49901,0.859,36.089,22.221,29.817,23.244,4.701,7.699,6.096
49902,0.836,36.09,22.224,29.817,23.251,4.66,7.536,6.016
49903,0.823,35.917,22.252,29.798,23.24,4.741,7.616,6.056
49904,0.839,36.05,22.264,29.826,23.251,4.864,7.779,6.219
49905,0.839,36.224,22.28,29.846,23.258,4.906,7.7,6.098
49906,0.817,35.957,22.272,29.837,23.244,4.784,7.658,6.138
49907,0.823,35.839,22.287,29.836,23.251,4.824,7.617,6.098
49908,0.82,36.001,22.268,29.836,23.247,4.824,7.617,6.138
49909,0.826,36.108,22.303,29.827,23.251,4.783,7.617,6.138
49910,0.83,35.783,22.276,29.817,23.237,4.62,7.495,5.935
49911,0.83,35.885,22.284,29.836,23.251,4.741,7.534,6.096
49912,0.836,36.05,22.229,29.817,23.244,4.661,7.453,6.097
49913,0.852,36.099,22.271,29.798,23.244,4.66,7.412,6.016
49914,0.853,35.822,22.248,29.807,23.24,4.66,7.33,6.015
49915,0.856,35.953,22.229,29.807,23.244,4.741,7.492,6.137
49916,0.869,36.127,22.271,29.855,23.261,4.864,7.534,6.138
49917,0.869,36.177,22.256,29.817,23.251,4.784,7.412,6.138
49918,0.876,35.688,22.256,29.827,23.244,4.783,7.493,6.138
49919,0.889,35.856,22.264,29.827,23.247,4.742,7.412,6.098
49920,0.882,35.973,22.272,29.827,23.251,4.864,7.371,6.178
49921,0.885,36.031,22.284,29.827,23.24,4.702,7.289,5.976
49922,0.872,35.783,22.233,29.808,23.24,4.701,7.369,6.096
49923,0.869,35.972,22.268,29.817,23.244,4.823,7.37,6.056
49924,0.876,36.06,22.272,29.798,23.244,4.743,7.289,5.975
49925,0.853,36.118,22.264,29.798,23.24,4.701,7.207,6.055
49926,0.856,35.764,22.252,29.807,23.244,4.782,7.287,6.097
49927,0.853,35.924,22.264,29.836,23.258,4.905,7.369,6.219
49928,0.849,36.05,22.276,29.817,23.244,4.744,7.208,6.098
49929,0.833,36.051,22.256,29.817,23.244,4.742,7.247,6.056
49930,0.836,35.859,22.291,29.827,23.254,4.783,7.206,6.178
49931,0.843,36.011,22.252,29.836,23.254,4.783,7.247,6.139
49932,0.836,36.128,22.244,29.817,23.244,4.783,7.125,5.976
49933,0.836,36.081,22.256,29.779,23.237,4.702,7.043,6.015
49934,0.839,35.793,22.283,29.797,23.244,4.823,7.123,6.096
49935,0.849,35.943,22.28,29.807,23.247,4.702,7.083,6.097
49936,0.84,36.041,22.252,29.798,23.244,4.742,7.042,6.016
49937,0.833,35.773,22.24,29.807,23.24,4.701,7.001,6.015
49938,0.833,35.857,22.225,29.817,23.251,4.823,7.163,6.137
49939,0.849,36.02,22.318,29.846,23.265,4.865,7.124,6.138
49940,0.833,36.07,22.261,29.798,23.244,4.743,7.124,6.138
49941,0.82,35.764,22.244,29.798,23.247,4.864,7.083,6.098
49942,0.803,35.914,22.244,29.807,23.247,4.824,7.123,6.097
49943,0.784,36.021,22.275,29.807,23.254,4.783,7.124,6.138
49944,0.79,36.118,22.233,29.807,23.244,4.783,6.961,5.935
49945,0.774,35.659,22.201,29.798,23.244,4.824,7.082,6.055
49946,0.774,35.827,22.22,29.798,23.24,4.824,7.083,6.015
49947,0.774,35.943,22.263,29.807,23.247,4.783,7.123,5.974
49948,0.767,36.031,22.244,29.798,23.24,4.824,7.043,6.055
49949,0.738,35.744,22.272,29.807,23.237,4.824,7.082,6.097
49950,0.754,35.914,22.272,29.836,23.261,4.946,7.286,6.178
49951,0.751,36.05,22.272,29.865,23.241,4.785,7.044,6.057
49952,0.754,36.08,22.264,29.818,23.247,4.824,7.123,6.137
49953,0.757,35.706,22.28,29.817,23.251,4.905,7.165,6.057
49954,0.748,35.856,22.311,29.817,23.254,4.865,7.206,6.137
49955,0.757,35.973,22.268,29.807,23.244,4.824,6.962,5.935
49956,0.735,35.974,22.276,29.788,23.237,4.824,7.082,6.055
49957,0.738,35.763,22.217,29.807,23.247,4.865,7.123,6.015
49958,0.741,35.904,22.221,29.798,23.247,4.824,7.083,6.056
49959,0.741,36.002,22.287,29.788,23.24,4.783,7.002,5.975
49960,0.728,36.118,22.241,29.788,23.244,4.864,7.082,6.137
49961,0.741,35.764,22.271,29.845,23.254,5.028,7.205,6.057
49962,0.728,35.885,22.256,29.798,23.244,4.907,7.084,6.056
49963,0.728,35.973,22.291,29.807,23.247,4.906,7.083,6.056
49964,0.725,35.83,22.28,29.817,23.244,4.906,7.164,6.097
49965,0.718,35.867,22.241,29.836,23.247,4.906,7.124,6.056
49966,0.721,35.992,22.256,29.788,23.237,4.865,6.961,5.975
49967,0.711,36.051,22.225,29.778,23.237,4.784,7.041,6.015
49968,0.711,35.639,22.225,29.807,23.24,4.864,6.96,6.015
49969,0.711,35.731,22.264,29.788,23.24,4.865,7.0,5.974
49970,0.692,35.847,22.225,29.798,23.24,4.824,6.96,5.974
49971,0.682,35.944,22.24,29.778,23.244,4.824,6.96,6.096
49972,0.692,35.676,22.221,29.817,23.258,5.068,7.122,6.178
49973,0.698,35.836,22.275,29.798,23.247,4.908,7.043,6.057
49974,0.705,35.915,22.311,29.798,23.251,4.906,7.042,6.097
49975,0.708,36.021,22.288,29.798,23.254,4.906,7.001,6.097
49976,0.711,35.725,22.303,29.817,23.251,4.987,7.041,6.138
49977,0.718,35.885,22.253,29.807,23.244,4.988,6.96,6.016
49978,0.711,35.973,22.24,29.779,23.24,4.744,6.878,5.974
49979,0.721,36.05,22.307,29.788,23.247,4.864,7.0,5.974
49980,0.718,35.668,22.202,29.788,23.247,4.865,6.96,5.974
49981,0.715,35.827,22.232,29.788,23.244,4.865,6.96,5.933
49982,0.708,35.934,22.221,29.778,23.237,4.865,6.96,5.974
49983,0.698,35.973,22.252,29.797,23.254,4.987,7.041,6.177
49984,0.711,35.676,22.248,29.836,23.261,4.988,7.001,6.057
49985,0.695,35.808,22.24,29.798,23.244,4.907,7.001,6.056
49986,0.695,35.905,22.264,29.798,23.251,4.987,7.041,6.056
49987,0.695,35.925,22.252,29.798,23.251,4.988,7.001,6.056
49988,0.698,35.753,22.264,29.817,23.258,4.907,7.001,6.056
49989,0.688,35.856,22.256,29.807,23.244,4.865,6.879,5.975
49990,0.685,35.953,22.256,29.759,23.237,4.824,6.959,6.015
49991,0.685,35.878,22.248,29.797,23.24,4.865,6.96,6.015
49992,0.695,35.723,22.221,29.788,23.244,4.906,6.96,5.934
49993,0.698,35.856,22.256,29.759,23.247,4.825,6.878,5.933
49994,0.695,35.934,22.276,29.778,23.244,4.824,6.959,6.014
49995,0.711,35.571,22.229,29.797,23.254,4.987,7.041,6.178
49996,0.721,35.701,22.279,29.817,23.244,4.907,7.001,6.057
49997,0.708,35.779,22.225,29.798,23.244,4.865,6.919,6.056
49998,0.718,35.895,22.256,29.807,23.247,4.865,6.919,6.015
49999,0.724,35.685,22.291,29.779,23.254,4.865,6.878,6.015
50000,0.728,35.827,22.272,29.797,23.247,4.946,6.959,6.056
50001,0.721,35.953,22.268,29.778,23.24,4.744,6.797,5.893
50002,0.708,36.012,22.213,29.788,23.244,4.905,6.877,5.973
50003,0.718,35.571,22.271,29.798,23.247,4.906,6.837,5.933
50004,0.715,35.701,22.252,29.778,23.247,4.825,6.837,5.933
50005,0.698,35.818,22.244,29.759,23.233,4.865,6.755,5.933
50006,0.701,35.886,22.264,29.778,23.24,4.906,6.876,6.096
50007,0.695,35.704,22.252,29.807,23.261,5.028,7.0,6.097
50008,0.701,35.837,22.26,29.788,23.244,4.826,6.919,5.935
50009,0.685,35.944,22.248,29.788,23.247,4.946,6.878,5.974
50010,0.685,36.002,22.26,29.807,23.251,4.988,6.918,6.015
50011,0.688,35.648,22.276,29.807,23.251,4.948,6.959,6.096
50012,0.705,35.75,22.233,29.798,23.244,4.907,6.878,5.894
50013,0.698,35.847,22.26,29.769,23.24,4.784,6.837,5.973
50014,0.711,35.896,22.229,29.797,23.244,4.864,6.918,5.974
50015,0.718,35.647,22.252,29.788,23.244,4.906,6.837,5.974
50016,0.718,35.769,22.264,29.778,23.24,4.825,6.796,5.933
50017,0.724,35.866,22.201,29.759,23.247,4.824,6.836,5.974
50018,0.728,36.145,22.252,29.807,23.251,4.987,6.999,6.096
50019,0.751,35.726,22.283,29.807,23.251,4.948,6.879,5.975
50020,0.731,35.808,22.245,29.769,23.244,4.907,6.918,6.015
50021,0.751,35.924,22.248,29.797,23.247,4.947,6.837,6.015
50022,0.731,35.551,22.252,29.798,23.247,4.988,6.958,6.015
50023,0.731,35.586,22.311,29.798,23.251,4.988,6.878,6.015
50024,0.721,35.721,22.21,29.778,23.244,4.866,6.796,5.893
50025,0.705,35.799,22.24,29.769,23.24,4.865,6.836,5.973
50026,0.715,35.56,22.229,29.788,23.244,4.906,6.796,5.974
50027,0.705,35.672,22.217,29.788,23.244,4.906,6.836,5.933
50028,0.695,35.808,22.256,29.759,23.244,4.865,6.714,5.892
50029,0.688,35.895,22.276,29.769,23.244,4.865,6.916,6.054
50030,0.701,35.628,22.26,29.826,23.261,5.028,7.041,6.097
50031,0.708,35.74,22.237,29.798,23.247,4.826,6.92,6.016
50032,0.724,35.866,22.229,29.788,23.244,4.946,6.959,5.974
50033,0.75,35.934,22.252,29.788,23.251,4.947,6.878,6.055
50034,0.78,35.503,22.221,29.778,23.251,4.947,6.959,6.056
50035,0.806,35.653,22.213,29.788,23.251,4.866,6.878,6.015
50036,0.826,35.74,22.22,29.759,23.237,4.824,6.837,5.934
50037,0.878,35.828,22.213,29.778,23.244,4.905,6.918,6.055
50038,0.902,35.55,22.193,29.788,23.244,4.865,6.919,5.975
50039,0.921,35.672,22.255,29.769,23.251,4.906,6.837,5.933
50040,0.941,35.779,22.19,29.769,23.237,4.865,6.796,6.014
50041,0.941,35.838,22.24,29.769,23.251,4.987,6.999,6.137
50042,0.961,35.598,22.287,29.817,23.251,4.907,6.879,6.138
50043,0.958,35.711,22.315,29.779,23.251,4.947,6.918,6.016
50044,0.981,35.818,22.257,29.788,23.251,4.907,6.878,6.096
50045,1.0,35.876,22.256,29.778,23.254,4.906,6.918,6.097
50046,1.033,35.599,22.24,29.797,23.251,4.947,7.0,6.016
50047,1.076,35.692,22.256,29.769,23.244,4.907,6.838,5.934
50048,1.105,35.798,22.237,29.74,23.244,4.825,6.958,6.096
50049,1.151,35.656,22.279,29.768,23.244,4.905,7.0,6.056
50050,1.213,35.635,22.225,29.778,23.244,4.865,6.96,6.097
50051,1.25,35.769,22.228,29.769,23.24,4.865,6.919,6.097
50052,1.286,35.857,22.228,29.769,23.244,4.865,7.041,6.219
50053,1.299,35.484,22.295,29.807,23.254,4.987,7.123,6.302
50054,1.293,35.566,22.256,29.759,23.251,4.948,7.043,6.262
50055,1.293,35.711,22.217,29.778,23.251,4.907,7.042,6.221
50056,1.316,35.798,22.236,29.778,23.251,4.825,7.082,6.261
50057,1.342,35.531,22.186,29.788,23.247,4.946,7.042,6.302
50058,1.345,35.662,22.228,29.788,23.244,4.825,7.001,6.262
50059,1.316,35.75,22.279,29.721,23.244,4.783,7.001,6.262
50060,1.287,35.856,22.194,29.778,23.244,4.864,6.96,6.302
50061,1.286,35.416,22.228,29.769,23.244,4.865,6.96,6.343
50062,1.26,35.546,22.244,29.778,23.247,4.784,6.96,6.303
50063,1.227,35.672,22.291,29.759,23.24,4.905,7.041,6.506
50064,1.195,35.769,22.252,29.807,23.258,4.987,7.204,6.67
50065,1.133,35.55,22.236,29.779,23.247,4.866,7.003,6.672
50066,1.057,35.663,22.275,29.788,23.251,4.865,7.082,6.713
50067,1.011,35.788,22.264,29.759,23.247,4.865,7.083,6.957
50068,0.965,35.857,22.272,29.778,23.251,4.906,7.083,7.122
50069,0.912,35.436,22.319,29.788,23.247,4.906,7.083,7.287
50070,0.86,35.537,22.233,29.759,23.237,4.703,7.042,7.491
50071,0.81,35.682,22.275,29.759,23.244,4.823,7.042,7.778
50072,0.771,35.712,22.225,29.769,23.244,4.824,7.042,8.106
50073,0.738,35.54,22.256,29.749,23.244,4.783,7.042,8.272
50074,0.695,35.682,22.158,29.74,23.237,4.824,7.042,8.558
50075,0.679,35.808,22.177,29.787,23.251,4.946,7.204,8.968
50076,0.649,35.79,22.236,29.788,23.258,4.825,7.043,9.053
50077,0.616,35.483,22.248,29.817,23.247,4.824,7.082,9.257
50078,0.6,35.633,22.209,29.769,23.254,4.946,7.042,9.3
50079,0.59,35.711,22.271,29.778,23.244,4.907,7.123,9.463
50080,0.58,35.511,22.217,29.807,23.251,4.865,7.124,9.505
50081,0.603,35.557,22.236,29.75,23.24,4.743,6.88,9.506
50082,0.606,35.663,22.271,29.759,23.247,4.823,7.0,9.668
50083,0.648,35.788,22.28,29.749,23.244,4.824,7.041,9.751
50084,0.685,35.349,22.252,29.759,23.247,4.743,7.042,9.793
50085,0.698,35.459,22.217,29.769,23.237,4.742,7.001,9.875
50086,0.727,35.595,22.244,29.769,23.24,4.864,6.96,10.038
50087,0.764,35.701,22.311,29.797,23.261,4.946,7.122,10.365
50088,0.764,35.492,22.26,29.759,23.244,4.866,6.961,10.449
50089,0.764,35.633,22.268,29.759,23.251,4.865,7.0,10.694
50090,0.767,35.75,22.303,29.769,23.247,4.865,6.96,10.9
50091,0.767,35.837,22.171,29.788,23.258,4.906,7.041,11.268
50092,0.783,35.387,22.243,29.778,23.251,4.865,6.879,11.231
50093,0.777,35.488,22.217,29.721,23.237,4.743,6.796,11.312
50094,0.787,35.614,22.263,29.759,23.251,4.864,6.917,11.557
50095,0.79,35.682,22.244,29.769,23.244,4.824,6.919,11.64
50096,0.8,35.511,22.256,29.759,23.24,4.783,6.919,11.682
50097,0.8,35.643,22.221,29.73,23.244,4.742,6.878,11.764
50098,0.803,35.779,22.26,29.768,23.254,4.945,7.04,12.009
50099,0.826,35.847,22.295,29.788,23.254,4.866,6.96,11.848
50100,0.813,35.378,22.214,29.769,23.247,4.784,6.96,11.887
50101,0.813,35.517,22.252,29.769,23.247,4.864,6.96,11.847
50102,0.803,35.643,22.244,29.769,23.254,4.824,7.0,11.725
50103,0.797,35.932,22.295,29.769,23.244,4.824,7.041,11.642
50104,0.79,35.484,22.214,29.778,23.24,4.783,6.839,11.438
50105,0.784,35.595,22.178,29.73,23.24,4.824,6.918,11.477
50106,0.78,35.74,22.24,29.749,23.247,4.824,7.041,11.436
50107,0.767,35.626,22.19,29.749,23.247,4.743,7.082,11.314
50108,0.777,35.673,22.244,29.759,23.24,4.701,7.042,11.15
50109,0.771,35.789,22.303,29.759,23.247,4.823,7.082,11.23
50110,0.78,35.934,22.221,29.797,23.261,4.987,7.245,11.149
50111,0.777,35.245,22.256,29.769,23.244,4.866,7.166,10.904
50112,0.787,35.314,22.252,29.74,23.251,4.824,7.124,10.902
50113,0.793,35.449,22.295,29.768,23.244,4.865,7.124,10.821
50114,0.777,35.547,22.28,29.759,23.254,4.824,7.205,10.657
50115,0.79,35.317,22.276,29.769,23.247,4.865,7.125,10.452
50116,0.784,35.43,22.248,29.74,23.237,4.784,7.043,10.328
50117,0.8,35.585,22.147,29.768,23.244,4.864,7.123,10.286
50118,0.803,35.653,22.216,29.769,23.244,4.824,7.165,10.123
50119,0.803,35.405,22.26,29.74,23.244,4.783,7.084,10.0
50120,0.803,35.546,22.158,29.74,23.244,4.742,7.123,9.958
50121,0.81,35.672,22.236,29.778,23.258,4.905,7.287,9.998
50122,0.816,35.779,22.256,29.769,23.258,4.906,7.207,9.836
50123,0.813,35.416,22.322,29.759,23.244,4.825,7.165,9.672
50124,0.807,35.575,22.214,29.769,23.251,4.865,7.287,9.67
50125,0.79,35.701,22.232,29.778,23.251,4.946,7.288,9.589
50126,0.797,35.75,22.275,29.759,23.254,4.866,7.247,9.507
50127,0.784,35.387,22.186,29.74,23.237,4.743,7.125,9.14
50128,0.774,35.508,22.224,29.749,23.244,4.783,7.165,9.217
50129,0.777,35.643,22.248,29.749,23.24,4.824,7.206,9.178
50130,0.767,35.673,22.217,29.759,23.244,4.865,7.206,9.096
50131,0.774,35.405,22.224,29.759,23.244,4.743,7.125,8.973
50132,0.777,35.537,22.225,29.759,23.24,4.823,7.205,8.972
50133,0.8,35.672,22.31,29.797,23.258,5.027,7.369,8.972
50134,0.794,35.578,22.26,29.759,23.244,4.826,7.167,8.85
50135,0.803,35.471,22.244,29.769,23.247,4.865,7.287,8.808
50136,0.807,35.595,22.272,29.769,23.251,4.865,7.166,8.726
50137,0.81,35.721,22.256,29.778,23.251,4.865,7.165,8.685
50138,0.82,35.348,22.233,29.769,23.251,4.824,7.165,8.522
50139,0.817,35.402,22.248,29.74,23.237,4.702,7.084,8.317
50140,0.807,35.556,22.272,29.797,23.247,4.823,7.083,8.437
50141,0.823,35.653,22.209,29.759,23.244,4.824,7.083,8.316
50142,0.82,35.203,22.22,29.749,23.237,4.824,7.042,8.234
50143,0.817,35.324,22.271,29.73,23.24,4.702,7.001,8.111
50144,0.803,35.488,22.248,29.739,23.251,4.823,7.082,8.272
50145,0.8,35.605,22.268,29.797,23.258,4.946,7.205,8.233
50146,0.79,35.347,22.241,29.769,23.251,4.866,7.165,8.151
50147,0.79,35.469,22.256,29.749,23.251,4.865,7.124,7.947
50148,0.797,35.595,22.252,29.768,23.244,4.906,7.165,8.026
50149,0.794,35.673,22.252,29.778,23.251,4.865,7.287,8.027
50150,0.79,35.299,22.272,29.759,23.251,4.824,7.207,7.865
50151,0.787,35.382,22.241,29.73,23.24,4.824,7.287,7.822
50152,0.793,35.546,22.209,29.768,23.251,4.824,7.369,7.822
50153,0.81,35.576,22.252,29.74,23.244,4.783,7.411,7.741
50154,0.8,35.327,22.248,29.74,23.247,4.742,7.371,7.659
50155,0.807,35.469,22.24,29.749,23.237,4.783,7.533,7.739
50156,0.826,35.623,22.252,29.778,23.258,4.946,7.697,7.781
50157,0.83,35.663,22.276,29.836,23.244,4.825,7.618,7.659
50158,0.826,35.405,22.237,29.76,23.244,4.865,7.617,7.658
50159,0.843,35.537,22.275,29.749,23.251,4.865,7.657,7.536
50160,0.836,35.672,22.166,29.778,23.251,4.946,7.698,7.494
50161,0.846,35.827,22.232,29.759,23.244,4.866,7.618,7.412
50162,0.81,35.282,22.244,29.721,23.24,4.784,7.617,7.452
50163,0.826,35.439,22.291,29.739,23.254,4.864,7.617,7.452
50164,0.817,35.546,22.26,29.759,23.244,4.784,7.698,7.33
50165,0.82,35.241,22.256,29.749,23.24,4.742,7.577,7.289
50166,0.8,35.266,22.209,29.73,23.251,4.783,7.657,7.288
50167,0.79,35.449,22.162,29.778,23.258,4.946,7.698,7.41
50168,0.81,35.566,22.228,29.778,23.258,4.866,7.618,7.249
50169,0.8,35.231,22.26,29.759,23.244,4.906,7.617,7.288
50170,0.807,35.362,22.205,29.769,23.251,4.906,7.617,7.207
50171,0.803,35.488,22.22,29.778,23.247,4.865,7.698,7.125
50172,0.807,35.585,22.24,29.778,23.254,4.824,7.618,7.165
50173,0.813,35.289,22.264,29.73,23.237,4.702,7.535,6.962
50174,0.813,35.43,22.241,29.749,23.251,4.823,7.616,7.082
50175,0.826,35.546,22.229,29.759,23.244,4.865,7.576,7.002
50176,0.83,35.624,22.232,29.74,23.244,4.743,7.616,7.041
50177,0.833,35.194,22.186,29.74,23.237,4.783,7.535,7.001
50178,0.83,35.333,22.236,29.759,23.251,4.864,7.697,7.082
50179,0.859,35.507,22.303,29.778,23.254,4.987,7.78,7.002
50180,0.846,35.528,22.225,29.75,23.244,4.826,7.659,6.96
50181,0.849,35.308,22.271,29.74,23.247,4.824,7.658,6.96
50182,0.846,35.44,22.276,29.749,23.254,4.865,7.739,6.96
50183,0.843,35.566,22.284,29.749,23.251,4.906,7.699,6.878
50184,0.843,35.596,22.213,29.74,23.244,4.825,7.536,6.796
50185,0.833,35.232,22.174,29.711,23.24,4.824,7.657,6.836
50186,0.83,35.401,22.228,29.739,23.251,4.824,7.698,6.796
50187,0.823,35.479,22.186,29.73,23.237,4.824,7.658,6.755
50188,0.82,35.528,22.224,29.72,23.244,4.783,7.617,6.714
50189,0.813,35.308,22.271,29.73,23.24,4.824,7.698,6.794
50190,0.826,35.468,22.221,29.759,23.261,4.946,7.861,6.958
50191,0.83,35.576,22.228,29.759,23.251,4.825,7.7,6.797
50192,0.82,35.308,22.252,29.74,23.247,4.824,7.699,6.795
50193,0.83,35.267,22.283,29.74,23.251,4.824,7.658,6.795
50194,0.833,35.382,22.245,29.749,23.251,4.783,7.658,6.795
50195,0.849,35.508,22.236,29.749,23.251,4.824,7.576,6.714
50196,0.84,35.183,22.256,29.72,23.237,4.783,7.535,6.632
50197,0.846,35.323,22.17,29.759,23.247,4.783,7.453,6.672
50198,0.859,35.469,22.201,29.74,23.247,4.824,7.534,6.713
50199,0.856,35.547,22.271,29.73,23.244,4.743,7.412,6.591
50200,0.846,35.135,22.186,29.72,23.237,4.783,7.452,6.59
50201,0.846,35.275,22.244,29.73,23.254,4.864,7.534,6.671
50202,0.859,35.468,22.287,29.759,23.258,4.906,7.575,6.672
50203,0.843,35.508,22.303,29.73,23.247,4.825,7.413,6.591
50204,0.843,35.001,22.264,29.749,23.247,4.865,7.452,6.59
50205,0.856,35.13,22.256,29.73,23.251,4.865,7.493,6.59
50206,0.84,35.294,22.272,29.759,23.254,4.906,7.534,6.671
50207,0.836,35.363,22.17,29.73,23.247,4.865,7.372,6.509
50208,0.817,35.239,22.189,29.701,23.237,4.784,7.37,6.549
50209,0.826,35.381,22.244,29.73,23.244,4.824,7.452,6.508
50210,0.82,35.498,22.213,29.73,23.244,4.783,7.452,6.508
50211,0.82,35.537,22.193,29.739,23.237,4.824,7.412,6.427
50212,0.839,35.327,22.177,29.72,23.24,4.865,7.452,6.426
50213,0.833,35.469,22.263,29.749,23.258,4.987,7.574,6.629
50214,0.862,35.643,22.241,29.768,23.254,4.866,7.494,6.509
50215,0.849,35.625,22.24,29.73,23.247,4.906,7.534,6.508
50216,0.859,35.078,22.26,29.73,23.247,4.906,7.453,6.427
50217,0.862,35.226,22.26,29.797,23.247,4.906,7.452,6.548
50218,0.872,35.353,22.237,29.74,23.247,4.906,7.452,6.508
50219,0.872,35.392,22.271,29.72,23.244,4.744,7.412,6.305
50220,0.859,35.297,22.217,29.73,23.24,4.823,7.452,6.425
50221,0.879,35.411,22.189,29.73,23.24,4.824,7.452,6.344
50222,0.869,35.498,22.232,29.72,23.24,4.865,7.452,6.343
50223,0.859,35.135,22.264,29.72,23.24,4.784,7.371,6.466
50224,0.856,35.237,22.201,29.72,23.24,4.824,7.37,6.426
50225,0.872,35.391,22.279,29.749,23.254,5.027,7.533,6.466
50226,0.872,35.479,22.241,29.73,23.247,4.867,7.412,6.386
50227,0.853,35.163,22.236,29.749,23.247,4.946,7.452,6.344
50228,0.856,35.294,22.244,29.74,23.251,4.988,7.371,6.425
50229,0.856,35.43,22.291,29.74,23.251,4.988,7.452,6.466
50230,0.853,35.527,22.202,29.74,23.247,4.907,7.371,6.304
50231,0.846,35.125,22.213,29.701,23.24,4.825,7.289,6.343
50232,0.859,35.256,22.24,29.73,23.247,4.946,7.288,6.343
50233,0.866,35.372,22.256,29.73,23.24,4.866,7.288,6.303
50234,0.856,35.45,22.225,29.739,23.251,4.865,7.207,6.302
50235,0.875,35.134,22.201,29.72,23.244,4.865,7.287,6.302
50236,0.879,35.294,22.201,29.768,23.251,5.028,7.532,6.465
50237,0.902,35.449,22.236,29.749,23.251,5.03,7.372,6.345
50238,0.886,35.479,22.201,29.73,23.244,4.989,7.289,6.466
50239,0.895,35.115,22.228,29.73,23.251,4.907,7.247,6.304
50240,0.905,35.265,22.248,29.749,23.251,4.906,7.288,6.425
50241,0.915,35.391,22.225,29.749,23.247,4.987,7.288,6.304
50242,0.902,35.412,22.256,29.711,23.24,4.826,7.125,6.262
50243,0.899,35.048,22.252,29.739,23.247,4.946,7.246,6.343
50244,0.902,35.207,22.24,29.73,23.244,4.907,7.206,6.384
50245,0.879,35.324,22.264,29.72,23.244,4.906,7.165,6.263
50246,0.866,35.651,22.221,29.73,23.244,4.825,7.084,6.221
50247,0.879,35.146,22.209,29.72,23.247,4.946,7.286,6.424
50248,0.898,35.333,22.244,29.759,23.261,5.11,7.329,6.385
50249,0.879,35.402,22.268,29.73,23.244,4.989,7.126,6.344
50250,0.882,35.172,22.225,29.739,23.251,4.948,7.165,6.343
50251,0.885,35.218,22.228,29.759,23.254,4.988,7.165,6.343
50252,0.895,35.362,22.252,29.749,23.247,4.988,7.165,6.303
50253,0.908,35.44,22.26,29.73,23.24,4.907,7.002,6.14
50254,0.899,35.029,22.24,29.72,23.244,4.987,7.082,6.341
50255,0.912,35.188,22.24,29.739,23.247,4.907,7.042,6.303
50256,0.918,35.333,22.197,29.73,23.244,4.906,7.001,6.302
50257,0.922,35.411,22.177,29.749,23.24,4.906,6.96,6.262
50258,0.918,35.143,22.177,29.72,23.247,4.947,7.0,6.343
50259,0.931,35.304,22.283,29.759,23.258,5.069,7.082,6.343
50260,0.935,35.43,22.186,29.749,23.251,4.908,6.961,6.303
50261,0.941,35.489,22.212,29.711,23.244,5.028,7.0,6.302
50262,0.932,35.135,22.244,29.73,23.247,4.907,7.001,6.343
50263,0.925,35.275,22.26,29.73,23.251,4.987,6.96,6.303
50264,0.925,35.411,22.221,29.739,23.247,4.907,6.919,6.18
50265,0.909,35.46,22.209,29.692,23.237,4.825,6.837,6.139
50266,0.915,35.182,22.24,29.72,23.247,4.865,6.877,6.138
50267,0.909,35.304,22.221,29.72,23.244,4.946,6.918,6.138
50268,0.925,35.42,22.24,29.73,23.244,4.866,6.837,6.219
50269,0.909,35.45,22.291,29.73,23.247,4.906,6.877,6.261
50270,0.918,35.278,22.233,29.768,23.254,5.028,7.04,6.343
50271,0.931,35.449,22.252,29.749,23.244,4.907,6.96,6.181
50272,0.931,35.518,22.233,29.73,23.237,4.947,6.96,6.22
50273,0.941,35.538,22.279,29.73,23.251,4.947,7.041,6.18
50274,0.928,35.173,22.233,29.749,23.244,4.907,7.001,6.261
50275,0.938,35.342,22.236,29.759,23.247,4.987,7.082,6.221
50276,0.948,35.421,22.217,29.711,23.247,4.866,6.961,6.058
50277,0.954,35.326,22.123,29.73,23.24,4.946,7.041,6.219
50278,0.958,35.344,22.2,29.739,23.244,4.907,7.042,6.139
50279,0.964,35.45,22.255,29.73,23.24,4.906,7.082,6.138
50280,0.974,35.547,22.178,29.72,23.244,4.784,7.083,6.057
50281,0.974,35.337,22.22,29.72,23.247,4.905,7.245,6.178
50282,0.977,35.478,22.244,29.768,23.254,5.028,7.369,6.261
50283,0.977,35.585,22.287,29.74,23.244,4.867,7.167,6.139
50284,0.971,35.673,22.221,29.749,23.244,4.946,7.165,6.179
50285,0.987,35.299,22.248,29.749,23.247,4.947,7.206,6.179
50286,0.971,35.449,22.24,29.74,23.251,4.988,7.328,6.179
50287,0.964,35.556,22.182,29.749,23.251,4.866,7.207,6.098
50288,0.964,35.634,22.22,29.692,23.233,4.743,7.125,6.016
50289,0.958,35.472,22.26,29.739,23.247,4.945,7.287,6.137
50290,0.981,35.623,22.201,29.74,23.244,4.907,7.207,6.057
50291,0.981,35.778,22.232,29.72,23.244,4.865,7.206,6.056
50292,0.977,35.799,22.213,29.72,23.244,4.865,7.165,6.056
50293,0.994,35.521,22.306,29.73,23.247,4.906,7.328,6.259
50294,1.013,35.71,22.264,29.759,23.258,4.947,7.289,6.139
50295,1.017,35.798,22.248,29.73,23.251,4.866,7.166,6.057
50296,1.027,35.847,22.236,29.739,23.247,4.987,7.206,6.137
50297,1.017,35.829,22.229,29.749,23.251,4.907,7.165,6.138
50298,1.023,35.953,22.232,29.749,23.244,4.987,7.246,6.098
50299,1.036,36.06,22.221,29.701,23.233,4.826,7.125,6.016
50300,1.024,36.061,22.224,29.73,23.244,4.905,7.246,6.056
50301,1.04,35.821,22.201,29.739,23.247,4.825,7.247,5.975
50302,1.033,35.953,22.244,29.72,23.247,4.824,7.166,6.015
50303,1.03,36.069,22.26,29.73,23.244,4.783,7.165,6.015
50304,1.027,36.253,22.213,29.72,23.244,4.905,7.287,6.178
50305,1.037,36.015,22.22,29.768,23.251,5.028,7.41,6.139
50306,1.043,36.108,22.217,29.73,23.24,4.907,7.289,6.057
50307,1.046,36.205,22.205,29.749,23.251,4.865,7.369,6.097
50308,1.037,36.091,22.252,29.74,23.254,4.946,7.33,6.138
50309,1.043,36.186,22.299,29.74,23.251,4.988,7.41,6.138
50310,1.05,36.302,22.21,29.74,23.244,4.866,7.249,6.057
50311,1.037,36.351,22.209,29.72,23.24,4.784,7.206,6.056
50312,1.05,36.131,22.228,29.73,23.244,4.864,7.247,6.056
50313,1.06,36.253,22.248,29.72,23.251,4.784,7.288,6.056
50314,1.056,36.379,22.213,29.711,23.244,4.864,7.207,5.975
50315,1.069,36.448,22.201,29.73,23.247,4.824,7.287,6.055
50316,1.082,36.343,22.224,29.749,23.251,4.987,7.41,6.219
50317,1.099,36.486,22.236,29.74,23.244,4.826,7.411,6.098
50318,1.096,36.583,22.217,29.73,23.244,4.905,7.411,6.056
50319,1.099,36.651,22.236,29.73,23.251,4.906,7.452,6.056
50320,1.109,36.441,22.264,29.739,23.251,4.906,7.493,6.097
50321,1.119,36.582,22.229,29.749,23.254,4.865,7.412,6.016
50322,1.109,36.67,22.26,29.711,23.237,4.784,7.411,5.974
50323,1.102,36.729,22.256,29.711,23.251,4.905,7.574,6.096
50324,1.106,36.652,22.201,29.739,23.247,4.865,7.575,5.975
50325,1.102,36.805,22.209,29.701,23.244,4.743,7.575,5.974
50326,1.096,36.922,22.205,29.71,23.24,4.823,7.575,5.974
50327,1.102,36.961,22.201,29.73,23.254,4.905,7.779,6.137
50328,1.109,36.76,22.236,29.768,23.254,4.865,7.74,5.976
50329,1.099,36.864,22.264,29.721,23.251,4.865,7.74,6.096
50330,1.096,36.97,22.209,29.73,23.254,4.906,7.821,6.056
50331,1.089,36.991,22.22,29.739,23.254,4.865,7.741,6.137
50332,1.115,36.933,22.248,29.74,23.247,4.784,7.821,6.098
50333,1.119,37.029,22.287,29.72,23.237,4.742,7.659,5.975
50334,1.109,37.116,22.233,29.711,23.24,4.823,7.78,6.015
50335,1.132,37.002,22.217,29.739,23.244,4.824,7.7,6.056
50336,1.132,36.981,22.201,29.73,23.244,4.824,7.74,5.975
50337,1.135,37.086,22.24,29.72,23.24,4.824,7.74,5.974
50338,1.145,37.193,22.209,29.73,23.247,4.905,7.821,6.137
50339,1.152,37.079,22.279,29.759,23.261,4.987,7.863,6.138
50340,1.161,37.183,22.248,29.73,23.251,4.866,7.822,6.016
50341,1.168,37.309,22.213,29.739,23.251,4.865,7.863,5.974
50342,1.155,37.378,22.271,29.73,23.251,4.906,7.863,6.015
50343,1.158,37.282,22.233,29.73,23.251,4.906,7.822,6.096
50344,1.148,37.416,22.205,29.72,23.24,4.865,7.822,5.894
50345,1.132,37.494,22.166,29.701,23.244,4.743,7.781,5.973
50346,1.138,37.6,22.197,29.739,23.244,4.783,7.822,6.055
50347,1.132,37.198,22.216,29.72,23.24,4.783,7.822,5.975
50348,1.122,37.338,22.185,29.72,23.244,4.783,7.822,5.933
50349,1.119,37.426,22.244,29.711,23.24,4.824,7.903,6.055
50350,1.135,37.551,22.232,29.826,23.254,4.987,8.026,6.178
50351,1.129,37.409,22.225,29.75,23.244,4.907,7.905,6.098
50352,1.135,37.532,22.271,29.73,23.254,4.865,7.904,6.056
50353,1.145,37.639,22.264,29.739,23.254,4.906,7.945,6.056
50354,1.139,37.688,22.256,29.768,23.254,4.906,7.945,6.097
50355,1.148,37.362,22.201,29.73,23.247,4.784,7.742,5.894
50356,1.135,37.464,22.201,29.72,23.24,4.824,7.821,6.054
50357,1.142,37.6,22.236,29.73,23.244,4.824,7.781,6.015
50358,1.142,37.62,22.225,29.72,23.247,4.743,7.781,6.015
50359,1.151,37.534,22.264,29.701,23.24,4.783,7.7,5.974
50360,1.148,37.667,22.233,29.72,23.247,4.864,7.699,6.096
50361,1.161,37.813,22.256,29.739,23.261,4.946,7.861,6.056
50362,1.135,37.718,22.256,29.73,23.251,4.907,7.782,6.056
50363,1.116,37.506,22.248,29.73,23.247,4.865,7.781,6.056
50364,1.106,37.629,22.236,29.739,23.251,4.824,7.7,5.975
50365,1.109,37.726,22.189,29.73,23.251,4.865,7.699,6.055
50366,1.096,37.564,22.201,29.73,23.244,4.743,7.496,6.015
50367,1.073,37.658,22.181,29.701,23.233,4.701,7.616,5.974
50368,1.066,37.784,22.197,29.73,23.254,4.782,7.576,6.015
50369,1.066,37.862,22.244,29.739,23.251,4.783,7.575,6.056
50370,1.063,37.604,22.186,29.74,23.24,4.742,7.494,5.975
50371,1.047,37.706,22.189,29.72,23.244,4.701,7.494,6.015
50372,1.033,37.851,22.22,29.73,23.254,4.945,7.656,6.056
50373,1.05,37.949,22.287,29.739,23.254,4.907,7.576,6.056
50374,1.037,37.614,22.264,29.73,23.251,4.825,7.575,6.015
50375,1.037,37.754,22.237,29.73,23.251,4.824,7.494,6.056
50376,1.033,37.89,22.275,29.749,23.254,4.865,7.616,6.056
50377,1.037,37.93,22.245,29.749,23.251,4.865,7.535,6.015
50378,1.04,37.652,22.236,29.72,23.244,4.662,7.453,5.852
50379,1.017,37.774,22.24,29.72,23.247,4.863,7.452,5.932
50380,1.017,37.929,22.24,29.73,23.247,4.784,7.412,5.933
50381,1.014,37.949,22.201,29.711,23.24,4.824,7.411,5.933
50382,1.001,37.672,22.255,29.701,23.24,4.743,7.411,5.933
50383,0.981,37.793,22.276,29.72,23.247,4.864,7.493,6.055
50384,0.987,37.958,22.241,29.749,23.265,4.946,7.534,6.097
50385,0.961,37.969,22.229,29.72,23.244,4.907,7.494,5.894
50386,0.951,37.806,22.228,29.739,23.247,4.906,7.453,5.973
50387,0.945,37.948,22.209,29.759,23.251,4.825,7.412,5.974
50388,0.938,38.045,22.217,29.74,23.247,4.946,7.371,6.015
50389,0.919,38.373,22.26,29.73,23.244,4.825,7.33,5.852
50390,0.912,37.676,22.233,29.72,23.244,4.743,7.329,5.932
50391,0.905,37.832,22.201,29.73,23.244,4.783,7.37,5.933
50392,0.899,37.91,22.22,29.701,23.244,4.742,7.33,5.974
50393,0.905,37.796,22.244,29.701,23.244,4.742,7.289,5.893
50394,0.895,37.881,22.217,29.778,23.247,4.783,7.369,5.933
50395,0.905,38.035,22.224,29.759,23.258,4.946,7.492,6.055
50396,0.905,38.123,22.232,29.749,23.254,4.825,7.29,5.975
50397,0.895,37.568,22.209,29.74,23.24,4.865,7.369,5.974
50398,0.895,37.725,22.213,29.74,23.247,4.824,7.289,6.055
50399,0.895,37.813,22.24,29.74,23.254,4.946,7.288,6.056
50400,0.886,37.891,22.271,29.72,23.244,4.825,7.288,5.934
50401,0.882,37.661,22.209,29.692,23.24,4.743,7.247,5.892
50402,0.869,37.812,22.279,29.71,23.254,4.864,7.288,6.054
50403,0.866,37.939,22.229,29.711,23.247,4.824,7.207,5.975
50404,0.849,38.026,22.244,29.711,23.24,4.783,7.206,5.974
50405,0.843,37.576,22.236,29.701,23.247,4.824,7.206,6.015
50406,0.836,37.754,22.232,29.739,23.254,4.905,7.409,6.137
50407,0.849,37.881,22.228,29.74,23.244,4.825,7.289,6.057
50408,0.817,37.92,22.209,29.73,23.244,4.783,7.288,6.097
50409,0.816,37.719,22.24,29.73,23.247,4.824,7.369,6.097
50410,0.826,37.871,22.217,29.73,23.254,4.946,7.289,6.138
50411,0.813,37.997,22.228,29.739,23.247,4.866,7.329,6.098
50412,0.807,37.988,22.217,29.701,23.24,4.702,7.207,5.935
50413,0.81,37.653,22.24,29.701,23.24,4.782,7.328,6.096
50414,0.826,37.784,22.19,29.701,23.251,4.824,7.329,6.016
50415,0.813,37.89,22.197,29.691,23.251,4.824,7.248,6.096
50416,0.816,37.911,22.22,29.72,23.244,4.783,7.288,6.056
50417,0.813,37.69,22.201,29.72,23.244,4.864,7.207,6.137
50418,0.826,37.851,22.228,29.749,23.261,4.987,7.45,6.219
50419,0.83,37.949,22.228,29.74,23.247,4.826,7.29,6.139
50420,0.826,37.777,22.244,29.72,23.254,4.824,7.288,6.098
50421,0.826,37.699,22.256,29.711,23.251,4.865,7.288,6.097
50422,0.81,37.832,22.276,29.739,23.251,4.824,7.288,6.097
50423,0.807,37.91,22.248,29.73,23.254,4.865,7.207,6.097
50424,0.794,37.594,22.221,29.701,23.244,4.743,7.165,5.975
50425,0.784,37.678,22.228,29.72,23.244,4.783,7.206,6.055
50426,0.784,37.813,22.232,29.72,23.244,4.783,7.206,6.056
50427,0.78,37.92,22.213,29.72,23.244,4.742,7.165,6.015
50428,0.784,37.508,22.22,29.692,23.24,4.742,7.124,6.015
50429,0.777,37.638,22.236,29.72,23.244,4.864,7.246,6.178
50430,0.784,37.803,22.256,29.768,23.261,4.906,7.369,6.179
50431,0.774,37.852,22.225,29.73,23.251,4.825,7.208,6.098
50432,0.784,37.671,22.252,29.72,23.251,4.824,7.206,6.138
50433,0.79,37.813,22.268,29.73,23.251,4.905,7.165,6.098
50434,0.79,37.948,22.217,29.739,23.247,4.825,7.165,6.056
50435,0.79,37.998,22.181,29.73,23.251,4.824,7.124,6.015
50436,0.78,37.461,22.177,29.682,23.233,4.661,7.043,6.015
50437,0.793,37.619,22.197,29.729,23.247,4.822,7.123,6.015
50438,0.793,37.735,22.193,29.72,23.247,4.783,7.124,6.015
50439,0.784,37.756,22.22,29.701,23.244,4.742,7.124,6.015
50440,0.777,37.545,22.201,29.691,23.24,4.742,7.124,5.974
50441,0.79,37.687,22.209,29.71,23.258,4.864,7.246,6.137
50442,0.803,37.822,22.295,29.73,23.258,4.824,7.288,6.057
50443,0.784,37.824,22.26,29.72,23.251,4.783,7.166,6.056
50444,0.793,37.613,22.252,29.73,23.244,4.824,7.246,6.137
50445,0.78,37.735,22.244,29.73,23.254,4.905,7.288,6.098
50446,0.784,37.861,22.244,29.739,23.254,4.825,7.247,6.097
50447,0.764,37.891,22.229,29.711,23.24,4.743,7.125,5.894
50448,0.764,37.546,22.182,29.711,23.247,4.783,7.327,6.014
50449,0.767,37.687,22.247,29.711,23.244,4.742,7.289,6.056
50450,0.757,37.794,22.233,29.73,23.24,4.823,7.166,6.015
50451,0.757,37.488,22.178,29.701,23.24,4.783,7.165,6.015
50452,0.767,37.561,22.232,29.73,23.247,4.905,7.287,6.137
50453,0.793,37.716,22.268,29.749,23.258,4.906,7.288,6.098
50454,0.774,37.775,22.264,29.73,23.244,4.825,7.288,6.138
50455,0.78,37.421,22.209,29.73,23.251,4.865,7.288,6.138
50456,0.78,37.561,22.209,29.73,23.254,4.946,7.288,6.138
50457,0.793,37.677,22.228,29.739,23.251,4.866,7.288,6.138
50458,0.8,37.746,22.182,29.701,23.244,4.743,7.044,5.935
50459,0.8,37.363,22.216,29.71,23.247,4.823,7.245,6.055
50460,0.803,37.551,22.205,29.711,23.244,4.824,7.206,6.015
50461,0.8,37.648,22.185,29.701,23.247,4.783,7.125,6.056
50462,0.794,37.697,22.236,29.71,23.244,4.824,7.083,5.975
50463,0.777,37.496,22.205,29.72,23.24,4.905,7.205,6.177
50464,0.8,37.677,22.228,29.768,23.258,4.987,7.287,6.139
50465,0.787,37.755,22.205,29.721,23.251,4.826,7.125,6.138
50466,0.777,37.813,22.232,29.73,23.247,4.743,7.165,6.057
50467,0.78,37.363,22.24,29.73,23.251,4.823,7.124,6.137
50468,0.777,37.512,22.209,29.72,23.258,4.865,7.124,6.138
50469,0.774,37.59,22.271,29.72,23.251,4.743,7.083,6.057
50470,0.758,37.61,22.233,29.701,23.247,4.783,7.042,6.097
50471,0.774,37.793,22.197,29.72,23.247,4.783,7.082,6.097
50472,0.774,37.9,22.24,29.72,23.237,4.742,7.042,6.138
50473,0.784,38.007,22.225,29.72,23.237,4.742,7.001,6.016
50474,0.787,38.046,22.225,29.711,23.237,4.823,7.041,6.096
50475,0.797,37.356,22.185,29.758,23.254,4.987,7.164,6.3
50476,0.8,37.483,22.197,29.73,23.251,4.826,7.124,6.14
50477,0.787,37.581,22.22,29.739,23.251,4.824,7.165,6.098
50478,0.797,37.476,22.193,29.72,23.247,4.824,7.165,6.178
50479,0.807,37.523,22.224,29.739,23.251,4.865,7.206,6.301
50480,0.813,37.658,22.213,29.72,23.251,4.865,7.165,6.18
50481,0.813,37.736,22.209,29.711,23.233,4.743,7.124,6.017
50482,0.794,37.41,22.24,29.691,23.244,4.742,7.246,6.137
50483,0.787,37.532,22.209,29.72,23.251,4.823,7.206,6.138
50484,0.79,37.648,22.232,29.73,23.24,4.743,7.165,6.098
50485,0.793,37.726,22.193,29.711,23.244,4.742,7.124,6.097
50486,0.784,37.439,22.205,29.691,23.244,4.823,7.205,6.138
50487,0.784,37.609,22.252,29.816,23.258,4.946,7.369,6.26
50488,0.79,37.716,22.205,29.721,23.251,4.744,7.248,6.139
50489,0.784,37.794,22.259,29.739,23.244,4.823,7.247,6.219
50490,0.78,37.421,22.217,29.816,23.251,4.905,7.206,6.18
50491,0.777,37.561,22.232,29.731,23.254,4.825,7.206,6.22
50492,0.784,37.677,22.256,29.711,23.251,4.743,7.165,6.098
50493,0.784,37.698,22.26,29.691,23.237,4.661,7.084,6.097
50494,0.787,37.506,22.213,29.73,23.247,4.782,7.164,6.138
50495,0.793,37.658,22.209,29.72,23.244,4.783,7.124,6.138
50496,0.803,37.726,22.228,29.72,23.244,4.783,7.124,6.179
50497,0.794,37.794,22.225,29.701,23.24,4.702,7.124,6.017
50498,0.806,41.908,22.197,29.73,23.254,4.782,7.246,6.218
50499,0.833,42.046,22.24,29.749,23.258,4.946,7.206,6.139
50500,0.807,42.085,22.201,29.72,23.251,4.825,7.125,6.138
50501,0.81,42.076,22.209,29.711,23.247,4.865,7.165,6.179
50502,0.807,35.479,22.248,29.72,23.251,4.784,7.124,6.179
50503,0.807,35.623,22.225,29.72,23.251,4.824,7.124,6.139
50504,0.8,35.75,22.205,29.701,23.247,4.702,7.043,6.016
50505,0.777,37.132,22.154,29.691,23.244,4.782,7.042,6.056
50506,0.784,38.316,22.193,29.72,23.247,4.824,7.123,6.015
50507,0.784,38.442,22.181,29.701,23.244,4.824,7.002,6.096
50508,0.784,38.511,22.205,29.701,23.237,4.702,6.96,5.975
50509,0.777,37.131,22.24,29.701,23.244,4.782,7.041,6.096
50510,0.787,37.145,22.221,29.758,23.251,4.905,7.286,6.219
50511,0.803,37.29,22.209,29.721,23.244,4.744,7.085,6.139
50512,0.774,37.339,22.244,29.72,23.247,4.783,7.083,6.179
50513,0.793,37.55,22.275,29.73,23.244,4.824,7.123,6.179
50514,0.8,37.716,22.241,29.711,23.251,4.824,7.043,6.139
50515,0.803,37.823,22.193,29.72,23.251,4.783,7.042,6.138
50516,0.79,37.872,22.185,29.692,23.233,4.661,6.96,6.016
50517,0.793,37.22,22.189,29.72,23.251,4.822,7.0,6.137
50518,0.803,37.348,22.22,29.711,23.244,4.783,6.96,6.098
50519,0.8,37.464,22.201,29.691,23.24,4.783,6.96,6.016
50520,0.803,37.532,22.213,29.701,23.237,4.742,7.0,6.015
50521,0.8,37.408,22.24,29.72,23.254,4.864,7.082,6.178
50522,0.816,37.58,22.318,29.739,23.251,4.865,7.002,6.139
50523,0.797,37.658,22.245,29.711,23.247,4.784,7.001,6.138
50524,0.797,37.717,22.209,29.72,23.251,4.783,7.001,6.138
50525,0.8,37.353,22.193,29.73,23.254,4.824,6.96,6.219
50526,0.79,37.503,22.197,29.72,23.247,4.824,7.0,6.18
50527,0.784,37.61,22.197,29.739,23.237,4.661,6.797,5.976
50528,0.774,37.601,22.177,29.701,23.247,4.782,6.917,6.137
50529,0.787,37.419,22.216,29.72,23.244,4.824,6.919,6.219
50530,0.79,37.561,22.197,29.749,23.247,4.743,6.837,6.098
50531,0.777,37.658,22.158,29.701,23.24,4.701,6.837,6.097
50532,0.784,37.928,22.251,29.691,23.244,4.782,6.837,6.178
50533,0.79,37.374,22.307,29.739,23.254,4.905,6.958,6.301
50534,0.803,37.493,22.221,29.72,23.247,4.825,6.919,6.18
50535,0.807,37.571,22.24,29.73,23.247,4.905,6.796,6.179
50536,0.803,37.418,22.232,29.73,23.251,4.825,6.836,6.139
50537,0.81,37.484,22.248,29.72,23.258,4.865,6.918,6.138
50538,0.813,37.629,22.217,29.73,23.251,4.865,6.796,6.098
50539,0.8,37.659,22.224,29.672,23.237,4.743,6.714,6.056
50540,0.813,37.18,22.232,29.72,23.247,4.783,6.754,6.137
50541,0.813,37.29,22.166,29.711,23.244,4.783,6.754,6.057
50542,0.797,37.396,22.243,29.711,23.237,4.742,6.754,6.015
50543,0.787,37.465,22.209,29.701,23.237,4.742,6.795,6.096
50544,0.787,37.398,22.209,29.768,23.247,4.945,6.917,6.219
50545,0.803,37.522,22.209,29.749,23.254,4.866,6.796,6.18
50546,0.794,37.639,22.189,29.72,23.254,4.824,6.755,6.22
50547,0.79,37.716,22.228,29.759,23.244,4.783,6.714,6.139
50548,0.787,37.142,22.162,29.721,23.254,4.824,6.835,6.179
50549,0.784,37.289,22.255,29.739,23.258,4.905,6.796,6.179
50550,0.774,37.406,22.229,29.749,23.247,4.703,6.633,6.017
50551,0.767,37.436,22.193,29.692,23.244,4.742,6.712,6.137
50552,0.787,37.283,22.224,29.72,23.251,4.823,6.713,6.179
50553,0.79,37.416,22.244,29.711,23.244,4.783,6.713,6.139
50554,0.793,37.494,22.178,29.711,23.244,4.742,6.672,6.016
50555,0.8,37.562,22.185,29.701,23.244,4.823,6.753,6.218
50556,0.816,37.294,22.205,29.739,23.251,4.987,6.876,6.261
50557,0.816,37.406,22.256,29.72,23.244,4.826,6.796,6.18
50558,0.82,37.503,22.213,29.73,23.247,4.865,6.795,6.139
50559,0.823,37.514,22.244,29.701,23.254,4.824,6.836,6.138
50560,0.823,37.226,22.236,29.72,23.254,4.824,6.877,6.219
50561,0.813,37.348,22.225,29.72,23.254,4.783,6.755,6.058
50562,0.8,37.397,22.252,29.692,23.24,4.742,6.795,6.178
50563,0.8,37.311,22.213,29.71,23.247,4.823,6.836,6.139
50564,0.79,37.282,22.232,29.701,23.244,4.743,6.796,6.138
50565,0.784,37.396,22.186,29.71,23.247,4.742,6.795,6.057
50566,0.784,37.493,22.173,29.691,23.247,4.783,6.877,6.259
50567,0.8,37.101,22.212,29.749,23.261,5.027,7.04,6.343
50568,0.807,37.174,22.178,29.72,23.251,4.826,6.96,6.262
50569,0.781,37.271,22.244,29.711,23.251,4.824,6.919,6.221
50570,0.774,37.377,22.225,29.72,23.247,4.783,7.0,6.18
50571,0.767,37.206,22.217,29.711,23.254,4.824,6.96,6.301
50572,0.777,37.357,22.232,29.711,23.251,4.783,6.878,6.14
50573,0.777,37.426,22.217,29.682,23.237,4.702,6.837,6.138
50574,0.784,37.522,22.178,29.72,23.251,4.823,6.877,6.219
50575,0.793,37.092,22.177,29.711,23.24,4.702,6.918,6.18
50576,0.793,37.203,22.212,29.691,23.247,4.782,6.837,6.139
50577,0.793,37.328,22.213,29.71,23.244,4.661,6.837,6.179
50578,0.8,37.406,22.201,29.73,23.251,4.904,7.04,6.22
50579,0.807,37.129,22.248,29.72,23.251,4.825,6.92,6.18
50580,0.803,37.241,22.221,29.72,23.251,4.783,6.837,6.22
50581,0.803,37.348,22.217,29.711,23.254,4.783,6.877,6.18
50582,0.803,37.407,22.263,29.72,23.251,4.864,6.877,6.22
50583,0.8,37.024,22.241,29.711,23.251,4.784,6.918,6.18
50584,0.794,37.144,22.232,29.701,23.24,4.661,6.756,6.017
50585,0.771,37.251,22.174,29.691,23.24,4.741,6.876,6.178
50586,0.777,37.3,22.201,29.73,23.244,4.823,6.877,6.098
50587,0.771,37.08,22.189,29.701,23.251,4.783,6.877,6.097
50588,0.777,37.193,22.189,29.691,23.244,4.661,6.877,6.097
50589,0.767,37.3,22.259,29.701,23.244,4.741,7.04,6.219
50590,0.787,37.387,22.233,29.749,23.261,4.905,7.123,6.302
50591,0.761,37.167,22.217,29.72,23.251,4.825,7.002,6.18
50592,0.764,37.299,22.217,29.711,23.244,4.783,7.001,6.22
50593,0.783,37.368,22.228,29.72,23.251,4.783,7.001,6.261
50594,0.78,37.062,22.146,29.73,23.251,4.783,7.082,6.221
50595,0.79,37.116,22.169,29.72,23.247,4.742,6.961,6.058
50596,0.784,37.213,22.185,29.692,23.237,4.701,6.96,6.137
50597,0.797,37.329,22.189,29.71,23.244,4.742,6.96,6.098
50598,0.797,37.013,22.193,29.711,23.24,4.742,6.96,6.138
50599,0.79,37.106,22.244,29.691,23.24,4.701,6.878,6.057
50600,0.793,37.251,22.221,29.682,23.247,4.701,6.877,6.137
50601,0.803,37.367,22.236,29.72,23.254,4.904,7.121,6.26
50602,0.81,36.947,22.256,29.73,23.251,4.784,6.961,6.139
50603,0.787,37.077,22.264,29.701,23.247,4.742,6.919,6.26
50604,0.784,37.193,22.237,29.758,23.251,4.783,6.959,6.221
50605,0.78,37.271,22.209,29.721,23.247,4.824,6.96,6.22
50606,0.787,37.022,22.244,29.73,23.244,4.743,6.878,6.18
50607,0.767,37.154,22.186,29.739,23.24,4.701,6.796,6.057
50608,0.764,37.27,22.158,29.701,23.244,4.742,6.877,6.137
50609,0.767,37.31,22.228,29.71,23.247,4.701,6.918,6.138
50610,0.751,36.946,22.166,29.72,23.24,4.823,6.959,6.098
50611,0.751,37.077,22.158,29.701,23.244,4.661,6.919,6.178
50612,0.761,37.203,22.197,29.72,23.251,4.741,7.041,6.22
50613,0.79,37.271,22.271,29.749,23.261,4.905,7.042,6.18
50614,0.767,36.984,22.217,29.73,23.247,4.744,7.001,6.179
50615,0.774,37.106,22.24,29.72,23.247,4.701,7.001,6.179
50616,0.78,37.212,22.229,29.711,23.247,4.782,7.041,6.22
50617,0.79,37.434,22.209,29.72,23.254,4.824,7.001,6.18
50618,0.79,36.986,22.205,29.72,23.247,4.661,6.879,6.098
50619,0.777,37.067,22.193,29.692,23.24,4.619,7.0,6.138
50620,0.784,37.202,22.216,29.701,23.247,4.741,7.041,6.138
50621,0.797,36.964,22.209,29.682,23.247,4.701,6.96,6.138
50622,0.784,36.981,22.228,29.681,23.24,4.62,7.0,6.179
50623,0.767,37.096,22.228,29.691,23.237,4.741,7.041,6.179
50624,0.774,37.222,22.256,29.73,23.258,4.905,7.164,6.301
50625,0.787,36.897,22.252,29.73,23.247,4.784,7.043,6.18
50626,0.771,36.98,22.233,29.701,23.247,4.824,7.082,6.139
50627,0.77,37.125,22.225,29.71,23.244,4.783,7.083,6.179
50628,0.77,37.222,22.213,29.711,23.254,4.783,7.083,6.22
50629,0.77,36.878,22.22,29.711,23.251,4.824,7.083,6.18
50630,0.751,37.018,22.197,29.691,23.24,4.661,6.88,6.057
50631,0.741,37.116,22.181,29.701,23.247,4.7,7.0,6.178
50632,0.751,37.203,22.197,29.71,23.244,4.701,7.001,6.139
50633,0.774,36.907,22.216,29.701,23.244,4.701,7.001,6.057
50634,0.777,37.038,22.135,29.701,23.24,4.66,6.96,6.097
50635,0.777,37.145,22.188,29.71,23.247,4.741,7.082,6.219
50636,0.784,37.251,22.209,29.749,23.261,4.905,7.042,6.22
50637,0.777,36.917,22.209,29.72,23.247,4.744,7.042,6.139
50638,0.78,37.057,22.197,29.701,23.254,4.783,7.082,6.179
50639,0.787,37.154,22.232,29.71,23.251,4.783,7.002,6.139
50640,0.784,37.222,22.225,29.711,23.254,4.824,7.123,6.179
50641,0.787,37.022,22.213,29.701,23.244,4.661,6.961,6.098
50642,0.764,37.116,22.228,29.682,23.24,4.7,6.96,6.097
50643,0.764,37.222,22.225,29.72,23.251,4.742,7.041,6.138
50644,0.764,37.262,22.178,29.72,23.251,4.701,7.001,6.098
50645,0.761,37.559,22.185,29.682,23.244,4.701,6.96,6.016
50646,0.751,37.677,22.173,29.701,23.24,4.701,7.0,6.137
50647,0.764,37.803,22.216,29.72,23.251,4.863,7.123,6.219
50648,0.78,37.171,22.201,29.72,23.254,4.743,7.043,6.18
50649,0.761,36.58,22.224,29.711,23.251,4.783,7.042,6.139
50650,0.751,36.718,22.232,29.73,23.254,4.742,7.082,6.098
50651,0.751,36.844,22.189,29.72,23.251,4.823,7.164,6.178
50652,0.757,36.922,22.244,29.72,23.251,4.783,7.124,6.098
50653,0.754,37.028,22.232,29.682,23.237,4.62,7.043,5.975
50654,0.761,37.154,22.139,29.71,23.244,4.7,7.123,6.137
50655,0.761,37.251,22.173,29.701,23.247,4.742,7.124,6.057
50656,0.774,36.811,22.162,29.71,23.244,4.742,7.165,6.056
50657,0.777,36.912,22.204,29.711,23.244,4.701,7.165,6.056
50658,0.78,37.067,22.197,29.73,23.254,4.863,7.328,6.3
50659,0.797,37.174,22.224,29.72,23.251,4.784,7.207,6.099
50660,0.767,36.734,22.213,29.701,23.247,4.742,7.328,6.097
50661,0.78,36.863,22.185,29.701,23.251,4.823,7.329,6.138
50662,0.777,36.989,22.248,29.71,23.251,4.824,7.41,6.098
50663,0.774,37.067,22.213,29.72,23.251,4.743,7.33,6.056
50664,0.767,36.781,22.178,29.672,23.233,4.661,7.248,6.015
50665,0.757,36.95,22.138,29.72,23.244,4.741,7.41,6.056
50666,0.761,37.086,22.212,29.701,23.244,4.701,7.33,6.056
50667,0.748,37.116,22.205,29.71,23.237,4.701,7.289,5.975
50668,0.747,36.839,22.174,29.691,23.244,4.66,7.329,6.015
50669,0.751,36.96,22.267,29.72,23.251,4.863,7.492,6.178
50670,0.764,37.096,22.233,29.73,23.254,4.743,7.331,6.098
50671,0.748,37.107,22.201,29.711,23.247,4.742,7.37,6.097
50672,0.751,36.848,22.255,29.701,23.247,4.742,7.33,6.056
50673,0.751,36.98,22.26,29.739,23.251,4.742,7.37,6.097
50674,0.761,37.086,22.166,29.72,23.251,4.783,7.37,6.097
50675,0.761,37.318,22.181,29.692,23.237,4.661,7.208,5.935
50676,0.77,36.831,22.216,29.71,23.244,4.741,7.287,6.055
50677,0.77,36.989,22.205,29.711,23.251,4.661,7.288,6.015
50678,0.761,37.067,22.193,29.691,23.244,4.66,7.288,5.974
50679,0.777,36.848,22.209,29.701,23.244,4.66,7.288,6.015
50680,0.771,36.903,22.197,29.691,23.244,4.741,7.329,6.056
50681,0.783,37.067,22.209,29.73,23.258,4.823,7.451,5.975
50682,0.78,37.135,22.256,29.692,23.247,4.702,7.371,5.974
50683,0.774,36.829,22.24,29.72,23.244,4.742,7.411,6.015
50684,0.774,36.951,22.232,29.73,23.247,4.742,7.452,6.056
50685,0.767,37.077,22.178,29.73,23.251,4.742,7.452,6.056
50686,0.751,37.145,22.224,29.701,23.244,4.701,7.33,5.893
50687,0.748,36.762,22.166,29.682,23.244,4.701,7.37,6.014
50688,0.76,36.931,22.165,29.701,23.247,4.701,7.37,5.934
50689,0.751,37.029,22.22,29.691,23.244,4.701,7.289,6.014
50690,0.751,37.106,22.209,29.691,23.244,4.701,7.329,5.974
50691,0.744,36.714,22.205,29.691,23.244,4.701,7.41,6.055
50692,0.728,36.873,22.267,29.73,23.258,4.904,7.574,6.137
50693,0.76,37.009,22.252,29.72,23.244,4.703,7.454,6.016
50694,0.757,37.058,22.166,29.72,23.244,4.782,7.412,6.056
50695,0.761,36.8,22.216,29.701,23.254,4.742,7.452,6.056
50696,0.77,36.95,22.248,29.73,23.254,4.823,7.412,6.056
50697,0.774,37.057,22.24,29.73,23.247,4.783,7.371,5.975
50698,0.761,37.078,22.193,29.682,23.237,4.62,7.289,5.974
50699,0.761,36.761,22.181,29.71,23.244,4.659,7.329,5.974
50700,0.764,36.893,22.193,29.701,23.247,4.66,7.289,5.933
50701,0.764,37.019,22.154,29.701,23.244,4.619,7.247,5.892
50702,0.77,37.01,22.196,29.682,23.237,4.7,7.328,5.973
50703,0.774,36.885,22.205,29.749,23.258,4.823,7.451,6.096
50704,0.777,37.028,22.228,29.807,23.247,4.702,7.371,6.056
50705,0.754,37.097,22.178,29.721,23.247,4.701,7.411,6.015
50706,0.744,36.79,22.189,29.701,23.254,4.742,7.411,6.015
50707,0.747,36.73,22.232,29.72,23.251,4.742,7.452,5.974
50708,0.747,36.844,22.17,29.73,23.247,4.823,7.452,5.893
50709,0.738,36.903,22.216,29.682,23.237,4.58,7.29,5.973
50710,0.738,36.779,22.221,29.72,23.251,4.74,7.451,5.893
50711,0.731,36.893,22.182,29.701,23.24,4.701,7.371,5.973
50712,0.741,36.99,22.216,29.701,23.244,4.66,7.289,5.852
50713,0.754,37.077,22.193,29.701,23.24,4.7,7.329,5.891
50714,0.751,36.723,22.17,29.73,23.258,4.863,7.532,6.095
50715,0.767,36.854,22.236,29.749,23.251,4.702,7.372,5.975
50716,0.764,36.941,22.225,29.692,23.244,4.742,7.37,5.893
50717,0.77,37.029,22.228,29.73,23.251,4.783,7.411,5.973
50718,0.774,36.713,22.221,29.701,23.251,4.783,7.452,5.974
50719,0.78,36.854,22.201,29.701,23.247,4.742,7.412,5.852
50720,0.767,36.951,22.201,29.682,23.237,4.62,7.289,5.81
50721,0.764,37.019,22.201,29.701,23.247,4.781,7.41,5.891
50722,0.77,36.598,22.24,29.701,23.251,4.702,7.371,5.933
50723,0.764,36.747,22.154,29.691,23.247,4.66,7.289,5.852
50724,0.764,36.873,22.181,29.682,23.24,4.66,7.247,5.851
50725,0.757,36.913,22.181,29.729,23.247,4.822,7.41,6.054
50726,0.761,36.817,22.177,29.749,23.254,4.865,7.33,5.934
50727,0.757,36.912,22.189,29.72,23.244,4.824,7.289,5.933
50728,0.754,37.028,22.166,29.701,23.251,4.743,7.288,5.892
50729,0.748,37.039,22.212,29.72,23.251,4.823,7.329,6.014
50730,0.747,36.675,22.201,29.72,23.251,4.824,7.289,5.974
50731,0.747,36.786,22.181,29.72,23.237,4.661,7.085,5.852
50732,0.738,36.864,22.228,29.682,23.247,4.782,7.205,5.932
50733,0.747,36.913,22.182,29.71,23.244,4.742,7.206,5.974
50734,0.751,36.789,22.208,29.691,23.237,4.742,7.125,5.811
50735,0.757,36.893,22.166,29.682,23.244,4.742,7.124,5.81
50736,0.757,36.98,22.212,29.691,23.244,4.783,7.205,5.972
50737,0.77,36.598,22.244,29.739,23.261,4.864,7.287,6.096
50738,0.774,36.661,22.193,29.73,23.244,4.743,7.207,5.975
50739,0.774,36.776,22.201,29.701,23.244,4.783,7.125,5.974
50740,0.777,36.874,22.197,29.701,23.251,4.824,7.246,5.974
50741,0.78,36.529,22.22,29.73,23.251,4.743,7.288,5.933
50742,0.78,36.641,22.256,29.72,23.251,4.783,7.166,5.852
50743,0.754,36.757,22.178,29.682,23.237,4.661,7.124,5.851
50744,0.764,36.845,22.197,29.72,23.24,4.741,7.205,5.851
50745,0.757,36.5,22.15,29.701,23.247,4.742,7.206,5.851
50746,0.757,36.641,22.169,29.71,23.24,4.742,7.125,5.891
50747,0.751,36.776,22.177,29.682,23.24,4.701,7.165,5.851
50748,0.741,36.864,22.201,29.701,23.251,4.742,7.287,6.013
50749,0.757,36.52,22.236,29.768,23.258,4.945,7.247,5.974
50750,0.748,36.631,22.217,29.73,23.244,4.703,7.206,5.933
50751,0.744,36.747,22.189,29.73,23.251,4.742,7.165,5.974
50752,0.747,36.797,22.244,29.72,23.254,4.783,7.287,5.933
50753,0.764,36.653,22.221,29.73,23.254,4.783,7.288,5.933
50754,0.751,36.776,22.185,29.692,23.244,4.661,7.085,5.811
50755,0.751,36.874,22.185,29.71,23.244,4.741,7.164,5.891
50756,0.757,36.922,22.181,29.72,23.247,4.783,7.206,5.933
50757,0.777,36.607,22.22,29.711,23.244,4.702,7.165,5.811
50758,0.774,36.747,22.213,29.701,23.244,4.742,7.165,5.932
50759,0.774,36.844,22.205,29.72,23.251,4.864,7.287,6.055
50760,0.784,37.21,22.24,29.739,23.251,4.824,7.207,5.975
50761,0.771,36.571,22.201,29.711,23.254,4.824,7.206,5.974
50762,0.777,36.708,22.279,29.711,23.247,4.824,7.247,5.974
50763,0.774,36.806,22.237,29.72,23.254,4.783,7.247,5.974
50764,0.771,36.557,22.236,29.73,23.258,4.824,7.328,5.893
50765,0.764,36.526,22.178,29.692,23.237,4.58,7.167,5.811
50766,0.754,36.65,22.181,29.72,23.244,4.781,7.328,5.932
50767,0.754,36.767,22.169,29.682,23.244,4.742,7.289,5.892
50768,0.748,36.519,22.134,29.701,23.244,4.701,7.207,5.892
50769,0.734,36.612,22.212,29.691,23.237,4.701,7.328,5.973
50770,0.734,36.786,22.217,29.73,23.251,4.823,7.451,6.096
50771,0.751,36.893,22.178,29.749,23.258,4.865,7.33,6.016
50772,0.741,36.443,22.24,29.72,23.241,4.743,7.37,6.015
50773,0.757,36.563,22.229,29.72,23.244,4.783,7.33,5.974
50774,0.764,36.67,22.17,29.72,23.251,4.824,7.37,6.015
50775,0.761,36.777,22.193,29.739,23.251,4.865,7.411,6.056
50776,0.764,36.423,22.209,29.711,23.237,4.702,7.289,5.853
50777,0.754,36.534,22.197,29.701,23.244,4.742,7.329,5.973
50778,0.764,36.67,22.189,29.73,23.251,4.701,7.329,5.974
50779,0.774,36.738,22.244,29.701,23.251,4.66,7.329,5.974
50780,0.774,36.384,22.201,29.701,23.24,4.7,7.37,5.852
50781,0.771,36.534,22.162,29.691,23.247,4.782,7.452,6.013
50782,0.777,36.689,22.247,29.739,23.258,4.864,7.615,6.015
50783,0.777,36.71,22.229,29.72,23.247,4.743,7.495,6.015
50784,0.764,36.508,22.221,29.749,23.244,4.742,7.453,6.015
50785,0.757,36.641,22.185,29.701,23.247,4.742,7.534,6.096
50786,0.754,36.748,22.201,29.73,23.254,4.823,7.616,6.016
50787,0.767,36.768,22.228,29.778,23.247,4.783,7.454,5.974
50788,0.748,36.643,22.205,29.692,23.24,4.58,7.371,5.974
50789,0.744,36.776,22.271,29.71,23.247,4.74,7.573,5.974
50790,0.747,36.874,22.221,29.778,23.24,4.783,7.494,5.974
50791,0.741,36.529,22.174,29.702,23.237,4.783,7.453,5.933
50792,0.747,36.248,22.177,29.72,23.24,4.702,7.452,6.014
50793,0.754,36.398,22.232,29.73,23.254,4.823,7.615,6.137
50794,0.77,36.525,22.15,29.739,23.258,4.865,7.495,6.098
50795,0.764,36.42,22.146,29.73,23.244,4.743,7.575,6.056
50796,0.777,36.515,22.177,29.73,23.244,4.823,7.698,6.056
50797,0.771,36.66,22.189,29.72,23.254,4.865,7.618,6.097
50798,0.78,36.729,22.173,29.749,23.251,4.824,7.698,6.056
50799,0.78,36.211,22.236,29.711,23.237,4.702,7.536,5.893
50800,0.764,36.321,22.205,29.711,23.24,4.701,7.616,6.014
50801,0.774,36.476,22.201,29.711,23.247,4.742,7.617,5.974
50802,0.777,36.564,22.236,29.711,23.244,4.701,7.657,6.096
50803,0.758,36.286,22.209,29.701,23.244,4.701,7.617,5.894
50804,0.764,36.437,22.197,29.701,23.244,4.742,7.657,6.095
50805,0.774,36.592,22.181,29.758,23.265,4.905,7.78,6.219
50806,0.767,36.651,22.216,29.701,23.244,4.825,7.7,6.058
50807,0.757,36.335,22.201,29.71,23.247,4.783,7.618,6.056
50808,0.761,36.486,22.189,29.72,23.247,4.783,7.657,6.097
50809,0.754,36.602,22.201,29.72,23.251,4.864,7.698,6.138
50810,0.757,36.651,22.205,29.749,23.24,4.662,7.536,6.016
50811,0.741,36.335,22.193,29.682,23.24,4.66,7.494,6.015
50812,0.747,36.495,22.236,29.71,23.244,4.66,7.575,6.056
50813,0.751,36.593,22.201,29.711,23.237,4.7,7.535,6.056
50814,0.754,36.642,22.189,29.72,23.251,4.742,7.453,5.975
50815,0.754,36.383,22.181,29.711,23.24,4.783,7.493,6.015
50816,0.78,36.553,22.193,29.739,23.258,4.905,7.616,6.218
50817,0.79,36.68,22.212,29.73,23.247,4.825,7.454,6.139
50818,0.777,36.786,22.209,29.73,23.247,4.743,7.452,6.016
50819,0.777,36.298,22.181,29.72,23.247,4.823,7.452,6.056
50820,0.774,36.447,22.212,29.72,23.251,4.824,7.412,6.178
50821,0.784,36.544,22.209,29.711,23.251,4.783,7.411,6.098
50822,0.78,36.21,22.217,29.682,23.244,4.661,7.208,5.894
50823,0.758,36.273,22.17,29.72,23.251,4.782,7.287,6.014
50824,0.761,36.408,22.181,29.73,23.247,4.742,7.247,6.056
50825,0.774,36.496,22.177,29.692,23.244,4.742,7.206,6.097
50826,0.761,36.209,22.197,29.691,23.24,4.701,7.165,6.056
50827,0.761,36.35,22.224,29.71,23.247,4.782,7.287,6.178
50828,0.764,36.514,22.221,29.758,23.261,4.824,7.329,6.261
50829,0.757,36.583,22.209,29.721,23.247,4.743,7.126,6.139
50830,0.748,36.152,22.228,29.711,23.244,4.742,7.246,6.179
50831,0.744,36.292,22.189,29.72,23.247,4.864,7.125,6.179
50832,0.751,36.408,22.236,29.739,23.251,4.824,7.205,6.261
50833,0.761,36.486,22.193,29.72,23.247,4.783,7.084,6.18
50834,0.741,36.104,22.185,29.672,23.237,4.661,7.002,6.139
50835,0.764,36.253,22.169,29.72,23.247,4.782,7.082,6.219
50836,0.764,36.379,22.177,29.701,23.244,4.742,7.042,6.22
50837,0.77,36.448,22.193,29.72,23.24,4.742,6.96,6.139
50838,0.77,36.477,22.177,29.692,23.244,4.742,7.041,6.179
50839,0.78,36.631,22.177,29.71,23.254,4.905,7.204,6.383
50840,0.797,36.795,22.201,29.73,23.247,4.825,7.165,6.222
50841,0.787,36.787,22.193,29.72,23.251,4.824,7.084,6.261
50842,0.774,36.059,22.275,29.72,23.251,4.743,7.042,6.302
50843,0.771,36.185,22.182,29.72,23.251,4.905,7.042,6.302
50844,0.783,36.302,22.193,29.72,23.251,4.784,7.042,6.302
50845,0.771,36.322,22.166,29.701,23.233,4.702,6.879,6.18
50846,0.754,36.207,22.169,29.701,23.244,4.782,6.959,6.261
50847,0.754,36.36,22.185,29.71,23.237,4.783,7.0,6.302
50848,0.754,36.476,22.154,29.691,23.24,4.783,6.96,6.221
50849,0.741,36.209,22.193,29.71,23.244,4.702,6.878,6.261
50850,0.744,36.187,22.185,29.701,23.244,4.742,6.959,6.384
50851,0.757,36.35,22.181,29.758,23.258,4.905,7.041,6.385
50852,0.761,36.428,22.247,29.721,23.247,4.784,6.96,6.303
50853,0.757,36.141,22.209,29.72,23.247,4.783,7.0,6.302
50854,0.764,36.273,22.236,29.73,23.247,4.824,7.001,6.343
50855,0.764,36.379,22.229,29.72,23.251,4.865,6.919,6.303
50856,0.777,36.457,22.24,29.711,23.247,4.743,6.878,6.18
50857,0.764,36.026,22.19,29.701,23.24,4.742,6.877,6.22
50858,0.793,36.185,22.162,29.71,23.254,4.823,6.877,6.22
50859,0.787,36.302,22.158,29.691,23.247,4.743,6.877,6.261
50860,0.78,36.38,22.146,29.701,23.237,4.742,6.959,6.221
50861,0.78,36.074,22.169,29.691,23.251,4.823,6.96,6.342
50862,0.78,36.234,22.212,29.749,23.258,4.905,6.96,6.343
50863,0.777,36.331,22.158,29.711,23.251,4.784,6.919,6.343
50864,0.767,36.39,22.181,29.72,23.24,4.824,6.959,6.343
50865,0.761,36.026,22.177,29.73,23.254,4.824,7.041,6.303
50866,0.774,36.185,22.232,29.73,23.254,4.824,6.96,6.343
50867,0.754,36.321,22.209,29.73,23.251,4.824,6.96,6.303
50868,0.751,36.342,22.162,29.682,23.24,4.661,6.838,6.262
50869,0.751,36.035,22.181,29.72,23.244,4.741,6.958,6.302
50870,0.754,36.185,22.166,29.711,23.251,4.783,7.041,6.343
50871,0.741,36.321,22.181,29.711,23.244,4.742,6.96,6.221
50872,0.757,36.313,22.201,29.691,23.244,4.742,6.96,6.22
50873,0.764,36.073,22.193,29.73,23.251,4.823,7.163,6.424
50874,0.787,36.272,22.24,29.749,23.254,4.865,7.084,6.344
50875,0.758,36.341,22.186,29.72,23.244,4.743,7.164,6.303
50876,0.767,36.265,22.193,29.72,23.247,4.823,7.124,6.302
50877,0.777,36.034,22.17,29.73,23.254,4.783,7.124,6.384
50878,0.777,36.166,22.212,29.72,23.251,4.824,7.043,6.303
50879,0.793,36.273,22.174,29.711,23.233,4.702,7.001,6.221
50880,0.797,35.986,22.181,29.701,23.244,4.701,7.082,6.22
50881,0.79,36.118,22.197,29.701,23.247,4.782,7.002,6.22
50882,0.787,36.234,22.205,29.701,23.247,4.702,7.041,6.22
50883,0.771,36.312,22.154,29.701,23.24,4.701,7.001,6.18
50884,0.761,35.929,22.161,29.72,23.251,4.782,7.041,6.261
50885,0.77,36.088,22.197,29.749,23.254,4.824,7.164,6.384
50886,0.77,36.215,22.185,29.711,23.251,4.743,7.043,6.222
50887,0.764,36.302,22.173,29.711,23.244,4.783,7.042,6.261
50888,0.761,36.073,22.169,29.711,23.247,4.864,7.042,6.221
50889,0.764,36.234,22.177,29.73,23.254,4.865,7.082,6.261
50890,0.751,36.36,22.201,29.739,23.244,4.743,7.042,6.139
50891,0.744,36.399,22.197,29.682,23.24,4.701,7.001,6.138
50892,0.741,35.882,22.228,29.72,23.247,4.782,7.041,6.219
50893,0.764,36.011,22.201,29.72,23.247,4.824,7.001,6.18
50894,0.764,36.137,22.189,29.711,23.244,4.702,7.001,6.057
50895,0.764,36.186,22.185,29.711,23.24,4.823,7.041,6.137
50896,0.77,36.091,22.185,29.73,23.251,4.865,7.164,6.341
50897,0.787,36.282,22.212,29.739,23.251,4.865,7.124,6.14
50898,0.78,36.341,22.224,29.72,23.244,4.824,7.165,6.179
50899,0.787,36.38,22.162,29.711,23.251,4.824,7.206,6.139
50900,0.787,35.997,22.2,29.73,23.251,4.824,7.287,6.138
50901,0.79,36.127,22.177,29.73,23.247,4.783,7.207,6.179
50902,0.784,36.225,22.232,29.701,23.244,4.702,7.165,6.098
50903,0.767,36.561,22.166,29.691,23.247,4.782,7.246,6.138
50904,0.774,36.104,22.158,29.72,23.244,4.783,7.288,6.138
50905,0.774,36.224,22.165,29.711,23.237,4.702,7.247,6.138
50906,0.764,36.302,22.146,29.72,23.244,4.66,7.288,6.138
50907,0.754,36.015,22.173,29.701,23.254,4.782,7.369,6.179
50908,0.77,36.032,22.189,29.758,23.261,4.905,7.492,6.179
50909,0.77,36.147,22.193,29.73,23.244,4.784,7.331,6.22
50910,0.767,36.225,22.212,29.72,23.251,4.824,7.41,6.22
50911,0.77,36.005,22.178,29.73,23.251,4.824,7.452,6.261
50912,0.777,36.127,22.24,29.739,23.254,4.824,7.412,6.18
50913,0.784,36.253,22.209,29.72,23.247,4.783,7.289,6.017
50914,0.777,36.293,22.166,29.73,23.24,4.742,7.207,6.096
50915,0.79,35.766,22.161,29.72,23.244,4.783,7.328,6.138
50916,0.8,35.904,22.197,29.711,23.244,4.742,7.289,6.138
50917,0.81,36.021,22.197,29.72,23.244,4.742,7.207,6.098
50918,0.807,36.099,22.213,29.701,23.244,4.783,7.287,6.097
50919,0.82,35.975,22.185,29.73,23.247,4.905,7.41,6.219
50920,0.846,36.166,22.201,29.739,23.254,4.865,7.289,6.098
50921,0.84,36.263,22.189,29.701,23.251,4.824,7.288,6.097
50922,0.849,36.312,22.251,29.73,23.251,4.824,7.247,6.138
50923,0.84,35.824,22.127,29.72,23.251,4.743,7.247,6.219
50924,0.836,35.963,22.149,29.73,23.251,4.823,7.288,6.18
50925,0.839,36.089,22.15,29.711,23.237,4.743,7.085,6.057
50926,0.826,36.1,22.173,29.691,23.244,4.701,7.164,6.097
50927,0.839,35.869,22.181,29.72,23.254,4.782,7.165,6.138
50928,0.846,36.011,22.169,29.72,23.244,4.742,7.084,6.057
50929,0.836,36.108,22.161,29.711,23.244,4.701,7.083,6.056
50930,0.836,36.157,22.161,29.72,23.24,4.742,7.123,6.219
50931,0.833,35.995,22.181,29.739,23.254,4.905,7.287,6.302
50932,0.846,36.137,22.224,29.74,23.244,4.784,7.085,6.221
50933,0.84,36.215,22.17,29.711,23.254,4.905,7.123,6.18
50934,0.839,36.034,22.204,29.73,23.247,4.744,7.083,6.139
50935,0.849,35.898,22.193,29.73,23.258,4.783,7.123,6.219
50936,0.859,36.05,22.205,29.72,23.251,4.824,7.165,6.18
50937,0.853,36.118,22.201,29.701,23.24,4.661,7.084,6.017
50938,0.859,35.783,22.193,29.72,23.251,4.782,7.164,6.137
50939,0.869,35.914,22.17,29.72,23.247,4.742,7.165,6.138
50940,0.869,36.04,22.193,29.711,23.244,4.783,7.165,6.057
50941,0.885,36.109,22.177,29.691,23.237,4.742,7.206,6.056
50942,0.885,35.812,22.212,29.72,23.251,4.823,7.369,6.219
50943,0.889,36.02,22.146,29.749,23.258,4.946,7.411,6.139
50944,0.866,36.099,22.204,29.73,23.244,4.785,7.33,6.138
50945,0.869,36.167,22.22,29.73,23.247,4.783,7.289,6.138
50946,0.869,35.803,22.217,29.739,23.247,4.783,7.369,6.138
50947,0.866,35.943,22.201,29.749,23.251,4.864,7.37,6.138
50948,0.859,36.05,22.17,29.72,23.24,4.702,7.208,5.976
50949,0.836,36.109,22.15,29.711,23.244,4.742,7.369,6.137
50950,0.846,35.918,22.169,29.72,23.251,4.701,7.289,6.098
50951,0.859,36.031,22.146,29.72,23.244,4.701,7.247,6.138
50952,0.866,36.156,22.2,29.701,23.244,4.742,7.247,6.098
50953,0.872,36.187,22.138,29.73,23.251,4.905,7.369,6.219
50954,0.889,35.89,22.185,29.759,23.265,4.865,7.33,6.139
50955,0.882,35.973,22.162,29.73,23.251,4.784,7.289,6.219
50956,0.889,36.098,22.212,29.711,23.251,4.824,7.329,6.139
50957,0.885,36.148,22.205,29.73,23.254,4.783,7.37,6.179
50958,0.885,35.899,22.236,29.73,23.247,4.824,7.33,6.098
50959,0.892,36.021,22.166,29.711,23.24,4.661,7.167,6.056
50960,0.879,36.118,22.165,29.701,23.24,4.782,7.246,6.056
50961,0.885,36.186,22.212,29.71,23.244,4.742,7.206,6.097
50962,0.876,35.784,22.189,29.711,23.24,4.701,7.165,6.097
50963,0.872,35.895,22.088,29.73,23.244,4.742,7.124,6.056
50964,0.853,36.011,22.165,29.72,23.247,4.823,7.246,6.219
50965,0.872,35.869,22.212,29.749,23.258,4.865,7.288,6.139
50966,0.837,35.915,22.193,29.711,23.251,4.784,7.166,6.138
50967,0.836,36.04,22.166,29.72,23.251,4.742,7.165,6.098
50968,0.826,36.128,22.189,29.73,23.254,4.823,7.165,6.138
50969,0.81,35.774,22.173,29.739,23.251,4.824,7.124,6.138
50970,0.807,35.905,22.138,29.73,23.24,4.702,7.043,6.016
50971,0.794,35.992,22.181,29.682,23.23,4.823,7.082,6.096
50972,0.793,36.099,22.216,29.72,23.247,4.743,7.123,6.056
50973,0.8,35.716,22.092,29.701,23.247,4.742,7.043,6.097
50974,0.797,35.856,22.176,29.701,23.23,4.742,7.001,6.097
50975,0.794,35.963,22.154,29.701,23.24,4.742,7.082,6.056
50976,0.8,36.079,22.2,29.739,23.258,4.905,7.164,6.178
50977,0.813,35.735,22.174,29.73,23.258,4.784,7.043,6.098
50978,0.79,35.866,22.189,29.739,23.251,4.783,7.082,6.097
50979,0.806,35.982,22.17,29.711,23.247,4.824,7.083,6.138
50980,0.797,36.06,22.181,29.73,23.251,4.865,7.123,6.098
50981,0.79,35.792,22.224,29.711,23.251,4.784,7.083,6.056
50982,0.787,35.905,22.221,29.682,23.233,4.62,6.88,5.975
50983,0.771,36.011,22.166,29.729,23.251,4.741,7.04,6.055
50984,0.78,36.08,22.189,29.711,23.244,4.742,7.082,6.015
50985,0.751,35.754,22.158,29.72,23.244,4.701,7.042,6.056
50986,0.738,35.866,22.181,29.692,23.233,4.701,7.042,6.056
50987,0.734,36.001,22.166,29.72,23.251,4.782,7.123,6.137
50988,0.751,36.06,22.208,29.749,23.261,4.905,7.246,6.179
50989,0.728,35.725,22.162,29.73,23.244,4.784,7.125,6.098
50990,0.721,35.894,22.185,29.739,23.247,4.824,7.205,6.097
50991,0.728,35.992,22.162,29.73,23.251,4.824,7.206,6.178
50992,0.721,35.801,22.204,29.72,23.247,4.824,7.206,6.139
50993,0.737,35.771,22.146,29.701,23.244,4.702,7.165,5.976
50994,0.712,35.876,22.157,29.682,23.237,4.701,7.206,6.055
50995,0.721,36.002,22.142,29.72,23.247,4.742,7.206,6.097
50996,0.737,35.667,22.126,29.72,23.251,4.742,7.165,6.056
50997,0.734,35.779,22.142,29.72,23.244,4.823,7.206,6.056
50998,0.728,35.895,22.181,29.701,23.24,4.661,7.206,6.219
50999,0.734,36.002,22.169,29.739,23.261,4.782,7.409,6.261
51000,0.751,35.705,22.22,29.72,23.254,4.864,7.371,6.058
51001,0.741,35.808,22.197,29.72,23.244,4.784,7.289,6.137
51002,0.728,35.934,22.271,29.73,23.247,4.783,7.369,6.179
51003,0.721,36.04,22.151,29.73,23.247,4.783,7.411,6.179
51004,0.715,35.735,22.181,29.72,23.247,4.783,7.411,6.139
51005,0.708,35.847,22.181,29.692,23.247,4.661,7.289,5.976
51006,0.702,35.944,22.177,29.701,23.244,4.741,7.369,6.096
51007,0.708,36.05,22.208,29.71,23.247,4.742,7.411,6.097
51008,0.695,35.725,22.185,29.72,23.244,4.742,7.33,6.056
51009,0.692,35.856,22.154,29.701,23.24,4.701,7.37,6.056
51010,0.695,35.973,22.169,29.71,23.251,4.823,7.411,6.178
51011,0.701,36.07,22.169,29.758,23.258,4.905,7.452,6.179
51012,0.705,35.725,22.243,29.721,23.251,4.703,7.371,6.139
51013,0.705,35.866,22.162,29.72,23.247,4.823,7.37,6.098
51014,0.711,35.973,22.208,29.73,23.251,4.783,7.452,6.138
51015,0.724,36.022,22.177,29.739,23.254,4.824,7.493,6.098
51016,0.728,35.696,22.165,29.701,23.251,4.702,7.331,5.975
51017,0.715,35.798,22.169,29.701,23.237,4.701,7.37,6.055
51018,0.718,35.934,22.189,29.739,23.244,4.782,7.411,6.056
51019,0.728,35.858,22.158,29.72,23.244,4.702,7.371,6.015
51020,0.721,35.647,22.169,29.692,23.24,4.742,7.37,5.974
51021,0.721,35.759,22.216,29.701,23.24,4.701,7.37,6.055
51022,0.724,35.866,22.201,29.739,23.265,4.904,7.492,6.178
51023,0.728,35.723,22.162,29.74,23.244,4.703,7.453,6.098
51024,0.721,35.799,22.177,29.74,23.247,4.701,7.371,6.056
51025,0.708,35.914,22.212,29.72,23.247,4.742,7.452,6.137
51026,0.708,36.031,22.224,29.73,23.251,4.783,7.534,6.057
51027,0.702,35.524,22.209,29.73,23.251,4.824,7.412,5.975
51028,0.695,35.624,22.201,29.682,23.233,4.58,7.371,6.015
51029,0.692,35.769,22.17,29.71,23.247,4.7,7.411,6.056
51030,0.688,35.857,22.181,29.711,23.251,4.742,7.411,6.097
51031,0.682,35.637,22.169,29.701,23.244,4.701,7.452,5.975
51032,0.688,35.769,22.243,29.72,23.24,4.701,7.371,6.096
51033,0.701,35.905,22.123,29.72,23.251,4.823,7.492,6.178
51034,0.714,36.021,22.153,29.749,23.254,4.905,7.494,6.098
51035,0.708,35.715,22.142,29.711,23.251,4.703,7.453,6.138
51036,0.721,35.856,22.169,29.73,23.244,4.742,7.452,6.057
51037,0.721,35.973,22.193,29.73,23.244,4.823,7.452,6.137
51038,0.728,36.031,22.193,29.73,23.251,4.783,7.534,6.098
51039,0.725,35.572,22.134,29.701,23.244,4.661,7.291,5.935
51040,0.721,35.692,22.146,29.691,23.237,4.66,7.41,6.055
51041,0.734,35.817,22.208,29.71,23.244,4.741,7.411,6.056
51042,0.734,35.857,22.209,29.72,23.244,4.701,7.371,6.015
51043,0.715,35.675,22.099,29.701,23.24,4.66,7.289,5.974
51044,0.724,35.817,22.149,29.701,23.244,4.7,7.369,6.096
51045,0.721,35.934,22.169,29.73,23.247,4.863,7.492,6.138
51046,0.718,36.28,22.201,29.72,23.247,4.784,7.371,6.016
51047,0.705,35.67,22.197,29.711,23.251,4.783,7.411,6.096
51048,0.708,35.808,22.177,29.711,23.247,4.742,7.371,6.016
51049,0.715,35.905,22.181,29.739,23.247,4.783,7.411,6.056
51050,0.702,35.628,22.15,29.74,23.258,4.742,7.411,6.056
51051,0.701,35.644,22.193,29.692,23.241,4.62,7.249,5.893
51052,0.708,35.759,22.228,29.73,23.244,4.741,7.328,6.054
51053,0.731,35.857,22.135,29.711,23.247,4.701,7.329,6.015
51054,0.725,35.56,22.173,29.701,23.24,4.701,7.248,5.974
51055,0.711,35.672,22.146,29.71,23.244,4.742,7.288,5.974
51056,0.731,35.808,22.2,29.73,23.251,4.823,7.451,6.177
51057,0.741,35.915,22.193,29.759,23.251,4.783,7.33,6.057
51058,0.725,35.59,22.197,29.711,23.244,4.783,7.41,5.975
51059,0.744,35.759,22.158,29.758,23.244,4.783,7.452,6.015
51060,0.728,35.876,22.134,29.73,23.251,4.824,7.412,6.015
51061,0.744,35.944,22.216,29.73,23.251,4.743,7.452,5.974
51062,0.747,35.513,22.166,29.701,23.233,4.661,7.371,5.893
51063,0.764,35.681,22.154,29.71,23.258,4.7,7.452,6.014
51064,0.783,35.798,22.15,29.701,23.247,4.701,7.371,6.015
51065,0.81,35.838,22.15,29.701,23.24,4.701,7.37,5.974
51066,0.833,35.589,22.2,29.701,23.24,4.782,7.411,6.015
51067,0.852,35.721,22.205,29.71,23.247,4.783,7.493,6.056
51068,0.888,35.904,22.22,29.749,23.261,4.864,7.534,6.097
51069,0.895,35.906,22.162,29.72,23.251,4.743,7.372,6.056
51070,0.925,35.58,22.177,29.73,23.24,4.783,7.492,6.056
51071,0.918,35.711,22.208,29.73,23.247,4.824,7.494,6.097
51072,0.931,35.818,22.217,29.72,23.251,4.824,7.453,6.097
51073,0.951,35.838,22.131,29.711,23.247,4.661,7.371,5.975
51074,0.967,35.579,22.161,29.72,23.251,4.7,7.492,6.015
51075,1.007,35.72,22.165,29.72,23.237,4.742,7.412,5.974
51076,1.053,35.818,22.189,29.701,23.244,4.701,7.452,6.015
51077,1.105,35.627,22.185,29.71,23.244,4.66,7.29,6.015
51078,1.148,35.539,22.197,29.72,23.24,4.741,7.369,6.096
51079,1.213,35.701,22.154,29.749,23.261,4.864,7.533,6.178
51080,1.282,35.818,22.157,29.72,23.247,4.743,7.331,6.098
51081,1.306,35.483,22.208,29.72,23.247,4.742,7.329,6.097
51082,1.326,35.585,22.224,29.711,23.247,4.783,7.37,6.178
51083,1.303,35.74,22.182,29.73,23.251,4.824,7.33,6.139
51084,1.306,35.828,22.173,29.73,23.254,4.824,7.289,6.138
51085,1.313,35.483,22.173,29.701,23.23,4.58,7.125,6.016
51086,1.326,35.604,22.181,29.71,23.247,4.7,7.246,6.178
51087,1.342,35.778,22.166,29.72,23.251,4.742,7.288,6.139
51088,1.339,35.828,22.15,29.711,23.24,4.783,7.247,6.138
51089,1.293,35.493,22.126,29.701,23.244,4.702,7.206,6.26
51090,1.273,35.662,22.149,29.73,23.251,4.782,7.328,6.343
51091,1.289,35.817,22.22,29.759,23.261,4.905,7.37,6.343
51092,1.267,35.857,22.232,29.721,23.241,4.744,7.289,6.384
51093,1.244,35.464,22.178,29.72,23.244,4.783,7.288,6.385
51094,1.185,35.595,22.189,29.72,23.251,4.742,7.329,6.547
51095,1.142,35.73,22.158,29.73,23.254,4.823,7.329,6.59
51096,1.096,35.789,22.197,29.72,23.247,4.702,7.167,6.59
51097,1.027,35.464,22.146,29.701,23.237,4.66,7.206,6.793
51098,0.994,35.623,22.192,29.72,23.247,4.782,7.165,6.999
51099,0.952,35.74,22.111,29.711,23.244,4.702,7.206,7.204
51100,0.899,35.78,22.126,29.711,23.244,4.66,7.165,7.409
51101,0.834,35.483,22.192,29.701,23.244,4.66,7.246,7.737
51102,0.787,35.643,22.185,29.739,23.254,4.863,7.328,8.187
51103,0.751,35.769,22.076,29.749,23.247,4.784,7.248,8.314
51104,0.705,35.809,22.188,29.701,23.251,4.783,7.288,8.518
51105,0.669,35.512,22.209,29.73,23.247,4.783,7.207,8.805
51106,0.636,35.633,22.189,29.73,23.258,4.742,7.287,9.011
51107,0.593,35.75,22.201,29.739,23.247,4.823,7.247,9.135
51108,0.567,35.415,22.181,29.701,23.24,4.702,7.044,9.258
51109,0.541,35.469,22.146,29.71,23.244,4.823,7.164,9.463
51110,0.547,35.585,22.181,29.711,23.244,4.743,7.165,9.546
51111,0.57,35.701,22.181,29.73,23.244,4.783,7.124,9.547
51112,0.599,35.578,22.193,29.701,23.244,4.702,7.124,9.628
51113,0.645,35.749,22.123,29.701,23.244,4.742,7.124,9.873
51114,0.704,35.895,22.165,29.739,23.261,4.864,7.246,9.916
51115,0.731,35.973,22.158,29.72,23.244,4.743,7.125,9.998
51116,0.754,35.302,22.189,29.72,23.247,4.742,7.083,10.121
51117,0.774,35.449,22.181,29.73,23.254,4.742,7.123,10.366
51118,0.787,35.594,22.228,29.72,23.247,4.742,7.083,10.571
51119,0.81,35.663,22.15,29.72,23.251,4.701,6.961,10.614
51120,0.807,35.357,22.161,29.672,23.233,4.62,6.919,11.021
51121,0.816,35.507,22.2,29.729,23.251,4.741,6.959,11.269
51122,0.813,35.624,22.22,29.72,23.244,4.783,7.0,11.516
51123,0.803,35.702,22.123,29.72,23.24,4.661,6.879,11.681
51124,0.8,35.511,22.149,29.701,23.237,4.7,6.877,11.886
51125,0.794,35.653,22.189,29.72,23.254,4.823,7.081,12.294
51126,0.806,35.807,22.181,29.749,23.254,4.783,7.002,12.298
51127,0.79,35.828,22.162,29.73,23.251,4.742,6.96,12.258
51128,0.787,35.387,22.165,29.72,23.254,4.783,6.96,12.379
51129,0.787,35.527,22.126,29.72,23.251,4.783,6.96,12.462
51130,0.777,35.662,22.157,29.739,23.254,4.783,6.96,12.381
51131,0.787,35.693,22.169,29.692,23.24,4.62,6.756,12.218
51132,0.774,35.396,22.197,29.701,23.247,4.659,6.917,12.257
51133,0.784,35.546,22.162,29.72,23.247,4.741,6.878,12.135
51134,0.784,35.653,22.154,29.711,23.24,4.661,6.837,12.012
51135,0.787,35.424,22.15,29.691,23.244,4.66,6.755,11.93
51136,0.793,35.431,22.165,29.72,23.254,4.741,6.876,11.97
51137,0.806,35.604,22.204,29.759,23.258,4.905,6.877,11.889
51138,0.81,35.682,22.201,29.711,23.247,4.662,6.837,11.644
51139,0.807,35.405,22.17,29.749,23.24,4.863,6.837,11.641
51140,0.816,35.517,22.158,29.711,23.254,4.784,6.837,11.519
51141,0.816,35.662,22.189,29.711,23.247,4.864,6.796,11.396
51142,0.823,35.74,22.185,29.701,23.24,4.702,6.755,11.192
51143,0.791,35.195,22.193,29.691,23.24,4.701,6.795,11.108
51144,0.81,35.352,22.146,29.71,23.247,4.701,6.755,10.985
51145,0.8,35.498,22.2,29.711,23.244,4.701,6.754,10.903
51146,0.787,35.557,22.185,29.701,23.244,4.66,6.754,10.78
51147,0.784,35.375,22.193,29.701,23.244,4.741,6.836,10.779
51148,0.803,35.565,22.224,29.739,23.258,4.905,6.999,10.779
51149,0.797,35.682,22.15,29.73,23.251,4.744,6.879,10.576
51150,0.787,35.741,22.177,29.72,23.254,4.783,6.877,10.451
51151,0.78,35.549,22.158,29.739,23.251,4.742,6.959,10.328
51152,0.784,35.682,22.208,29.73,23.251,4.823,6.919,10.246
51153,0.797,35.798,22.138,29.739,23.247,4.702,6.878,10.001
51154,0.784,35.819,22.118,29.692,23.24,4.742,6.877,9.999
51155,0.806,35.195,22.138,29.72,23.247,4.701,6.877,9.877
51156,0.803,35.323,22.146,29.73,23.247,4.742,6.877,9.713
51157,0.803,35.44,22.161,29.711,23.244,4.701,6.918,9.548
51158,0.8,35.47,22.232,29.701,23.247,4.701,6.959,9.506
51159,0.82,35.365,22.221,29.787,23.258,4.904,7.122,9.587
51160,0.823,35.507,22.178,29.721,23.247,4.703,7.002,9.344
51161,0.82,35.576,22.224,29.711,23.251,4.782,7.041,9.26
51162,0.817,35.5,22.217,29.72,23.247,4.824,7.123,9.259
51163,0.81,35.346,22.193,29.72,23.251,4.783,7.124,9.097
51164,0.81,35.469,22.197,29.711,23.247,4.742,7.002,8.932
51165,0.797,35.518,22.189,29.691,23.237,4.701,7.001,8.931
51166,0.807,35.26,22.177,29.71,23.247,4.782,7.123,8.85
51167,0.794,35.343,22.177,29.701,23.244,4.702,7.002,8.727
51168,0.793,35.478,22.173,29.691,23.237,4.701,7.001,8.603
51169,0.793,35.585,22.134,29.72,23.244,4.701,7.082,8.643
51170,0.79,35.308,22.149,29.749,23.261,4.904,7.205,8.765
51171,0.793,35.44,22.189,29.72,23.247,4.744,7.084,8.523
51172,0.793,35.537,22.209,29.72,23.247,4.823,7.083,8.479
51173,0.81,35.653,22.146,29.72,23.258,4.824,7.042,8.316
51174,0.807,35.088,22.161,29.73,23.247,4.824,7.123,8.396
51175,0.813,35.255,22.181,29.72,23.247,4.743,7.083,8.194
51176,0.807,35.343,22.181,29.692,23.233,4.62,6.961,8.07
51177,0.813,35.43,22.189,29.71,23.251,4.741,7.082,8.109
51178,0.826,35.316,22.193,29.72,23.251,4.742,6.961,8.069
51179,0.826,35.44,22.084,29.72,23.24,4.701,6.96,7.987
51180,0.836,35.566,22.133,29.692,23.244,4.742,6.919,7.864
51181,0.833,35.634,22.185,29.72,23.244,4.823,7.122,7.985
51182,0.852,35.232,22.146,29.739,23.254,4.865,7.002,7.864
51183,0.83,35.343,22.185,29.72,23.251,4.784,7.001,7.822
51184,0.817,35.459,22.197,29.711,23.251,4.783,7.082,7.863
51185,0.823,35.508,22.213,29.73,23.251,4.824,7.042,7.741
51186,0.82,35.327,22.24,29.739,23.258,4.783,7.082,7.74
51187,0.81,35.488,22.193,29.72,23.247,4.702,6.92,7.537
51188,0.794,35.547,22.185,29.701,23.24,4.742,7.041,7.534
51189,0.803,35.922,22.169,29.73,23.244,4.701,7.042,7.534
51190,0.8,35.35,22.15,29.72,23.251,4.742,6.96,7.494
51191,0.797,35.459,22.161,29.711,23.24,4.661,7.0,7.494
51192,0.797,35.547,22.158,29.711,23.244,4.7,7.082,7.494
51193,0.816,35.308,22.083,29.749,23.258,4.904,7.164,7.534
51194,0.833,35.315,22.153,29.72,23.247,4.744,7.043,7.412
51195,0.82,35.44,22.146,29.701,23.247,4.742,7.001,7.371
51196,0.83,35.546,22.192,29.73,23.247,4.742,7.001,7.37
51197,0.83,35.231,22.166,29.73,23.254,4.823,7.041,7.411
51198,0.833,35.353,22.224,29.73,23.247,4.702,6.96,7.249
51199,0.823,35.44,22.185,29.739,23.233,4.62,6.838,7.166
51200,0.836,35.556,22.142,29.711,23.247,4.7,6.877,7.124
51201,0.839,35.183,22.189,29.711,23.24,4.701,6.959,7.165
51202,0.833,35.333,22.107,29.691,23.244,4.66,6.919,7.084
51203,0.823,35.459,22.145,29.672,23.237,4.66,6.878,7.123
51204,0.83,35.547,22.177,29.72,23.247,4.782,7.04,7.165
51205,0.843,35.231,22.216,29.73,23.254,4.824,6.96,7.165
51206,0.826,35.343,22.221,29.72,23.247,4.783,6.96,7.084
51207,0.826,35.478,22.182,29.711,23.251,4.742,6.96,7.002
51208,0.823,35.537,22.201,29.73,23.251,4.783,6.919,7.001
51209,0.826,35.269,22.17,29.739,23.258,4.824,7.0,7.082
51210,0.826,35.42,22.15,29.72,23.251,4.702,6.879,6.88
51211,0.817,35.508,22.189,29.692,23.24,4.782,6.918,6.959
51212,0.82,35.566,22.193,29.72,23.251,4.742,6.959,7.0
51213,0.813,35.126,22.158,29.72,23.244,4.742,6.96,6.838
51214,0.833,35.256,22.157,29.701,23.24,4.742,6.878,6.796
51215,0.826,35.382,22.154,29.701,23.244,4.701,6.959,6.917
51216,0.839,35.412,22.161,29.749,23.254,4.863,7.122,7.0
51217,0.849,35.268,22.146,29.73,23.247,4.784,7.043,6.797
51218,0.846,35.391,22.196,29.701,23.244,4.783,7.001,6.795
51219,0.853,35.498,22.162,29.749,23.254,4.824,7.001,6.836
51220,0.859,35.355,22.142,29.73,23.251,4.783,7.082,6.877
51221,0.859,35.296,22.192,29.711,23.251,4.905,7.042,6.715
51222,0.846,35.372,22.123,29.691,23.24,4.662,6.92,6.632
51223,0.836,35.517,22.165,29.73,23.244,4.741,7.041,6.794
51224,0.843,35.154,22.169,29.72,23.24,4.742,6.92,6.673
51225,0.83,35.256,22.201,29.701,23.244,4.783,6.919,6.672
51226,0.833,35.391,22.17,29.701,23.24,4.783,6.959,6.672
51227,0.839,35.508,22.165,29.73,23.251,4.824,7.082,6.794
51228,0.833,35.183,22.236,29.72,23.251,4.865,7.002,6.633
51229,0.836,35.285,22.166,29.73,23.244,4.824,7.001,6.631
51230,0.83,35.43,22.177,29.711,23.247,4.824,7.041,6.672
51231,0.839,35.518,22.204,29.72,23.244,4.783,7.001,6.672
51232,0.843,35.221,22.181,29.72,23.247,4.783,7.041,6.672
51233,0.846,35.343,22.193,29.749,23.237,4.661,6.92,6.469
51234,0.84,35.459,22.119,29.701,23.244,4.782,6.919,6.548
51235,0.852,35.547,22.169,29.701,23.244,4.824,6.959,6.549
51236,0.856,35.116,22.154,29.701,23.24,4.702,6.96,6.549
51237,0.853,35.256,22.146,29.691,23.237,4.701,6.919,6.468
51238,0.872,35.372,22.235,29.701,23.247,4.782,7.122,6.589
51239,0.863,35.469,22.193,29.758,23.258,4.905,7.083,6.549
51240,0.862,35.211,22.15,29.701,23.254,4.744,7.083,6.59
51241,0.866,35.333,22.181,29.71,23.251,4.823,7.083,6.631
51242,0.872,35.488,22.126,29.72,23.251,4.783,7.083,6.55
51243,0.859,35.528,22.173,29.72,23.251,4.783,7.164,6.63
51244,0.869,35.164,22.146,29.692,23.24,4.702,7.043,6.387
51245,0.856,35.256,22.189,29.682,23.24,4.742,7.042,6.588
51246,0.846,35.41,22.15,29.72,23.247,4.742,7.164,6.509
51247,0.836,35.469,22.169,29.682,23.247,4.701,7.043,6.386
51248,0.836,35.115,22.189,29.691,23.237,4.742,7.042,6.344
51249,0.833,35.256,22.041,29.701,23.251,4.742,7.123,6.547
51250,0.846,35.391,22.18,29.749,23.258,4.864,7.327,6.671
51251,0.853,35.124,22.208,29.72,23.244,4.824,7.126,6.469
51252,0.849,35.169,22.193,29.72,23.251,4.783,7.165,6.467
51253,0.856,35.314,22.22,29.759,23.251,4.824,7.165,6.467
51254,0.862,35.43,22.162,29.721,23.247,4.824,7.206,6.548
51255,0.866,35.019,22.169,29.701,23.244,4.661,7.003,6.305
51256,0.856,35.111,22.158,29.701,23.244,4.741,7.123,6.425
51257,0.875,35.284,22.173,29.71,23.244,4.742,7.083,6.466
51258,0.869,35.382,22.201,29.72,23.244,4.742,7.042,6.345
51259,0.872,35.057,22.17,29.692,23.251,4.661,7.042,6.384
51260,0.885,35.197,22.15,29.701,23.247,4.782,7.123,6.466
51261,0.905,35.352,22.185,29.739,23.261,4.864,7.124,6.467
51262,0.892,35.411,22.154,29.701,23.251,4.743,7.043,6.426
51263,0.869,35.057,22.177,29.72,23.251,4.783,7.082,6.385
51264,0.879,35.178,22.173,29.73,23.251,4.824,7.042,6.425
51265,0.872,35.314,22.201,29.72,23.244,4.783,7.082,6.466
51266,0.869,35.373,22.181,29.711,23.244,4.702,6.961,6.223
51267,0.856,35.057,22.177,29.691,23.24,4.742,7.041,6.383
51268,0.859,35.236,22.208,29.72,23.251,4.742,7.001,6.344
51269,0.846,35.324,22.162,29.72,23.247,4.823,6.96,6.303
51270,0.866,35.363,22.142,29.692,23.24,4.661,6.919,6.302
51271,0.859,35.038,22.189,29.691,23.244,4.822,7.081,6.465
51272,0.872,35.207,22.205,29.739,23.265,4.946,7.123,6.467
51273,0.889,35.324,22.142,29.72,23.248,4.825,7.124,6.426
51274,0.882,35.354,22.153,29.701,23.247,4.824,7.043,6.304
51275,0.892,35.095,22.208,29.701,23.251,4.783,7.123,6.425
51276,0.899,35.207,22.224,29.73,23.254,4.864,7.083,6.466
51277,0.908,35.333,22.205,29.711,23.251,4.743,7.083,6.264
51278,0.895,35.056,22.216,29.701,23.237,4.823,7.042,6.343
51279,0.905,35.063,22.217,29.71,23.247,4.743,7.042,6.221
51280,0.918,35.178,22.15,29.691,23.244,4.783,7.042,6.261
51281,0.915,35.256,22.208,29.682,23.24,4.742,7.042,6.262
51282,0.905,34.988,22.115,29.701,23.24,4.783,7.082,6.384
51283,0.908,35.158,22.134,29.739,23.261,4.986,7.205,6.425
51284,0.912,35.275,22.11,29.72,23.251,4.866,7.084,6.304
51285,0.905,35.363,22.153,29.711,23.244,4.824,7.123,6.343
51286,0.899,35.038,22.2,29.72,23.251,4.824,7.083,6.303
51287,0.899,35.197,22.177,29.711,23.254,4.905,7.164,6.343
51288,0.902,35.333,22.197,29.72,23.24,4.906,7.124,6.221
51289,0.899,35.363,22.068,29.701,23.233,4.784,7.043,6.22
51290,0.899,34.951,22.129,29.71,23.251,4.824,7.082,6.302
51291,0.902,35.081,22.204,29.701,23.244,4.865,7.083,6.343
51292,0.895,35.179,22.17,29.701,23.244,4.824,7.002,6.262
51293,0.902,35.275,22.138,29.701,23.244,4.824,7.123,6.302
51294,0.918,35.161,22.138,29.749,23.261,5.068,7.246,6.425
51295,0.938,35.313,22.169,29.73,23.251,4.989,7.125,6.263
51296,0.932,35.421,22.193,29.701,23.244,4.948,7.124,6.302
51297,0.941,35.47,22.181,29.71,23.251,4.907,7.165,6.262
51298,0.938,35.086,22.228,29.711,23.254,4.987,7.124,6.384
51299,0.958,35.255,22.193,29.739,23.254,4.988,7.165,6.222
51300,0.961,35.343,22.115,29.682,23.24,4.907,6.962,6.139
51301,0.958,35.392,22.2,29.681,23.251,4.906,7.122,6.219
51302,0.951,35.143,22.119,29.71,23.244,4.987,7.002,6.22
51303,0.945,35.256,22.13,29.701,23.24,4.988,7.082,6.139
51304,0.941,35.372,22.106,29.682,23.237,4.988,6.961,6.219
51305,0.948,35.354,22.153,29.72,23.254,5.029,7.122,6.342
51306,0.958,35.258,22.193,29.711,23.247,5.07,7.124,6.262
51307,0.938,35.362,22.138,29.711,23.247,4.989,7.124,6.302
51308,0.941,35.488,22.185,29.711,23.251,5.07,7.083,6.221
51309,0.932,35.211,22.177,29.73,23.247,5.03,7.123,6.302
51310,0.944,35.304,22.154,29.711,23.247,4.948,7.043,6.14
51311,0.932,35.401,22.208,29.672,23.237,4.866,7.001,6.179
51312,0.935,35.517,22.177,29.701,23.247,4.946,7.001,6.179
51313,0.945,35.24,22.158,29.71,23.244,4.907,7.001,6.139
51314,0.958,35.362,22.107,29.701,23.244,4.906,7.001,6.098
51315,0.964,35.469,22.161,29.691,23.237,4.906,6.96,6.178
51316,0.977,35.595,22.193,29.72,23.251,5.109,7.163,6.261
51317,0.987,35.375,22.162,29.739,23.251,5.071,7.043,6.058
51318,0.984,35.469,22.193,29.711,23.247,4.989,7.001,6.137
51319,0.991,35.614,22.17,29.72,23.251,4.988,7.041,6.138
51320,1.007,35.682,22.161,29.73,23.251,5.07,7.082,6.138
51321,1.017,35.453,22.169,29.72,23.247,5.07,7.002,6.098
51322,1.01,35.566,22.111,29.692,23.237,4.826,6.879,6.056
51323,0.997,35.72,22.188,29.691,23.247,4.946,6.959,6.137
51324,0.991,35.76,22.154,29.701,23.247,4.988,6.919,6.057
51325,1.0,35.463,22.193,29.691,23.247,4.988,6.837,6.097
51326,0.987,35.595,22.154,29.691,23.237,4.948,6.918,6.016
51327,0.991,35.749,22.15,29.72,23.254,5.069,7.041,6.218
51328,1.02,35.799,22.22,29.739,23.254,4.989,6.92,6.098
51329,0.994,35.646,22.154,29.72,23.244,4.988,6.959,6.056
51330,0.984,35.75,22.15,29.72,23.251,4.988,6.96,6.137
51331,1.0,35.885,22.185,29.72,23.251,5.029,7.0,6.179
51332,1.004,36.232,22.111,29.72,23.251,5.03,7.041,6.098
51333,1.017,35.871,22.145,29.692,23.237,4.826,6.879,5.935
51334,1.017,35.973,22.126,29.701,23.247,4.987,7.04,6.096
51335,1.03,36.098,22.177,29.71,23.247,4.988,7.042,6.138
51336,1.04,35.889,22.169,29.701,23.24,4.866,7.042,6.016
51337,1.037,35.944,22.169,29.691,23.237,4.946,7.042,6.056
51338,1.046,36.041,22.197,29.701,23.244,4.988,7.082,6.097
51339,1.063,36.195,22.17,29.739,23.261,5.07,7.205,6.219
51340,1.069,36.072,22.158,29.711,23.251,4.989,7.125,6.139
51341,1.063,36.195,22.189,29.711,23.251,4.948,7.124,6.057
51342,1.069,36.331,22.17,29.72,23.251,4.988,7.124,6.097
51343,1.066,36.418,22.208,29.73,23.251,4.988,7.165,6.138
51344,1.069,36.055,22.17,29.711,23.251,4.988,7.084,5.976
51345,1.073,36.157,22.201,29.682,23.24,4.907,7.123,6.015
51346,1.076,36.321,22.189,29.71,23.247,4.947,7.165,6.015
51347,1.07,36.38,22.177,29.72,23.24,4.947,7.124,5.974
51348,1.05,36.361,22.208,29.692,23.244,4.907,7.165,5.974
51349,1.05,36.524,22.138,29.71,23.24,4.987,7.124,6.055
51350,1.069,36.66,22.153,29.749,23.258,5.07,7.327,6.3
51351,1.086,36.7,22.177,29.701,23.251,4.989,7.167,6.058
51352,1.073,36.384,22.154,29.73,23.254,4.948,7.246,6.097
51353,1.086,36.515,22.161,29.711,23.247,4.988,7.206,6.056
51354,1.086,36.631,22.13,29.73,23.247,5.029,7.247,6.097
51355,1.096,36.671,22.185,29.711,23.251,4.907,7.166,5.935
51356,1.089,36.566,22.134,29.691,23.237,4.865,7.165,6.014
51357,1.105,36.718,22.192,29.691,23.247,4.906,7.287,5.974
51358,1.115,36.815,22.189,29.701,23.244,4.865,7.288,6.015
51359,1.122,36.836,22.17,29.71,23.244,4.946,7.207,5.974
51360,1.129,36.692,22.15,29.701,23.244,4.907,7.287,6.055
51361,1.138,36.834,22.228,29.739,23.261,4.987,7.369,6.219
51362,1.138,36.941,22.143,29.72,23.247,4.988,7.248,6.058
51363,1.122,36.846,22.15,29.711,23.247,4.948,7.328,6.137
51364,1.129,36.817,22.161,29.73,23.251,4.988,7.329,6.138
51365,1.132,36.96,22.22,29.711,23.254,4.988,7.329,6.138
51366,1.129,37.067,22.162,29.739,23.247,4.826,7.289,6.016
51367,1.112,36.924,22.158,29.682,23.244,4.824,7.166,6.015
51368,1.115,37.076,22.193,29.72,23.247,4.905,7.328,5.974
51369,1.119,37.193,22.166,29.711,23.244,4.784,7.248,6.015
51370,1.125,37.29,22.158,29.691,23.244,4.824,7.288,6.056
51371,1.122,36.907,22.2,29.701,23.24,4.905,7.247,6.015
51372,1.122,37.057,22.15,29.739,23.258,4.987,7.45,6.259
51373,1.142,37.193,22.161,29.74,23.251,4.988,7.33,6.058
51374,1.129,37.252,22.118,29.72,23.244,4.866,7.329,6.015
51375,1.142,37.195,22.145,29.72,23.24,4.906,7.37,6.096
51376,1.148,37.328,22.138,29.73,23.251,4.947,7.37,6.138
51377,1.155,37.454,22.13,29.73,23.254,4.947,7.33,6.057
51378,1.155,37.494,22.188,29.701,23.244,4.825,7.248,6.015
51379,1.142,37.159,22.13,29.701,23.244,4.905,7.288,6.056
51380,1.158,37.318,22.138,29.71,23.254,4.865,7.207,6.015
51381,1.155,37.406,22.2,29.711,23.244,4.784,7.165,5.934
51382,1.152,37.455,22.131,29.701,23.24,4.783,7.124,5.974
51383,1.139,37.293,22.157,29.691,23.244,4.905,7.327,6.096
51384,1.151,37.483,22.154,29.739,23.265,5.028,7.37,6.178
51385,1.142,37.561,22.177,29.711,23.251,4.867,7.289,6.098
51386,1.135,37.572,22.165,29.711,23.244,4.987,7.329,6.097
51387,1.119,37.476,22.142,29.711,23.251,4.907,7.329,6.138
51388,1.122,37.609,22.212,29.72,23.254,4.947,7.329,6.138
51389,1.122,37.707,22.154,29.73,23.251,4.866,7.289,6.016
51390,1.109,37.727,22.177,29.692,23.24,4.824,7.288,6.056
51391,1.115,37.564,22.165,29.72,23.247,4.946,7.369,6.056
51392,1.106,37.668,22.165,29.701,23.24,4.866,7.37,6.056
51393,1.099,37.774,22.107,29.73,23.237,4.784,7.411,5.975
51394,1.102,37.392,22.106,29.73,23.244,4.824,7.452,6.055
51395,1.109,37.465,22.134,29.73,23.254,4.987,7.574,6.219
51396,1.106,37.571,22.122,29.73,23.251,4.907,7.454,6.058
51397,1.106,37.649,22.122,29.72,23.251,4.865,7.534,6.097
51398,1.096,37.467,22.181,29.72,23.247,4.906,7.494,6.097
51399,1.099,37.628,22.158,29.778,23.251,4.947,7.575,6.097
51400,1.086,37.735,22.157,29.73,23.247,4.825,7.535,5.975
51401,1.079,37.765,22.161,29.682,23.226,4.702,7.453,6.015
51402,1.06,37.545,22.126,29.71,23.251,4.863,7.493,6.015
51403,1.063,37.715,22.173,29.72,23.24,4.865,7.494,6.056
51404,1.04,37.823,22.123,29.72,23.24,4.865,7.534,6.056
51405,1.03,37.852,22.165,29.711,23.237,4.824,7.616,6.015
51406,1.024,37.498,22.161,29.73,23.258,4.987,7.698,6.178
51407,1.027,37.715,22.161,29.759,23.261,5.029,7.658,6.057
51408,1.001,37.775,22.193,29.721,23.247,4.907,7.617,6.097
51409,0.991,37.852,22.209,29.778,23.247,4.906,7.698,6.097
51410,0.984,37.594,22.177,29.74,23.251,4.987,7.658,6.138
51411,0.978,37.716,22.177,29.74,23.251,4.907,7.658,6.098
51412,0.964,37.842,22.162,29.72,23.237,4.784,7.576,5.935
51413,0.955,37.843,22.146,29.711,23.237,4.824,7.616,6.014
51414,0.961,37.728,22.169,29.711,23.251,4.865,7.576,6.056
51415,0.958,37.842,22.181,29.73,23.244,4.824,7.454,6.137
51416,0.964,37.949,22.15,29.701,23.244,4.783,7.452,6.057
51417,0.951,38.103,22.146,29.71,23.244,4.864,7.534,6.097
51418,0.964,37.558,22.169,29.749,23.258,5.028,7.657,6.219
51419,0.958,37.687,22.173,29.73,23.241,4.826,7.576,6.098
51420,0.938,37.765,22.13,29.73,23.251,4.905,7.575,6.016
51421,0.941,37.67,22.181,29.73,23.251,4.825,7.494,6.096
51422,0.935,37.717,22.115,29.759,23.258,4.946,7.534,6.178
51423,0.918,37.861,22.126,29.73,23.251,4.866,7.494,6.057
51424,0.905,37.939,22.161,29.711,23.233,4.702,7.412,6.015
51425,0.902,37.547,22.212,29.739,23.244,4.904,7.371,6.137
51426,0.892,37.677,22.205,29.73,23.247,4.825,7.411,5.976
51427,0.882,37.774,22.193,29.72,23.24,4.824,7.33,5.974
51428,0.859,37.862,22.193,29.711,23.237,4.783,7.329,6.015
51429,0.859,37.623,22.119,29.739,23.247,4.905,7.451,6.178
51430,0.862,37.793,22.169,29.759,23.258,4.906,7.412,6.139
51431,0.849,37.852,22.161,29.721,23.251,4.865,7.371,6.138
51432,0.846,37.939,22.169,29.749,23.24,4.906,7.33,6.098
51433,0.853,37.528,22.033,29.759,23.247,4.906,7.37,6.178
51434,0.849,37.667,22.156,29.769,23.251,4.947,7.37,6.139
51435,0.843,37.774,22.15,29.73,23.244,4.785,7.208,6.057
51436,0.839,37.794,22.165,29.711,23.24,4.783,7.287,6.056
51437,0.846,37.651,22.177,29.73,23.247,4.824,7.247,6.097
51438,0.849,37.755,22.189,29.72,23.244,4.824,7.288,6.097
51439,0.843,37.871,22.177,29.826,23.244,4.783,7.166,6.056
51440,0.839,37.92,22.115,29.731,23.24,4.824,7.206,6.097
51441,0.843,37.537,22.2,29.749,23.258,4.946,7.369,6.219
51442,0.849,37.687,22.15,29.749,23.247,4.907,7.208,6.098
51443,0.827,37.746,22.142,29.749,23.247,4.825,7.165,6.178
51444,0.813,37.785,22.13,29.749,23.247,4.905,7.206,6.139
51445,0.82,37.545,22.169,29.749,23.247,4.906,7.165,6.138
51446,0.81,37.687,22.177,29.749,23.251,4.784,7.124,6.057
51447,0.8,37.765,22.146,29.701,23.237,4.702,7.002,6.056
51448,0.787,37.689,22.177,29.739,23.251,4.782,7.082,6.056
51449,0.787,37.583,22.13,29.749,23.247,4.783,7.002,6.097
51450,0.78,37.697,22.126,29.749,23.24,4.783,7.041,6.056
51451,0.79,37.784,22.169,29.73,23.244,4.824,7.082,6.015
51452,0.784,37.526,22.181,29.768,23.254,4.987,7.205,6.218
51453,0.803,37.648,22.134,29.759,23.254,4.785,7.043,6.058
51454,0.79,37.745,22.114,29.749,23.247,4.824,7.042,6.178
51455,0.78,37.823,22.165,29.768,23.251,4.865,6.96,6.057
51456,0.79,37.411,22.197,29.769,23.251,4.824,7.122,6.137
51457,0.793,37.551,22.15,29.759,23.251,4.783,7.083,6.098
51458,0.787,37.648,22.189,29.711,23.237,4.702,6.92,5.975
51459,0.8,37.716,22.127,29.768,23.247,4.904,7.041,6.055
51460,0.81,37.506,22.106,29.74,23.244,4.865,7.042,5.975
51461,0.797,37.619,22.184,29.74,23.244,4.784,7.001,5.974
51462,0.79,37.735,22.138,29.73,23.244,4.824,7.123,6.055
51463,0.797,37.804,22.165,29.778,23.258,4.987,7.205,6.178
51464,0.8,37.43,22.126,29.759,23.244,4.866,7.165,6.139
51465,0.781,37.532,22.153,29.759,23.247,4.865,7.206,6.057
51466,0.774,37.639,22.154,29.769,23.251,4.824,7.287,6.056
51467,0.774,37.726,22.134,29.759,23.247,4.865,7.329,6.137
51468,0.774,37.526,22.185,29.769,23.244,4.824,7.289,5.976
51469,0.764,37.639,22.084,29.721,23.237,4.702,7.288,6.055
51470,0.761,37.774,22.137,29.768,23.247,4.863,7.369,6.056
51471,0.754,37.794,22.185,29.759,23.244,4.824,7.33,6.056
51472,0.761,37.421,22.166,29.749,23.24,4.783,7.329,6.056
51473,0.77,37.561,22.158,29.759,23.244,4.864,7.492,6.056
51474,0.774,37.677,22.126,29.778,23.258,4.987,7.656,6.178
51475,0.784,37.899,22.177,29.769,23.247,4.785,7.455,6.057
51476,0.784,37.489,22.158,29.759,23.244,4.824,7.534,6.137
51477,0.78,37.619,22.161,29.759,23.254,4.865,7.534,6.057
51478,0.78,37.726,22.216,29.769,23.251,4.824,7.494,6.178
51479,0.797,37.526,22.115,29.807,23.247,4.905,7.534,6.098
51480,0.79,37.543,22.138,29.74,23.24,4.784,7.412,6.016
51481,0.787,37.667,22.177,29.749,23.247,4.824,7.452,6.015
51482,0.797,37.765,22.181,29.768,23.244,4.783,7.452,6.015
51483,0.777,37.286,22.177,29.759,23.244,4.824,7.371,6.015
51484,0.777,37.368,22.123,29.759,23.24,4.824,7.411,6.096
51485,0.761,37.512,22.145,29.778,23.24,4.824,7.533,6.178
51486,0.77,37.638,22.126,29.778,23.258,4.987,7.534,6.179
51487,0.767,37.285,22.138,29.778,23.247,4.866,7.372,6.139
51488,0.754,37.396,22.185,29.769,23.251,4.784,7.452,6.138
51489,0.764,37.522,22.087,29.778,23.251,4.905,7.371,6.138
51490,0.761,37.61,22.149,29.797,23.251,4.865,7.37,6.138
51491,0.764,37.572,22.169,29.759,23.244,4.784,7.248,6.057
51492,0.751,37.677,22.169,29.759,23.24,4.824,7.206,6.137
51493,0.767,37.841,22.169,29.797,23.247,4.824,7.287,6.098
51494,0.77,37.872,22.158,29.778,23.251,4.824,7.288,6.097
51495,0.777,37.258,22.177,29.759,23.244,4.743,7.207,6.097
51496,0.771,37.406,22.197,29.769,23.244,4.783,7.287,6.138
51497,0.783,37.541,22.193,29.797,23.265,4.946,7.451,6.301
51498,0.8,37.581,22.224,29.788,23.254,4.785,7.412,6.221
51499,0.8,37.323,22.174,29.788,23.251,4.864,7.33,6.18
51500,0.8,37.464,22.126,29.788,23.244,4.906,7.37,6.22
51501,0.787,37.571,22.216,29.807,23.251,4.865,7.411,6.22
51502,0.793,37.601,22.154,29.798,23.251,4.865,7.289,6.139
51503,0.774,37.352,22.146,29.759,23.237,4.702,7.329,6.138
51504,0.774,37.493,22.146,29.778,23.247,4.823,7.37,6.219
51505,0.771,37.59,22.169,29.778,23.244,4.824,7.37,6.18
51506,0.77,37.467,22.154,29.778,23.244,4.743,7.289,6.098
51507,0.754,37.456,22.154,29.788,23.247,4.701,7.288,6.178
51508,0.764,37.58,22.146,29.798,23.254,4.945,7.532,6.301
51509,0.783,37.716,22.15,29.836,23.251,4.785,7.372,6.18
51510,0.761,37.266,22.118,29.798,23.251,4.824,7.411,6.22
51511,0.774,37.367,22.149,29.778,23.24,4.865,7.452,6.22
51512,0.767,37.484,22.138,29.807,23.247,4.865,7.452,6.22
51513,0.767,37.571,22.13,29.807,23.247,4.865,7.412,6.22
51514,0.767,37.236,22.142,29.759,23.233,4.702,7.33,6.058
51515,0.767,37.367,22.173,29.788,23.247,4.782,7.37,6.178
51516,0.787,37.503,22.177,29.798,23.244,4.783,7.411,6.22
51517,0.79,37.581,22.185,29.798,23.247,4.742,7.371,6.18
51518,0.787,37.256,22.181,29.769,23.244,4.742,7.37,6.139
51519,0.793,37.406,22.177,29.797,23.251,4.864,7.452,6.26
51520,0.813,37.57,22.173,29.807,23.258,4.865,7.412,6.18
51521,0.8,37.591,22.181,29.788,23.247,4.824,7.371,6.139
51522,0.803,37.304,22.142,29.807,23.251,4.905,7.411,6.179
51523,0.794,37.454,22.118,29.798,23.244,4.825,7.533,6.139
51524,0.79,37.561,22.118,29.817,23.251,4.905,7.494,6.26
51525,0.793,37.61,22.169,29.788,23.244,4.703,7.331,6.099
51526,0.761,37.342,22.13,29.798,23.244,4.782,7.41,6.178
51527,0.767,37.512,22.153,29.798,23.254,4.742,7.452,6.139
51528,0.767,37.6,22.181,29.798,23.244,4.823,7.452,6.179
51529,0.767,37.62,22.173,29.778,23.24,4.743,7.452,6.098
51530,0.754,38.052,22.123,29.797,23.237,4.783,7.452,6.178
51531,0.767,38.2,22.181,29.817,23.258,4.986,7.696,6.301
51532,0.774,38.297,22.134,29.807,23.251,4.744,7.577,6.221
51533,0.78,37.809,22.122,29.807,23.247,4.823,7.494,6.18
51534,0.78,36.989,22.11,29.798,23.247,4.783,7.656,6.22
51535,0.784,37.125,22.145,29.826,23.251,4.783,7.617,6.302
51536,0.79,37.213,22.15,29.817,23.254,4.824,7.535,6.14
51537,0.787,37.377,22.157,29.779,23.237,4.661,7.453,6.138
51538,0.793,37.532,22.189,29.817,23.251,4.822,7.534,6.179
51539,0.806,37.658,22.17,29.817,23.251,4.743,7.575,6.179
51540,0.807,37.736,22.122,29.788,23.244,4.742,7.494,6.057
51541,0.797,37.171,22.177,29.798,23.24,4.783,7.453,6.097
51542,0.807,37.328,22.123,29.826,23.254,4.946,7.615,6.3
51543,0.813,37.483,22.126,29.846,23.251,4.825,7.576,6.14
51544,0.8,37.513,22.149,29.798,23.251,4.783,7.494,6.179
51545,0.8,37.389,22.2,29.817,23.247,4.824,7.534,6.179
51546,0.797,37.532,22.162,29.817,23.247,4.865,7.616,6.179
51547,0.787,37.648,22.154,29.827,23.254,4.824,7.576,6.139
51548,0.787,37.688,22.196,29.798,23.24,4.743,7.454,6.057
51549,0.777,37.209,22.162,29.798,23.247,4.783,7.574,6.178
51550,0.771,37.367,22.118,29.817,23.247,4.742,7.494,6.179
51551,0.767,37.455,22.169,29.817,23.244,4.823,7.494,6.098
51552,0.767,37.494,22.091,29.817,23.247,4.702,7.453,6.138
51553,0.774,37.255,22.114,29.836,23.258,4.985,7.615,6.341
51554,0.793,37.425,22.122,29.846,23.254,4.907,7.535,6.1
51555,0.777,37.494,22.153,29.827,23.244,4.865,7.534,6.138
51556,0.787,37.523,22.161,29.817,23.251,4.824,7.534,6.179
51557,0.793,37.284,22.169,29.846,23.247,4.824,7.575,6.301
51558,0.803,37.416,22.197,29.837,23.247,4.865,7.494,6.221
51559,0.803,37.503,22.162,29.798,23.24,4.702,7.371,6.098
51560,0.8,37.763,22.122,29.798,23.251,4.823,7.452,6.056
51561,0.8,37.296,22.2,29.826,23.244,4.865,7.493,6.097
51562,0.803,37.425,22.138,29.817,23.244,4.784,7.371,6.016
51563,0.787,37.532,22.146,29.807,23.237,4.742,7.37,6.056
51564,0.787,37.226,22.157,29.836,23.254,4.905,7.533,6.259
51565,0.797,37.223,22.224,29.846,23.254,4.906,7.494,6.139
51566,0.781,37.319,22.17,29.827,23.247,4.825,7.453,6.179
51567,0.771,37.435,22.154,29.827,23.247,4.905,7.534,6.179
51568,0.78,37.197,22.177,29.827,23.244,4.865,7.453,6.139
51569,0.777,37.3,22.158,29.827,23.247,4.946,7.452,6.179
51570,0.767,37.435,22.118,29.817,23.237,4.785,7.33,6.057
51571,0.757,37.484,22.177,29.817,23.247,4.864,7.37,6.137
51572,0.767,37.159,22.119,29.836,23.244,4.906,7.411,6.057
51573,0.774,37.309,22.141,29.817,23.24,4.865,7.371,6.097
51574,0.78,37.425,22.114,29.817,23.244,4.824,7.289,6.016
51575,0.771,37.484,22.134,29.817,23.244,4.905,7.41,6.218
51576,0.79,37.216,22.146,29.875,23.261,4.987,7.493,6.261
51577,0.8,37.367,22.142,29.856,23.247,4.826,7.331,6.18
51578,0.797,37.445,22.169,29.827,23.247,4.905,7.41,6.179
51579,0.8,37.523,22.138,29.855,23.247,4.906,7.411,6.22
51580,0.803,37.063,22.134,29.865,23.254,4.906,7.371,6.18
51581,0.8,37.212,22.185,29.856,23.247,4.906,7.33,6.098
51582,0.807,37.3,22.025,29.817,23.237,4.784,7.289,6.016
51583,0.794,37.358,22.176,29.855,23.251,4.905,7.329,6.096
51584,0.774,37.215,22.177,29.846,23.24,4.825,7.289,6.016
51585,0.777,37.329,22.24,29.837,23.244,4.824,7.247,6.056
51586,0.774,37.435,22.17,29.836,23.24,4.865,7.288,6.097
51587,0.774,37.455,22.158,29.846,23.251,4.906,7.369,6.219
51588,0.78,37.063,22.208,29.875,23.254,4.987,7.289,6.058
51589,0.777,37.164,22.15,29.856,23.247,4.907,7.247,6.178
51590,0.774,37.28,22.15,29.856,23.244,4.906,7.288,6.139
51591,0.774,37.214,22.165,29.865,23.251,4.947,7.207,6.219
51592,0.774,37.156,22.119,29.885,23.254,4.907,7.287,6.139
51593,0.777,37.261,22.149,29.846,23.24,4.825,7.125,6.057
51594,0.774,37.329,22.114,29.837,23.244,4.824,7.124,6.137
51595,0.774,37.023,22.192,29.846,23.244,4.824,7.205,6.098
51596,0.784,37.116,22.154,29.865,23.251,4.865,7.125,6.097
51597,0.787,37.222,22.13,29.856,23.24,4.906,7.083,5.975
51598,0.78,37.31,22.185,29.846,23.244,4.865,7.205,6.177
51599,0.8,37.023,22.154,29.894,23.261,4.987,7.328,6.22
51600,0.81,37.144,22.138,29.856,23.251,4.866,7.289,6.139
51601,0.8,37.232,22.161,29.865,23.244,4.824,7.288,6.138
51602,0.803,37.367,22.095,29.875,23.247,4.865,7.247,6.138
51603,0.8,36.918,22.114,29.865,23.258,4.906,7.328,6.138
51604,0.787,37.057,22.13,29.856,23.241,4.865,7.167,5.976
51605,0.78,37.126,22.185,29.808,23.233,4.824,7.287,6.055
51606,0.777,37.222,22.173,29.865,23.244,4.865,7.369,6.056
51607,0.774,37.031,22.158,29.865,23.247,4.946,7.289,6.097
51608,0.774,37.145,22.185,29.837,23.24,4.785,7.207,5.975
51609,0.767,37.299,22.181,29.865,23.247,4.824,7.287,6.137
51610,0.777,37.358,22.162,29.904,23.261,5.027,7.451,6.219
51611,0.777,36.966,22.2,29.885,23.247,4.826,7.371,6.058
51612,0.771,37.096,22.138,29.875,23.244,4.865,7.33,6.097
51613,0.783,37.203,22.138,29.875,23.247,4.824,7.289,6.097
51614,0.784,37.252,22.149,29.875,23.251,4.905,7.288,6.097
51615,0.78,37.003,22.193,29.875,23.251,4.865,7.288,6.138
51616,0.774,37.115,22.107,29.856,23.237,4.743,7.166,6.016
51617,0.78,37.251,22.13,29.875,23.244,4.823,7.246,6.096
51618,0.777,37.396,22.177,29.865,23.244,4.783,7.166,6.056
51619,0.79,36.995,22.154,29.865,23.247,4.824,7.165,6.056
51620,0.793,37.106,22.13,29.846,23.247,4.783,7.165,5.975
51621,0.79,37.212,22.153,29.875,23.251,4.905,7.246,6.177
51622,0.803,36.916,22.134,29.904,23.261,4.947,7.206,6.098
51623,0.781,36.884,22.11,29.885,23.241,4.866,7.247,6.138
51624,0.774,37.018,22.134,29.875,23.247,4.865,7.166,6.138
51625,0.774,37.125,22.177,29.875,23.251,4.824,7.124,6.138
51626,0.767,36.896,22.15,29.904,23.251,4.824,7.205,6.098
51627,0.78,37.047,22.134,29.875,23.24,4.824,7.043,5.975
51628,0.754,37.126,22.192,29.846,23.244,4.824,7.204,6.096
51629,0.764,37.232,22.177,29.865,23.247,4.783,7.165,6.016
51630,0.751,36.868,22.142,29.865,23.244,4.742,7.165,6.015
51631,0.754,36.989,22.196,29.875,23.24,4.701,7.165,6.056
51632,0.751,37.135,22.099,29.875,23.244,4.823,7.165,6.097
51633,0.77,37.242,22.13,29.904,23.254,4.905,7.328,6.26
51634,0.774,36.897,22.126,29.885,23.247,4.865,7.248,6.058
51635,0.764,37.028,22.173,29.894,23.244,4.865,7.247,6.097
51636,0.774,37.125,22.138,29.885,23.251,4.824,7.247,6.138
51637,0.78,37.193,22.118,29.885,23.258,4.946,7.288,6.138
51638,0.787,36.954,22.169,29.904,23.251,4.866,7.166,6.057
51639,0.787,37.057,22.138,29.866,23.244,4.743,7.165,6.056
51640,0.777,37.193,22.146,29.885,23.244,4.823,7.206,6.015
51641,0.784,37.223,22.189,29.885,23.247,4.783,7.165,6.015
51642,0.793,36.715,22.033,29.894,23.24,4.783,7.206,5.974
51643,0.771,36.882,22.102,29.875,23.24,4.824,7.247,6.096
51644,0.774,36.98,22.11,29.885,23.254,4.946,7.369,6.219
51645,0.793,37.029,22.177,29.914,23.251,4.907,7.289,6.058
51646,0.767,36.953,22.134,29.895,23.251,4.906,7.288,6.097
51647,0.757,37.086,22.13,29.894,23.251,4.865,7.288,6.056
51648,0.774,37.174,22.173,29.904,23.251,4.865,7.288,6.178
51649,0.774,36.983,22.154,29.904,23.258,4.865,7.288,6.139
51650,0.764,36.943,22.13,29.895,23.237,4.702,7.044,6.016
51651,0.741,37.067,22.192,29.885,23.251,4.863,7.164,6.137
51652,0.751,37.183,22.154,29.894,23.24,4.824,7.165,6.138
51653,0.767,36.724,22.146,29.885,23.237,4.743,7.165,6.057
51654,0.761,36.815,22.114,29.875,23.24,4.783,7.124,6.056
51655,0.764,36.951,22.204,29.885,23.254,4.946,7.287,6.259
51656,0.78,37.067,22.185,29.923,23.258,4.947,7.207,6.139
51657,0.777,36.8,22.134,29.904,23.251,4.866,7.206,6.057
51658,0.777,36.941,22.169,29.914,23.247,4.906,7.165,6.178
51659,0.784,37.096,22.142,29.923,23.251,4.865,7.246,6.179
51660,0.797,37.164,22.142,29.904,23.251,4.906,7.247,6.139
51661,0.784,36.753,22.153,29.885,23.24,4.744,7.044,5.976
51662,0.774,36.912,22.072,29.904,23.251,4.783,7.204,6.137
51663,0.78,37.038,22.129,29.904,23.244,4.824,7.165,6.057
51664,0.767,37.106,22.126,29.895,23.244,4.743,7.206,6.056
51665,0.761,36.8,22.173,29.885,23.24,4.864,7.165,6.056
51666,0.754,36.95,22.146,29.914,23.251,4.865,7.328,6.219
51667,0.767,37.096,22.161,29.943,23.261,4.906,7.329,6.139
51668,0.748,37.116,22.2,29.905,23.254,4.906,7.37,6.138
51669,0.754,36.81,22.131,29.933,23.251,4.865,7.33,6.138
51670,0.754,36.979,22.122,29.914,23.254,4.824,7.329,6.179
51671,0.748,37.077,22.145,29.923,23.254,4.824,7.37,6.179
51672,0.747,37.097,22.071,29.895,23.237,4.743,7.208,5.976
51673,0.744,36.838,22.098,29.904,23.24,4.864,7.328,6.055
51674,0.76,36.98,22.13,29.914,23.247,4.824,7.248,6.097
51675,0.761,37.086,22.208,29.914,23.244,4.824,7.247,5.975
51676,0.761,37.001,22.135,29.923,23.244,4.743,7.166,6.055
51677,0.764,36.799,22.173,29.914,23.251,4.905,7.328,6.259
51678,0.78,36.96,22.204,29.933,23.254,4.947,7.37,6.221
51679,0.767,37.048,22.162,29.933,23.244,4.866,7.289,6.22
51680,0.78,36.752,22.15,29.924,23.251,4.906,7.329,6.139
51681,0.78,36.806,22.153,29.923,23.251,4.784,7.329,6.219
51682,0.774,36.96,22.044,29.943,23.254,4.905,7.329,6.22
51683,0.771,37.038,22.086,29.914,23.24,4.744,7.126,6.058
51684,0.754,36.723,22.087,29.895,23.247,4.864,7.246,6.259
51685,0.764,36.854,22.153,29.923,23.247,4.784,7.206,6.18
51686,0.744,36.961,22.122,29.914,23.244,4.742,7.206,6.179
51687,0.744,37.077,22.161,29.904,23.237,4.783,7.165,6.179
51688,0.741,36.761,22.177,29.904,23.247,4.824,7.206,6.261
51689,0.757,36.94,22.15,29.962,23.254,4.987,7.369,6.343
51690,0.751,37.057,22.122,29.924,23.247,4.826,7.289,6.262
51691,0.748,37.097,22.157,29.914,23.244,4.824,7.247,6.262
51692,0.751,36.79,22.091,29.923,23.251,4.824,7.328,6.302
51693,0.757,36.912,22.114,29.952,23.254,4.824,7.289,6.302
51694,0.757,37.028,22.134,29.924,23.247,4.824,7.288,6.18
51695,0.738,37.039,22.161,29.895,23.24,4.743,7.207,6.139
51696,0.754,36.751,22.146,29.933,23.247,4.783,7.328,6.219
51697,0.767,36.892,22.157,29.933,23.244,4.824,7.207,6.18
51698,0.774,36.98,22.15,29.914,23.244,4.824,7.247,6.22
51699,0.761,37.019,22.153,29.923,23.244,4.783,7.288,6.261
51700,0.78,36.761,22.169,29.952,23.258,4.946,7.369,6.384
51701,0.78,36.902,22.161,29.953,23.244,4.866,7.289,6.222
51702,0.767,37.009,22.154,29.933,23.244,4.824,7.247,6.261
51703,0.754,37.375,22.103,29.943,23.247,4.824,7.288,6.262
51704,0.761,36.841,22.141,29.943,23.247,4.865,7.329,6.343
51705,0.754,36.96,22.146,29.952,23.244,4.865,7.329,6.262
51706,0.735,37.058,22.114,29.914,23.237,4.743,7.248,6.139
51707,0.734,36.79,22.13,29.943,23.251,4.864,7.328,6.219
51708,0.738,36.816,22.134,29.943,23.244,4.824,7.167,6.22
51709,0.731,36.941,22.153,29.924,23.24,4.824,7.246,6.139
51710,0.731,37.0,22.111,29.923,23.244,4.743,7.125,6.179
51711,0.734,36.751,22.177,29.952,23.251,4.864,7.287,6.383
51712,0.744,36.931,22.084,29.991,23.258,4.865,7.288,6.222
51713,0.738,37.019,22.118,29.953,23.247,4.824,7.207,6.302
51714,0.734,37.097,22.126,29.953,23.247,4.824,7.165,6.262
51715,0.751,36.704,22.161,29.943,23.251,4.865,7.165,6.221
51716,0.757,36.854,22.154,29.962,23.247,4.824,7.165,6.261
51717,0.757,36.961,22.146,29.953,23.24,4.661,7.043,6.139
51718,0.741,37.01,22.099,29.953,23.247,4.822,7.123,6.26
51719,0.751,36.694,22.161,29.943,23.244,4.824,7.083,6.262
51720,0.761,36.815,22.165,29.943,23.244,4.743,7.002,6.18
51721,0.757,36.912,22.154,29.943,23.244,4.783,7.041,6.098
51722,0.754,37.0,22.181,29.933,23.251,4.783,7.123,6.219
51723,0.767,36.703,22.158,29.991,23.251,4.986,7.165,6.302
51724,0.754,36.806,22.181,29.953,23.254,4.866,7.043,6.14
51725,0.744,36.922,22.173,29.962,23.247,4.865,7.123,6.26
51726,0.747,36.971,22.123,29.962,23.251,4.906,7.043,6.221
51727,0.741,36.693,22.114,29.972,23.254,4.906,7.082,6.261
51728,0.734,36.815,22.122,29.953,23.24,4.703,6.961,6.099
51729,0.725,36.903,22.114,29.933,23.237,4.782,6.96,6.219
51730,0.734,36.961,22.122,29.971,23.244,4.783,6.96,6.302
51731,0.741,36.77,22.126,29.953,23.244,4.742,7.0,6.302
51732,0.731,36.883,22.134,29.953,23.24,4.742,6.919,6.14
51733,0.734,36.999,22.107,29.962,23.247,4.783,7.122,6.26
51734,0.751,36.828,22.192,30.01,23.261,4.905,7.165,6.343
51735,0.764,36.73,22.197,29.972,23.251,4.825,7.124,6.221
51736,0.751,36.835,22.146,29.962,23.247,4.824,7.124,6.261
51737,0.757,36.941,22.114,29.972,23.247,4.905,7.083,6.302
51738,0.761,36.597,22.126,29.972,23.254,4.865,7.123,6.343
51739,0.767,36.699,22.138,29.972,23.24,4.784,7.002,6.262
51740,0.751,36.767,22.169,29.924,23.244,4.742,7.082,6.18
51741,0.764,36.883,22.146,29.962,23.244,4.823,7.123,6.22
51742,0.764,36.644,22.099,29.962,23.247,4.783,7.083,6.22
51743,0.754,36.776,22.13,29.953,23.237,4.783,7.002,6.22
51744,0.748,36.893,22.177,29.953,23.244,4.824,7.163,6.302
51745,0.751,36.99,22.177,30.0,23.261,4.987,7.287,6.343
51746,0.748,36.636,22.169,29.972,23.244,4.866,7.125,6.221
51747,0.738,36.767,22.122,29.981,23.247,4.784,7.205,6.261
51748,0.734,36.864,22.153,29.972,23.247,4.864,7.247,6.343
51749,0.744,36.951,22.138,29.962,23.244,4.906,7.288,6.343
51750,0.738,36.703,22.11,29.991,23.251,4.865,7.247,6.262
51751,0.725,36.786,22.114,29.943,23.237,4.743,7.125,6.221
51752,0.734,36.941,22.106,30.039,23.247,4.864,7.246,6.261
51753,0.738,36.971,22.091,29.973,23.247,4.824,7.166,6.262
51754,0.738,36.549,22.118,29.953,23.237,4.743,7.124,6.18
51755,0.731,36.66,22.181,29.972,23.244,4.823,7.124,6.261
51756,0.754,36.805,22.166,30.001,23.254,4.865,7.287,6.465
51757,0.761,36.864,22.13,29.991,23.251,4.784,7.166,6.223
51758,0.764,36.568,22.134,29.991,23.247,4.864,7.206,6.302
51759,0.757,36.728,22.134,30.001,23.251,4.824,7.206,6.302
51760,0.764,36.835,22.169,29.991,23.251,4.865,7.165,6.302
51761,0.764,36.922,22.134,29.982,23.24,4.784,7.084,6.18
51762,0.754,36.616,22.103,29.953,23.237,4.783,7.042,6.22
51763,0.744,36.766,22.106,29.981,23.251,4.783,7.164,6.22
51764,0.738,36.854,22.145,29.962,23.244,4.783,7.002,6.22
51765,0.738,36.558,22.161,29.972,23.244,4.742,7.001,6.18
51766,0.731,36.593,22.13,29.981,23.244,4.783,7.041,6.179
51767,0.734,36.757,22.153,30.01,23.254,4.986,7.164,6.342
51768,0.757,36.864,22.173,29.991,23.24,4.785,7.124,6.181
51769,0.735,36.481,22.126,29.982,23.251,4.824,7.083,6.179
51770,0.728,36.602,22.142,30.01,23.251,4.783,7.164,6.261
51771,0.728,36.718,22.146,30.001,23.244,4.905,7.206,6.302
51772,0.721,36.815,22.157,30.011,23.251,4.825,7.125,6.18
51773,0.728,36.414,22.122,29.972,23.244,4.743,7.043,6.139
51774,0.731,36.573,22.145,29.991,23.244,4.864,7.164,6.219
51775,0.744,36.67,22.185,29.982,23.251,4.824,7.124,6.18
51776,0.738,36.748,22.119,29.982,23.244,4.783,7.205,6.139
51777,0.747,36.442,22.114,29.982,23.24,4.783,7.165,6.179
51778,0.734,36.592,22.079,30.02,23.254,4.905,7.409,6.301
51779,0.767,36.757,22.137,30.03,23.251,4.865,7.208,6.221
51780,0.754,36.787,22.157,29.992,23.247,4.865,7.287,6.18
51781,0.754,36.49,22.103,29.991,23.251,4.906,7.288,6.22
51782,0.761,36.621,22.118,30.001,23.251,4.865,7.369,6.18
51783,0.751,36.728,22.118,30.011,23.251,4.824,7.33,6.179
51784,0.748,36.739,22.184,30.001,23.24,4.702,7.126,6.057
51785,0.738,36.49,22.119,29.991,23.251,4.863,7.246,6.178
51786,0.738,36.688,22.114,30.01,23.244,4.784,7.288,6.139
51787,0.741,36.796,22.145,30.011,23.24,4.783,7.207,6.138
51788,0.734,36.787,22.146,29.991,23.244,4.824,7.247,6.057
51789,0.728,36.48,22.153,29.991,23.244,4.824,7.328,6.259
51790,0.721,36.612,22.146,30.03,23.258,4.987,7.41,6.343
51791,0.734,36.718,22.153,30.011,23.244,4.785,7.289,6.221
51792,0.721,36.518,22.142,30.03,23.251,4.824,7.329,6.139
51793,0.741,36.516,22.087,30.02,23.251,4.824,7.37,6.26
51794,0.747,36.65,22.145,30.03,23.251,4.824,7.37,6.221
51795,0.741,36.728,22.157,30.03,23.251,4.824,7.289,6.098
51796,0.741,36.307,22.15,29.972,23.233,4.783,7.288,6.097
51797,0.751,36.437,22.13,30.029,23.244,4.824,7.329,6.138
51798,0.754,36.544,22.114,30.02,23.247,4.783,7.289,6.179
51799,0.754,36.651,22.114,30.02,23.244,4.783,7.329,6.139
51800,0.761,36.306,22.126,29.992,23.237,4.742,7.207,6.098
51801,0.761,36.437,22.142,30.02,23.254,4.864,7.409,6.3
51802,0.764,36.621,22.13,30.039,23.258,4.906,7.371,6.221
51803,0.748,36.651,22.118,30.001,23.247,4.825,7.289,6.098
51804,0.747,36.364,22.161,30.001,23.247,4.865,7.288,6.138
51805,0.744,36.524,22.138,30.039,23.244,4.865,7.247,6.26
51806,0.744,36.66,22.146,30.02,23.251,4.784,7.288,6.18
51807,0.738,36.69,22.134,30.02,23.244,4.742,7.125,6.017
51808,0.728,36.307,22.13,30.001,23.244,4.742,7.205,6.096
51809,0.744,36.485,22.142,30.03,23.244,4.823,7.165,6.097
51810,0.731,36.602,22.138,30.011,23.244,4.783,7.165,6.056
51811,0.725,36.613,22.181,30.02,23.24,4.62,7.124,6.097
51812,0.724,36.249,22.146,30.011,23.247,4.781,7.205,6.056
51813,0.741,36.427,22.134,30.049,23.258,4.905,7.247,6.219
51814,0.741,36.554,22.177,30.011,23.254,4.744,7.125,6.139
51815,0.741,36.555,22.193,30.039,23.247,4.823,7.205,6.219
51816,0.754,36.459,22.123,30.04,23.247,4.824,7.206,6.139
51817,0.754,36.592,22.118,30.04,23.258,4.824,7.165,6.138
51818,0.757,36.689,22.083,30.04,23.241,4.783,7.124,6.057
51819,0.751,36.527,22.102,30.001,23.24,4.702,7.043,6.097
51820,0.761,36.286,22.149,30.02,23.24,4.742,7.042,6.097
51821,0.761,36.408,22.091,30.02,23.244,4.823,7.123,6.016
51822,0.767,36.525,22.118,30.03,23.237,4.702,7.124,6.015
51823,0.761,36.219,22.126,30.001,23.237,4.742,7.124,6.015
51824,0.748,36.321,22.196,30.049,23.244,4.945,7.327,6.178
51825,0.767,36.485,22.173,30.059,23.254,4.866,7.329,6.179
51826,0.751,36.545,22.111,30.03,23.247,4.784,7.37,6.057
51827,0.754,36.21,22.137,30.02,23.244,4.864,7.411,6.137
51828,0.744,36.331,22.087,30.03,23.254,4.865,7.452,6.179
51829,0.744,36.476,22.098,30.04,23.254,4.865,7.615,6.139
51830,0.744,36.544,22.149,30.02,23.24,4.702,7.413,5.935
51831,0.725,36.229,22.083,30.03,23.244,4.782,7.615,6.055
51832,0.741,36.417,22.11,30.04,23.251,4.783,7.617,6.056
51833,0.747,36.515,22.114,30.03,23.237,4.783,7.576,6.015
51834,0.751,36.593,22.173,30.03,23.237,4.783,7.575,6.015
51835,0.761,36.22,22.162,30.03,23.247,4.742,7.657,6.096
51836,0.757,36.408,22.158,30.068,23.261,4.945,7.698,6.219
51837,0.767,36.515,22.146,30.05,23.251,4.785,7.658,6.098
51838,0.757,36.554,22.071,30.04,23.247,4.783,7.739,6.097
51839,0.757,36.248,22.106,30.059,23.251,4.824,7.699,6.138
51840,0.774,36.379,22.161,30.04,23.251,4.865,7.74,6.098
51841,0.771,36.505,22.079,30.049,23.247,4.784,7.699,6.097
51842,0.764,36.506,22.083,30.03,23.24,4.783,7.658,6.097
51843,0.764,36.305,22.094,30.03,23.244,4.824,7.617,6.056
51844,0.757,36.428,22.145,30.03,23.244,4.743,7.698,6.056
51845,0.748,36.525,22.099,30.04,23.24,4.783,7.577,6.056
51846,0.744,36.842,22.133,30.04,23.244,4.783,7.657,6.056
51847,0.747,36.174,22.126,30.078,23.254,4.946,7.78,6.219
51848,0.751,36.283,22.091,30.05,23.244,4.825,7.7,6.058
51849,0.735,36.38,22.129,30.04,23.251,4.783,7.577,6.137
51850,0.731,36.227,22.165,30.059,23.251,4.824,7.657,6.138
51851,0.731,36.293,22.119,30.069,23.247,4.865,7.658,6.138
51852,0.734,36.437,22.145,30.059,23.24,4.784,7.495,6.057
51853,0.741,36.506,22.095,30.04,23.244,4.783,7.534,6.056
51854,0.754,36.142,22.169,30.04,23.247,4.824,7.494,6.097
51855,0.751,36.234,22.119,30.059,23.244,4.743,7.494,6.016
51856,0.751,36.36,22.095,30.049,23.237,4.742,7.494,6.056
51857,0.757,36.457,22.13,30.04,23.24,4.823,7.616,6.137
51858,0.767,36.151,22.083,30.107,23.261,4.987,7.698,6.179
51859,0.774,36.254,22.102,30.069,23.247,4.826,7.658,6.098
51860,0.774,36.37,22.153,30.059,23.244,4.865,7.617,6.138
51861,0.767,36.476,22.083,30.069,23.251,4.865,7.698,6.098
51862,0.78,36.046,22.129,30.069,23.251,4.824,7.699,6.097
51863,0.767,36.176,22.138,30.05,23.24,4.702,7.618,5.894
51864,0.751,36.263,22.165,30.049,23.244,4.823,7.617,6.014
51865,0.757,36.331,22.099,30.068,23.244,4.743,7.657,6.015
51866,0.741,36.092,22.063,30.04,23.247,4.783,7.658,6.015
51867,0.747,36.234,22.121,30.049,23.24,4.783,7.617,6.015
51868,0.734,36.341,22.095,30.03,23.251,4.783,7.617,6.015
51869,0.747,36.419,22.126,30.087,23.254,4.986,7.861,6.178
51870,0.751,36.227,22.138,30.088,23.251,4.826,7.619,6.139
51871,0.731,36.35,22.114,30.069,23.247,4.865,7.698,6.098
51872,0.734,36.467,22.118,30.059,23.251,4.865,7.74,6.097
51873,0.738,36.496,22.091,30.069,23.244,4.865,7.699,6.056
51874,0.754,36.075,22.169,30.069,23.254,4.824,7.618,6.056
51875,0.751,36.176,22.169,30.05,23.237,4.702,7.535,6.015
51876,0.754,36.292,22.165,30.068,23.247,4.823,7.534,6.056
51877,0.748,36.14,22.138,30.069,23.247,4.783,7.534,5.975
51878,0.76,36.052,22.103,30.069,23.244,4.783,7.534,5.974
51879,0.757,36.195,22.153,30.069,23.24,4.824,7.534,6.015
51880,0.774,36.302,22.181,30.088,23.254,4.946,7.657,6.137
51881,0.787,35.939,22.142,30.107,23.251,4.825,7.658,6.016
51882,0.777,36.021,22.13,30.069,23.251,4.865,7.576,6.015
51883,0.774,36.147,22.122,30.078,23.247,4.824,7.575,6.096
51884,0.764,36.234,22.169,30.088,23.251,4.905,7.575,6.056
51885,0.761,36.015,22.115,30.088,23.251,4.865,7.535,5.975
51886,0.741,36.118,22.102,30.059,23.24,4.743,7.412,5.893
51887,0.741,36.253,22.067,30.069,23.247,4.823,7.533,5.973
51888,0.744,36.351,22.114,30.078,23.247,4.783,7.575,5.933
51889,0.747,35.92,22.11,30.069,23.244,4.783,7.535,5.974
51890,0.734,36.059,22.137,30.059,23.244,4.742,7.494,6.015
51891,0.728,36.186,22.095,30.069,23.251,4.823,7.656,6.096
51892,0.744,36.292,22.13,30.117,23.258,4.987,7.739,6.016
51893,0.741,36.063,22.099,30.079,23.244,4.744,7.699,6.015
51894,0.754,36.205,22.145,30.088,23.247,4.864,7.74,5.974
51895,0.748,36.331,22.153,30.098,23.244,4.824,7.699,6.096
51896,0.77,36.37,22.111,30.098,23.251,4.865,7.78,6.056
51897,0.764,35.959,22.134,30.088,23.247,4.824,7.7,5.893
51898,0.754,36.069,22.064,30.059,23.233,4.743,7.699,5.892
51899,0.764,36.224,22.125,30.088,23.244,4.783,7.699,6.014
51900,0.767,36.235,22.149,30.069,23.247,4.742,7.699,5.934
51901,0.767,35.967,22.083,30.078,23.244,4.742,7.74,5.892
51902,0.767,36.117,22.106,30.078,23.24,4.783,7.618,5.973
51903,0.761,36.244,22.122,30.098,23.254,4.986,7.942,6.137
51904,0.764,36.302,22.2,30.098,23.251,4.826,7.701,6.016
51905,0.761,35.996,22.111,30.079,23.247,4.824,7.658,6.015
51906,0.764,36.127,22.134,30.098,23.251,4.905,7.698,6.056
51907,0.748,36.244,22.126,30.107,23.247,4.906,7.699,6.056
51908,0.757,36.044,22.063,30.098,23.247,4.825,7.618,5.934
51909,0.757,36.089,22.11,30.069,23.237,4.661,7.535,5.974
51910,0.744,36.224,22.137,30.088,23.244,4.822,7.534,6.055
51911,0.76,36.293,22.075,30.098,23.251,4.783,7.534,5.975
51912,0.738,35.91,22.086,30.079,23.24,4.824,7.534,5.933
51913,0.747,36.021,22.067,30.078,23.244,4.702,7.412,5.974
51914,0.76,36.166,22.176,30.107,23.251,4.904,7.574,6.137
51915,0.767,36.254,22.13,30.117,23.254,4.865,7.535,5.935
51916,0.764,36.015,22.161,30.088,23.244,4.784,7.453,6.014
51917,0.77,36.156,22.146,30.107,23.247,4.783,7.452,5.974
51918,0.774,36.292,22.06,30.136,23.247,4.783,7.452,6.055
51919,0.787,36.341,22.125,30.127,23.251,4.905,7.412,6.015
51920,0.787,35.814,22.126,30.079,23.24,4.662,7.208,5.812
51921,0.787,35.953,22.075,30.098,23.251,4.782,7.247,6.013
51922,0.806,36.098,22.082,30.107,23.244,4.742,7.288,5.974
51923,0.803,36.148,22.126,30.079,23.24,4.783,7.288,5.933
51924,0.784,35.966,22.177,30.069,23.24,4.742,7.288,5.933
51925,0.797,36.108,22.091,30.097,23.244,4.864,7.329,6.014
51926,0.803,36.272,22.133,30.136,23.261,4.906,7.329,6.015
51927,0.807,36.284,22.114,30.108,23.247,4.825,7.248,5.934
51928,0.807,35.9,22.071,30.107,23.244,4.824,7.166,5.974
51929,0.813,36.05,22.118,30.127,23.251,4.824,7.206,5.974
51930,0.816,36.195,22.134,30.117,23.254,4.824,7.206,6.015
51931,0.82,36.254,22.099,30.107,23.244,4.743,7.084,5.852
51932,0.81,35.919,22.079,30.088,23.244,4.701,7.083,5.973
51933,0.826,36.079,22.075,30.107,23.24,4.701,7.123,5.974
51934,0.836,36.167,22.133,30.107,23.24,4.701,7.043,5.893
51935,0.833,35.918,22.126,30.098,23.24,4.782,7.042,5.851
51936,0.826,35.935,22.091,30.117,23.247,4.742,7.123,5.973
51937,0.849,36.098,22.141,30.146,23.261,4.945,7.205,6.015
51938,0.84,36.167,22.13,30.127,23.251,4.785,7.084,5.974
51939,0.839,35.87,22.106,30.108,23.247,4.783,7.042,5.933
51940,0.852,35.973,22.141,30.127,23.251,4.824,7.123,5.974
51941,0.853,36.108,22.083,30.127,23.251,4.783,7.002,5.933
51942,0.856,36.215,22.094,30.117,23.247,4.742,7.001,5.892
51943,0.843,35.698,22.122,30.079,23.237,4.783,7.001,5.933
51944,0.836,35.865,22.188,30.126,23.251,4.824,7.001,5.852
51945,0.833,35.992,22.095,30.136,23.24,4.783,6.96,5.891
51946,0.839,36.06,22.126,30.117,23.24,4.742,6.96,5.892
51947,0.833,35.888,22.118,30.107,23.237,4.701,7.0,5.851
51948,0.849,36.04,22.102,30.146,23.265,4.945,7.123,5.973
51949,0.859,36.176,22.106,30.137,23.248,4.866,7.043,5.974
51950,0.862,36.225,22.13,30.127,23.251,4.784,7.001,5.933
51951,0.846,35.784,22.103,30.136,23.247,4.824,7.041,5.974
51952,0.856,35.943,22.114,30.136,23.254,4.865,7.082,6.015
51953,0.859,36.041,22.106,30.146,23.244,4.743,6.92,5.812
51954,0.843,36.07,22.13,30.089,23.244,4.742,6.959,5.85
51955,0.856,35.86,22.106,30.136,23.251,4.823,6.919,5.851
51956,0.862,35.992,22.114,30.117,23.24,4.702,7.0,5.851
51957,0.869,36.108,22.091,30.117,23.24,4.701,6.919,5.81
51958,0.856,36.109,22.11,30.136,23.244,4.742,7.041,5.891
51959,0.872,35.87,22.106,30.165,23.261,4.945,7.082,6.014
51960,0.882,35.982,22.169,30.108,23.251,4.825,6.92,5.893
51961,0.882,36.089,22.087,30.146,23.251,4.824,6.919,5.851
51962,0.882,35.975,22.122,30.137,23.251,4.783,6.959,6.013
51963,0.879,35.859,22.149,30.146,23.247,4.824,7.0,6.015
51964,0.872,35.963,22.146,30.137,23.244,4.743,6.879,5.771
51965,0.853,36.041,22.052,30.108,23.23,4.701,6.877,5.85
51966,0.859,35.802,22.086,30.136,23.247,4.742,6.918,5.932
51967,0.849,35.886,22.098,30.117,23.244,4.823,6.837,5.852
51968,0.84,36.021,22.024,30.127,23.24,4.702,6.837,5.891
51969,0.823,36.08,22.07,30.117,23.251,4.742,6.877,5.892
51970,0.82,35.812,22.188,30.165,23.254,4.864,7.121,6.095
51971,0.826,35.972,22.127,30.156,23.247,4.865,7.002,6.016
51972,0.804,36.079,22.145,30.127,23.24,4.824,7.041,5.974
51973,0.81,36.157,22.146,30.146,23.251,4.824,7.042,5.933
51974,0.81,35.717,22.161,30.146,23.244,4.824,7.164,6.014
51975,0.813,35.885,22.115,30.146,23.251,4.824,7.043,5.893
51976,0.813,35.944,22.095,30.117,23.24,4.621,7.001,5.851
51977,0.803,36.041,22.083,30.136,23.247,4.781,7.041,5.973
51978,0.807,35.821,22.106,30.146,23.244,4.783,7.001,5.893
51979,0.81,35.963,22.063,30.137,23.244,4.702,7.041,5.892
51980,0.803,36.07,22.16,30.117,23.244,4.701,7.042,5.933
51981,0.8,36.138,22.134,30.203,23.254,4.863,7.164,6.014
51982,0.807,35.764,22.087,30.166,23.254,4.865,7.206,6.015
51983,0.79,35.857,22.153,30.137,23.254,4.743,7.125,6.015
51984,0.784,35.982,22.161,30.146,23.251,4.823,7.205,5.974
51985,0.78,36.012,22.138,30.156,23.254,4.824,7.206,6.015
51986,0.764,35.744,22.107,30.156,23.251,4.743,7.125,6.015
51987,0.77,35.885,22.11,30.127,23.24,4.62,7.043,5.852
51988,0.744,35.963,22.075,30.136,23.24,4.741,7.164,5.973
51989,0.751,36.28,22.102,30.146,23.244,4.783,7.165,6.015
51990,0.735,35.823,22.161,30.156,23.247,4.702,7.206,5.974
51991,0.721,35.934,22.107,30.137,23.244,4.701,7.165,5.974
51992,0.711,36.069,22.098,30.156,23.251,4.742,7.287,6.137
51993,0.731,35.783,22.122,30.194,23.258,4.905,7.329,6.138
51994,0.754,35.809,22.177,30.175,23.244,4.744,7.289,6.016
51995,0.731,35.924,22.138,30.156,23.251,4.742,7.247,6.096
51996,0.731,36.012,22.126,30.156,23.244,4.783,7.288,6.097
51997,0.744,35.725,22.122,30.156,23.258,4.824,7.288,6.056
51998,0.747,35.847,22.149,30.223,23.241,4.783,7.125,5.934
51999,0.741,35.934,22.075,30.128,23.237,4.742,7.083,6.055
52000,0.741,36.031,22.153,30.146,23.251,4.742,7.164,5.975
52001,0.738,35.639,22.118,30.204,23.24,4.701,7.165,5.974
52002,0.751,35.769,22.106,30.147,23.247,4.701,7.165,5.933
52003,0.731,35.895,22.126,30.137,23.24,4.66,7.206,6.014
52004,0.721,35.973,22.134,30.184,23.258,4.904,7.328,6.218
52005,0.715,35.792,22.067,30.194,23.251,4.784,7.289,6.017
52006,0.702,35.876,22.082,30.175,23.247,4.742,7.247,6.015
52007,0.695,36.021,22.118,30.166,23.251,4.823,7.247,6.056
52008,0.688,36.07,22.149,30.185,23.251,4.824,7.206,6.056
52009,0.695,35.668,22.126,30.175,23.254,4.783,7.287,6.056
52010,0.688,35.769,22.165,30.137,23.237,4.661,7.125,6.015
52011,0.692,35.885,22.068,30.184,23.244,4.741,7.205,6.056
52012,0.698,35.934,22.129,30.166,23.24,4.742,7.125,6.056
52013,0.695,35.657,22.118,30.156,23.24,4.701,7.083,5.975
52014,0.695,35.779,22.153,30.146,23.244,4.701,7.123,6.055
52015,0.701,35.914,22.134,30.184,23.251,4.863,7.246,6.219
52016,0.724,35.964,22.122,30.204,23.254,4.824,7.166,6.058
52017,0.711,35.705,22.102,30.185,23.244,4.783,7.206,6.097
52018,0.715,35.837,22.114,30.156,23.251,4.783,7.165,6.138
52019,0.711,35.924,22.114,30.185,23.247,4.742,7.124,6.138
52020,0.724,35.743,22.13,30.166,23.254,4.823,7.124,6.098
52021,0.708,35.655,22.103,30.146,23.24,4.661,7.002,5.975
52022,0.702,35.798,22.106,30.165,23.251,4.7,7.123,6.096
52023,0.711,35.895,22.114,30.165,23.244,4.742,7.002,6.056
52024,0.698,35.637,22.134,30.165,23.244,4.701,7.001,6.056
52025,0.705,35.759,22.095,30.213,23.244,4.742,6.96,6.097
52026,0.692,35.885,22.079,30.185,23.254,4.864,7.204,6.097
52027,0.714,36.011,22.129,30.204,23.251,4.784,7.084,6.138
52028,0.702,35.638,22.095,30.185,23.244,4.742,7.083,6.098
52029,0.695,35.779,22.083,30.156,23.247,4.783,7.042,6.097
52030,0.692,35.905,22.137,30.175,23.254,4.783,7.042,6.178
52031,0.695,35.992,22.122,30.194,23.254,4.702,7.042,6.139
52032,0.675,35.562,22.083,30.156,23.24,4.66,6.92,6.016
52033,0.688,35.691,22.137,30.194,23.247,4.741,7.041,6.137
52034,0.705,35.808,22.146,30.185,23.244,4.742,7.042,6.057
52035,0.675,35.867,22.095,30.185,23.24,4.783,6.96,6.015
52036,0.704,35.56,22.11,30.166,23.244,4.742,7.0,6.137
52037,0.715,35.73,22.141,30.175,23.251,4.823,7.123,6.26
52038,0.718,35.875,22.15,30.223,23.254,4.824,7.002,6.099
52039,0.721,35.915,22.134,30.185,23.247,4.824,7.082,6.138
52040,0.731,35.628,22.118,30.185,23.254,4.783,7.083,6.138
52041,0.728,35.778,22.114,30.194,23.251,4.783,7.123,6.098
52042,0.728,35.895,22.098,30.185,23.254,4.824,7.083,6.138
52043,0.721,35.915,22.145,30.166,23.24,4.661,6.92,5.976
52044,0.702,35.542,22.118,30.175,23.247,4.782,6.959,6.055
52045,0.718,35.72,22.087,30.194,23.251,4.702,7.0,6.137
52046,0.711,35.799,22.051,30.175,23.244,4.701,6.919,6.098
52047,0.702,35.761,22.063,30.166,23.244,4.66,6.919,6.016
52048,0.695,35.53,22.114,30.185,23.247,4.782,7.041,6.178
52049,0.708,35.71,22.122,30.223,23.258,4.905,7.082,6.098
52050,0.698,35.77,22.145,30.185,23.244,4.784,6.961,6.178
52051,0.701,35.646,22.142,30.204,23.251,4.742,6.96,6.139
52052,0.705,35.759,22.107,30.204,23.247,4.742,7.041,6.179
52053,0.715,35.876,22.173,30.185,23.254,4.823,6.96,6.139
52054,0.708,35.944,22.189,30.185,23.237,4.661,6.838,6.057
52055,0.708,35.436,22.025,30.194,23.247,4.782,6.918,6.137
52056,0.724,35.594,22.105,30.195,23.244,4.824,6.959,6.098
52057,0.721,35.721,22.083,30.195,23.247,4.743,6.878,6.097
52058,0.728,35.808,22.098,30.185,23.247,4.742,6.837,6.097
52059,0.728,35.579,22.094,30.194,23.254,4.864,6.918,6.219
52060,0.738,35.73,22.149,30.204,23.258,4.784,6.959,6.139
52061,0.725,35.856,22.13,30.195,23.254,4.783,6.878,6.179
52062,0.724,35.925,22.122,30.195,23.251,4.824,6.837,6.261
52063,0.721,35.484,22.177,30.195,23.254,4.824,6.999,6.262
52064,0.721,35.614,22.173,30.214,23.251,4.743,6.919,6.221
52065,0.721,35.721,22.15,30.185,23.237,4.701,6.756,6.098
52066,0.718,35.77,22.091,30.194,23.251,4.742,6.836,6.178
52067,0.754,35.521,22.098,30.204,23.247,4.742,6.796,6.22
52068,0.767,35.653,22.098,30.195,23.244,4.701,6.836,6.098
52069,0.774,35.779,22.055,30.195,23.244,4.742,6.796,6.138
52070,0.806,35.809,22.129,30.204,23.251,4.783,6.999,6.26
52071,0.842,35.569,22.099,30.233,23.258,4.864,7.001,6.343
52072,0.859,35.682,22.091,30.204,23.244,4.743,6.96,6.262
52073,0.882,35.798,22.145,30.214,23.244,4.701,6.96,6.302
52074,0.921,36.068,22.161,30.214,23.247,4.742,6.919,6.343
52075,0.944,35.562,22.161,30.262,23.251,4.783,7.0,6.343
52076,0.941,35.691,22.122,30.214,23.247,4.702,6.919,6.262
52077,0.964,35.779,22.11,30.185,23.24,4.579,6.837,6.18
52078,0.997,35.502,22.122,30.204,23.244,4.781,6.999,6.342
52079,1.026,35.537,22.11,30.214,23.244,4.62,6.96,6.262
52080,1.069,35.643,22.122,30.204,23.247,4.7,6.919,6.221
52081,1.121,35.75,22.102,30.214,23.244,4.66,6.878,6.22
52082,1.184,35.396,22.079,30.214,23.251,4.782,7.0,6.464
52083,1.236,35.556,22.141,30.252,23.258,4.824,7.001,6.345
52084,1.286,35.663,22.122,30.224,23.251,4.702,6.879,6.343
52085,1.299,35.76,22.149,30.224,23.254,4.701,6.959,6.384
52086,1.335,35.454,22.095,30.224,23.251,4.742,7.0,6.385
52087,1.365,35.594,22.09,30.233,23.251,4.783,6.919,6.344
52088,1.372,35.721,22.122,30.214,23.24,4.661,6.878,6.221
52089,1.362,35.779,22.056,30.185,23.244,4.782,7.04,6.383
52090,1.378,35.473,22.125,30.223,23.247,4.702,6.96,6.385
52091,1.401,35.623,22.103,30.224,23.244,4.66,6.919,6.344
52092,1.421,35.73,22.075,30.214,23.247,4.7,6.959,6.343
52093,1.424,35.78,22.118,30.214,23.251,4.701,7.122,6.384
52094,1.411,35.425,22.114,30.243,23.261,4.904,7.165,6.507
52095,1.392,35.565,22.028,30.224,23.247,4.662,7.124,6.467
52096,1.372,35.682,22.074,30.233,23.251,4.741,7.124,6.386
52097,1.349,35.731,22.082,30.224,23.247,4.742,7.083,6.466
52098,1.3,35.549,22.094,30.224,23.251,4.783,7.164,6.629
52099,1.241,35.682,22.098,30.224,23.244,4.702,7.043,6.631
52100,1.195,35.741,22.122,30.185,23.24,4.742,7.082,6.794
52101,1.149,35.818,22.102,30.233,23.247,4.823,7.083,6.999
52102,1.09,35.378,22.106,30.224,23.244,4.743,7.083,7.123
52103,1.014,35.527,22.173,30.224,23.244,4.701,7.123,7.327
52104,0.942,35.614,22.13,30.224,23.24,4.701,7.083,7.695
52105,0.847,35.673,22.13,30.243,23.254,4.863,7.245,8.065
52106,0.791,35.664,22.099,30.243,23.247,4.784,7.125,8.191
52107,0.709,35.769,22.094,30.243,23.251,4.742,7.124,8.517
52108,0.637,35.885,22.106,30.233,23.247,4.701,7.124,8.723
52109,0.593,35.388,22.079,30.243,23.251,4.742,7.165,8.97
52110,0.551,35.46,22.145,30.252,23.254,4.783,7.124,9.135
52111,0.505,35.575,22.087,30.205,23.24,4.62,7.043,9.136
52112,0.475,35.653,22.083,30.223,23.244,4.781,7.042,9.461
52113,0.465,35.424,22.118,30.224,23.244,4.661,7.042,9.505
52114,0.484,35.565,22.122,30.214,23.244,4.7,7.001,9.587
52115,0.527,35.682,22.102,30.204,23.24,4.701,7.082,9.669
52116,0.563,35.769,22.063,30.252,23.251,4.823,7.083,9.914
52117,0.622,35.406,22.129,30.281,23.258,4.824,7.164,9.916
52118,0.645,35.546,22.122,30.243,23.244,4.743,7.043,10.079
52119,0.672,35.663,22.122,30.243,23.244,4.742,7.042,10.162
52120,0.714,35.731,22.114,30.243,23.251,4.783,7.042,10.366
52121,0.757,35.396,22.114,30.252,23.254,4.742,7.042,10.571
52122,0.77,35.508,22.098,30.224,23.244,4.661,6.92,10.696
52123,0.774,35.576,22.184,30.224,23.247,4.7,7.041,11.022
52124,0.787,35.701,22.103,30.243,23.244,4.701,6.92,11.269
52125,0.787,35.396,22.11,30.224,23.247,4.66,6.878,11.556
52126,0.78,35.517,22.13,30.243,23.24,4.66,6.837,11.722
52127,0.774,35.653,22.106,30.233,23.247,4.7,6.918,12.049
52128,0.79,35.721,22.137,30.281,23.265,4.863,7.041,12.174
52129,0.787,35.482,22.095,30.262,23.251,4.743,6.96,12.338
52130,0.767,35.585,22.145,30.243,23.24,4.783,6.96,12.421
52131,0.777,35.73,22.13,30.262,23.247,4.742,6.919,12.584
52132,0.771,35.866,22.087,30.272,23.251,4.783,6.959,12.586
52133,0.777,35.369,22.153,30.253,23.247,4.661,6.878,12.464
52134,0.78,35.479,22.114,30.224,23.237,4.538,6.755,12.422
52135,0.774,35.604,22.106,30.243,23.251,4.699,6.917,12.422
52136,0.784,35.366,22.052,30.243,23.251,4.701,6.837,12.381
52137,0.79,35.402,22.09,30.243,23.247,4.742,6.837,12.299
52138,0.8,35.546,22.087,30.243,23.24,4.62,6.837,12.176
52139,0.797,35.663,22.059,30.252,23.251,4.781,6.958,12.175
52140,0.803,35.386,22.11,30.281,23.261,4.824,7.041,12.094
52141,0.797,35.508,22.106,30.243,23.251,4.743,6.92,11.89
52142,0.8,35.624,22.11,30.252,23.251,4.742,6.959,11.806
52143,0.803,35.711,22.169,30.262,23.254,4.783,6.96,11.765
52144,0.794,35.357,22.154,30.262,23.254,4.824,6.96,11.683
52145,0.787,35.498,22.122,30.243,23.237,4.702,6.878,11.357
52146,0.774,35.566,22.091,30.224,23.247,4.701,6.918,11.476
52147,0.784,35.682,22.126,30.262,23.247,4.66,7.041,11.314
52148,0.771,35.223,22.126,30.262,23.244,4.741,7.042,11.232
52149,0.764,35.362,22.067,30.243,23.24,4.742,7.082,11.109
52150,0.767,35.507,22.106,30.262,23.244,4.701,7.164,11.189
52151,0.777,35.595,22.095,30.291,23.254,4.985,7.287,11.068
52152,0.764,35.414,22.083,30.263,23.251,4.785,7.207,10.863
52153,0.767,35.546,22.122,30.281,23.247,4.702,7.247,10.82
52154,0.78,35.663,22.142,30.282,23.251,4.782,7.288,10.576
52155,0.793,35.712,22.177,30.282,23.247,4.864,7.329,10.533
52156,0.774,35.405,22.103,30.262,23.237,4.702,7.126,10.37
52157,0.777,35.508,22.102,30.243,23.247,4.701,7.327,10.287
52158,0.803,35.653,22.094,30.262,23.247,4.742,7.289,10.205
52159,0.807,35.683,22.094,30.262,23.244,4.742,7.247,10.163
52160,0.803,35.309,22.087,30.253,23.244,4.661,7.288,9.96
52161,0.794,35.459,22.087,30.262,23.251,4.782,7.369,9.998
52162,0.813,35.614,22.09,30.301,23.258,4.905,7.411,9.917
52163,0.82,35.424,22.114,30.263,23.247,4.703,7.33,9.794
52164,0.803,35.393,22.114,30.281,23.247,4.782,7.289,9.712
52165,0.797,35.556,22.126,30.272,23.254,4.824,7.369,9.63
52166,0.807,35.653,22.126,30.282,23.251,4.743,7.37,9.507
52167,0.797,35.299,22.138,30.262,23.244,4.701,7.289,9.262
52168,0.777,35.372,22.114,30.253,23.244,4.782,7.288,9.341
52169,0.787,35.555,22.106,30.262,23.251,4.702,7.288,9.179
52170,0.78,35.605,22.137,30.272,23.244,4.782,7.247,9.177
52171,0.784,35.241,22.114,30.243,23.244,4.702,7.206,9.015
52172,0.78,35.362,22.087,30.272,23.24,4.701,7.287,9.013
52173,0.79,35.507,22.133,30.301,23.258,4.904,7.451,9.054
52174,0.81,35.624,22.134,30.263,23.247,4.744,7.208,8.81
52175,0.803,35.299,22.091,30.281,23.244,4.742,7.247,8.726
52176,0.807,35.449,22.09,30.282,23.244,4.783,7.288,8.726
52177,0.807,35.556,22.094,30.291,23.251,4.783,7.288,8.685
52178,0.823,35.624,22.098,30.291,23.247,4.742,7.288,8.481
52179,0.81,35.28,22.059,30.243,23.233,4.661,7.125,8.479
52180,0.82,35.42,22.082,30.272,23.244,4.7,7.205,8.357
52181,0.817,35.556,22.094,30.272,23.244,4.742,7.206,8.315
52182,0.82,35.596,22.09,30.272,23.244,4.783,7.206,8.193
52183,0.807,35.251,22.122,30.243,23.244,4.783,7.165,8.232
52184,0.81,35.41,22.091,30.291,23.258,4.864,7.368,8.314
52185,0.823,35.565,22.114,30.301,23.254,4.824,7.248,8.152
52186,0.804,35.557,22.098,30.301,23.244,4.824,7.328,8.11
52187,0.803,35.308,22.075,30.282,23.247,4.783,7.289,8.069
52188,0.8,35.449,22.129,30.282,23.247,4.783,7.288,7.987
52189,0.8,35.566,22.091,30.301,23.254,4.783,7.247,7.986
52190,0.79,35.481,22.126,30.272,23.24,4.702,7.125,7.824
52191,0.787,35.259,22.095,30.272,23.244,4.782,7.246,7.741
52192,0.797,35.401,22.11,30.282,23.24,4.742,7.206,7.781
52193,0.81,35.508,22.177,30.291,23.247,4.783,7.206,7.781
52194,0.803,35.202,22.119,30.272,23.244,4.661,7.165,7.659
52195,0.803,35.295,22.118,30.291,23.244,4.782,7.287,7.739
52196,0.816,35.449,22.095,30.32,23.254,4.946,7.329,7.74
52197,0.82,35.518,22.11,30.311,23.244,4.703,7.248,7.659
52198,0.82,35.212,22.095,30.282,23.247,4.782,7.288,7.576
52199,0.83,35.352,22.11,30.301,23.254,4.742,7.288,7.616
52200,0.846,35.488,22.083,30.282,23.247,4.823,7.288,7.535
52201,0.843,35.576,22.11,30.291,23.244,4.783,7.207,7.372
52202,0.83,35.203,22.102,30.263,23.24,4.702,7.206,7.33
52203,0.817,35.352,22.122,30.301,23.247,4.782,7.287,7.37
52204,0.826,35.469,22.075,30.291,23.247,4.783,7.247,7.33
52205,0.81,35.566,22.051,30.291,23.244,4.702,7.125,7.207
52206,0.813,35.183,22.059,30.272,23.24,4.742,7.205,7.247
52207,0.803,35.352,22.114,30.32,23.251,4.905,7.328,7.369
52208,0.833,35.546,22.122,30.32,23.258,4.825,7.248,7.208
52209,0.813,35.548,22.114,30.292,23.244,4.743,7.206,7.165
52210,0.8,35.202,22.102,30.291,23.244,4.783,7.287,7.246
52211,0.807,35.333,22.122,30.301,23.251,4.824,7.247,7.166
52212,0.803,35.449,22.126,30.32,23.254,4.824,7.247,7.124
52213,0.8,35.489,22.153,30.282,23.24,4.702,7.125,7.002
52214,0.813,35.278,22.154,30.272,23.251,4.742,7.246,7.041
52215,0.823,35.43,22.111,30.301,23.251,4.783,7.206,7.042
52216,0.823,35.518,22.083,30.291,23.24,4.742,7.125,6.96
52217,0.826,35.873,22.079,30.31,23.237,4.701,7.165,6.878
52218,0.83,35.196,22.106,30.301,23.247,4.782,7.246,7.04
52219,0.839,35.362,22.137,30.349,23.261,4.824,7.288,7.082
52220,0.843,35.431,22.056,30.301,23.244,4.783,7.166,6.92
52221,0.839,35.192,22.114,30.311,23.247,4.742,7.206,6.878
52222,0.846,35.228,22.138,30.301,23.251,4.783,7.247,7.0
52223,0.849,35.353,22.153,30.311,23.251,4.783,7.206,6.96
52224,0.84,35.459,22.091,30.301,23.251,4.742,7.084,6.756
52225,0.833,35.106,22.059,30.272,23.24,4.701,7.042,6.836
52226,0.83,35.255,22.094,30.31,23.244,4.742,7.082,6.837
52227,0.839,35.382,22.106,30.301,23.24,4.742,7.083,6.837
52228,0.82,35.479,22.059,30.291,23.24,4.742,7.123,6.796
52229,0.826,35.01,22.082,30.301,23.237,4.661,7.083,6.836
52230,0.83,35.178,22.106,30.33,23.254,4.863,7.327,7.04
52231,0.83,35.333,22.044,30.33,23.247,4.824,7.167,6.92
52232,0.817,35.392,22.078,30.32,23.251,4.783,7.124,6.837
52233,0.82,35.21,22.106,30.311,23.247,4.783,7.124,6.837
52234,0.836,35.362,22.18,30.349,23.254,4.824,7.165,6.877
52235,0.826,35.488,22.107,30.311,23.251,4.783,7.124,6.796
52236,0.836,35.537,22.095,30.311,23.237,4.661,7.002,6.755
52237,0.823,35.058,22.118,30.32,23.247,4.741,7.082,6.795
52238,0.846,35.197,22.118,30.311,23.244,4.701,7.042,6.836
52239,0.849,35.333,22.102,30.311,23.244,4.701,7.001,6.755
52240,0.846,35.354,22.067,30.282,23.237,4.66,7.041,6.673
52241,0.853,35.181,22.082,30.32,23.244,4.822,7.123,6.875
52242,0.862,35.362,22.094,30.33,23.258,4.783,7.124,6.837
52243,0.856,35.45,22.126,30.32,23.247,4.783,7.124,6.837
52244,0.853,35.47,22.091,30.32,23.251,4.742,7.083,6.755
52245,0.846,35.106,22.075,30.34,23.254,4.742,7.123,6.754
52246,0.843,35.236,22.106,30.34,23.251,4.742,7.083,6.836
52247,0.83,35.343,22.11,30.321,23.244,4.661,6.961,6.633
52248,0.82,35.229,22.098,30.301,23.247,4.741,7.041,6.712
52249,0.836,35.199,22.091,30.311,23.244,4.742,7.082,6.713
52250,0.826,35.304,22.106,30.301,23.247,4.701,7.042,6.672
52251,0.826,35.411,22.091,30.311,23.237,4.701,7.001,6.672
52252,0.82,35.067,22.067,30.33,23.247,4.823,7.163,6.794
52253,0.839,35.207,22.137,30.359,23.258,4.824,7.206,6.714
52254,0.839,35.333,22.134,30.321,23.251,4.743,7.084,6.754
52255,0.817,35.373,22.095,30.34,23.251,4.783,7.164,6.673
52256,0.846,35.047,22.114,30.33,23.251,4.742,7.124,6.753
52257,0.862,35.207,22.134,30.349,23.258,4.783,7.165,6.673
52258,0.869,35.295,22.118,30.321,23.237,4.661,7.084,6.55
52259,0.856,35.363,22.118,30.301,23.24,4.7,7.123,6.63
52260,0.875,35.057,22.083,30.33,23.247,4.782,7.124,6.59
52261,0.869,35.188,22.106,30.32,23.24,4.742,7.124,6.549
52262,0.889,35.323,22.095,30.32,23.237,4.661,7.083,6.549
52263,0.859,35.382,22.133,30.33,23.251,4.782,7.205,6.712
52264,0.866,35.076,22.107,30.349,23.254,4.864,7.206,6.632
52265,0.856,35.188,22.098,30.34,23.247,4.784,7.165,6.631
52266,0.856,35.323,22.083,30.321,23.251,4.742,7.206,6.631
52267,0.859,35.373,22.09,30.349,23.251,4.783,7.247,6.672
52268,0.846,35.076,22.102,30.34,23.254,4.742,7.206,6.55
52269,0.853,35.207,22.079,30.33,23.244,4.661,7.043,6.427
52270,0.833,35.295,22.067,30.34,23.247,4.741,7.123,6.588
52271,0.839,35.372,22.075,30.349,23.244,4.701,7.124,6.509
52272,0.839,35.066,22.075,30.349,23.244,4.701,7.002,6.467
52273,0.836,35.178,22.102,30.33,23.24,4.701,7.041,6.467
52274,0.852,35.295,22.118,30.34,23.247,4.701,7.123,6.589
52275,0.872,35.487,22.126,30.388,23.265,4.904,7.165,6.631
52276,0.872,35.154,22.103,30.35,23.248,4.784,7.084,6.55
52277,0.876,35.304,22.091,30.349,23.251,4.783,7.123,6.508
52278,0.885,35.401,22.114,30.34,23.254,4.783,7.083,6.508
52279,0.892,35.009,22.145,30.34,23.244,4.783,7.205,6.508
52280,0.892,35.034,22.103,30.33,23.244,4.742,7.084,6.386
52281,0.876,35.159,22.114,30.32,23.237,4.579,7.164,6.425
52282,0.889,35.266,22.114,30.349,23.244,4.7,7.206,6.466
52283,0.889,34.912,22.169,30.34,23.244,4.701,7.206,6.386
52284,0.872,35.014,22.087,30.34,23.24,4.742,7.165,6.344
52285,0.876,35.168,22.083,30.33,23.244,4.661,7.206,6.384
52286,0.879,35.285,22.083,30.359,23.254,4.863,7.369,6.547
52287,0.889,35.027,22.075,30.359,23.247,4.824,7.289,6.468
52288,0.879,35.159,22.094,30.349,23.244,4.702,7.369,6.426
52289,0.879,35.285,22.094,30.34,23.244,4.742,7.492,6.466
52290,0.866,35.353,22.133,30.368,23.251,4.823,7.534,6.507
52291,0.869,34.951,22.114,30.378,23.251,4.783,7.494,6.467
52292,0.869,35.081,22.052,30.321,23.24,4.661,7.534,6.304
52293,0.869,35.198,22.129,30.349,23.244,4.782,7.575,6.384
52294,0.892,35.266,22.145,30.349,23.244,4.783,7.657,6.344
52295,0.895,35.104,22.114,30.388,23.24,4.702,7.576,6.343
52296,0.899,35.236,22.059,30.321,23.244,4.66,7.616,6.262
52297,0.899,35.353,22.082,30.34,23.247,4.741,7.82,6.465
52298,0.925,35.44,22.11,30.397,23.261,4.864,7.903,6.386
52299,0.918,35.077,22.126,30.359,23.251,4.784,7.782,6.425
52300,0.922,35.169,22.083,30.34,23.244,4.702,7.822,6.385
52301,0.928,35.323,22.118,30.349,23.251,4.742,7.781,6.385
52302,0.935,35.325,22.118,30.359,23.244,4.783,7.862,6.344
52303,0.938,35.027,22.145,30.349,23.24,4.742,7.66,6.221
52304,0.909,35.149,22.083,30.34,23.237,4.661,7.739,6.342
52305,0.918,35.275,22.083,30.34,23.247,4.7,7.74,6.343
52306,0.912,35.113,22.071,30.349,23.244,4.66,7.74,6.303
52307,0.905,35.131,22.086,30.359,23.24,4.741,7.699,6.262
52308,0.895,35.256,22.059,30.34,23.24,4.701,7.74,6.262
52309,0.912,35.391,22.082,30.359,23.251,4.863,7.821,6.465
52310,0.912,35.651,22.083,30.359,23.251,4.784,7.741,6.304
52311,0.902,35.788,22.09,30.369,23.251,4.783,7.74,6.384
52312,0.905,35.914,22.063,30.369,23.247,4.824,7.781,6.263
52313,0.905,35.973,22.121,30.359,23.247,4.824,7.781,6.424
52314,0.934,34.631,22.122,30.369,23.251,4.783,7.74,6.344
52315,0.925,34.742,22.083,30.33,23.237,4.62,7.618,6.221
52316,0.925,34.878,22.075,30.34,23.244,4.741,7.657,6.22
52317,0.944,34.985,22.098,30.349,23.251,4.742,7.617,6.22
52318,0.945,35.264,22.091,30.349,23.24,4.742,7.617,6.302
52319,0.945,35.401,22.122,30.359,23.24,4.742,7.617,6.221
52320,0.961,35.527,22.052,30.359,23.247,4.783,7.82,6.302
52321,0.984,35.643,22.113,30.397,23.261,4.905,7.741,6.262
52322,0.968,35.836,22.095,30.359,23.247,4.825,7.699,6.221
52323,0.971,35.982,22.122,30.369,23.244,4.783,7.78,6.261
52324,0.977,36.108,22.071,30.369,23.251,4.742,7.74,6.302
52325,0.981,36.157,22.086,30.388,23.251,4.864,7.781,6.343
52326,0.968,34.863,22.141,30.359,23.244,4.743,7.578,6.1
52327,0.945,34.975,22.107,30.34,23.237,4.701,7.698,6.219
52328,0.958,35.139,22.091,30.349,23.247,4.742,7.699,6.18
52329,0.958,35.15,22.122,30.349,23.24,4.742,7.658,6.22
52330,0.948,35.39,22.06,30.359,23.244,4.701,7.658,6.139
52331,0.951,35.546,22.11,30.359,23.24,4.742,7.698,6.26
52332,0.974,35.682,22.087,30.388,23.254,4.864,7.861,6.424
52333,0.984,35.558,22.114,30.379,23.251,4.702,7.741,6.263
52334,0.987,35.298,22.067,30.369,23.244,4.782,7.699,6.302
52335,0.987,35.43,22.071,30.378,23.247,4.864,7.699,6.262
52336,0.991,35.556,22.071,30.378,23.251,4.784,7.699,6.262
52337,1.013,35.471,22.082,30.378,23.254,4.783,7.74,6.221
52338,1.01,35.547,22.079,30.35,23.237,4.539,7.537,6.139
52339,1.02,35.672,22.067,30.359,23.244,4.699,7.616,6.179
52340,1.033,35.779,22.09,30.378,23.244,4.742,7.657,6.098
52341,1.027,35.464,22.114,30.359,23.244,4.742,7.576,6.138
52342,1.03,35.566,22.098,30.349,23.244,4.742,7.575,6.098
52343,1.024,35.701,22.149,30.349,23.251,4.823,7.575,6.26
52344,1.03,35.818,22.099,30.397,23.258,4.783,7.657,6.262
52345,1.04,35.617,22.083,30.379,23.247,4.783,7.536,6.18
52346,1.027,35.759,22.075,30.359,23.251,4.783,7.575,6.179
52347,1.037,35.895,22.098,30.378,23.247,4.824,7.575,6.22
52348,1.017,35.963,22.153,30.378,23.251,4.824,7.494,6.22
52349,1.017,35.772,22.083,30.369,23.244,4.743,7.453,6.058
52350,1.004,35.866,22.079,30.34,23.237,4.742,7.452,6.219
52351,1.023,36.021,22.098,30.378,23.251,4.742,7.452,6.18
52352,1.027,36.061,22.094,30.388,23.24,4.701,7.371,6.139
52353,1.023,35.927,22.145,30.359,23.237,4.701,7.37,6.138
52354,1.033,36.079,22.056,30.378,23.247,4.863,7.492,6.26
52355,1.069,36.224,22.114,30.407,23.258,4.906,7.412,6.262
52356,1.053,36.206,22.048,30.379,23.251,4.784,7.33,6.18
52357,1.063,36.091,22.07,30.369,23.251,4.783,7.289,6.179
52358,1.066,36.243,22.094,30.388,23.247,4.824,7.369,6.261
52359,1.073,36.341,22.118,30.379,23.251,4.824,7.37,6.302
52360,1.083,36.716,22.059,30.359,23.24,4.702,7.167,6.018
52361,1.076,36.317,22.067,30.34,23.24,4.742,7.287,6.137
52362,1.089,36.447,22.11,30.378,23.251,4.742,7.207,6.098
52363,1.079,36.525,22.114,30.35,23.244,4.742,7.287,6.178
52364,1.076,36.334,22.028,30.369,23.237,4.742,7.207,6.139
52365,1.066,36.399,22.043,30.378,23.247,4.742,7.369,6.26
52366,1.082,36.553,22.102,30.417,23.261,4.905,7.33,6.343
52367,1.079,36.632,22.11,30.379,23.247,4.784,7.289,6.221
52368,1.073,36.412,22.118,30.359,23.251,4.742,7.207,6.22
52369,1.076,36.525,22.118,30.388,23.254,4.783,7.328,6.139
52370,1.073,36.65,22.099,30.398,23.251,4.783,7.289,6.219
52371,1.073,36.767,22.118,30.379,23.244,4.702,7.247,6.139
52372,1.063,36.48,22.138,30.35,23.244,4.742,7.288,6.098
52373,1.069,36.631,22.165,30.369,23.251,4.783,7.166,6.178
52374,1.092,36.757,22.099,30.369,23.244,4.661,7.246,6.139
52375,1.076,36.825,22.067,30.359,23.244,4.66,7.166,6.179
52376,1.089,36.644,22.059,30.369,23.24,4.66,7.124,6.139
52377,1.102,36.834,22.071,30.397,23.258,4.863,7.327,6.341
52378,1.109,36.97,22.09,30.407,23.251,4.784,7.207,6.181
52379,1.099,37.0,22.114,30.388,23.247,4.742,7.165,6.22
52380,1.106,36.751,22.056,30.379,23.251,4.783,7.206,6.18
52381,1.122,36.892,22.078,30.378,23.254,4.824,7.287,6.139
52382,1.112,36.98,22.129,30.369,23.251,4.783,7.166,6.219
52383,1.106,37.039,22.122,30.359,23.24,4.58,7.043,6.058
52384,1.096,36.924,22.095,30.407,23.251,4.7,7.123,6.219
52385,1.096,37.067,22.059,30.369,23.24,4.782,7.043,6.18
52386,1.099,37.154,22.125,30.378,23.244,4.742,7.164,6.139
52387,1.089,37.146,22.099,30.369,23.244,4.701,7.084,6.138
52388,1.079,37.088,22.106,30.359,23.251,4.742,7.164,6.301
52389,1.099,37.27,22.13,30.417,23.265,4.905,7.246,6.302
52390,1.083,37.31,22.044,30.388,23.244,4.744,7.084,6.302
52391,1.076,37.205,22.074,30.379,23.251,4.783,7.123,6.302
52392,1.073,37.165,22.079,30.398,23.247,4.824,7.124,6.302
52393,1.083,37.29,22.145,30.388,23.247,4.783,7.165,6.302
52394,1.086,37.368,22.087,30.407,23.244,4.661,6.962,6.099
52395,1.073,37.014,22.098,30.369,23.24,4.7,7.041,6.219
52396,1.086,37.116,22.133,30.378,23.251,4.782,6.96,6.22
52397,1.083,37.232,22.114,30.378,23.24,4.742,6.96,6.22
52398,1.092,37.31,22.122,30.378,23.24,4.701,7.0,6.22
52399,1.086,37.186,22.079,30.369,23.247,4.742,6.96,6.22
52400,1.092,37.347,22.079,30.417,23.265,4.905,7.122,6.302
52401,1.089,37.464,22.098,30.369,23.248,4.784,7.002,6.262
52402,1.079,37.523,22.087,30.388,23.247,4.824,6.919,6.221
52403,1.063,37.274,22.106,30.388,23.247,4.783,6.959,6.22
52404,1.05,37.415,22.075,30.388,23.251,4.824,7.041,6.18
52405,1.046,37.532,22.086,30.388,23.244,4.743,6.879,6.179
52406,1.024,37.581,22.059,30.359,23.237,4.661,6.837,6.139
52407,1.017,37.342,22.059,30.378,23.244,4.741,6.877,6.138
52408,1.017,37.483,22.129,30.378,23.251,4.701,6.918,6.138
52409,0.997,37.581,22.083,30.369,23.244,4.66,6.878,6.138
52410,0.984,37.62,22.059,30.35,23.244,4.7,6.959,6.138
52411,0.978,37.409,22.063,30.388,23.261,4.904,7.122,6.301
52412,0.981,37.561,22.09,30.398,23.254,4.744,7.043,6.14
52413,0.968,37.62,22.102,30.398,23.247,4.742,7.042,6.179
52414,0.977,37.649,22.063,30.388,23.258,4.742,7.123,6.179
52415,0.971,37.39,22.117,30.398,23.251,4.823,7.165,6.139
52416,0.951,37.512,22.134,30.388,23.244,4.783,7.246,6.179
52417,0.961,37.619,22.107,30.369,23.24,4.661,7.044,6.017
52418,0.942,37.735,22.091,30.378,23.247,4.782,7.204,6.137
52419,0.951,37.535,22.145,30.388,23.254,4.742,7.287,6.138
52420,0.945,37.677,22.118,30.417,23.24,4.742,7.247,6.057
52421,0.935,37.774,22.059,30.35,23.244,4.701,7.206,6.097
52422,0.935,37.344,22.117,30.359,23.251,4.823,7.287,6.178
52423,0.931,37.416,22.118,30.426,23.265,4.905,7.41,6.22
52424,0.915,37.513,22.099,30.388,23.251,4.825,7.371,6.18
52425,0.889,37.6,22.067,30.398,23.247,4.783,7.452,6.139
52426,0.895,37.467,22.051,30.398,23.251,4.864,7.371,6.098
52427,0.879,37.6,22.086,30.388,23.254,4.865,7.452,6.178
52428,0.866,37.706,22.079,30.388,23.251,4.743,7.493,6.057
52429,0.862,37.775,22.032,30.34,23.237,4.701,7.453,6.015
52430,0.846,37.43,22.086,30.378,23.244,4.782,7.534,6.015
52431,0.84,37.58,22.075,30.378,23.244,4.783,7.494,6.056
52432,0.826,37.668,22.051,30.369,23.24,4.702,7.494,6.015
52433,0.82,37.736,22.149,30.369,23.247,4.701,7.494,6.015
52434,0.843,37.439,22.099,30.388,23.254,4.863,7.697,6.137
52435,0.846,37.618,22.122,30.417,23.251,4.824,7.658,6.098
52436,0.827,37.716,22.06,30.388,23.247,4.905,7.698,6.056
52437,0.839,37.756,22.086,30.388,23.247,4.784,7.821,6.056
52438,0.836,37.401,22.098,30.379,23.254,4.783,7.863,6.137
52439,0.833,37.532,22.13,30.398,23.254,4.864,7.944,6.098
52440,0.836,37.648,22.103,30.398,23.24,4.702,7.823,6.016
52441,0.823,37.659,22.063,30.35,23.244,4.701,8.066,6.137
52442,0.826,37.419,22.133,30.388,23.247,4.823,8.028,6.057
52443,0.813,37.542,22.099,30.379,23.244,4.824,8.068,6.056
52444,0.807,37.648,22.075,30.369,23.24,4.743,8.109,5.975
52445,0.794,37.678,22.079,30.359,23.247,4.823,8.232,6.096
52446,0.8,37.487,22.063,30.417,23.261,5.068,8.395,6.178
52447,0.787,37.6,22.055,30.36,23.251,4.867,8.275,6.139
52448,0.784,37.697,22.086,30.388,23.251,4.865,8.314,6.098
52449,0.787,37.477,22.051,30.379,23.247,4.906,8.437,6.138
52450,0.787,37.446,22.11,30.407,23.251,4.865,8.438,6.179
52451,0.764,37.599,22.075,30.379,23.251,4.824,8.438,6.057
52452,0.764,37.639,22.051,30.359,23.247,4.865,8.438,6.137
52453,0.767,37.362,22.145,30.388,23.247,4.865,8.479,6.138
52454,0.777,37.474,22.079,30.379,23.244,4.906,8.479,6.098
52455,0.771,37.58,22.09,30.378,23.24,4.825,8.398,6.056
52456,0.777,37.687,22.048,30.359,23.244,4.865,8.56,6.137
52457,0.797,37.276,22.11,30.417,23.251,5.028,8.643,6.26
52458,0.79,37.406,22.095,30.388,23.247,4.907,8.562,6.139
52459,0.784,37.513,22.133,30.398,23.254,4.987,8.48,6.138
52460,0.79,37.6,22.142,30.388,23.247,4.948,8.438,6.138
52461,0.793,37.352,22.091,30.388,23.254,4.947,8.479,6.098
52462,0.79,37.455,22.137,30.369,23.244,4.785,8.357,5.935
52463,0.774,37.542,22.095,30.369,23.237,4.905,8.356,6.096
52464,0.777,37.639,22.114,30.369,23.24,4.906,8.397,6.097
52465,0.767,37.429,22.044,30.359,23.247,4.947,8.356,6.056
52466,0.761,37.551,22.067,30.359,23.237,4.947,8.275,6.056
52467,0.748,37.668,22.086,30.369,23.244,4.907,8.314,6.097
52468,0.754,37.736,22.063,30.397,23.258,5.109,8.437,6.178
52469,0.767,37.813,22.075,30.398,23.244,4.949,8.316,6.098
52470,0.748,37.91,22.071,30.379,23.247,4.988,8.234,6.138
52471,0.747,38.036,22.082,30.407,23.251,5.029,8.273,6.138
52472,0.754,38.046,22.047,30.398,23.251,5.03,8.193,6.057
52473,0.754,37.049,22.098,30.388,23.251,4.907,8.151,6.056
52474,0.754,37.154,22.063,30.35,23.237,4.865,8.028,6.015
52475,0.751,37.261,22.094,30.378,23.244,4.946,8.027,6.056
52476,0.757,37.415,22.09,30.378,23.244,4.947,7.987,5.975
52477,0.77,37.455,22.114,30.369,23.24,4.907,7.905,6.015
52478,0.764,37.571,22.091,30.369,23.244,4.865,7.904,6.015
52479,0.767,37.677,22.141,30.378,23.247,4.987,7.985,6.178
52480,0.796,37.161,22.107,30.417,23.251,5.11,7.986,6.139
52481,0.781,37.155,22.079,30.369,23.247,4.949,7.824,6.057
52482,0.787,37.29,22.09,30.378,23.251,4.907,7.781,6.137
52483,0.784,37.387,22.067,30.388,23.244,4.987,7.822,6.138
52484,0.79,37.234,22.094,30.407,23.251,4.988,7.822,6.138
52485,0.777,37.367,22.036,30.36,23.244,4.826,7.619,5.894
52486,0.748,37.464,22.074,30.369,23.247,4.905,7.698,6.136
52487,0.757,37.561,22.075,30.359,23.247,4.947,7.658,6.098
52488,0.748,37.14,22.094,30.349,23.24,4.947,7.576,6.056
52489,0.738,37.289,22.098,30.349,23.24,4.866,7.494,6.056
52490,0.731,37.387,22.087,30.378,23.244,4.906,7.616,6.097
52491,0.747,37.512,22.11,30.398,23.258,5.109,7.779,6.26
52492,0.754,37.169,22.071,30.398,23.251,4.989,7.537,6.099
52493,0.744,37.271,22.09,30.388,23.247,4.948,7.534,6.138
52494,0.747,37.406,22.032,30.379,23.244,4.947,7.534,6.098
52495,0.754,37.455,22.07,30.388,23.247,5.029,7.494,6.138
52496,0.77,37.235,22.071,30.379,23.251,5.03,7.453,6.057
52497,0.77,37.348,22.059,30.359,23.244,4.826,7.29,5.975
52498,0.774,37.464,22.082,30.369,23.251,4.946,7.41,6.096
52499,0.777,37.504,22.118,30.359,23.24,4.947,7.33,6.097
52500,0.784,37.044,22.106,30.417,23.24,4.866,7.37,6.016
52501,0.784,37.164,22.087,30.35,23.237,4.865,7.248,6.056
52502,0.787,37.271,22.094,30.378,23.251,5.028,7.369,6.178
52503,0.793,37.636,22.106,30.398,23.258,4.989,7.492,6.179
52504,0.79,37.208,22.067,30.359,23.251,4.948,7.29,6.139
52505,0.774,37.338,22.075,30.349,23.247,4.907,7.369,6.138
52506,0.787,37.454,22.149,30.359,23.247,4.987,7.411,6.138
52507,0.774,37.12,22.114,30.378,23.251,4.988,7.371,6.138
52508,0.771,37.145,22.098,30.359,23.24,4.866,7.248,6.016
52509,0.754,37.232,22.087,30.34,23.24,4.906,7.369,6.137
52510,0.748,37.348,21.969,30.388,23.244,4.947,7.33,6.098
52511,0.744,37.061,22.066,30.35,23.24,4.907,7.37,6.097
52512,0.76,37.154,22.106,30.34,23.24,4.906,7.33,6.056
52513,0.751,37.28,22.075,30.359,23.247,4.865,7.41,6.097
52514,0.764,37.396,22.067,30.388,23.258,5.028,7.533,6.219
52515,0.764,37.014,22.032,30.359,23.258,4.948,7.453,6.098
52516,0.764,37.135,22.07,30.359,23.244,4.907,7.493,6.138
52517,0.774,37.251,22.075,30.369,23.251,4.906,7.412,6.179
52518,0.784,37.348,22.098,30.359,23.251,4.987,7.452,6.179
52519,0.79,36.994,22.083,30.34,23.244,4.988,7.412,6.139
52520,0.787,37.125,22.008,30.321,23.237,4.785,7.33,5.976
52521,0.787,37.232,22.054,30.34,23.237,4.824,7.37,6.055
52522,0.78,37.31,22.102,30.359,23.247,4.865,7.452,6.056
52523,0.787,37.051,22.102,30.34,23.233,4.865,7.452,5.975
52524,0.751,37.174,22.071,30.349,23.24,4.824,7.33,6.015
52525,0.774,37.299,22.075,30.359,23.247,4.946,7.532,6.178
52526,0.793,37.377,22.122,30.388,23.254,4.907,7.575,6.179
52527,0.764,37.052,22.071,30.35,23.251,4.906,7.494,6.098
52528,0.761,37.193,22.071,30.34,23.247,4.947,7.534,6.097
52529,0.757,37.29,22.11,30.349,23.247,4.947,7.534,6.056
52530,0.754,37.329,22.013,30.369,23.251,4.866,7.534,6.097
52531,0.757,37.061,22.09,30.35,23.244,4.906,7.412,5.975
52532,0.744,37.145,22.114,30.33,23.237,4.865,7.452,6.096
52533,0.764,37.27,22.095,30.34,23.244,4.865,7.452,6.056
52534,0.767,37.118,21.981,30.349,23.251,4.906,7.452,6.015
52535,0.761,37.05,22.043,30.33,23.237,4.865,7.412,5.974
52536,0.767,37.174,22.07,30.349,23.251,4.865,7.452,6.055
52537,0.787,37.29,22.071,30.378,23.254,5.028,7.615,6.3
52538,0.79,36.984,22.075,30.35,23.247,4.907,7.454,6.099
52539,0.777,37.039,22.075,30.34,23.247,4.825,7.493,6.097
52540,0.79,37.173,22.032,30.349,23.244,4.865,7.453,6.056
52541,0.79,37.271,22.051,30.34,23.251,4.865,7.452,6.056
52542,0.79,37.041,22.117,30.349,23.254,4.906,7.452,6.097
52543,0.79,37.135,22.122,30.33,23.24,4.744,7.29,5.894
52544,0.771,37.27,22.02,30.34,23.244,4.905,7.41,6.054
52545,0.777,37.358,22.105,30.34,23.244,4.865,7.289,6.056
52546,0.771,36.918,22.095,30.33,23.24,4.824,7.329,6.056
52547,0.764,37.057,22.102,30.33,23.24,4.824,7.329,6.015
52548,0.757,37.202,22.079,30.34,23.244,4.905,7.451,6.137
52549,0.777,37.29,22.114,30.349,23.258,4.987,7.412,6.098
52550,0.764,37.003,22.059,30.359,23.251,4.907,7.33,6.138
52551,0.757,37.125,22.067,30.359,23.247,4.906,7.329,6.098
52552,0.767,37.251,22.118,30.34,23.254,4.947,7.329,6.097
52553,0.761,37.3,22.099,30.368,23.251,4.907,7.329,6.097
52554,0.767,36.888,22.028,30.321,23.237,4.784,7.248,5.975
52555,0.767,36.99,22.055,30.32,23.24,4.864,7.288,6.015
52556,0.78,37.125,22.098,30.32,23.247,4.784,7.247,5.974
52557,0.784,37.155,22.094,30.311,23.247,4.864,7.247,5.974
52558,0.784,37.031,22.051,30.339,23.244,4.824,7.206,5.933
52559,0.79,37.154,22.09,30.321,23.247,4.824,7.287,6.096
52560,0.816,37.29,22.071,30.359,23.258,4.987,7.41,6.097
52561,0.82,37.301,22.036,30.311,23.247,4.866,7.289,5.975
52562,0.8,36.946,22.078,30.32,23.244,4.824,7.247,5.974
52563,0.794,37.086,22.024,30.34,23.247,4.946,7.288,6.055
52564,0.784,37.183,22.105,30.34,23.251,4.907,7.288,6.056
52565,0.78,36.983,22.055,30.33,23.251,4.825,7.207,5.975
52566,0.774,37.039,22.094,30.301,23.237,4.824,7.206,5.974
52567,0.774,37.183,22.11,30.32,23.244,4.824,7.247,5.974
52568,0.771,37.28,22.098,30.32,23.247,4.824,7.166,5.974
52569,0.764,36.773,22.106,30.301,23.24,4.743,7.206,5.933
52570,0.761,36.873,22.055,30.32,23.247,4.823,7.287,5.974
52571,0.767,37.047,22.094,30.368,23.258,5.027,7.451,6.137
52572,0.774,37.106,22.079,30.321,23.247,4.867,7.249,6.016
52573,0.767,36.886,22.114,30.292,23.251,4.784,7.288,6.015
52574,0.78,37.018,22.056,30.33,23.251,4.864,7.247,6.056
52575,0.784,37.144,22.039,30.32,23.251,4.865,7.288,6.056
52576,0.787,37.213,22.067,30.311,23.251,4.824,7.166,5.893
52577,0.78,36.753,22.059,30.301,23.237,4.743,7.165,5.973
52578,0.79,36.912,22.094,30.32,23.244,4.905,7.246,5.974
52579,0.79,37.019,22.137,30.301,23.24,4.825,7.125,6.015
52580,0.803,37.068,22.071,30.33,23.244,4.783,7.083,5.934
52581,0.8,36.857,22.051,30.282,23.244,4.783,7.123,5.974
52582,0.8,36.999,22.094,30.33,23.258,4.946,7.287,6.177
52583,0.81,37.163,22.075,30.32,23.251,4.866,7.207,5.976
52584,0.787,37.165,22.075,30.301,23.244,4.824,7.206,6.055
52585,0.78,36.858,22.008,30.311,23.247,4.824,7.125,6.056
52586,0.787,36.98,22.097,30.33,23.254,4.905,7.165,5.975
52587,0.784,37.115,22.083,30.301,23.251,4.865,7.124,5.974
52588,0.771,37.213,22.075,30.282,23.237,4.743,7.002,5.852
52589,0.757,36.83,22.118,30.291,23.251,4.864,7.082,5.932
52590,0.757,36.999,22.017,30.31,23.247,4.824,7.042,6.014
52591,0.761,37.077,22.098,30.291,23.24,4.783,7.001,5.974
52592,0.754,36.819,22.126,30.282,23.24,4.783,6.96,5.893
52593,0.754,36.816,22.091,30.32,23.247,4.905,7.082,6.095
52594,0.777,36.999,22.063,30.378,23.258,4.906,7.083,6.097
52595,0.78,37.048,22.024,30.292,23.247,4.825,7.083,5.935
52596,0.774,36.79,22.125,30.291,23.251,4.865,7.083,6.014
52597,0.78,36.893,22.099,30.282,23.251,4.865,6.961,6.056
52598,0.79,37.038,22.087,30.31,23.251,4.865,7.0,6.137
52599,0.79,37.106,22.145,30.301,23.244,4.824,6.96,5.894
52600,0.787,36.637,22.068,30.263,23.237,4.783,6.919,6.014
52601,0.79,36.795,22.055,30.301,23.247,4.783,6.878,5.974
52602,0.787,36.883,22.114,30.291,23.244,4.824,6.877,5.974
52603,0.787,36.999,22.056,30.291,23.24,4.783,6.837,5.974
52604,0.764,36.703,22.028,30.272,23.244,4.783,6.918,6.096
52605,0.774,36.873,22.043,30.31,23.254,4.986,7.041,6.178
52606,0.784,36.999,22.117,30.301,23.254,4.907,6.96,6.057
52607,0.764,37.048,22.04,30.282,23.244,4.784,6.96,6.056
52608,0.757,36.704,22.09,30.291,23.247,4.864,6.96,6.097
52609,0.774,36.825,22.126,30.282,23.254,4.906,7.0,6.097
52610,0.764,36.941,22.032,30.32,23.247,4.906,6.96,6.056
52611,0.751,36.981,22.066,30.272,23.237,4.744,6.797,5.934
52612,0.741,36.741,22.106,30.282,23.244,4.823,6.999,6.096
52613,0.757,36.912,22.083,30.291,23.244,4.824,6.96,6.056
52614,0.767,37.019,22.067,30.291,23.237,4.824,6.878,6.015
52615,0.761,37.039,22.047,30.263,23.24,4.702,6.877,5.974
52616,0.767,36.771,22.059,30.281,23.24,4.823,7.0,6.218
52617,0.783,36.96,22.11,30.301,23.254,4.987,7.041,6.139
52618,0.774,37.048,22.087,30.272,23.244,4.785,6.879,6.098
52619,0.787,36.838,22.114,30.282,23.247,4.864,6.959,6.138
52620,0.78,36.654,22.098,30.272,23.247,4.865,6.919,6.138
52621,0.784,36.786,22.083,30.282,23.251,4.865,6.959,6.138
52622,0.793,36.874,22.118,30.262,23.244,4.824,6.838,5.976
52623,0.774,36.75,22.071,30.253,23.24,4.783,6.877,6.055
52624,0.777,36.902,22.075,30.272,23.24,4.824,6.877,6.097
52625,0.771,37.028,22.043,30.272,23.244,4.783,6.877,6.056
52626,0.767,37.097,22.094,30.262,23.244,4.742,6.796,6.015
52627,0.748,36.599,22.09,30.262,23.244,4.783,6.836,6.056
52628,0.757,36.747,22.083,30.291,23.254,4.946,7.04,6.219
52629,0.761,36.892,22.102,30.272,23.247,4.825,6.92,6.139
52630,0.741,36.951,22.094,30.282,23.251,4.905,6.959,6.098
52631,0.738,36.741,22.048,30.262,23.251,4.865,6.96,6.219
52632,0.738,36.873,22.086,30.262,23.247,4.824,7.0,6.139
52633,0.747,37.018,22.067,30.272,23.251,4.824,6.96,6.057
52634,0.751,37.058,22.059,30.234,23.24,4.702,6.838,5.975
52635,0.754,36.617,22.078,30.262,23.244,4.823,6.958,6.096
52636,0.757,36.738,22.083,30.243,23.244,4.783,6.919,6.138
52637,0.767,36.873,22.118,30.262,23.244,4.783,6.878,6.057
52638,0.761,36.903,22.114,30.253,23.244,4.783,6.959,6.137
52639,0.767,36.712,22.106,30.272,23.251,4.864,7.082,6.301
52640,0.787,36.882,22.11,30.272,23.254,4.865,6.92,6.18
52641,0.787,36.951,22.036,30.262,23.244,4.784,6.959,6.139
52642,0.78,36.971,22.113,30.253,23.247,4.824,6.96,6.138
52643,0.777,36.578,22.067,30.272,23.254,4.824,7.0,6.179
52644,0.767,36.728,22.075,30.272,23.254,4.824,6.919,6.179
52645,0.764,36.835,22.059,30.234,23.234,4.824,6.837,6.017
52646,0.751,37.056,22.082,30.243,23.24,4.824,6.958,6.137
52647,0.764,36.8,22.083,30.243,23.244,4.824,6.878,6.138
52648,0.761,36.941,22.067,30.214,23.24,4.743,6.877,6.138
52649,0.744,37.009,22.102,30.243,23.237,4.742,6.877,6.098
52650,0.747,36.742,22.075,30.252,23.244,4.823,7.0,6.219
52651,0.747,36.816,22.051,30.281,23.258,4.905,7.082,6.22
52652,0.757,36.893,22.102,30.243,23.244,4.825,7.042,6.18
52653,0.751,37.009,22.048,30.233,23.244,4.824,7.001,6.22
52654,0.761,36.655,22.059,30.252,23.244,4.865,7.041,6.18
52655,0.774,36.786,22.059,30.262,23.247,4.824,7.082,6.22
52656,0.764,36.893,22.063,30.234,23.237,4.661,6.92,6.017
52657,0.754,36.951,22.09,30.243,23.251,4.782,7.081,6.178
52658,0.764,36.636,22.067,30.252,23.251,4.783,7.002,6.139
52659,0.764,36.747,22.141,30.214,23.24,4.783,7.001,6.138
52660,0.77,36.902,22.048,30.243,23.24,4.783,6.96,6.098
52661,0.777,36.961,22.067,30.224,23.258,4.824,7.204,6.26
52662,0.784,36.732,22.137,30.262,23.251,4.905,7.084,6.221
52663,0.774,36.806,22.083,30.224,23.24,4.744,7.042,6.139
52664,0.774,36.96,22.106,30.243,23.251,4.823,7.042,6.219
52665,0.774,37.01,22.052,30.252,23.251,4.865,7.082,6.22
52666,0.767,36.665,22.098,30.243,23.247,4.865,7.042,6.18
52667,0.754,36.796,22.091,30.233,23.24,4.662,6.879,6.057
52668,0.731,36.855,22.04,30.204,23.244,4.863,6.959,6.137
52669,0.757,36.932,22.106,30.204,23.247,4.784,7.041,6.138
52670,0.741,36.779,22.052,30.214,23.247,4.742,6.96,6.179
52671,0.734,36.912,22.035,30.204,23.237,4.661,7.0,6.139
52672,0.734,37.009,22.113,30.214,23.247,4.741,7.041,6.26
52673,0.744,37.068,22.075,30.243,23.261,4.945,7.082,6.384
52674,0.757,36.713,22.067,30.224,23.251,4.785,7.002,6.222
52675,0.751,36.815,22.02,30.233,23.247,4.783,6.96,6.22
52676,0.751,36.912,22.07,30.243,23.254,4.864,7.041,6.261
52677,0.757,36.769,22.082,30.224,23.251,4.865,7.042,6.302
52678,0.77,36.71,22.071,30.243,23.247,4.743,6.96,6.18
52679,0.767,36.834,22.098,30.185,23.233,4.701,6.878,6.22
52680,0.767,36.903,22.079,30.233,23.247,4.782,6.918,6.18
52681,0.774,36.654,22.071,30.214,23.247,4.783,6.878,6.22
52682,0.764,36.757,22.102,30.204,23.244,4.702,6.837,6.098
52683,0.761,36.873,22.091,30.185,23.24,4.66,6.837,6.178
52684,0.751,36.98,22.083,30.223,23.247,4.822,6.999,6.261
52685,0.764,36.665,22.071,30.243,23.258,4.865,6.96,6.262
52686,0.748,36.748,22.106,30.214,23.244,4.906,6.919,6.302
52687,0.744,36.864,22.114,30.214,23.251,4.825,6.919,6.302
52688,0.734,36.961,22.075,30.204,23.251,4.783,6.919,6.221
52689,0.751,36.741,22.125,30.195,23.247,4.824,6.837,6.18
52690,0.735,36.883,22.063,30.271,23.244,4.783,6.755,6.139
52691,0.725,36.961,22.043,30.195,23.24,4.742,6.795,6.179
52692,0.731,37.048,22.113,30.223,23.244,4.742,6.917,6.139
52693,0.725,36.579,22.052,30.195,23.244,4.783,6.878,6.138
52694,0.728,36.708,22.059,30.195,23.244,4.742,6.796,6.138
52695,0.741,36.834,22.028,30.195,23.244,4.783,6.917,6.219
52696,0.754,36.912,22.098,30.233,23.258,4.905,7.041,6.302
52697,0.764,36.741,22.067,30.204,23.251,4.825,6.96,6.18
52698,0.754,36.864,22.047,30.204,23.247,4.824,7.041,6.22
52699,0.764,36.98,22.102,30.214,23.251,4.783,7.042,6.18
52700,0.774,37.01,22.098,30.204,23.247,4.864,7.082,6.179
52701,0.777,36.703,22.091,30.195,23.244,4.743,7.042,6.057
52702,0.764,36.777,22.118,30.166,23.237,4.742,7.042,6.137
52703,0.774,36.902,22.067,30.194,23.247,4.783,7.082,6.098
52704,0.751,36.875,22.086,30.185,23.244,4.742,7.042,6.138
52705,0.748,36.673,22.063,30.194,23.237,4.701,7.123,6.138
52706,0.751,36.786,22.117,30.185,23.244,4.782,7.205,6.219
52707,0.744,36.922,22.106,30.204,23.258,4.905,7.328,6.261
52708,0.754,36.664,22.067,30.223,23.247,4.784,7.248,6.139
52709,0.741,36.709,22.121,30.204,23.244,4.824,7.247,6.179
52710,0.734,36.854,22.091,30.195,23.244,4.824,7.369,6.179
52711,0.728,36.961,22.067,30.204,23.251,4.824,7.33,6.179
52712,0.734,36.722,22.106,30.204,23.247,4.783,7.248,6.139
52713,0.721,36.835,22.052,30.185,23.237,4.702,7.166,6.179
52714,0.747,36.97,22.063,30.185,23.24,4.782,7.287,6.098
52715,0.744,37.048,22.032,30.175,23.237,4.742,7.207,6.097
52716,0.744,36.55,22.055,30.185,23.244,4.661,7.247,6.097
52717,0.751,36.689,22.059,30.156,23.247,4.66,7.288,6.138
52718,0.764,36.834,22.071,30.204,23.254,4.904,7.41,6.301
52719,0.774,36.932,22.106,30.195,23.251,4.744,7.249,6.18
52720,0.774,36.568,22.083,30.185,23.247,4.823,7.247,6.179
52721,0.771,36.708,22.067,30.185,23.247,4.783,7.288,6.139
52722,0.77,36.815,22.102,30.175,23.247,4.742,7.288,6.138
52723,0.774,36.893,22.052,30.204,23.251,4.823,7.247,6.179
52724,0.751,36.664,22.028,30.156,23.237,4.661,7.125,6.017
52725,0.751,36.796,22.078,30.165,23.247,4.741,7.205,6.178
52726,0.757,36.922,22.075,30.185,23.244,4.742,7.165,6.139
52727,0.741,36.952,22.11,30.175,23.244,4.742,7.124,6.057
52728,0.738,36.664,22.106,30.175,23.24,4.701,7.165,6.137
52729,0.725,36.815,22.11,30.175,23.247,4.823,7.246,6.26
52730,0.741,36.97,22.098,30.223,23.261,4.824,7.288,6.262
52731,0.728,37.249,22.087,30.176,23.244,4.743,7.247,6.221
52732,0.734,36.6,22.098,30.185,23.251,4.783,7.206,6.22
52733,0.741,36.718,22.067,30.175,23.244,4.824,7.287,6.18
52734,0.751,36.835,22.075,30.261,23.247,4.824,7.207,6.22
52735,0.748,36.615,22.055,30.166,23.237,4.661,7.043,6.098
52736,0.734,36.594,22.059,30.156,23.244,4.7,7.123,6.178
52737,0.754,36.747,22.063,30.165,23.247,4.782,7.083,6.179
52738,0.754,36.835,22.055,30.165,23.24,4.742,7.123,6.139
52739,0.751,36.577,22.082,30.156,23.237,4.661,6.961,6.098
52740,0.757,36.708,22.067,30.137,23.237,4.741,7.122,6.178
52741,0.774,36.873,22.055,30.194,23.258,4.905,7.205,6.261
52742,0.777,36.951,22.129,30.156,23.244,4.865,7.084,6.18
52743,0.764,36.396,21.978,30.165,23.247,4.784,7.083,6.179
52744,0.757,36.524,22.05,30.165,23.251,4.824,7.164,6.22
52745,0.757,36.66,22.043,30.185,23.247,4.743,7.206,6.261
52746,0.757,36.729,22.086,30.175,23.24,4.742,7.125,6.139
52747,0.741,36.518,22.083,30.137,23.24,4.62,7.002,6.057
52748,0.734,36.67,22.094,30.156,23.247,4.741,7.123,6.178
52749,0.738,36.786,22.13,30.146,23.251,4.742,7.124,6.098
52750,0.734,36.854,22.099,30.146,23.244,4.661,7.043,6.097
52751,0.728,36.577,22.036,30.146,23.24,4.66,7.123,6.178
52752,0.725,36.728,22.113,30.175,23.254,4.904,7.287,6.342
52753,0.744,36.863,22.032,30.185,23.258,4.784,7.166,6.181
52754,0.747,36.855,22.059,30.146,23.244,4.742,7.165,6.139
52755,0.747,37.172,22.071,30.156,23.251,4.823,7.124,6.179
52756,0.747,37.299,22.079,30.175,23.244,4.783,7.165,6.22
52757,0.757,37.425,22.102,30.156,23.251,4.742,7.124,6.139
52758,0.757,37.407,22.028,30.137,23.244,4.661,6.961,6.098
52759,0.754,36.17,22.102,30.146,23.251,4.741,7.122,6.219
52760,0.764,36.321,22.071,30.146,23.237,4.742,7.083,6.22
52761,0.757,36.418,22.047,30.137,23.24,4.701,7.002,6.139
52762,0.764,36.534,22.086,30.117,23.244,4.701,7.001,6.179
52763,0.761,36.631,22.008,30.175,23.261,4.823,7.204,6.301
52764,0.761,36.786,22.051,30.166,23.251,4.702,7.043,6.262
52765,0.754,36.845,22.02,30.156,23.244,4.823,7.123,6.262
52766,0.748,36.347,22.113,30.146,23.251,4.743,7.083,6.262
52767,0.744,36.457,22.126,30.137,23.247,4.742,7.083,6.262
52768,0.747,36.554,22.083,30.127,23.244,4.783,7.083,6.221
52769,0.734,36.641,22.114,30.108,23.237,4.702,6.92,6.18
52770,0.721,36.412,22.079,30.146,23.254,4.701,7.0,6.22
52771,0.728,36.553,22.09,30.146,23.244,4.782,7.001,6.22
52772,0.731,36.67,22.106,30.108,23.24,4.702,6.96,6.18
52773,0.728,36.738,22.016,30.136,23.24,4.701,6.919,6.179
52774,0.738,36.269,22.055,30.136,23.254,4.742,7.041,6.383
52775,0.754,36.456,22.047,30.156,23.258,4.905,7.082,6.263
52776,0.754,36.535,22.078,30.137,23.237,4.744,6.961,6.221
52777,0.757,36.612,22.055,30.146,23.251,4.742,7.0,6.261
52778,0.754,36.364,22.043,30.137,23.247,4.742,6.919,6.221
52779,0.767,36.486,22.137,30.146,23.251,4.823,7.0,6.302
52780,0.764,36.602,22.087,30.127,23.244,4.661,6.879,6.14
52781,0.748,36.632,22.047,30.098,23.24,4.66,6.877,6.179
52782,0.764,36.306,22.102,30.126,23.244,4.741,6.959,6.139
52783,0.761,36.447,22.059,30.146,23.244,4.742,6.96,6.138
52784,0.757,36.563,22.051,30.108,23.237,4.701,6.96,6.098
52785,0.744,36.584,22.024,30.117,23.244,4.66,6.919,6.138
52786,0.751,36.383,22.113,30.146,23.258,4.904,7.0,6.341
52787,0.751,36.534,22.067,30.137,23.251,4.744,6.96,6.221
52788,0.748,36.631,22.071,30.127,23.247,4.742,6.96,6.22
52789,0.751,36.757,22.102,30.136,23.244,4.742,6.96,6.18
52790,0.744,36.471,22.067,30.136,23.244,4.783,7.041,6.301
52791,0.738,36.573,22.059,30.127,23.247,4.742,6.92,6.14
52792,0.725,36.661,22.094,30.088,23.24,4.579,6.837,6.057
52793,0.721,36.287,22.055,30.117,23.244,4.822,6.918,6.137
52794,0.737,36.332,22.082,30.107,23.244,4.702,6.959,6.098
52795,0.751,36.457,22.09,30.107,23.244,4.701,6.96,6.138
52796,0.748,36.535,22.098,30.117,23.24,4.66,6.919,6.098
52797,0.744,36.19,22.083,30.117,23.24,4.741,7.0,6.219
52798,0.757,36.379,22.086,30.136,23.261,4.864,7.001,6.261
52799,0.764,36.457,22.102,30.117,23.244,4.702,7.082,6.18
52800,0.767,36.564,22.083,30.117,23.244,4.742,6.961,6.139
52801,0.767,36.152,22.051,30.107,23.247,4.783,7.0,6.179
52802,0.764,36.282,22.082,30.117,23.251,4.824,7.001,6.261
52803,0.774,36.399,22.059,30.107,23.244,4.783,6.96,5.977
52804,0.741,36.457,22.032,30.079,23.233,4.661,6.96,6.177
52805,0.767,36.324,22.039,30.107,23.251,4.782,6.96,6.057
52806,0.754,36.457,22.074,30.098,23.244,4.702,6.96,6.097
52807,0.735,36.573,22.082,30.079,23.244,4.701,6.96,6.138
52808,0.741,36.651,22.083,30.078,23.237,4.742,7.0,6.219
52809,0.744,36.163,22.086,30.117,23.254,4.864,7.204,6.22
52810,0.751,36.311,22.075,30.088,23.251,4.784,7.003,6.22
52811,0.738,36.418,22.04,30.107,23.251,4.783,7.001,6.139
52812,0.731,36.448,22.102,30.107,23.251,4.783,7.041,6.219
52813,0.731,36.228,22.016,30.127,23.254,4.824,7.042,6.22
52814,0.741,36.369,22.019,30.108,23.251,4.743,6.96,6.098
52815,0.747,36.448,22.047,30.069,23.233,4.579,6.919,6.097
52816,0.747,36.487,22.055,30.088,23.24,4.659,6.959,6.178
52817,0.747,36.247,22.082,30.078,23.244,4.741,7.0,6.057
52818,0.754,36.36,22.09,30.098,23.24,4.701,7.001,6.015
52819,0.748,36.476,22.106,30.05,23.24,4.62,7.001,6.056
52820,0.757,36.247,22.087,30.097,23.251,4.781,7.123,6.259
52821,0.774,36.274,22.063,30.126,23.258,4.783,7.124,6.18
52822,0.761,36.36,22.121,30.079,23.251,4.783,7.043,6.098
52823,0.764,36.467,22.005,30.069,23.247,4.742,7.042,6.178
52824,0.754,36.103,22.051,30.097,23.251,4.701,7.082,6.139
52825,0.748,36.224,22.02,30.098,23.251,4.701,7.164,6.098
52826,0.754,36.331,22.051,30.079,23.24,4.62,7.002,5.975
52827,0.725,36.409,22.055,30.059,23.251,4.781,7.082,6.096
52828,0.737,36.036,22.047,30.069,23.244,4.661,7.002,5.975
52829,0.747,36.176,22.082,30.05,23.24,4.7,7.082,6.096
52830,0.731,36.292,22.055,30.068,23.244,4.66,7.002,6.097
52831,0.731,36.37,22.02,30.05,23.244,4.7,7.163,6.178
52832,0.731,36.169,22.129,30.126,23.261,4.823,7.287,6.261
52833,0.738,36.311,22.052,30.098,23.251,4.743,7.166,6.099
52834,0.741,36.409,22.063,30.069,23.251,4.783,7.246,6.178
52835,0.757,36.477,22.016,30.078,23.251,4.783,7.247,6.179
52836,0.761,36.065,22.066,30.069,23.247,4.783,7.247,6.139
52837,0.761,36.224,22.079,30.078,23.244,4.742,7.206,6.016
52838,0.748,36.274,22.059,30.04,23.237,4.661,7.206,6.015
52839,0.764,36.351,22.137,30.068,23.244,4.66,7.247,6.096
52840,0.761,36.121,22.071,30.069,23.244,4.66,7.288,6.016
52841,0.764,36.244,22.059,30.04,23.24,4.66,7.288,6.015
52842,0.77,36.341,22.11,30.049,23.24,4.7,7.288,6.096
52843,0.767,36.39,22.009,30.078,23.251,4.863,7.451,6.26
52844,0.77,36.218,22.051,30.069,23.254,4.784,7.33,6.099
52845,0.757,36.312,22.02,30.059,23.251,4.742,7.41,6.016
52846,0.751,36.418,22.098,30.059,23.258,4.742,7.371,6.137
52847,0.751,36.333,22.091,30.069,23.251,4.783,7.411,6.098
52848,0.744,36.14,22.051,30.05,23.254,4.783,7.452,6.097
52849,0.744,36.234,22.094,30.04,23.24,4.742,7.371,5.894
52850,0.728,36.331,22.036,30.03,23.244,4.661,7.452,6.054
52851,0.731,36.025,22.035,30.059,23.244,4.741,7.493,6.056
52852,0.734,36.07,22.086,30.04,23.244,4.661,7.412,6.015
52853,0.728,36.205,22.036,30.078,23.24,4.7,7.371,6.015
52854,0.741,36.302,22.027,30.059,23.244,4.823,7.573,6.178
52855,0.751,36.044,22.043,30.069,23.258,4.824,7.535,6.098
52856,0.738,36.128,22.035,30.059,23.247,4.702,7.494,6.056
52857,0.751,36.282,22.051,30.049,23.251,4.742,7.534,6.178
52858,0.754,36.36,22.059,30.049,23.247,4.783,7.494,6.057
52859,0.761,35.958,22.098,30.049,23.247,4.864,7.575,6.097
52860,0.754,36.108,22.071,30.021,23.24,4.662,7.372,5.894
52861,0.757,36.186,22.059,30.02,23.244,4.66,7.492,5.973
52862,0.767,36.283,22.121,30.039,23.244,4.741,7.453,6.055
52863,0.757,35.977,22.063,30.04,23.244,4.701,7.371,5.975
52864,0.754,36.098,22.063,30.03,23.237,4.62,7.37,6.015
52865,0.748,36.224,22.051,30.03,23.251,4.822,7.452,6.096
52866,0.76,36.331,22.09,30.078,23.258,4.905,7.534,6.138
52867,0.744,36.035,22.063,30.03,23.244,4.744,7.372,6.057
52868,0.734,36.166,22.039,30.03,23.251,4.742,7.452,6.097
52869,0.741,36.292,22.067,30.03,23.247,4.823,7.452,6.097
52870,0.754,36.332,22.055,30.049,23.247,4.743,7.452,6.138
52871,0.738,35.987,22.035,30.021,23.237,4.701,7.29,5.935
52872,0.734,36.079,22.047,30.011,23.244,4.782,7.369,6.096
52873,0.738,36.224,22.039,30.03,23.244,4.742,7.411,6.016
52874,0.751,36.571,22.039,30.001,23.24,4.701,7.289,6.015
52875,0.754,35.951,22.067,30.001,23.247,4.66,7.288,6.015
52876,0.751,36.098,22.059,30.02,23.247,4.741,7.329,6.056
52877,0.78,36.224,22.106,30.049,23.254,4.864,7.37,6.137
52878,0.767,36.063,22.067,30.011,23.247,4.702,7.289,6.138
52879,0.767,36.08,22.106,30.02,23.244,4.742,7.207,6.098
52880,0.764,36.234,22.075,30.03,23.251,4.783,7.206,6.056
52881,0.783,36.312,22.063,30.03,23.251,4.824,7.287,6.137
52882,0.787,35.977,22.078,29.992,23.24,4.621,7.125,5.976
52883,0.774,36.079,22.059,30.049,23.24,4.659,7.124,6.096
52884,0.78,36.224,22.051,30.021,23.244,4.782,7.165,6.016
52885,0.774,36.331,22.09,30.011,23.244,4.702,7.124,6.096
52886,0.771,35.881,22.087,29.991,23.24,4.66,7.083,6.056
52887,0.77,36.03,22.075,30.001,23.244,4.741,7.164,6.097
52888,0.777,36.195,22.086,30.039,23.258,4.864,7.206,6.138
52889,0.79,36.283,22.118,29.992,23.247,4.743,7.043,6.098
52890,0.784,35.938,22.059,30.001,23.244,4.783,7.082,6.138
52891,0.8,36.088,22.008,30.03,23.244,4.742,7.123,6.138
52892,0.803,36.215,22.051,30.02,23.251,4.783,7.124,6.138
52893,0.807,36.273,22.02,30.011,23.251,4.742,7.083,6.016
52894,0.807,35.833,22.027,29.972,23.24,4.62,7.002,6.056
52895,0.829,35.991,22.035,29.991,23.244,4.741,7.041,6.056
52896,0.839,36.108,22.086,30.001,23.247,4.742,6.96,5.975
52897,0.849,36.148,22.036,29.991,23.233,4.701,6.96,6.015
52898,0.846,35.86,22.066,29.972,23.24,4.742,6.96,6.056
52899,0.836,36.011,22.043,29.991,23.247,4.864,7.122,6.219
52900,0.843,36.166,22.078,30.01,23.244,4.743,7.002,6.058
52901,0.833,36.148,22.083,30.001,23.247,4.783,7.041,6.015
52902,0.846,35.88,22.067,29.991,23.247,4.742,6.96,6.137
52903,0.846,36.021,22.059,29.982,23.251,4.783,6.96,6.179
52904,0.836,36.128,22.024,30.001,23.251,4.742,6.96,6.098
52905,0.826,35.975,22.062,29.963,23.237,4.62,6.878,5.975
52906,0.807,35.926,22.067,29.972,23.247,4.741,6.918,6.055
52907,0.816,36.069,22.067,30.001,23.247,4.783,7.0,6.015
52908,0.82,36.176,22.071,29.982,23.244,4.661,6.838,6.015
52909,0.823,35.851,22.106,29.953,23.24,4.66,6.877,6.056
52910,0.836,35.963,22.075,30.048,23.247,4.741,6.959,6.259
52911,0.846,36.137,22.063,30.021,23.254,4.905,6.96,6.139
52912,0.849,36.196,22.071,29.982,23.251,4.744,6.838,6.138
52913,0.846,35.803,22.028,29.982,23.247,4.701,6.918,6.138
52914,0.859,35.934,22.023,29.972,23.251,4.823,6.878,6.138
52915,0.872,36.06,21.988,29.981,23.254,4.824,6.837,6.057
52916,0.863,36.128,22.031,29.991,23.24,4.661,6.755,6.015
52917,0.853,35.918,22.016,29.953,23.244,4.7,6.836,6.096
52918,0.862,36.059,22.051,29.981,23.251,4.701,6.796,6.138
52919,0.869,36.166,22.035,29.972,23.247,4.742,6.795,6.098
52920,0.872,36.244,22.051,29.962,23.244,4.661,6.795,6.016
52921,0.889,36.101,22.051,29.962,23.251,4.741,6.877,6.096
52922,0.892,36.272,22.082,29.991,23.261,4.864,7.04,6.138
52923,0.892,36.379,22.055,29.982,23.247,4.743,6.879,6.057
52924,0.866,36.428,22.004,29.962,23.247,4.742,6.877,6.056
52925,0.872,35.767,22.082,29.962,23.258,4.742,6.877,6.137
52926,0.859,35.904,22.044,29.981,23.244,4.742,6.837,6.098
52927,0.853,36.021,22.035,29.972,23.244,4.742,6.796,5.975
52928,0.849,36.041,22.043,29.953,23.24,4.701,6.795,6.096
52929,0.853,35.878,22.106,29.962,23.244,4.823,6.836,6.056
52930,0.853,35.992,22.083,29.962,23.24,4.702,6.877,6.015
52931,0.827,36.118,22.028,29.972,23.244,4.66,6.796,5.974
52932,0.83,36.167,22.094,29.943,23.24,4.741,6.877,6.015
52933,0.826,35.841,22.04,29.972,23.251,4.823,7.04,6.218
52934,0.849,35.992,22.043,29.981,23.251,4.783,6.92,6.058
52935,0.833,36.07,22.02,29.962,23.251,4.783,6.919,6.015
52936,0.833,35.754,22.035,29.962,23.251,4.783,6.959,6.137
52937,0.83,35.828,22.043,29.962,23.254,4.742,7.0,6.098
52938,0.826,35.953,22.028,29.962,23.247,4.783,6.919,5.975
52939,0.813,36.021,22.043,29.924,23.237,4.58,6.919,6.055
52940,0.82,35.802,22.063,29.962,23.247,4.781,7.0,6.097
52941,0.83,35.924,22.055,29.953,23.244,4.783,7.001,6.056
52942,0.81,36.031,22.078,29.962,23.237,4.661,7.001,6.015
52943,0.807,36.118,22.059,29.933,23.233,4.7,7.001,5.974
52944,0.8,35.64,22.067,29.962,23.258,4.863,7.163,6.177
52945,0.794,35.807,22.114,29.972,23.247,4.702,7.124,6.098
52946,0.784,35.895,22.067,29.962,23.24,4.782,7.124,6.016
52947,0.771,35.983,22.079,29.943,23.244,4.742,7.124,6.056
52948,0.754,35.859,22.036,29.952,23.254,4.783,7.246,6.097
52949,0.764,35.982,22.074,29.953,23.251,4.824,7.125,6.097
52950,0.751,36.108,22.047,29.981,23.24,4.661,7.124,5.894
52951,0.735,36.148,22.028,29.962,23.251,4.741,7.165,5.973
52952,0.747,35.688,22.117,29.953,23.244,4.742,7.165,6.055
52953,0.741,35.798,22.048,29.924,23.244,4.742,7.206,5.934
52954,0.744,35.934,22.067,29.943,23.237,4.661,7.125,5.974
52955,0.731,35.983,22.024,29.952,23.258,4.782,7.287,6.177
52956,0.738,35.801,22.098,29.981,23.258,4.742,7.247,6.057
52957,0.728,35.895,22.048,29.953,23.244,4.701,7.125,6.056
52958,0.738,35.992,22.067,29.933,23.247,4.701,7.165,6.097
52959,0.751,36.051,22.02,29.952,23.247,4.823,7.165,6.138
52960,0.754,35.831,22.039,29.953,23.251,4.743,7.165,6.016
52961,0.728,35.924,22.043,29.895,23.237,4.579,7.084,5.934
52962,0.728,36.021,22.055,29.942,23.247,4.74,7.083,6.055
52963,0.738,35.782,22.051,29.933,23.244,4.742,7.083,5.975
52964,0.725,35.761,22.004,29.924,23.244,4.701,7.002,6.015
52965,0.721,35.876,22.07,29.923,23.23,4.62,7.041,6.015
52966,0.715,35.973,22.082,29.933,23.251,4.741,7.123,6.178
52967,0.715,35.667,22.106,29.952,23.254,4.823,7.043,6.057
52968,0.689,35.75,22.075,29.943,23.251,4.702,7.082,6.137
52969,0.695,35.876,22.082,29.933,23.247,4.782,7.164,6.057
52970,0.695,35.973,22.083,29.924,23.251,4.742,7.206,6.097
52971,0.685,35.744,22.067,29.943,23.247,4.783,7.125,6.138
52972,0.675,35.866,22.075,29.914,23.24,4.58,6.921,5.935
52973,0.675,35.992,22.047,29.923,23.247,4.7,7.122,6.014
52974,0.691,36.079,22.028,29.914,23.247,4.66,7.043,6.015
52975,0.698,35.63,22.047,29.914,23.244,4.7,7.082,5.974
52976,0.692,35.778,22.047,29.914,23.24,4.66,6.961,5.974
52977,0.698,35.885,22.055,29.914,23.244,4.822,7.122,6.096
52978,0.714,35.992,22.078,29.962,23.251,4.865,7.165,6.178
52979,0.715,35.705,22.059,29.914,23.251,4.702,7.084,6.057
52980,0.715,35.866,22.059,29.933,23.251,4.782,7.083,6.056
52981,0.721,35.973,22.024,29.924,23.247,4.742,7.083,6.056
52982,0.715,36.022,22.074,29.923,23.251,4.783,7.083,6.056
52983,0.731,35.667,22.028,29.914,23.24,4.661,6.961,5.934
52984,0.695,35.769,22.004,29.885,23.24,4.66,6.96,6.055
52985,0.701,35.914,22.051,29.904,23.24,4.66,7.041,6.015
52986,0.698,35.916,22.067,29.904,23.244,4.66,7.001,6.056
52987,0.682,35.628,22.071,29.904,23.244,4.7,6.919,5.934
52988,0.685,35.778,22.047,29.895,23.244,4.66,6.959,6.055
52989,0.682,35.924,22.047,29.933,23.258,4.782,7.163,6.178
52990,0.698,35.868,22.059,29.933,23.254,4.702,6.962,5.976
52991,0.682,35.704,22.082,29.914,23.251,4.742,6.96,6.096
52992,0.688,35.837,22.071,29.914,23.244,4.783,6.96,6.138
52993,0.682,35.953,22.043,29.933,23.251,4.742,6.96,6.098
52994,0.695,35.695,22.035,29.914,23.244,4.742,7.0,6.056
52995,0.688,35.75,22.078,29.876,23.237,4.579,6.797,5.934
52996,0.695,35.837,22.047,29.894,23.244,4.7,6.917,6.055
52997,0.705,35.963,22.067,29.914,23.251,4.701,6.878,6.097
52998,0.711,35.58,22.055,29.885,23.24,4.701,6.877,5.975
52999,0.715,35.701,22.086,29.885,23.237,4.66,6.796,6.015
53000,0.705,35.837,22.008,29.904,23.254,4.782,6.958,6.096
53001,0.737,35.953,22.078,29.952,23.251,4.864,7.0,6.056
53002,0.725,35.58,22.094,29.895,23.244,4.743,6.838,6.056
53003,0.728,35.72,22.051,29.894,23.244,4.742,6.877,6.056
53004,0.708,35.856,21.996,29.923,23.247,4.783,6.877,6.056
53005,0.711,35.925,22.027,29.914,23.254,4.783,6.877,6.056
53006,0.708,35.571,22.039,29.895,23.237,4.661,6.715,5.975
53007,0.698,35.682,22.035,29.866,23.233,4.741,6.794,6.015
53008,0.711,35.856,22.047,29.885,23.247,4.701,6.836,6.015
53009,0.705,35.877,22.043,29.894,23.244,4.742,6.837,6.015
53010,0.702,35.676,22.024,29.894,23.24,4.62,6.755,5.934
53011,0.701,35.789,22.059,29.885,23.244,4.741,6.795,6.014
53012,0.685,35.924,22.043,29.923,23.254,4.823,7.039,6.178
53013,0.698,36.012,22.059,29.914,23.247,4.702,6.92,6.057
53014,0.701,35.677,22.036,29.895,23.247,4.782,6.919,6.056
53015,0.705,35.817,22.063,29.885,23.247,4.742,6.959,6.056
53016,0.708,35.934,22.067,29.904,23.251,4.823,6.96,6.056
53017,0.728,36.232,22.024,29.895,23.251,4.702,6.96,6.056
53018,0.715,35.545,22.023,29.866,23.237,4.62,6.797,5.975
53019,0.718,35.662,22.078,29.885,23.251,4.741,6.917,6.015
53020,0.734,35.779,22.059,29.885,23.247,4.701,6.919,5.974
53021,0.734,35.607,22.055,29.875,23.24,4.742,7.0,5.933
53022,0.731,35.644,22.074,29.865,23.244,4.661,6.96,5.974
53023,0.744,35.798,21.989,29.894,23.247,4.782,7.082,6.055
53024,0.751,35.943,22.089,29.914,23.261,4.824,7.042,6.097
53025,0.735,35.475,22.044,29.895,23.247,4.783,6.96,6.016
53026,0.725,35.585,22.07,29.875,23.247,4.783,6.96,6.056
53027,0.711,35.74,22.036,29.894,23.251,4.824,6.96,6.137
53028,0.708,35.828,22.039,29.904,23.251,4.743,7.0,6.016
53029,0.702,35.454,22.027,29.875,23.244,4.701,6.838,5.852
53030,0.698,35.575,21.992,29.846,23.237,4.66,6.877,5.973
53031,0.711,35.72,22.05,29.875,23.251,4.741,6.877,5.974
53032,0.731,35.827,22.051,29.865,23.244,4.661,6.877,5.974
53033,0.744,35.541,22.074,29.856,23.237,4.66,6.796,6.015
53034,0.78,35.682,22.032,29.875,23.244,4.741,6.917,6.015
53035,0.819,35.817,22.078,29.913,23.254,4.864,7.0,6.137
53036,0.859,35.886,22.067,29.885,23.251,4.784,6.879,6.016
53037,0.879,35.513,22.071,29.885,23.244,4.783,6.796,6.056
53038,0.908,35.691,22.079,29.885,23.251,4.742,6.877,6.056
53039,0.921,35.789,22.083,29.885,23.251,4.742,6.877,6.097
53040,0.957,35.857,22.067,29.914,23.251,4.742,6.837,6.016
53041,0.961,35.503,22.043,29.847,23.237,4.62,6.674,5.893
53042,0.971,35.643,22.067,29.865,23.251,4.7,6.794,6.014
53043,1.003,35.779,22.059,29.894,23.237,4.701,6.795,6.015
53044,1.007,35.78,22.032,29.856,23.237,4.742,6.755,6.056
53045,1.023,35.559,22.074,29.846,23.24,4.742,6.714,5.975
53046,1.066,35.701,22.079,29.875,23.247,4.783,6.876,6.096
53047,1.118,35.866,22.083,29.904,23.258,4.905,6.877,6.138
53048,1.161,35.589,22.079,29.856,23.244,4.744,6.796,6.057
53049,1.207,35.51,22.008,29.875,23.247,4.783,6.795,6.097
53050,1.259,35.643,22.035,29.885,23.251,4.783,6.877,6.056
53051,1.289,35.759,22.082,29.904,23.247,4.864,6.796,6.178
53052,1.306,35.53,22.024,29.856,23.24,4.621,6.714,6.098
53053,1.293,35.662,22.031,29.856,23.244,4.781,6.835,6.138
53054,1.316,35.779,22.008,29.865,23.251,4.742,6.796,6.179
53055,1.316,35.876,22.031,29.856,23.237,4.701,6.795,6.179
53056,1.329,35.417,22.008,29.846,23.24,4.701,6.795,6.139
53057,1.345,35.546,22.043,29.865,23.244,4.742,6.999,6.341
53058,1.358,35.72,22.07,29.894,23.261,4.864,6.96,6.425
53059,1.342,35.779,22.082,29.866,23.244,4.662,6.919,6.344
53060,1.3,35.473,22.098,29.865,23.244,4.782,6.919,6.425
53061,1.312,35.614,22.04,29.865,23.247,4.824,6.919,6.426
53062,1.3,35.759,22.094,29.865,23.244,4.743,6.959,6.466
53063,1.257,35.828,22.055,29.923,23.251,4.661,6.838,6.345
53064,1.185,35.435,22.02,29.818,23.237,4.66,6.877,6.547
53065,1.145,35.613,22.055,29.846,23.251,4.7,6.877,6.63
53066,1.093,35.702,22.074,29.856,23.251,4.742,6.877,6.753
53067,1.027,35.75,22.067,29.846,23.237,4.62,6.877,6.836
53068,0.975,35.463,22.036,29.846,23.237,4.741,6.877,7.162
53069,0.935,35.623,22.09,29.884,23.258,4.823,7.0,7.612
53070,0.886,35.75,22.059,29.866,23.247,4.743,6.919,7.617
53071,0.804,35.751,22.055,29.856,23.247,4.823,6.919,7.983
53072,0.755,35.492,22.071,29.856,23.251,4.743,6.919,8.271
53073,0.715,35.662,22.036,29.875,23.251,4.823,6.959,8.436
53074,0.685,35.76,22.02,29.865,23.251,4.743,6.838,8.641
53075,0.656,35.722,22.016,29.818,23.237,4.579,6.755,8.847
53076,0.623,35.444,22.035,29.846,23.247,4.74,6.876,9.011
53077,0.603,35.575,22.024,29.856,23.247,4.742,6.837,9.135
53078,0.587,35.701,22.027,29.827,23.244,4.701,6.755,9.217
53079,0.554,35.463,22.035,29.836,23.24,4.701,6.795,9.34
53080,0.58,35.575,22.035,29.856,23.254,4.782,6.958,9.626
53081,0.629,35.73,22.074,29.884,23.251,4.824,6.878,9.629
53082,0.629,35.799,22.047,29.837,23.247,4.783,6.918,9.629
53083,0.681,35.272,22.055,29.846,23.251,4.783,6.878,9.751
53084,0.708,35.41,22.012,29.856,23.251,4.742,6.837,9.833
53085,0.724,35.537,22.039,29.865,23.251,4.742,6.958,9.916
53086,0.747,35.605,22.067,29.846,23.24,4.701,6.838,9.957
53087,0.754,35.423,22.008,29.808,23.24,4.66,6.837,10.12
53088,0.77,35.604,22.023,29.855,23.247,4.741,6.837,10.284
53089,0.783,35.702,22.039,29.827,23.251,4.701,6.877,10.489
53090,0.784,35.808,22.035,29.836,23.244,4.66,6.837,10.654
53091,0.78,35.569,22.074,29.836,23.244,4.741,6.918,10.981
53092,0.787,35.72,22.04,29.884,23.258,4.905,7.0,11.309
53093,0.803,35.866,22.051,29.846,23.251,4.784,6.838,11.394
53094,0.79,35.896,22.012,29.837,23.251,4.783,6.918,11.476
53095,0.8,35.359,22.055,29.856,23.247,4.783,6.959,11.64
53096,0.807,35.488,22.071,29.837,23.251,4.742,6.919,11.763
53097,0.82,35.624,22.043,29.846,23.244,4.742,6.837,11.805
53098,0.813,35.625,22.016,29.817,23.24,4.701,6.755,11.724
53099,0.81,35.385,22.031,29.846,23.244,4.742,6.836,11.886
53100,0.807,35.527,22.043,29.817,23.24,4.742,6.877,11.766
53101,0.816,35.643,22.059,29.817,23.244,4.701,6.755,11.724
53102,0.807,35.673,22.067,29.817,23.24,4.66,6.795,11.601
53103,0.813,35.434,22.071,29.827,23.254,4.782,6.958,11.722
53104,0.807,35.604,22.047,29.875,23.254,4.864,6.878,11.601
53105,0.8,35.673,22.063,29.827,23.251,4.784,6.918,11.478
53106,0.797,35.52,22.086,29.827,23.247,4.824,6.878,11.355
53107,0.787,35.547,22.036,29.836,23.251,4.783,6.959,11.232
53108,0.793,35.701,22.035,29.817,23.251,4.905,6.878,11.149
53109,0.787,35.779,22.004,29.836,23.247,4.744,6.877,10.904
53110,0.78,35.272,22.019,29.808,23.24,4.701,6.918,10.902
53111,0.787,35.41,22.066,29.826,23.244,4.742,6.959,10.902
53112,0.784,35.556,22.008,29.836,23.24,4.742,6.96,10.699
53113,0.777,35.644,22.027,29.827,23.244,4.701,6.919,10.616
53114,0.771,35.27,22.023,29.817,23.24,4.742,6.878,10.615
53115,0.796,35.43,22.121,29.846,23.258,4.864,7.081,10.655
53116,0.807,35.585,22.071,29.865,23.251,4.824,7.002,10.412
53117,0.803,35.634,22.043,29.827,23.247,4.783,7.001,10.328
53118,0.8,35.376,22.047,29.836,23.247,4.824,6.96,10.246
53119,0.81,35.527,22.02,29.827,23.254,4.824,7.0,10.245
53120,0.82,35.672,22.035,29.846,23.251,4.824,6.96,10.042
53121,0.817,35.712,22.031,29.808,23.247,4.743,6.878,9.796
53122,0.807,35.281,22.012,29.798,23.237,4.661,6.918,9.915
53123,0.816,35.468,22.019,29.817,23.24,4.741,6.919,9.835
53124,0.807,35.576,22.039,29.827,23.24,4.742,6.796,9.672
53125,0.8,35.605,22.102,29.798,23.244,4.701,6.795,9.507
53126,0.8,35.366,22.044,29.817,23.247,4.742,6.877,9.506
53127,0.81,35.546,22.098,29.855,23.261,4.945,7.0,9.546
53128,0.8,35.672,22.083,29.817,23.251,4.785,6.919,9.384
53129,0.797,35.673,22.004,29.817,23.251,4.742,6.837,9.382
53130,0.794,35.338,22.051,29.836,23.247,4.783,6.877,9.261
53131,0.79,35.449,22.074,29.827,23.258,4.824,6.877,9.178
53132,0.797,35.556,22.028,29.836,23.244,4.743,6.837,8.974
53133,0.784,35.452,21.977,29.779,23.237,4.701,6.796,8.972
53134,0.797,35.326,22.011,29.826,23.247,4.823,6.755,8.85
53135,0.807,35.44,22.09,29.808,23.244,4.702,6.836,8.808
53136,0.813,35.556,22.059,29.798,23.244,4.701,6.755,8.645
53137,0.807,35.289,22.039,29.807,23.244,4.782,6.795,8.603
53138,0.81,35.42,22.059,29.836,23.258,4.946,7.039,8.765
53139,0.816,35.556,22.016,29.827,23.251,4.825,6.839,8.604
53140,0.823,35.634,22.012,29.817,23.251,4.824,6.877,8.562
53141,0.823,35.29,22.066,29.807,23.247,4.783,6.959,8.439
53142,0.823,35.42,22.008,29.826,23.251,4.824,6.919,8.438
53143,0.83,35.565,22.027,29.827,23.254,4.783,6.837,8.316
53144,0.82,35.624,22.016,29.788,23.24,4.702,6.755,8.152
53145,0.813,35.27,22.07,29.817,23.251,4.742,6.836,8.15
53146,0.813,35.43,22.067,29.807,23.244,4.783,6.837,8.028
53147,0.807,35.527,22.063,29.807,23.24,4.661,6.837,8.027
53148,0.8,35.605,22.067,29.807,23.24,4.822,6.755,8.027
53149,0.797,35.203,22.047,29.807,23.247,4.783,6.917,8.109
53150,0.82,35.381,22.082,29.826,23.251,4.905,6.919,7.987
53151,0.803,35.469,22.032,29.808,23.254,4.784,6.878,7.986
53152,0.807,35.537,22.051,29.826,23.251,4.783,6.877,7.946
53153,0.807,35.269,22.059,29.808,23.247,4.824,6.837,7.905
53154,0.813,35.41,22.016,29.817,23.251,4.865,6.877,7.782
53155,0.82,35.489,22.035,29.788,23.237,4.702,6.674,7.659
53156,0.817,35.509,22.027,29.788,23.244,4.782,6.794,7.617
53157,0.842,35.24,22.043,29.807,23.244,4.742,6.755,7.576
53158,0.839,35.372,22.028,29.798,23.244,4.742,6.754,7.575
53159,0.846,35.507,21.957,29.798,23.24,4.701,6.754,7.575
53160,0.84,35.806,21.992,29.817,23.258,4.782,6.876,7.698
53161,0.852,35.368,22.066,29.836,23.251,4.742,6.877,7.577
53162,0.84,35.479,22.055,29.808,23.251,4.783,6.837,7.535
53163,0.856,35.595,22.035,29.817,23.247,4.783,6.837,7.494
53164,0.843,35.203,22.027,29.807,23.244,4.864,6.877,7.534
53165,0.833,35.237,22.051,29.817,23.251,4.824,6.959,7.453
53166,0.82,35.362,22.024,29.798,23.24,4.661,6.878,7.29
53167,0.81,35.431,22.043,29.778,23.24,4.782,6.877,7.288
53168,0.826,35.163,22.039,29.778,23.244,4.783,6.959,7.288
53169,0.817,35.294,22.008,29.778,23.244,4.661,6.96,7.207
53170,0.816,35.44,22.023,29.778,23.24,4.741,6.96,7.206
53171,0.81,35.508,22.047,29.769,23.244,4.823,7.082,7.247
53172,0.833,35.25,22.07,29.817,23.265,4.905,7.205,7.288
53173,0.823,35.401,22.036,29.807,23.248,4.825,7.084,7.207
53174,0.826,35.498,22.039,29.807,23.247,4.783,7.123,7.165
53175,0.836,35.595,22.047,29.807,23.247,4.742,7.205,7.124
53176,0.843,35.126,22.047,29.779,23.251,4.823,7.165,7.083
53177,0.853,35.275,22.035,29.807,23.244,4.743,7.043,7.042
53178,0.833,35.363,22.02,29.759,23.24,4.701,7.123,7.123
53179,0.846,35.459,22.027,29.807,23.251,4.701,7.165,7.083
53180,0.853,35.134,22.008,29.798,23.244,4.742,7.165,7.002
53181,0.853,35.256,22.058,29.759,23.244,4.742,7.124,6.96
53182,0.859,35.372,22.055,29.778,23.237,4.701,7.165,6.96
53183,0.869,35.45,22.051,29.807,23.258,4.945,7.409,7.082
53184,0.856,35.23,22.035,29.798,23.244,4.785,7.289,6.961
53185,0.849,35.353,22.039,29.798,23.244,4.742,7.288,6.96
53186,0.853,35.469,21.977,29.798,23.251,4.864,7.329,6.96
53187,0.846,35.499,21.988,29.798,23.251,4.824,7.37,6.96
53188,0.84,35.192,22.035,29.798,23.254,4.743,7.208,6.878
53189,0.83,35.285,21.988,29.759,23.244,4.701,7.206,6.877
53190,0.83,35.43,22.004,29.778,23.244,4.742,7.247,6.877
53191,0.826,35.22,22.078,29.778,23.244,4.742,7.288,6.837
53192,0.83,35.142,21.997,29.769,23.24,4.701,7.207,6.796
53193,0.817,35.265,22.043,29.769,23.244,4.742,7.287,6.836
53194,0.846,35.401,22.063,29.788,23.254,4.864,7.369,6.999
53195,0.859,35.153,22.078,29.798,23.251,4.743,7.289,6.838
53196,0.853,35.256,22.071,29.788,23.244,4.783,7.329,6.837
53197,0.866,35.372,22.059,29.778,23.247,4.702,7.329,6.796
53198,0.869,35.479,22.078,29.797,23.251,4.823,7.329,6.877
53199,0.866,35.087,22.004,29.798,23.254,4.743,7.289,6.796
53200,0.856,35.198,22.023,29.75,23.24,4.661,7.207,6.714
53201,0.862,35.333,22.062,29.788,23.251,4.7,7.287,6.713
53202,0.866,35.421,22.004,29.759,23.244,4.782,7.207,6.632
53203,0.869,35.096,22.027,29.769,23.24,4.702,7.206,6.631
53204,0.866,35.217,22.031,29.769,23.237,4.742,7.287,6.631
53205,0.853,35.381,22.074,29.788,23.254,4.823,7.41,6.875
53206,0.879,35.469,22.032,29.788,23.247,4.783,7.289,6.674
53207,0.853,34.962,22.031,29.778,23.244,4.783,7.207,6.631
53208,0.856,35.12,22.063,29.778,23.244,4.783,7.369,6.55
53209,0.856,35.246,22.004,29.797,23.251,4.824,7.289,6.712
53210,0.866,35.305,22.027,29.778,23.251,4.783,7.288,6.591
53211,0.846,35.257,22.055,29.75,23.24,4.661,7.085,6.549
53212,0.853,35.391,21.973,29.768,23.251,4.741,7.205,6.63
53213,0.84,35.498,22.007,29.759,23.244,4.742,7.165,6.59
53214,0.859,35.528,21.988,29.759,23.233,4.701,7.206,6.509
53215,0.856,35.03,22.082,29.749,23.244,4.62,7.206,6.589
53216,0.853,35.178,22.047,29.768,23.251,4.822,7.369,6.631
53217,0.882,35.342,22.098,29.817,23.258,4.865,7.33,6.672
53218,0.872,35.373,22.083,29.779,23.247,4.784,7.248,6.631
53219,0.869,35.22,22.016,29.778,23.251,4.742,7.247,6.672
53220,0.885,35.352,22.074,29.778,23.251,4.783,7.288,6.631
53221,0.885,35.459,22.067,29.778,23.254,4.783,7.288,6.59
53222,0.895,35.0,22.028,29.759,23.24,4.742,7.166,6.427
53223,0.876,35.034,22.023,29.749,23.244,4.742,7.206,6.466
53224,0.879,35.188,22.012,29.768,23.247,4.742,7.206,6.467
53225,0.876,35.275,22.062,29.769,23.244,4.742,7.165,6.467
53226,0.872,34.97,21.985,29.759,23.244,4.783,7.124,6.426
53227,0.866,35.139,22.039,29.759,23.24,4.783,7.205,6.507
53228,0.872,35.294,22.043,29.788,23.261,4.905,7.287,6.589
53229,0.885,35.382,21.996,29.778,23.247,4.784,7.125,6.509
53230,0.879,35.047,22.031,29.759,23.244,4.742,7.124,6.386
53231,0.866,35.178,22.047,29.759,23.254,4.783,7.205,6.466
53232,0.866,35.314,21.961,29.797,23.251,4.864,7.206,6.467
53233,0.866,35.392,22.007,29.778,23.251,4.702,7.084,6.345
53234,0.862,35.067,22.004,29.721,23.237,4.66,7.042,6.384
53235,0.888,35.236,22.086,29.739,23.244,4.7,7.042,6.507
53236,0.889,35.343,22.024,29.759,23.244,4.701,7.042,6.386
53237,0.885,35.402,22.031,29.749,23.24,4.742,7.001,6.344
53238,0.889,35.028,22.055,29.759,23.244,4.783,7.041,6.384
53239,0.895,35.207,22.004,29.769,23.261,4.905,7.164,6.547
53240,0.915,35.333,22.051,29.769,23.247,4.744,7.084,6.386
53241,0.902,35.354,22.074,29.759,23.258,4.701,7.123,6.303
53242,0.905,34.97,22.032,29.778,23.244,4.742,7.124,6.384
53243,0.918,35.12,22.043,29.759,23.251,4.783,7.124,6.344
53244,0.912,35.236,22.031,29.759,23.244,4.702,7.002,6.262
53245,0.899,35.324,22.059,29.73,23.237,4.66,7.001,6.262
53246,0.899,35.114,22.024,29.768,23.247,4.7,7.082,6.302
53247,0.905,35.236,22.043,29.759,23.247,4.742,7.083,6.302
53248,0.889,35.333,22.031,29.74,23.237,4.661,7.042,6.18
53249,0.879,35.104,22.02,29.73,23.24,4.66,7.042,6.22
53250,0.895,35.15,22.023,29.778,23.258,4.822,7.286,6.464
53251,0.895,35.285,22.031,29.759,23.244,4.743,7.125,6.304
53252,0.889,35.382,22.027,29.778,23.247,4.742,7.124,6.384
53253,0.895,34.999,22.039,29.759,23.251,4.742,7.165,6.303
53254,0.905,35.12,22.004,29.769,23.251,4.783,7.165,6.343
53255,0.912,35.227,22.058,29.74,23.24,4.702,6.962,6.181
53256,0.895,35.295,22.02,29.73,23.24,4.701,7.041,6.22
53257,0.915,34.95,22.004,29.759,23.244,4.742,7.042,6.261
53258,0.922,35.081,22.039,29.749,23.24,4.661,7.042,6.18
53259,0.925,35.198,21.946,29.74,23.24,4.66,7.001,6.22
53260,0.918,35.295,22.027,29.759,23.247,4.741,7.163,6.383
53261,0.951,35.008,22.086,29.788,23.261,4.905,7.124,6.263
53262,0.938,35.139,22.016,29.778,23.247,4.825,7.124,6.262
53263,0.941,35.275,22.078,29.759,23.247,4.702,7.205,6.221
53264,0.938,35.343,22.063,29.769,23.254,4.782,7.165,6.302
53265,0.938,35.056,22.071,29.759,23.244,4.783,7.165,6.221
53266,0.935,35.197,22.008,29.759,23.244,4.661,7.002,6.098
53267,0.922,35.285,21.984,29.74,23.24,4.7,7.082,6.219
53268,0.931,35.363,22.019,29.749,23.251,4.742,7.083,6.139
53269,0.928,35.009,22.019,29.759,23.244,4.661,7.002,6.138
53270,0.931,35.139,22.008,29.73,23.24,4.7,6.96,6.098
53271,0.909,35.246,22.012,29.739,23.251,4.782,7.122,6.26
53272,0.925,35.314,22.051,29.797,23.261,4.824,7.165,6.302
53273,0.935,35.162,22.051,29.769,23.251,4.743,7.043,6.302
53274,0.945,35.294,22.024,29.769,23.247,4.823,7.042,6.221
53275,0.958,35.401,22.043,29.749,23.247,4.824,7.042,6.261
53276,0.964,35.297,22.043,29.749,23.251,4.824,7.082,6.221
53277,0.968,35.171,22.039,29.749,23.24,4.661,7.002,6.098
53278,0.961,35.285,22.031,29.749,23.244,4.741,7.041,6.219
53279,0.964,35.401,21.973,29.749,23.251,4.742,7.042,6.18
53280,0.974,35.191,22.003,29.759,23.237,4.661,6.96,6.179
53281,0.984,35.266,22.051,29.73,23.24,4.7,6.96,6.179
53282,0.987,35.401,22.012,29.739,23.247,4.66,7.0,6.261
53283,0.997,35.546,22.055,29.787,23.261,4.863,7.123,6.343
53284,0.984,35.193,22.063,29.759,23.251,4.743,7.043,6.221
53285,0.978,35.323,22.09,29.759,23.247,4.783,7.042,6.22
53286,0.984,35.43,21.997,29.769,23.251,4.742,7.082,6.261
53287,0.974,35.537,22.008,29.759,23.251,4.742,7.083,6.262
53288,0.981,35.327,22.043,29.749,23.244,4.661,6.961,6.058
53289,0.961,35.44,21.949,29.73,23.24,4.66,7.0,6.097
53290,0.981,35.594,22.019,29.749,23.247,4.741,6.96,6.097
53291,0.971,35.644,22.051,29.74,23.244,4.742,7.0,6.178
53292,0.964,35.338,21.914,29.749,23.244,4.701,6.96,6.098
53293,0.964,35.488,21.995,29.73,23.24,4.66,7.0,6.097
53294,1.0,35.614,22.011,29.768,23.258,4.904,7.163,6.26
53295,1.004,35.692,22.074,29.759,23.244,4.703,7.043,6.139
53296,1.007,35.549,22.051,29.759,23.244,4.782,6.96,6.179
53297,1.014,35.701,22.024,29.759,23.251,4.824,7.041,6.179
53298,1.01,35.827,22.039,29.769,23.247,4.783,7.082,6.139
53299,1.023,35.857,21.977,29.759,23.247,4.824,7.002,6.057
53300,1.027,35.685,22.019,29.711,23.237,4.702,6.879,6.056
53301,1.033,35.837,22.059,29.749,23.244,4.782,7.0,6.056
53302,1.04,35.944,21.996,29.74,23.244,4.702,7.041,6.097
53303,1.04,36.223,22.015,29.74,23.237,4.742,7.001,6.097
53304,1.03,35.736,22.0,29.72,23.247,4.701,7.041,6.097
53305,1.043,35.904,22.078,29.759,23.251,4.904,7.164,6.3
53306,1.053,36.011,22.004,29.749,23.247,4.784,7.084,6.099
53307,1.043,35.945,22.008,29.759,23.244,4.783,7.042,6.138
53308,1.043,36.05,22.023,29.749,23.247,4.864,7.082,6.138
53309,1.02,36.185,22.051,29.768,23.254,4.824,7.123,6.138
53310,1.04,36.283,22.059,29.759,23.251,4.783,7.002,6.016
53311,1.033,36.015,22.055,29.711,23.233,4.661,6.919,6.056
53312,1.027,36.175,21.95,29.749,23.247,4.782,7.0,6.097
53313,1.027,36.302,22.027,29.73,23.244,4.742,7.001,6.056
53314,1.04,36.351,22.047,29.73,23.237,4.742,6.919,6.056
53315,1.053,36.064,22.102,29.72,23.237,4.742,6.959,6.015
53316,1.066,36.233,22.075,29.759,23.251,4.823,7.0,6.218
53317,1.079,36.379,22.043,29.769,23.251,4.743,6.96,6.139
53318,1.083,36.419,22.028,29.749,23.251,4.823,6.96,6.138
53319,1.092,36.256,22.027,29.768,23.254,4.743,6.96,6.179
53320,1.089,36.389,22.004,29.759,23.251,4.783,6.96,6.139
53321,1.109,36.505,22.07,29.74,23.251,4.783,6.919,6.098
53322,1.102,36.535,21.997,29.749,23.237,4.661,6.756,5.935
53323,1.096,36.488,21.984,29.74,23.244,4.741,6.876,6.055
53324,1.106,36.631,22.023,29.72,23.244,4.742,6.755,6.056
53325,1.099,36.728,22.059,29.73,23.244,4.701,6.754,5.934
53326,1.093,36.787,22.043,29.72,23.24,4.66,6.754,5.933
53327,1.089,36.643,22.028,29.749,23.251,4.782,6.917,6.096
53328,1.105,36.805,22.078,29.788,23.261,4.783,6.837,6.056
53329,1.099,36.883,21.997,29.74,23.244,4.783,6.837,6.015
53330,1.096,36.913,22.047,29.74,23.251,4.783,6.837,6.056
53331,1.089,36.76,22.098,29.749,23.251,4.824,6.796,6.015
53332,1.092,36.883,22.001,29.759,23.251,4.824,6.795,6.056
53333,1.086,36.99,22.035,29.721,23.244,4.702,6.714,5.893
53334,1.079,36.952,22.027,29.73,23.244,4.782,6.754,6.054
53335,1.105,36.99,22.047,29.749,23.244,4.742,6.673,6.056
53336,1.119,37.115,22.008,29.74,23.244,4.742,6.672,5.893
53337,1.119,37.184,22.015,29.73,23.24,4.661,6.631,6.054
53338,1.119,36.849,22.019,29.73,23.244,4.782,6.753,6.137
53339,1.129,36.989,22.051,29.797,23.258,4.864,6.876,6.138
53340,1.145,37.096,22.032,29.759,23.247,4.784,6.674,6.016
53341,1.145,37.164,22.039,29.73,23.24,4.824,6.713,5.974
53342,1.142,37.031,22.043,29.749,23.251,4.783,6.713,5.974
53343,1.155,37.164,22.024,29.759,23.251,4.783,6.794,6.055
53344,1.142,37.29,22.062,29.749,23.247,4.742,6.551,5.893
53345,1.116,37.31,22.032,29.72,23.24,4.661,6.63,5.973
53346,1.128,37.186,22.004,29.739,23.244,4.741,6.631,6.015
53347,1.122,37.309,21.996,29.73,23.247,4.783,6.55,5.974
53348,1.119,37.425,21.988,29.72,23.24,4.702,6.63,5.893
53349,1.109,37.465,21.957,29.72,23.24,4.742,6.59,6.095
53350,1.125,37.341,22.034,29.768,23.258,4.823,6.793,6.178
53351,1.119,37.445,22.066,29.769,23.247,4.824,6.633,6.057
53352,1.119,37.542,22.004,29.778,23.247,4.783,6.672,6.056
53353,1.112,37.61,22.023,29.759,23.251,4.824,6.713,6.056
53354,1.122,37.333,22.098,29.759,23.251,4.824,6.713,6.137
53355,1.125,37.454,22.083,29.73,23.247,4.783,6.632,5.976
53356,1.122,37.532,22.063,29.72,23.237,4.702,6.672,6.055
53357,1.125,37.581,22.075,29.749,23.247,4.782,6.631,5.975
53358,1.125,37.457,22.004,29.74,23.24,4.661,6.509,6.015
53359,1.122,37.599,21.988,29.759,23.24,4.66,6.549,5.974
53360,1.125,37.697,21.98,29.73,23.251,4.782,6.63,6.177
53361,1.132,37.707,22.07,29.778,23.258,4.864,6.712,6.139
53362,1.129,37.439,21.989,29.778,23.254,4.784,6.632,6.057
53363,1.125,37.571,22.011,29.75,23.247,4.783,6.631,6.056
53364,1.119,37.677,22.066,29.749,23.247,4.824,6.712,6.097
53365,1.106,37.544,22.09,29.73,23.251,4.824,6.754,6.097
53366,1.102,37.658,22.063,29.73,23.244,4.661,6.632,5.894
53367,1.076,37.745,21.997,29.711,23.251,4.782,6.672,5.973
53368,1.079,37.852,22.031,29.73,23.251,4.742,6.753,6.055
53369,1.066,37.479,21.984,29.739,23.244,4.701,6.714,6.097
53370,1.043,37.619,21.984,29.72,23.244,4.62,6.713,6.056
53371,1.043,37.726,22.035,29.739,23.251,4.781,6.916,6.137
53372,1.04,37.842,22.0,29.759,23.261,4.905,7.081,6.138
53373,1.027,37.575,22.004,29.73,23.247,4.784,6.92,6.098
53374,1.033,37.725,22.008,29.739,23.247,4.783,7.0,6.097
53375,1.027,37.813,22.074,29.759,23.254,4.824,7.041,6.178
53376,1.027,37.872,22.051,29.749,23.258,4.783,7.001,6.139
53377,1.02,37.594,22.051,29.73,23.244,4.702,6.96,5.976
53378,1.004,37.687,22.035,29.72,23.24,4.701,7.0,6.096
53379,1.007,37.832,22.039,29.749,23.244,4.742,7.041,6.056
53380,0.994,37.881,22.016,29.73,23.244,4.742,6.96,6.097
53381,0.997,37.652,22.058,29.701,23.24,4.62,7.041,6.016
53382,0.991,37.784,22.028,29.71,23.247,4.659,7.042,6.056
53383,0.991,37.919,22.004,29.749,23.261,4.904,7.204,6.178
53384,0.984,37.949,22.051,29.759,23.247,4.784,7.043,6.098
53385,0.958,37.681,22.012,29.74,23.247,4.783,7.042,6.138
53386,0.964,37.813,22.047,29.73,23.251,4.783,7.042,6.138
53387,0.945,37.929,22.035,29.739,23.247,4.783,7.123,6.138
53388,0.932,38.228,22.02,29.73,23.254,4.824,7.043,6.098
53389,0.909,37.722,21.996,29.711,23.234,4.58,6.96,5.975
53390,0.899,37.851,21.988,29.73,23.254,4.822,7.163,6.055
53391,0.889,37.958,22.023,29.73,23.244,4.743,7.124,6.097
53392,0.885,37.796,22.012,29.73,23.244,4.742,7.124,6.097
53393,0.866,37.823,22.035,29.72,23.244,4.701,7.043,6.097
53394,0.869,37.939,22.024,29.739,23.251,4.823,7.204,6.26
53395,0.885,38.065,22.062,29.759,23.254,4.946,7.247,6.18
53396,0.876,37.596,22.028,29.721,23.244,4.744,7.166,6.057
53397,0.869,37.706,22.023,29.739,23.247,4.742,7.246,6.137
53398,0.879,37.823,22.035,29.749,23.251,4.823,7.166,6.098
53399,0.879,37.92,22.035,29.74,23.251,4.783,7.165,6.138
53400,0.879,37.575,22.004,29.72,23.237,4.702,7.084,5.976
53401,0.856,37.658,22.047,29.701,23.244,4.742,7.205,6.096
53402,0.859,37.841,22.016,29.72,23.247,4.742,7.247,5.975
53403,0.866,37.891,22.008,29.73,23.244,4.701,7.084,5.974
53404,0.856,40.011,22.066,29.701,23.237,4.701,7.205,6.055
53405,0.836,40.138,22.075,29.72,23.244,4.742,7.247,6.137
53406,0.843,40.292,22.071,29.768,23.265,4.986,7.288,6.138
53407,0.826,40.265,22.008,29.73,23.248,4.826,7.329,6.138
53408,0.82,36.563,22.0,29.739,23.247,4.783,7.289,6.098
53409,0.81,36.689,21.969,29.711,23.251,4.783,7.329,6.056
53410,0.81,36.844,21.999,29.73,23.261,4.864,7.289,6.137
53411,0.807,36.893,22.039,29.73,23.251,4.662,7.288,6.016
53412,0.787,37.958,21.93,29.701,23.233,4.66,7.288,6.015
53413,0.784,38.122,22.015,29.73,23.244,4.782,7.288,6.015
53414,0.8,38.22,22.008,29.72,23.251,4.742,7.329,5.974
53415,0.823,38.24,22.043,29.72,23.244,4.701,7.207,6.015
53416,0.8,37.531,22.008,29.711,23.24,4.701,7.287,5.974
53417,0.8,37.677,22.054,29.73,23.251,4.904,7.41,6.218
53418,0.81,37.832,22.067,29.759,23.258,4.865,7.33,6.098
53419,0.81,37.728,22.051,29.721,23.247,4.824,7.248,6.097
53420,0.807,37.688,22.043,29.739,23.247,4.783,7.288,6.097
53421,0.816,37.803,22.063,29.72,23.251,4.824,7.288,6.056
53422,0.816,37.91,22.055,29.73,23.254,4.824,7.288,6.056
53423,0.826,37.585,22.032,29.72,23.237,4.702,7.125,5.934
53424,0.784,37.62,22.039,29.692,23.24,4.742,7.205,6.014
53425,0.787,37.774,22.055,29.72,23.244,4.783,7.165,6.015
53426,0.787,37.852,21.989,29.711,23.24,4.783,7.165,6.056
53427,0.774,37.546,21.996,29.72,23.244,4.783,7.124,5.975
53428,0.78,37.677,22.011,29.711,23.244,4.783,7.246,6.055
53429,0.787,37.832,21.976,29.749,23.261,4.946,7.288,6.219
53430,0.784,37.91,22.015,29.73,23.247,4.825,7.125,6.017
53431,0.771,37.518,22.051,29.73,23.244,4.743,7.246,6.056
53432,0.764,37.658,21.989,29.739,23.251,4.864,7.166,6.137
53433,0.757,37.803,22.027,29.749,23.251,4.906,7.287,6.098
53434,0.764,37.833,22.027,29.74,23.251,4.744,7.166,6.056
53435,0.774,37.459,22.07,29.682,23.233,4.62,7.084,6.015
53436,0.774,37.609,22.036,29.729,23.251,4.822,7.123,6.056
53437,0.774,37.716,22.008,29.73,23.244,4.783,7.124,6.097
53438,0.774,37.775,21.996,29.72,23.244,4.702,7.043,6.056
53439,0.78,37.468,22.019,29.711,23.244,4.742,7.123,6.056
53440,0.774,37.628,22.004,29.739,23.254,4.823,7.287,6.178
53441,0.8,37.764,22.054,29.74,23.254,4.865,7.166,6.098
53442,0.797,37.746,22.039,29.74,23.244,4.865,7.165,6.138
53443,0.794,37.641,22.004,29.73,23.247,4.784,7.124,6.138
53444,0.79,37.755,22.082,29.73,23.244,4.824,7.205,6.138
53445,0.78,37.852,22.079,29.73,23.24,4.905,7.125,6.057
53446,0.767,38.006,22.051,29.682,23.237,4.784,6.961,5.893
53447,0.761,37.471,22.024,29.72,23.251,4.783,7.122,6.095
53448,0.767,37.609,22.008,29.72,23.244,4.824,7.124,6.056
53449,0.761,37.697,21.984,29.72,23.237,4.783,7.043,6.015
53450,0.754,37.41,21.992,29.701,23.24,4.742,7.042,6.015
53451,0.748,37.455,22.039,29.72,23.247,4.864,7.164,6.218
53452,0.754,37.638,22.004,29.759,23.258,4.906,7.124,6.098
53453,0.741,37.688,21.984,29.73,23.247,4.825,7.165,6.097
53454,0.754,37.439,21.976,29.73,23.244,4.824,7.084,6.178
53455,0.761,37.571,22.035,29.72,23.247,4.905,7.123,6.139
53456,0.767,37.697,21.992,29.749,23.247,4.825,7.083,6.098
53457,0.774,37.765,22.023,29.711,23.24,4.783,6.961,5.894
53458,0.767,37.286,22.051,29.72,23.244,4.824,7.0,6.095
53459,0.777,37.444,22.047,29.72,23.247,4.824,7.082,6.138
53460,0.777,37.561,22.016,29.711,23.247,4.824,7.002,6.057
53461,0.774,37.639,22.019,29.701,23.244,4.824,7.041,6.097
53462,0.774,37.41,22.004,29.71,23.247,4.783,7.082,6.219
53463,0.793,37.561,22.008,29.758,23.258,4.986,7.123,6.139
53464,0.784,37.648,22.051,29.721,23.247,4.866,7.043,6.098
53465,0.78,37.697,22.0,29.73,23.247,4.824,7.082,6.097
53466,0.777,37.41,22.043,29.72,23.251,4.946,7.002,6.138
53467,0.777,37.561,22.074,29.749,23.254,4.825,7.123,6.098
53468,0.764,37.658,22.047,29.72,23.247,4.783,7.002,5.975
53469,0.751,37.659,21.899,29.711,23.237,4.783,6.96,6.055
53470,0.761,37.477,21.991,29.72,23.247,4.864,7.122,6.015
53471,0.761,37.59,22.058,29.72,23.244,4.824,7.043,6.056
53472,0.744,37.687,22.032,29.73,23.251,4.702,6.96,6.015
53473,0.747,37.698,21.988,29.701,23.24,4.742,7.0,6.056
53474,0.764,37.468,22.015,29.749,23.258,4.905,7.204,6.259
53475,0.774,37.571,22.039,29.73,23.251,4.825,7.084,6.058
53476,0.764,37.668,22.027,29.72,23.244,4.824,7.002,6.137
53477,0.777,37.525,22.0,29.72,23.247,4.824,7.082,6.179
53478,0.78,37.523,22.019,29.73,23.251,4.905,7.083,6.139
53479,0.784,37.639,22.023,29.739,23.251,4.825,7.123,6.138
53480,0.79,37.707,21.965,29.701,23.24,4.743,6.921,6.016
53481,0.787,37.276,22.042,29.73,23.24,4.783,7.0,6.137
53482,0.787,37.396,22.016,29.711,23.244,4.824,7.001,6.057
53483,0.79,37.513,22.012,29.701,23.24,4.783,7.001,5.975
53484,0.787,37.59,22.051,29.691,23.24,4.783,7.001,6.055
53485,0.774,37.313,22.055,29.72,23.251,4.824,7.163,6.137
53486,0.793,37.483,22.055,29.759,23.261,4.905,7.124,6.138
53487,0.774,37.571,22.071,29.73,23.251,4.865,7.124,6.138
53488,0.774,37.668,22.016,29.72,23.251,4.906,7.165,6.098
53489,0.777,37.371,21.992,29.73,23.247,4.865,7.287,6.097
53490,0.767,37.531,22.004,29.73,23.254,4.824,7.247,6.097
53491,0.767,37.639,22.054,29.701,23.244,4.743,7.125,5.975
53492,0.748,37.659,21.969,29.72,23.24,4.823,7.205,6.137
53493,0.764,37.295,22.011,29.72,23.251,4.783,7.206,6.098
53494,0.767,37.425,22.023,29.72,23.24,4.783,7.287,6.056
53495,0.761,37.532,22.062,29.701,23.244,4.742,7.207,6.015
53496,0.77,37.562,21.926,29.71,23.24,4.742,7.287,6.056
53497,0.777,37.332,21.972,29.768,23.254,4.945,7.41,6.219
53498,0.787,37.464,21.976,29.721,23.251,4.866,7.289,6.058
53499,0.79,37.561,22.011,29.72,23.251,4.865,7.288,6.097
53500,0.797,37.572,21.996,29.72,23.251,4.865,7.329,6.138
53501,0.803,37.323,22.031,29.72,23.254,4.824,7.289,6.098
53502,0.797,37.483,22.024,29.711,23.247,4.783,7.207,5.975
53503,0.794,37.542,21.98,29.701,23.24,4.742,7.206,6.015
53504,0.79,37.543,22.074,29.701,23.24,4.823,7.247,6.056
53505,0.78,37.389,22.024,29.72,23.244,4.783,7.247,6.015
53506,0.777,37.522,22.027,29.701,23.244,4.742,7.206,6.015
53507,0.764,37.6,21.996,29.691,23.247,4.742,7.206,6.015
53508,0.761,37.294,22.023,29.71,23.251,4.945,7.328,6.218
53509,0.78,37.406,21.98,29.739,23.254,4.947,7.329,6.098
53510,0.771,37.484,21.992,29.701,23.247,4.825,7.248,6.097
53511,0.757,37.6,22.058,29.72,23.247,4.865,7.288,6.178
53512,0.761,37.275,21.969,29.72,23.247,4.946,7.207,6.179
53513,0.754,37.415,22.05,29.72,23.251,4.825,7.247,6.139
53514,0.754,37.532,22.043,29.701,23.244,4.783,7.084,6.016
53515,0.754,37.571,22.059,29.701,23.247,4.864,7.205,6.096
53516,0.774,37.265,21.996,29.72,23.244,4.865,7.206,6.097
53517,0.777,37.425,21.961,29.711,23.24,4.865,7.084,6.097
53518,0.78,37.532,21.98,29.711,23.237,4.784,7.042,6.097
53519,0.777,37.591,22.007,29.691,23.244,4.783,7.123,6.178
53520,0.803,37.275,22.004,29.739,23.261,4.946,7.287,6.261
53521,0.81,37.406,22.015,29.711,23.244,4.825,7.125,6.139
53522,0.8,37.522,21.996,29.701,23.247,4.824,7.083,6.138
53523,0.8,37.571,22.004,29.72,23.251,4.865,7.083,6.179
53524,0.797,37.38,22.062,29.72,23.247,4.865,7.123,6.179
53525,0.79,37.503,22.008,29.711,23.247,4.824,7.002,6.098
53526,0.767,37.581,22.019,29.682,23.237,4.743,6.96,6.056
53527,0.787,37.639,22.0,29.71,23.244,4.823,7.041,6.097
53528,0.767,37.294,22.015,29.711,23.244,4.783,7.001,6.056
53529,0.764,37.406,21.895,29.72,23.244,4.742,6.96,6.056
53530,0.767,37.522,21.991,29.692,23.24,4.783,7.0,6.178
53531,0.77,37.888,22.074,29.749,23.254,4.946,7.204,6.261
53532,0.774,37.393,21.93,29.749,23.251,4.825,7.043,6.099
53533,0.764,37.493,22.019,29.72,23.247,4.824,7.001,6.056
53534,0.774,37.6,22.051,29.72,23.247,4.743,7.123,6.137
53535,0.78,37.265,22.067,29.72,23.251,4.864,7.124,6.138
53536,0.784,37.291,22.043,29.711,23.258,4.824,7.124,6.098
53537,0.787,37.387,21.981,29.682,23.237,4.702,7.043,5.975
53538,0.787,37.474,22.031,29.72,23.24,4.823,7.082,6.096
53539,0.793,37.101,22.008,29.701,23.247,4.783,7.123,6.097
53540,0.787,37.232,22.012,29.701,23.244,4.742,7.043,6.016
53541,0.79,37.329,22.047,29.691,23.24,4.742,7.001,6.015
53542,0.797,37.435,22.0,29.701,23.251,4.864,7.245,6.137
53543,0.816,37.302,21.988,29.73,23.258,4.946,7.247,6.179
53544,0.8,37.397,21.972,29.73,23.241,4.825,7.166,6.057
53545,0.79,37.513,22.019,29.72,23.251,4.783,7.165,6.097
53546,0.79,37.6,22.016,29.739,23.251,4.824,7.246,6.138
53547,0.78,37.074,22.047,29.72,23.251,4.865,7.247,6.138
53548,0.78,37.212,22.004,29.692,23.244,4.743,7.125,5.935
53549,0.761,37.309,21.957,29.691,23.24,4.823,7.205,6.014
53550,0.78,37.406,22.007,29.72,23.244,4.743,7.165,6.056
53551,0.777,37.187,22.074,29.711,23.247,4.823,7.124,6.137
53552,0.764,37.328,21.926,29.72,23.24,4.743,7.205,6.057
53553,0.761,37.445,21.999,29.711,23.251,4.864,7.287,6.219
53554,0.78,37.503,22.011,29.749,23.251,4.824,7.329,6.139
53555,0.78,37.044,22.058,29.701,23.247,4.783,7.289,6.057
53556,0.79,37.193,22.047,29.71,23.247,4.783,7.288,6.056
53557,0.79,37.3,22.028,29.72,23.251,4.905,7.288,6.097
53558,0.8,37.339,22.02,29.739,23.254,4.865,7.369,6.097
53559,0.8,37.186,22.023,29.701,23.247,4.743,7.167,5.975
53560,0.797,37.29,22.0,29.701,23.244,4.783,7.246,6.096
53561,0.803,37.406,22.004,29.691,23.247,4.824,7.288,5.975
53562,0.803,37.263,22.039,29.701,23.24,4.824,7.207,5.974
53563,0.797,37.147,22.012,29.672,23.237,4.702,7.206,5.974
53564,0.784,37.28,22.031,29.71,23.251,4.701,7.369,6.137
53565,0.793,37.396,22.008,29.73,23.258,4.945,7.37,6.098
53566,0.793,37.081,21.988,29.711,23.251,4.866,7.289,5.975
53567,0.787,37.174,21.988,29.701,23.244,4.865,7.288,6.055
53568,0.774,37.29,22.004,29.72,23.247,4.784,7.288,6.137
53569,0.761,37.377,22.012,29.711,23.251,4.905,7.329,6.098
53570,0.774,36.995,21.996,29.72,23.247,4.703,7.207,5.975
53571,0.748,37.087,22.027,29.682,23.237,4.701,7.206,6.015
53572,0.757,37.26,21.914,29.729,23.247,4.823,7.287,6.096
53573,0.757,37.319,21.987,29.701,23.244,4.702,7.247,5.975
53574,0.757,37.013,21.992,29.701,23.247,4.66,7.247,5.893
53575,0.764,37.125,22.035,29.701,23.24,4.782,7.206,6.054
53576,0.767,37.289,21.891,29.749,23.251,4.864,7.409,6.178
53577,0.79,37.387,22.003,29.72,23.254,4.865,7.208,6.139
53578,0.79,36.985,22.008,29.711,23.244,4.784,7.247,6.057
53579,0.784,37.125,22.004,29.711,23.247,4.742,7.328,6.137
53580,0.787,37.241,22.062,29.73,23.251,4.823,7.289,6.098
53581,0.8,37.29,22.012,29.72,23.247,4.824,7.207,6.056
53582,0.79,37.051,22.031,29.682,23.244,4.661,7.125,5.893
53583,0.787,37.174,21.996,29.691,23.244,4.741,7.205,6.014
53584,0.784,37.309,22.043,29.701,23.244,4.823,7.165,6.015
53585,0.771,37.33,21.961,29.701,23.24,4.743,7.084,6.015
53586,0.767,37.052,21.956,29.691,23.244,4.701,7.083,5.974
53587,0.757,37.212,21.976,29.701,23.251,4.823,7.164,6.137
53588,0.774,37.367,21.976,29.73,23.261,4.865,7.246,6.138
53589,0.758,37.388,21.98,29.778,23.244,4.743,7.166,6.098
53590,0.754,37.062,21.968,29.73,23.244,4.823,7.124,6.138
53591,0.757,37.164,22.031,29.73,23.254,4.824,7.124,6.138
53592,0.761,37.29,22.051,29.787,23.251,4.783,7.124,6.138
53593,0.761,37.003,22.0,29.721,23.24,4.702,7.043,5.976
53594,0.754,37.02,22.023,29.692,23.247,4.742,7.082,6.015
53595,0.764,37.173,22.059,29.691,23.247,4.742,7.083,6.056
53596,0.77,37.271,22.012,29.71,23.237,4.783,7.002,5.975
53597,0.77,36.965,22.023,29.682,23.24,4.661,7.041,6.055
53598,0.774,37.086,22.027,29.71,23.244,4.782,7.123,6.178
53599,0.8,37.222,22.051,29.73,23.258,4.905,7.165,6.098
53600,0.777,37.29,21.996,29.701,23.244,4.744,7.043,6.016
53601,0.787,36.907,22.011,29.701,23.244,4.783,7.001,5.974
53602,0.787,37.067,22.012,29.701,23.254,4.824,7.082,6.055
53603,0.79,37.193,21.996,29.72,23.254,4.824,7.002,6.015
53604,0.777,37.261,22.082,29.701,23.244,4.702,6.96,5.974
53605,0.751,36.859,22.024,29.682,23.244,4.742,6.96,6.015
53606,0.764,37.028,22.035,29.701,23.244,4.783,7.0,5.974
53607,0.764,37.135,22.031,29.701,23.244,4.742,6.879,5.974
53608,0.757,37.203,21.992,29.691,23.244,4.701,6.918,5.974
53609,0.754,36.955,22.0,29.758,23.244,4.742,7.0,6.015
53610,0.761,37.125,21.965,29.749,23.261,4.905,7.123,6.056
53611,0.757,37.222,22.019,29.72,23.247,4.784,6.961,6.056
53612,0.761,37.262,22.019,29.72,23.244,4.783,6.96,6.097
53613,0.748,37.013,21.973,29.711,23.254,4.824,7.0,5.975
53614,0.757,37.116,22.035,29.72,23.251,4.865,7.001,6.055
53615,0.767,37.232,22.039,29.72,23.244,4.743,6.797,5.893
53616,0.761,37.223,21.981,29.672,23.237,4.701,6.877,6.014
53617,0.78,36.945,22.023,29.691,23.247,4.782,6.877,5.974
53618,0.767,37.077,22.02,29.691,23.244,4.783,6.918,5.974
53619,0.764,37.174,22.027,29.691,23.244,4.702,6.878,5.893
53620,0.764,36.954,22.02,29.682,23.237,4.823,6.918,5.973
53621,0.79,36.981,21.957,29.729,23.265,4.987,7.041,6.055
53622,0.797,37.106,22.011,29.701,23.248,4.785,6.92,5.975
53623,0.787,37.174,22.004,29.701,23.251,4.783,6.959,5.974
53624,0.774,36.83,22.054,29.701,23.244,4.783,6.96,6.015
53625,0.774,36.941,21.957,29.72,23.254,4.783,7.0,5.974
53626,0.764,37.048,22.007,29.711,23.247,4.742,6.879,5.893
53627,0.754,37.116,22.015,29.682,23.24,4.783,6.959,5.933
53628,0.757,36.762,22.008,29.691,23.244,4.783,6.919,5.974
53629,0.761,36.921,22.0,29.691,23.244,4.742,6.878,5.893
53630,0.761,37.019,22.011,29.691,23.244,4.661,6.918,5.851
53631,0.748,37.077,21.996,29.682,23.24,4.741,6.919,6.013
53632,0.747,36.848,22.019,29.739,23.258,4.905,7.081,6.096
53633,0.751,36.999,22.004,29.692,23.244,4.744,6.961,5.975
53634,0.754,37.077,22.035,29.682,23.247,4.823,6.96,6.015
53635,0.767,37.135,21.988,29.72,23.247,4.824,6.96,5.974
53636,0.774,36.82,21.988,29.692,23.247,4.783,6.96,6.055
53637,0.78,36.941,22.015,29.701,23.247,4.824,6.96,5.975
53638,0.78,37.038,21.996,29.682,23.233,4.661,6.878,5.933
53639,0.771,37.097,22.011,29.71,23.247,4.741,6.837,6.014
53640,0.77,36.877,21.996,29.701,23.244,4.742,6.837,5.974
53641,0.774,36.999,21.965,29.691,23.244,4.742,6.796,5.893
53642,0.777,37.106,21.996,29.691,23.237,4.701,6.877,5.933
53643,0.78,37.145,22.019,29.71,23.247,4.863,6.959,6.055
53644,0.787,36.944,22.098,29.739,23.251,4.824,6.919,5.975
53645,0.771,37.038,21.993,29.72,23.254,4.783,6.837,6.015
53646,0.764,37.173,21.996,29.692,23.247,4.742,6.877,6.015
53647,0.757,37.069,22.011,29.72,23.251,4.864,6.918,6.015
53648,0.754,36.886,22.031,29.711,23.251,4.824,6.878,5.974
53649,0.751,37.028,22.027,29.682,23.24,4.661,6.755,5.893
53650,0.741,37.097,21.969,29.691,23.247,4.741,6.795,5.933
53651,0.738,36.781,22.031,29.701,23.247,4.783,6.755,5.974
53652,0.734,36.893,22.02,29.71,23.244,4.742,6.795,5.893
53653,0.734,37.009,21.996,29.691,23.247,4.742,6.795,5.892
53654,0.751,37.116,22.027,29.72,23.254,4.905,6.917,6.095
53655,0.77,36.887,22.012,29.73,23.254,4.825,6.796,5.975
53656,0.761,37.009,21.961,29.701,23.24,4.783,6.755,5.974
53657,0.767,37.116,21.96,29.701,23.251,4.864,6.795,6.055
53658,0.764,37.213,22.015,29.71,23.244,4.865,6.795,6.056
53659,0.774,36.753,22.016,29.72,23.251,4.824,6.795,5.975
53660,0.758,36.835,21.992,29.682,23.233,4.702,6.755,5.893
53661,0.78,36.98,22.05,29.71,23.244,4.823,6.836,5.973
53662,0.771,37.048,22.028,29.701,23.244,4.743,6.796,5.933
53663,0.774,36.752,22.008,29.691,23.24,4.783,6.714,5.933
53664,0.764,36.892,22.043,29.682,23.24,4.742,6.754,5.974
53665,0.767,36.999,22.043,29.701,23.251,4.905,6.957,6.137
53666,0.767,37.125,22.004,29.73,23.254,4.825,6.878,5.976
53667,0.751,36.867,21.961,29.701,23.251,4.783,6.877,5.974
53668,0.757,37.018,21.972,29.701,23.254,4.824,6.877,6.055
53669,0.741,37.135,22.003,29.71,23.251,4.824,6.918,6.015
53670,0.757,37.174,22.039,29.72,23.254,4.865,6.959,5.893
53671,0.744,36.734,21.992,29.682,23.237,4.662,6.756,5.851
53672,0.734,36.892,22.027,29.71,23.244,4.822,6.876,5.973
53673,0.741,36.999,22.02,29.72,23.24,4.783,6.877,5.974
53674,0.738,37.317,22.047,29.682,23.24,4.783,6.877,5.933
53675,0.751,36.85,22.0,29.681,23.244,4.702,6.837,5.892
53676,0.744,36.97,21.992,29.729,23.247,4.823,6.958,6.095
53677,0.767,37.115,22.031,29.739,23.254,4.905,6.96,6.056
53678,0.77,36.771,22.016,29.701,23.244,4.744,6.878,6.015
53679,0.761,36.806,22.0,29.71,23.247,4.783,6.877,5.974
53680,0.764,36.912,22.0,29.711,23.251,4.864,7.0,6.015
53681,0.783,37.009,22.0,29.72,23.258,4.824,6.96,6.015
53682,0.777,36.742,22.015,29.701,23.247,4.743,6.919,5.934
53683,0.767,36.825,21.976,29.663,23.237,4.661,6.878,5.933
53684,0.77,36.97,22.058,29.691,23.24,4.822,7.0,5.974
53685,0.764,37.048,22.016,29.701,23.244,4.824,6.96,5.933
53686,0.757,36.704,21.98,29.672,23.24,4.702,6.878,5.933
53687,0.748,36.854,22.011,29.691,23.24,4.782,6.959,5.933
53688,0.754,36.989,22.019,29.73,23.254,4.905,7.122,6.096
53689,0.77,37.077,21.914,29.759,23.254,4.784,7.002,5.935
53690,0.751,36.714,22.003,29.701,23.251,4.783,7.001,5.974
53691,0.738,36.844,22.047,29.72,23.251,4.864,7.041,5.974
53692,0.728,36.98,21.965,29.72,23.251,4.906,7.082,6.015
53693,0.738,37.029,21.956,29.72,23.244,4.825,7.042,5.974
53694,0.741,36.79,21.984,29.701,23.24,4.702,6.879,5.852
53695,0.747,36.912,22.023,29.691,23.244,4.782,7.04,5.851
53696,0.747,37.057,21.973,29.71,23.244,4.783,7.042,5.891
53697,0.747,37.097,21.999,29.701,23.244,4.742,6.96,5.973
53698,0.754,36.704,21.992,29.691,23.247,4.701,6.878,5.893
53699,0.754,36.844,22.019,29.71,23.24,4.863,7.0,6.014
53700,0.77,36.989,22.027,29.711,23.261,4.987,7.123,6.096
53701,0.777,36.991,21.981,29.691,23.251,4.785,7.002,5.975
53702,0.774,36.722,21.996,29.71,23.251,4.783,6.96,5.974
53703,0.774,36.844,21.996,29.711,23.251,4.824,6.96,6.055
53704,0.771,36.951,22.035,29.711,23.247,4.824,7.0,5.975
53705,0.764,36.904,21.938,29.739,23.251,4.783,6.879,5.893
53706,0.748,36.846,21.972,29.673,23.233,4.742,6.877,5.933
53707,0.76,37.008,22.003,29.701,23.251,4.783,6.959,5.933
53708,0.754,37.096,22.023,29.691,23.244,4.742,7.0,5.974
53709,0.735,36.599,22.016,29.71,23.237,4.823,6.96,5.893
53710,0.731,36.68,21.969,29.701,23.233,4.783,7.041,5.851
53711,0.738,36.796,22.054,29.739,23.258,4.864,7.123,6.135
53712,0.744,36.941,22.02,29.72,23.254,4.865,7.124,6.016
53713,0.734,36.635,21.977,29.711,23.244,4.865,7.083,5.934
53714,0.738,36.757,22.031,29.711,23.251,4.743,7.123,6.014
53715,0.744,36.902,22.008,29.711,23.251,4.864,7.165,5.974
53716,0.751,36.99,22.012,29.778,23.251,4.906,7.165,5.974
53717,0.751,36.559,21.973,29.692,23.237,4.744,6.962,5.811
53718,0.741,36.68,21.984,29.701,23.244,4.823,7.041,5.932
53719,0.751,36.815,22.007,29.701,23.244,4.824,7.082,5.974
53720,0.748,36.874,21.996,29.701,23.244,4.824,7.083,5.893
53721,0.757,36.683,21.929,29.682,23.24,4.743,7.083,5.933
53722,0.754,36.805,21.944,29.701,23.251,4.783,7.164,6.014
53723,0.774,36.97,22.03,29.73,23.261,4.986,7.206,5.974
53724,0.764,36.991,22.027,29.701,23.251,4.826,7.165,5.893
53725,0.751,36.607,21.941,29.72,23.244,4.824,7.165,5.973
53726,0.757,36.766,22.011,29.739,23.247,4.865,7.165,5.933
53727,0.754,36.864,22.004,29.73,23.254,4.906,7.206,6.014
53728,0.748,36.903,22.023,29.72,23.244,4.825,7.084,5.893
53729,0.738,36.568,21.992,29.672,23.237,4.783,7.042,5.933
53730,0.751,36.699,21.98,29.701,23.244,4.783,7.123,5.933
53731,0.741,36.806,22.027,29.691,23.247,4.824,7.165,5.933
53732,0.728,36.883,22.004,29.691,23.24,4.824,7.084,5.974
53733,0.728,36.654,21.984,29.691,23.24,4.783,7.083,6.055
53734,0.725,36.796,22.062,29.73,23.261,4.946,7.286,6.097
53735,0.754,36.941,22.02,29.73,23.251,4.866,7.125,5.935
53736,0.741,36.501,22.008,29.701,23.247,4.824,7.124,5.974
53737,0.751,36.545,22.008,29.701,23.251,4.865,7.083,6.055
53738,0.757,36.67,22.019,29.72,23.251,4.865,7.164,6.056
53739,0.764,36.767,21.988,29.72,23.247,4.946,7.124,6.056
53740,0.761,36.423,21.988,29.682,23.244,4.703,7.002,5.893
53741,0.754,36.515,21.957,29.691,23.251,4.823,7.123,5.973
53742,0.774,36.67,21.964,29.691,23.24,4.783,7.043,5.974
53743,0.764,36.757,22.003,29.701,23.244,4.742,7.082,5.933
53744,0.754,36.432,22.004,29.691,23.24,4.742,7.042,5.974
53745,0.751,36.573,21.957,29.71,23.24,4.864,7.123,6.096
53746,0.761,36.756,21.995,29.739,23.258,4.946,7.205,6.097
53747,0.748,36.797,21.992,29.692,23.247,4.866,7.043,6.097
53748,0.757,36.5,22.015,29.72,23.247,4.824,7.082,6.097
53749,0.751,36.65,21.984,29.711,23.24,4.824,7.002,6.016
53750,0.748,36.786,21.988,29.73,23.254,4.905,7.082,6.015
53751,0.741,36.816,22.023,29.711,23.244,4.784,6.961,5.974
53752,0.731,36.5,22.004,29.682,23.24,4.824,7.041,6.015
53753,0.728,36.65,22.012,29.71,23.244,4.783,7.001,6.015
53754,0.741,36.757,22.043,29.701,23.244,4.783,7.001,5.974
53755,0.741,36.797,22.028,29.71,23.237,4.783,6.879,5.933
53756,0.738,36.375,22.012,29.691,23.24,4.824,7.0,6.014
53757,0.754,36.543,21.992,29.73,23.261,5.027,7.082,6.096
53758,0.757,36.651,22.0,29.701,23.247,4.826,6.961,6.056
53759,0.761,36.786,21.98,29.701,23.254,4.865,7.0,6.015
53760,0.764,36.557,22.011,29.701,23.244,4.865,7.041,6.015
53761,0.774,36.66,21.988,29.71,23.247,4.906,6.96,6.015
53762,0.771,36.767,21.988,29.711,23.247,4.744,6.96,5.934
53763,0.764,36.404,22.035,29.682,23.23,4.701,6.919,6.014
53764,0.761,36.4,22.02,29.71,23.244,4.823,7.0,5.974
53765,0.751,36.534,21.938,29.711,23.244,4.783,6.879,5.893
53766,0.754,36.612,21.968,29.711,23.24,4.783,7.0,5.973
53767,0.741,36.373,21.964,29.682,23.24,4.742,6.96,5.974
53768,0.731,36.515,22.003,29.729,23.254,4.986,7.122,6.137
53769,0.751,36.679,21.996,29.739,23.251,4.826,6.961,6.016
53770,0.738,36.738,21.988,29.72,23.247,4.824,7.0,6.015
53771,0.744,36.279,22.011,29.701,23.251,4.824,7.001,6.015
53772,0.734,36.418,22.0,29.72,23.244,4.783,7.041,6.056
53773,0.738,36.553,21.972,29.739,23.251,4.864,7.001,6.056
53774,0.744,36.632,22.007,29.701,23.244,4.743,6.879,5.893
53775,0.734,36.287,22.039,29.701,23.24,4.742,6.918,5.973
53776,0.751,36.485,22.051,29.71,23.247,4.742,6.959,5.933
53777,0.754,36.573,22.024,29.691,23.24,4.783,6.96,5.892
53778,0.757,36.641,22.012,29.701,23.24,4.702,6.878,5.851
53779,0.754,36.326,21.984,29.691,23.247,4.742,7.0,5.973
53780,0.767,36.505,22.031,29.739,23.261,4.945,7.041,6.096
53781,0.78,36.621,22.02,29.701,23.251,4.825,6.96,5.975
53782,0.774,36.651,22.016,29.701,23.244,4.783,6.919,6.055
53783,0.774,36.316,21.965,29.72,23.251,4.864,6.959,6.056
53784,0.771,36.428,22.027,29.72,23.247,4.824,7.041,6.015
53785,0.757,36.554,21.992,29.72,23.244,4.783,6.839,5.974
53786,0.748,36.574,21.965,29.692,23.233,4.783,6.837,5.933
53787,0.751,36.411,21.992,29.701,23.244,4.783,6.918,5.933
53788,0.757,36.525,21.988,29.701,23.244,4.742,6.919,5.933
53789,0.748,36.622,21.98,29.701,23.247,4.661,6.796,5.974
53790,0.741,36.45,21.984,29.71,23.24,4.66,6.836,5.933
53791,0.738,36.304,21.992,29.73,23.254,4.822,6.999,6.136
53792,0.741,36.476,22.027,29.739,23.254,4.824,7.041,5.935
53793,0.734,36.544,21.953,29.711,23.247,4.743,7.001,5.974
53794,0.738,36.267,22.011,29.72,23.251,4.742,7.041,5.974
53795,0.757,36.37,21.988,29.711,23.251,4.742,7.001,6.055
53796,0.754,36.496,22.0,29.72,23.251,4.823,6.96,5.975
53797,0.751,36.583,21.996,29.701,23.244,4.621,6.838,5.811
53798,0.754,36.21,21.976,29.691,23.233,4.741,6.958,6.013
53799,0.761,36.379,22.023,29.701,23.251,4.783,6.96,5.934
53800,0.764,36.467,22.035,29.691,23.24,4.783,6.919,5.892
53801,0.757,36.554,21.961,29.691,23.244,4.702,6.919,5.892
53802,0.767,36.133,21.995,29.662,23.244,4.66,6.878,5.933
53803,0.783,36.292,22.027,29.729,23.261,4.944,7.04,6.096
53804,0.787,36.437,22.039,29.72,23.254,4.744,6.96,5.894
53805,0.758,36.487,21.969,29.701,23.244,4.783,6.919,5.973
53806,0.767,36.247,21.984,29.72,23.251,4.742,6.919,5.974
53807,0.761,36.398,21.992,29.701,23.254,4.783,6.919,6.015
53808,0.761,36.515,21.98,29.71,23.247,4.864,6.878,5.893
53809,0.751,36.545,21.992,29.672,23.233,4.621,6.715,5.851
53810,0.738,36.229,21.98,29.71,23.247,4.781,6.794,5.973
53811,0.741,36.379,21.98,29.691,23.244,4.783,6.795,6.015
53812,0.738,36.505,21.996,29.701,23.244,4.702,6.795,5.974
53813,0.731,36.526,21.988,29.691,23.244,4.701,6.755,5.974
53814,0.734,36.123,22.019,29.701,23.244,4.701,6.836,6.096
53815,0.751,36.311,21.973,29.749,23.258,4.863,6.918,6.016
53816,0.754,36.389,21.964,29.701,23.244,4.784,6.796,5.974
53817,0.751,36.62,22.007,29.72,23.247,4.783,6.836,6.015
53818,0.754,36.172,22.0,29.701,23.244,4.783,6.837,5.893
53819,0.754,36.321,22.015,29.73,23.254,4.824,6.837,5.973
53820,0.764,36.418,22.031,29.72,23.247,4.743,6.796,5.893
53821,0.761,36.18,22.004,29.663,23.237,4.701,6.714,5.933
53822,0.764,36.263,21.988,29.7,23.251,4.823,6.794,5.974
53823,0.767,36.379,22.05,29.682,23.247,4.743,6.755,5.893
53824,0.757,36.476,21.992,29.681,23.24,4.742,6.754,5.933
53825,0.748,36.151,21.961,29.691,23.24,4.701,6.754,5.933
53826,0.751,36.292,21.976,29.71,23.251,4.823,6.998,6.136
53827,0.767,36.447,22.019,29.73,23.251,4.865,6.879,6.057
53828,0.748,36.506,21.992,29.711,23.247,4.784,6.837,5.934
53829,0.738,36.046,21.984,29.711,23.247,4.824,6.877,6.014
53830,0.741,36.195,22.019,29.701,23.251,4.824,6.959,6.015
53831,0.757,36.321,21.98,29.73,23.251,4.824,6.878,6.056
53832,0.744,36.399,21.988,29.711,23.244,4.702,6.715,5.853
53833,0.728,36.112,22.019,29.672,23.244,4.742,6.876,5.973
53834,0.738,36.301,22.019,29.71,23.247,4.742,6.837,5.933
53835,0.741,36.408,21.918,29.701,23.251,4.701,6.796,5.892
53836,0.754,36.458,21.956,29.682,23.24,4.701,6.795,5.892
53837,0.754,36.055,21.976,29.71,23.244,4.742,6.836,5.973
53838,0.764,36.243,21.984,29.73,23.261,4.905,6.958,6.096
53839,0.783,36.36,21.968,29.72,23.251,4.825,6.878,6.016
53840,0.767,36.361,21.984,29.72,23.247,4.824,6.877,5.974
53841,0.767,36.064,21.925,29.72,23.251,4.783,6.837,5.974
53842,0.777,36.186,21.991,29.711,23.247,4.864,6.837,6.015
53843,0.78,36.283,22.058,29.72,23.251,4.743,6.796,5.974
53844,0.764,36.264,22.028,29.682,23.237,4.661,6.755,5.933
53845,0.761,36.034,22.012,29.71,23.247,4.782,6.754,5.933
53846,0.761,36.156,22.015,29.72,23.244,4.702,6.754,5.974
53847,0.761,36.273,22.016,29.682,23.24,4.742,6.795,5.893
53848,0.741,36.121,22.035,29.681,23.244,4.783,6.714,5.933
53849,0.734,36.09,22.012,29.701,23.251,4.905,6.835,6.096
53850,0.754,36.282,22.023,29.73,23.254,4.825,6.714,5.975
53851,0.748,36.332,21.961,29.711,23.247,4.783,6.754,6.015
53852,0.757,35.949,21.984,29.72,23.247,4.824,6.795,6.015
53853,0.751,36.041,22.011,29.711,23.247,4.783,6.795,6.096
53854,0.741,36.157,22.023,29.72,23.254,4.864,6.755,5.975
53855,0.738,36.244,21.93,29.682,23.24,4.662,6.592,5.974
53856,0.751,35.938,21.999,29.701,23.247,4.741,6.712,5.933
53857,0.751,36.088,21.969,29.691,23.247,4.742,6.672,6.014
53858,0.757,36.205,21.976,29.72,23.247,4.742,6.631,5.974
53859,0.757,36.283,21.96,29.701,23.237,4.701,6.631,5.933
53860,0.764,36.619,22.019,29.691,23.247,4.904,6.753,6.136
53861,0.793,36.814,21.996,29.777,23.254,4.825,6.795,5.976
53862,0.784,36.903,21.972,29.692,23.24,4.824,6.714,6.055
53863,0.774,36.942,22.019,29.701,23.247,4.702,6.632,5.975
53864,0.771,35.581,21.977,29.71,23.254,4.823,6.712,6.015
53865,0.774,35.749,22.003,29.701,23.247,4.783,6.713,6.056
53866,0.764,35.847,21.98,29.691,23.237,4.661,6.551,5.893
53867,0.744,35.857,22.023,29.682,23.247,4.782,6.671,5.973
53868,0.767,36.059,22.027,29.71,23.247,4.742,6.631,5.974
53869,0.761,36.214,22.027,29.682,23.24,4.742,6.631,5.974
53870,0.761,36.302,21.988,29.681,23.24,4.701,6.631,5.933
53871,0.748,36.341,21.968,29.691,23.247,4.782,6.712,6.055
53872,0.773,35.901,22.019,29.739,23.265,4.905,6.794,6.056
53873,0.761,35.983,21.973,29.692,23.251,4.825,6.714,6.056
53874,0.77,36.108,22.027,29.701,23.254,4.824,6.713,6.056
53875,0.783,36.186,21.953,29.72,23.247,4.824,6.713,6.015
53876,0.793,36.11,21.999,29.72,23.251,4.865,6.672,6.015
53877,0.793,36.224,21.965,29.701,23.244,4.743,6.631,5.893
53878,0.797,36.283,21.984,29.682,23.24,4.742,6.631,5.933
53879,0.81,35.919,21.996,29.72,23.24,4.742,6.672,5.974
53880,0.823,35.954,22.015,29.692,23.247,4.701,6.631,5.974
53881,0.843,36.089,21.941,29.691,23.24,4.701,6.631,5.893
53882,0.849,36.195,21.96,29.691,23.247,4.742,6.712,5.973
53883,0.853,35.928,22.027,29.73,23.261,4.945,6.876,6.096
53884,0.862,36.069,22.0,29.72,23.244,4.785,6.715,5.975
53885,0.836,36.166,21.91,29.711,23.24,4.783,6.713,6.015
53886,0.846,36.273,21.987,29.711,23.247,4.824,6.713,6.015
53887,0.846,35.958,21.992,29.701,23.244,4.824,6.835,6.096
53888,0.833,36.108,22.004,29.71,23.247,4.824,6.714,5.975
53889,0.833,36.224,21.988,29.653,23.24,4.702,6.632,5.933
53890,0.82,36.264,22.019,29.691,23.244,4.742,6.753,6.014
53891,0.817,35.814,21.977,29.71,23.24,4.783,6.836,6.015
53892,0.816,35.972,21.988,29.691,23.247,4.742,6.796,5.934
53893,0.81,36.07,22.015,29.691,23.244,4.742,6.755,5.974
53894,0.81,36.128,22.016,29.682,23.244,4.742,6.836,6.055
53895,0.836,35.927,21.984,29.739,23.258,4.986,6.958,6.137
53896,0.83,36.06,21.976,29.701,23.241,4.744,6.797,6.057
53897,0.839,36.157,21.964,29.71,23.251,4.823,6.917,5.975
53898,0.849,36.196,21.953,29.711,23.251,4.824,6.796,6.055
53899,0.859,35.823,21.968,29.711,23.258,4.905,6.877,6.097
53900,0.862,35.972,22.027,29.72,23.251,4.784,6.755,5.975
53901,0.862,36.031,21.899,29.682,23.237,4.702,6.673,5.933
53902,0.882,36.348,21.983,29.701,23.244,4.823,6.753,5.974
53903,0.879,35.901,22.011,29.682,23.247,4.702,6.754,6.015
53904,0.879,36.011,22.004,29.681,23.24,4.742,6.673,5.974
53905,0.859,36.156,21.98,29.72,23.24,4.661,6.713,6.055
53906,0.872,35.88,21.957,29.73,23.258,4.904,6.957,6.219
53907,0.863,35.877,21.964,29.711,23.244,4.744,6.675,6.058
53908,0.846,36.002,21.976,29.701,23.247,4.783,6.753,6.015
53909,0.856,36.108,21.992,29.72,23.251,4.824,6.795,6.056
53910,0.875,35.822,22.035,29.73,23.254,4.905,6.795,6.056
53911,0.863,35.934,21.988,29.701,23.254,4.784,6.755,5.934
53912,0.853,36.05,22.0,29.691,23.237,4.702,6.673,5.974
53913,0.853,36.147,22.0,29.73,23.237,4.823,6.713,6.055
53914,0.859,35.707,22.043,29.692,23.247,4.743,6.713,6.015
53915,0.859,35.866,21.977,29.701,23.244,4.701,6.794,5.934
53916,0.862,35.973,21.96,29.691,23.24,4.742,6.877,5.974
53917,0.875,36.06,21.988,29.72,23.258,4.945,7.0,6.137
53918,0.885,35.821,21.98,29.72,23.247,4.825,6.879,6.098
53919,0.859,35.924,21.949,29.701,23.244,4.824,6.918,5.975
53920,0.859,36.021,22.034,29.691,23.251,4.824,6.919,6.096
53921,0.866,36.108,21.988,29.701,23.251,4.824,6.959,6.016
53922,0.872,35.716,21.98,29.72,23.251,4.824,6.96,5.974
53923,0.872,35.818,21.988,29.672,23.24,4.702,6.838,5.893
53924,0.863,35.943,21.972,29.691,23.247,4.823,6.918,6.014
53925,0.862,36.002,21.98,29.691,23.237,4.824,6.878,5.974
53926,0.846,35.83,21.972,29.691,23.24,4.743,6.837,5.974
53927,0.83,35.953,22.003,29.682,23.233,4.742,6.877,5.933
53928,0.81,36.06,21.996,29.701,23.251,4.905,7.0,6.055
53929,0.823,36.138,22.011,29.73,23.251,4.947,7.001,5.975
53930,0.8,35.736,21.98,29.711,23.251,4.785,7.041,6.015
53931,0.794,35.856,21.968,29.711,23.251,4.824,7.042,6.056
53932,0.793,35.973,22.003,29.72,23.247,4.824,7.082,6.056
53933,0.784,35.868,21.98,29.72,23.254,4.865,7.002,6.056
53934,0.784,35.771,22.019,29.711,23.244,4.743,6.879,5.853
53935,0.78,35.866,21.91,29.682,23.24,4.783,7.04,6.013
53936,0.784,35.982,21.944,29.701,23.244,4.783,7.001,5.974
53937,0.777,35.782,21.984,29.701,23.237,4.783,7.041,5.933
53938,0.777,35.895,22.0,29.691,23.247,4.742,6.96,5.892
53939,0.767,36.011,22.008,29.701,23.24,4.823,7.041,6.014
53940,0.774,36.147,22.004,29.73,23.258,4.987,7.204,6.015
53941,0.784,35.659,21.976,29.701,23.247,4.826,7.125,5.934
53942,0.771,35.788,21.972,29.701,23.247,4.743,7.165,6.014
53943,0.774,35.886,22.003,29.691,23.251,4.823,7.165,5.974
53944,0.774,35.982,21.984,29.71,23.244,4.824,7.206,6.055
53945,0.761,35.744,21.976,29.778,23.254,4.865,7.165,6.015
53946,0.751,35.856,21.957,29.682,23.237,4.702,7.124,5.934
53947,0.728,35.992,21.988,29.691,23.244,4.782,7.205,5.974
53948,0.734,36.079,21.965,29.691,23.24,4.783,7.125,5.893
53949,0.721,35.735,21.964,29.682,23.237,4.742,7.205,5.973
53950,0.721,35.847,21.953,29.691,23.237,4.783,7.206,5.893
53951,0.718,35.992,21.968,29.72,23.265,4.905,7.409,6.176
53952,0.721,36.07,21.996,29.72,23.251,4.784,7.289,6.017
53953,0.698,35.716,21.992,29.692,23.247,4.783,7.288,6.056
53954,0.711,35.856,22.019,29.701,23.251,4.824,7.329,6.097
53955,0.718,35.992,21.953,29.71,23.251,4.824,7.289,6.016
53956,0.721,36.012,21.98,29.711,23.247,4.783,7.329,5.974
53957,0.721,35.667,21.996,29.691,23.233,4.661,7.207,5.974
53958,0.711,35.798,21.988,29.701,23.247,4.782,7.287,6.015
53959,0.721,35.914,21.996,29.701,23.24,4.783,7.329,5.974
53960,0.721,36.098,22.023,29.701,23.247,4.824,7.329,5.974
53961,0.715,35.678,21.938,29.682,23.244,4.743,7.37,5.974
53962,0.728,35.827,21.956,29.739,23.251,4.905,7.614,6.137
53963,0.734,35.953,22.007,29.701,23.251,4.825,7.413,6.016
53964,0.721,35.763,21.98,29.71,23.244,4.783,7.452,6.096
53965,0.711,35.857,21.976,29.739,23.251,4.824,7.412,6.056
53966,0.721,35.992,22.003,29.72,23.244,4.905,7.452,6.097
53967,0.698,36.089,21.976,29.711,23.247,4.825,7.452,6.016
53968,0.695,35.495,21.972,29.672,23.23,4.661,7.249,5.974
53969,0.701,35.633,21.968,29.701,23.247,4.822,7.45,5.974
53970,0.705,35.759,21.988,29.672,23.247,4.743,7.371,6.015
53971,0.692,35.818,21.965,29.691,23.244,4.742,7.289,6.015
53972,0.682,35.589,21.945,29.691,23.237,4.701,7.329,5.974
53973,0.682,35.73,21.988,29.72,23.254,4.823,7.451,6.218
53974,0.701,35.895,22.007,29.73,23.251,4.905,7.371,6.098
53975,0.705,35.935,21.922,29.701,23.24,4.784,7.289,6.097
53976,0.708,35.628,21.991,29.71,23.251,4.864,7.329,6.056
53977,0.702,35.75,22.0,29.701,23.247,4.784,7.289,6.178
53978,0.708,35.895,22.019,29.71,23.254,4.905,7.369,6.139
53979,0.715,35.925,21.992,29.682,23.24,4.662,7.248,6.016
53980,0.702,35.599,22.039,29.691,23.244,4.741,7.369,6.096
53981,0.721,35.749,21.934,29.701,23.247,4.742,7.208,6.016
53982,0.721,35.885,21.987,29.682,23.244,4.783,7.287,6.056
53983,0.718,35.915,22.035,29.691,23.244,4.742,7.247,6.015
53984,0.708,35.647,21.992,29.701,23.247,4.823,7.288,6.096
53985,0.721,35.817,22.004,29.749,23.258,4.946,7.41,6.178
53986,0.711,35.924,21.937,29.701,23.254,4.825,7.289,6.057
53987,0.698,35.944,21.944,29.71,23.251,4.824,7.288,6.097
53988,0.698,35.676,21.933,29.701,23.251,4.783,7.288,6.138
53989,0.698,35.836,21.941,29.701,23.247,4.824,7.288,6.098
53990,0.692,35.924,21.995,29.701,23.244,4.783,7.247,5.975
53991,0.685,36.088,21.937,29.682,23.24,4.702,7.166,6.055
53992,0.688,36.224,21.968,29.71,23.247,4.782,7.206,6.015
53993,0.682,36.341,22.003,29.711,23.24,4.742,7.165,6.056
53994,0.685,36.399,22.012,29.691,23.247,4.742,7.124,5.975
53995,0.692,35.316,21.941,29.691,23.24,4.783,7.124,6.015
53996,0.695,35.392,21.972,29.739,23.254,4.946,7.287,6.259
53997,0.711,35.536,21.988,29.72,23.247,4.744,7.166,6.099
53998,0.711,35.634,21.972,29.692,23.24,4.783,7.206,6.138
53999,0.718,35.606,21.957,29.691,23.244,4.824,7.206,6.138
54000,0.711,35.749,22.027,29.73,23.244,4.865,7.206,6.138
54001,0.721,35.866,21.902,29.711,23.251,4.824,7.247,6.098
54002,0.718,35.934,21.983,29.682,23.237,4.702,7.084,5.935
54003,0.724,35.599,22.039,29.701,23.247,4.863,7.245,5.974
54004,0.724,35.759,21.992,29.682,23.247,4.743,7.247,6.055
54005,0.721,35.895,22.019,29.701,23.247,4.783,7.125,6.056
54006,0.718,35.954,21.98,29.691,23.24,4.702,7.165,6.056
54007,0.718,35.58,21.988,29.701,23.254,4.904,7.409,6.3
54008,0.724,35.749,22.007,29.73,23.251,4.865,7.208,6.14
54009,0.715,35.837,21.965,29.692,23.254,4.865,7.287,6.138
54010,0.718,35.896,21.999,29.691,23.244,4.784,7.329,6.179
54011,0.721,35.532,21.902,29.72,23.251,4.864,7.289,6.179
54012,0.724,35.672,21.96,29.72,23.244,4.784,7.329,6.098
54013,0.695,35.76,21.988,29.682,23.244,4.742,7.167,6.016
54014,0.701,35.78,21.988,29.681,23.247,4.742,7.287,6.096
54015,0.705,35.559,21.945,29.71,23.247,4.783,7.207,6.016
54016,0.695,35.682,21.945,29.691,23.237,4.783,7.165,5.974
54017,0.701,35.779,21.984,29.691,23.244,4.702,7.206,6.015
54018,0.708,35.78,22.004,29.71,23.237,4.904,7.328,6.137
54019,0.728,35.627,22.019,29.73,23.261,4.906,7.41,6.179
54020,0.728,35.73,22.051,29.672,23.251,4.744,7.289,6.098
54021,0.747,35.837,22.0,29.701,23.24,4.823,7.288,6.097
54022,0.77,35.474,21.98,29.701,23.251,4.865,7.41,6.056
54023,0.793,35.518,22.015,29.701,23.244,4.784,7.452,6.097
54024,0.81,35.643,21.926,29.691,23.244,4.702,7.249,5.975
54025,0.82,35.731,21.964,29.672,23.24,4.823,7.369,6.096
54026,0.862,35.492,21.96,29.701,23.244,4.824,7.289,6.056
54027,0.885,35.605,21.992,29.701,23.244,4.743,7.288,6.015
54028,0.889,35.769,22.023,29.682,23.244,4.742,7.288,6.056
54029,0.908,35.828,21.984,29.701,23.244,4.823,7.288,6.137
54030,0.925,35.454,22.046,29.73,23.261,4.946,7.451,6.138
54031,0.925,35.566,21.887,29.711,23.244,4.907,7.371,6.098
54032,0.941,35.711,21.975,29.72,23.247,4.825,7.37,6.138
54033,0.961,35.789,22.015,29.711,23.247,4.824,7.289,6.098
54034,0.997,35.435,21.957,29.72,23.247,4.865,7.369,6.138
54035,1.043,35.585,21.953,29.768,23.251,4.743,7.208,6.016
54036,1.085,35.663,21.925,29.673,23.237,4.742,7.247,6.096
54037,1.141,35.731,21.968,29.691,23.251,4.823,7.247,6.138
54038,1.2,35.482,21.953,29.701,23.244,4.824,7.288,6.057
54039,1.243,35.624,21.995,29.691,23.244,4.743,7.125,6.056
54040,1.286,35.702,22.023,29.691,23.247,4.783,7.287,6.137
54041,1.329,35.789,22.0,29.739,23.254,4.946,7.329,6.219
54042,1.332,35.55,21.988,29.692,23.24,4.825,7.167,6.22
54043,1.319,35.663,21.992,29.701,23.251,4.824,7.206,6.22
54044,1.316,35.779,21.972,29.71,23.251,4.824,7.165,6.302
54045,1.326,36.116,21.992,29.711,23.254,4.865,7.165,6.262
54046,1.355,35.544,21.976,29.701,23.247,4.743,7.002,6.18
54047,1.342,35.624,21.972,29.672,23.237,4.742,7.041,6.22
54048,1.336,35.778,21.988,29.701,23.244,4.823,7.123,6.302
54049,1.3,35.512,22.007,29.682,23.247,4.783,7.083,6.262
54050,1.286,35.509,22.008,29.681,23.237,4.742,6.961,6.221
54051,1.273,35.643,21.918,29.71,23.251,4.823,7.041,6.383
54052,1.254,35.788,21.979,29.749,23.261,4.905,7.123,6.425
54053,1.185,35.444,21.976,29.711,23.251,4.865,7.043,6.385
54054,1.149,35.566,21.988,29.711,23.251,4.743,7.042,6.507
54055,1.103,35.701,21.965,29.778,23.247,4.864,7.082,6.67
54056,1.057,35.808,21.953,29.721,23.254,4.865,7.042,6.794
54057,1.004,35.282,21.972,29.701,23.244,4.743,6.879,6.795
54058,0.945,35.401,21.972,29.682,23.237,4.742,6.918,7.12
54059,0.922,35.556,22.011,29.701,23.247,4.742,6.959,7.327
54060,0.844,35.605,22.019,29.682,23.244,4.783,6.878,7.614
54061,0.791,35.414,22.0,29.672,23.24,4.702,6.959,7.861
54062,0.751,35.565,21.976,29.691,23.247,4.823,6.96,8.229
54063,0.728,35.72,22.035,29.739,23.258,4.905,7.082,8.477
54064,0.698,35.779,21.957,29.682,23.244,4.825,6.92,8.723
54065,0.643,35.368,21.949,29.701,23.244,4.824,6.959,8.929
54066,0.607,35.507,21.96,29.71,23.247,4.865,7.0,9.134
54067,0.583,35.614,21.992,29.711,23.251,4.824,6.919,9.258
54068,0.56,35.682,21.996,29.701,23.244,4.743,6.837,9.381
54069,0.557,35.501,21.988,29.672,23.24,4.742,6.877,9.464
54070,0.57,35.653,22.035,29.681,23.244,4.783,6.837,9.587
54071,0.59,35.769,22.004,29.71,23.244,4.742,6.837,9.751
54072,0.626,35.78,21.941,29.691,23.24,4.742,6.796,9.752
54073,0.665,35.416,22.011,29.691,23.247,4.701,6.836,9.955
54074,0.704,35.594,21.996,29.739,23.258,4.985,6.958,10.202
54075,0.747,35.711,21.992,29.682,23.244,4.744,6.797,10.163
54076,0.767,35.53,21.933,29.701,23.244,4.783,6.917,10.407
54077,0.787,35.394,21.96,29.691,23.247,4.783,6.837,10.653
54078,0.797,35.536,21.964,29.72,23.251,4.783,6.877,10.94
54079,0.8,35.624,21.964,29.72,23.244,4.742,6.755,11.065
54080,0.803,35.241,21.999,29.672,23.24,4.661,6.714,11.351
54081,0.807,35.362,21.988,29.701,23.247,4.741,6.754,11.557
54082,0.807,35.498,21.957,29.672,23.244,4.783,6.673,11.722
54083,0.803,35.566,22.007,29.672,23.24,4.783,6.672,11.968
54084,0.797,35.241,21.941,29.681,23.251,4.824,6.753,12.254
54085,0.8,35.42,21.991,29.72,23.261,4.946,6.876,12.339
54086,0.807,35.537,22.0,29.711,23.251,4.825,6.715,12.38
54087,0.787,35.595,21.969,29.701,23.251,4.824,6.835,12.462
54088,0.793,35.375,22.019,29.71,23.251,4.865,6.796,12.544
54089,0.79,35.498,21.98,29.72,23.258,4.906,6.877,12.464
54090,0.787,35.624,22.003,29.692,23.244,4.703,6.796,12.3
54091,0.774,35.673,21.918,29.682,23.233,4.742,6.755,12.298
54092,0.774,35.28,21.936,29.681,23.247,4.783,6.836,12.258
54093,0.771,35.391,21.995,29.691,23.244,4.702,6.837,12.135
54094,0.77,35.517,22.015,29.682,23.233,4.782,6.796,11.972
54095,0.77,35.557,21.969,29.701,23.244,4.742,6.836,12.011
54096,0.787,35.337,22.007,29.701,23.258,4.945,7.04,12.052
54097,0.8,35.488,22.027,29.701,23.244,4.825,6.96,11.767
54098,0.79,35.576,21.988,29.701,23.244,4.783,6.878,11.683
54099,0.803,35.605,21.992,29.701,23.251,4.864,6.877,11.642
54100,0.8,35.289,22.019,29.71,23.251,4.865,6.959,11.519
54101,0.807,35.439,21.992,29.72,23.251,4.784,6.878,11.355
54102,0.8,35.546,21.933,29.682,23.24,4.783,6.755,11.151
54103,0.797,35.691,22.007,29.681,23.247,4.783,6.795,11.23
54104,0.816,35.348,21.937,29.681,23.244,4.742,6.795,10.987
54105,0.803,35.478,21.956,29.681,23.247,4.783,6.877,10.822
54106,0.794,35.547,21.956,29.681,23.244,4.742,6.837,10.698
54107,0.787,35.298,21.96,29.71,23.247,4.823,6.918,10.778
54108,0.797,35.401,21.988,29.72,23.261,4.946,6.878,10.576
54109,0.787,35.508,21.988,29.692,23.247,4.785,6.918,10.492
54110,0.79,35.595,21.988,29.682,23.251,4.824,6.837,10.329
54111,0.777,35.327,21.894,29.72,23.251,4.824,6.918,10.246
54112,0.78,35.478,21.971,29.701,23.251,4.946,6.837,10.164
54113,0.784,35.585,22.019,29.701,23.244,4.663,6.714,9.838
54114,0.774,35.634,21.977,29.672,23.244,4.863,6.876,9.875
54115,0.797,35.165,21.984,29.701,23.244,4.743,6.796,9.794
54116,0.8,35.294,21.996,29.682,23.244,4.783,6.755,9.59
54117,0.803,35.42,22.008,29.701,23.24,4.702,6.714,9.507
54118,0.813,35.498,22.0,29.691,23.254,4.863,6.916,9.506
54119,0.829,35.298,22.0,29.73,23.265,4.906,6.919,9.425
54120,0.807,35.392,22.019,29.701,23.251,4.865,6.756,9.342
54121,0.816,35.527,21.996,29.682,23.247,4.824,6.836,9.219
54122,0.829,35.586,21.969,29.71,23.251,4.865,6.837,9.178
54123,0.83,35.212,22.035,29.691,23.251,4.784,6.837,9.015
54124,0.826,35.352,21.883,29.691,23.244,4.702,6.633,8.728
54125,0.807,35.45,21.952,29.682,23.244,4.823,6.794,8.888
54126,0.81,35.518,21.956,29.681,23.247,4.865,6.673,8.768
54127,0.81,35.308,21.941,29.691,23.251,4.702,6.713,8.685
54128,0.813,35.449,21.98,29.682,23.247,4.782,6.713,8.644
54129,0.8,35.547,21.949,29.691,23.251,4.783,6.754,8.562
54130,0.807,35.615,22.034,29.73,23.258,4.946,6.795,8.521
54131,0.79,35.251,21.961,29.749,23.251,4.785,6.755,8.398
54132,0.79,35.362,21.945,29.711,23.251,4.783,6.754,8.356
54133,0.79,35.459,22.019,29.701,23.244,4.824,6.836,8.356
54134,0.793,35.355,21.98,29.71,23.258,4.783,6.796,8.315
54135,0.803,35.363,21.972,29.682,23.241,4.742,6.673,8.03
54136,0.794,35.44,21.925,29.672,23.247,4.701,6.794,8.149
54137,0.81,35.594,21.964,29.681,23.244,4.782,6.755,8.028
54138,0.813,35.164,21.96,29.681,23.247,4.742,6.795,7.946
54139,0.816,35.246,21.995,29.672,23.237,4.742,6.755,7.864
54140,0.82,35.372,22.035,29.691,23.244,4.783,6.957,7.944
54141,0.839,35.507,22.02,29.72,23.268,4.946,7.0,8.026
54142,0.833,35.173,21.988,29.692,23.254,4.825,6.96,7.783
54143,0.833,35.285,22.007,29.691,23.251,4.824,7.0,7.781
54144,0.83,35.43,21.937,29.701,23.244,4.824,6.919,7.74
54145,0.823,35.508,21.948,29.72,23.251,4.824,6.959,7.781
54146,0.833,35.259,21.921,29.682,23.24,4.824,6.838,7.537
54147,0.807,35.362,21.937,29.672,23.244,4.743,6.999,7.657
54148,0.81,35.517,21.948,29.701,23.247,4.783,6.96,7.617
54149,0.807,35.566,21.964,29.691,23.244,4.783,6.96,7.454
54150,0.81,35.155,22.003,29.662,23.244,4.702,6.919,7.412
54151,0.794,35.294,21.972,29.739,23.244,4.782,6.959,7.574
54152,0.806,35.459,21.98,29.72,23.258,4.905,7.122,7.616
54153,0.82,35.499,22.019,29.701,23.244,4.784,7.002,7.454
54154,0.807,35.221,21.973,29.71,23.244,4.783,7.041,7.33
54155,0.82,35.372,21.992,29.711,23.251,4.864,7.001,7.41
54156,0.83,35.479,21.965,29.72,23.247,4.784,7.001,7.33
54157,0.83,35.518,21.96,29.701,23.24,4.783,6.879,7.207
54158,0.817,35.135,21.949,29.682,23.237,4.702,7.0,7.247
54159,0.839,35.313,21.988,29.691,23.244,4.782,6.96,7.247
54160,0.839,35.392,22.035,29.691,23.24,4.742,7.0,7.206
54161,0.849,35.402,21.981,29.682,23.244,4.661,7.041,7.125
54162,0.833,35.23,21.976,29.691,23.251,4.822,7.042,7.205
54163,0.852,35.391,22.039,29.72,23.258,4.865,7.164,7.206
54164,0.853,35.488,21.942,29.692,23.244,4.784,7.043,7.125
54165,0.84,35.096,21.98,29.701,23.244,4.783,7.042,7.124
54166,0.836,35.159,21.945,29.701,23.251,4.742,7.082,7.165
54167,0.836,35.294,21.988,29.72,23.247,4.823,6.961,7.124
54168,0.83,35.392,21.972,29.72,23.24,4.702,7.041,7.002
54169,0.826,35.095,21.957,29.663,23.237,4.62,7.001,6.96
54170,0.833,35.255,21.988,29.7,23.251,4.741,7.001,7.041
54171,0.807,35.382,21.972,29.71,23.247,4.783,7.001,6.96
54172,0.816,35.46,21.949,29.691,23.24,4.702,7.001,7.0
54173,0.807,35.173,21.956,29.701,23.233,4.742,6.96,6.96
54174,0.826,35.352,21.949,29.758,23.254,4.905,7.122,7.122
54175,0.846,35.478,21.988,29.711,23.251,4.744,7.043,6.961
54176,0.827,35.537,21.984,29.701,23.247,4.823,7.042,6.919
54177,0.836,35.097,21.992,29.71,23.247,4.824,7.042,6.959
54178,0.849,35.236,22.0,29.711,23.247,4.783,7.042,6.919
54179,0.856,35.372,22.004,29.701,23.247,4.783,7.082,6.837
54180,0.856,35.383,21.988,29.672,23.237,4.661,6.92,6.755
54181,0.866,35.076,21.996,29.701,23.244,4.782,7.081,6.795
54182,0.869,35.217,21.972,29.701,23.244,4.742,7.042,6.755
54183,0.863,35.324,22.019,29.682,23.244,4.783,7.001,6.714
54184,0.859,35.354,21.965,29.691,23.244,4.742,6.96,6.794
54185,0.856,35.143,21.96,29.72,23.251,4.823,7.204,6.877
54186,0.862,35.313,21.984,29.72,23.251,4.824,7.084,6.755
54187,0.853,35.382,21.976,29.72,23.251,4.783,7.164,6.795
54188,0.849,35.766,21.98,29.701,23.244,4.783,7.206,6.795
54189,0.853,35.118,22.0,29.71,23.251,4.824,7.247,6.795
54190,0.853,35.236,22.004,29.711,23.251,4.824,7.288,6.714
54191,0.84,35.343,21.891,29.682,23.237,4.661,7.166,6.632
54192,0.836,35.181,21.932,29.71,23.24,4.741,7.287,6.672
54193,0.846,35.237,21.976,29.711,23.244,4.783,7.247,6.631
54194,0.84,35.353,21.972,29.701,23.244,4.661,7.288,6.59
54195,0.849,35.431,21.836,29.691,23.24,4.66,7.247,6.631
54196,0.849,34.942,21.947,29.71,23.254,4.782,7.45,6.794
54197,0.866,35.091,22.015,29.739,23.251,4.742,7.33,6.592
54198,0.872,35.188,22.016,29.73,23.247,4.783,7.37,6.631
54199,0.869,35.295,21.996,29.711,23.247,4.742,7.411,6.672
54200,0.863,35.027,21.992,29.72,23.247,4.823,7.411,6.713
54201,0.879,35.197,22.011,29.72,23.247,4.824,7.411,6.591
54202,0.882,35.314,21.949,29.672,23.233,4.621,7.289,6.509
54203,0.866,35.353,21.995,29.681,23.247,4.781,7.329,6.549
54204,0.876,34.999,21.953,29.701,23.247,4.702,7.289,6.508
54205,0.872,35.139,21.949,29.72,23.244,4.66,7.329,6.508
54206,0.872,35.246,21.933,29.701,23.244,4.619,7.289,6.467
54207,0.869,35.314,21.956,29.691,23.244,4.741,7.41,6.629
54208,0.872,35.152,22.003,29.758,23.261,4.864,7.33,6.509
54209,0.866,35.285,21.984,29.711,23.247,4.784,7.329,6.508
54210,0.862,35.382,21.972,29.701,23.24,4.824,7.37,6.549
54211,0.859,35.44,21.902,29.72,23.247,4.783,7.452,6.59
54212,0.853,34.981,21.96,29.73,23.247,4.783,7.33,6.631
54213,0.856,35.129,21.976,29.711,23.247,4.742,7.207,6.387
54214,0.853,35.189,21.988,29.701,23.237,4.701,7.328,6.466
54215,0.866,35.256,21.918,29.739,23.247,4.782,7.289,6.467
54216,0.866,35.334,21.929,29.711,23.244,4.702,7.247,6.426
54217,0.872,35.459,21.929,29.711,23.247,4.742,7.206,6.466
54218,0.882,35.556,21.976,29.711,23.244,4.661,7.287,6.589
54219,0.892,35.193,21.984,29.749,23.265,4.863,7.369,6.671
54220,0.899,34.978,21.976,29.72,23.248,4.743,7.248,6.509
54221,0.899,35.082,21.972,29.711,23.244,4.742,7.288,6.549
54222,0.902,35.207,21.949,29.73,23.244,4.864,7.329,6.468
54223,0.899,34.93,22.019,29.73,23.251,4.824,7.289,6.507
54224,0.915,35.024,21.949,29.72,23.247,4.783,7.166,6.345
54225,0.883,35.14,21.956,29.692,23.233,4.661,7.084,6.425
54226,0.882,35.275,21.98,29.72,23.244,4.741,7.164,6.426
54227,0.882,35.027,21.968,29.739,23.244,4.701,7.165,6.385
54228,0.872,35.178,21.984,29.711,23.24,4.742,7.124,6.385
54229,0.872,35.295,21.945,29.701,23.244,4.701,7.083,6.344
54230,0.876,35.392,22.003,29.739,23.251,4.863,7.367,6.547
54231,0.882,34.99,21.972,29.759,23.251,4.824,7.167,6.468
54232,0.872,35.11,21.972,29.74,23.247,4.824,7.084,6.467
54233,0.872,35.236,22.035,29.74,23.247,4.783,7.123,6.426
54234,0.882,35.295,21.977,29.749,23.251,4.864,7.124,6.466
54235,0.902,35.056,21.98,29.778,23.251,4.784,7.124,6.386
54236,0.899,35.169,21.898,29.702,23.24,4.702,6.961,6.222
54237,0.895,35.285,21.987,29.72,23.244,4.823,6.96,6.302
54238,0.915,35.353,21.953,29.73,23.244,4.783,6.96,6.343
54239,0.909,34.922,21.925,29.73,23.24,4.702,6.96,6.303
54240,0.908,35.071,21.944,29.739,23.237,4.742,6.919,6.302
54241,0.915,35.169,21.929,29.73,23.247,4.864,7.041,6.465
54242,0.931,35.256,21.999,29.778,23.254,4.824,6.96,6.345
54243,0.928,35.027,22.0,29.73,23.244,4.743,6.96,6.262
54244,0.931,35.168,21.984,29.749,23.244,4.864,6.96,6.221
54245,0.918,35.294,22.0,29.74,23.254,4.906,6.96,6.302
54246,0.912,35.401,21.98,29.759,23.251,4.865,6.919,6.343
54247,0.912,35.057,21.972,29.73,23.244,4.702,6.796,6.14
54248,0.895,35.178,21.999,29.73,23.247,4.782,6.958,6.138
54249,0.908,35.314,21.976,29.749,23.244,4.783,6.838,6.179
54250,0.912,34.97,22.019,29.749,23.247,4.783,6.837,6.179
54251,0.895,35.053,21.945,29.759,23.244,4.742,6.796,6.179
54252,0.902,35.169,21.948,29.759,23.24,4.783,6.877,6.301
54253,0.915,35.294,22.019,29.778,23.261,4.864,7.0,6.221
54254,0.915,35.027,21.973,29.759,23.247,4.824,6.919,6.22
54255,0.922,35.178,21.996,29.759,23.251,4.824,6.878,6.18
54256,0.938,35.295,21.972,29.759,23.247,4.946,6.837,6.261
54257,0.938,35.392,21.972,29.759,23.251,4.866,6.877,6.18
54258,0.948,34.951,21.976,29.74,23.24,4.743,6.755,6.057
54259,0.932,35.072,21.929,29.74,23.244,4.823,6.876,6.178
54260,0.951,35.236,21.991,29.768,23.24,4.783,6.796,6.139
54261,0.971,35.295,21.976,29.759,23.244,4.783,6.755,6.016
54262,0.964,34.95,21.937,29.73,23.24,4.742,6.754,6.096
54263,0.955,35.081,21.98,29.749,23.244,4.742,6.876,6.138
54264,0.971,35.246,21.945,29.778,23.258,4.945,6.959,6.26
54265,0.961,35.314,21.98,29.759,23.244,4.825,6.878,6.139
54266,0.951,35.133,21.902,29.769,23.251,4.824,6.837,6.179
54267,0.958,35.313,21.971,29.769,23.247,4.865,6.837,6.098
54268,0.958,35.421,21.996,29.778,23.251,4.865,6.958,6.097
54269,0.954,35.479,21.98,29.769,23.247,4.824,6.878,5.975
54270,0.951,35.135,22.007,29.73,23.24,4.702,6.674,6.055
54271,0.961,35.294,21.98,29.778,23.244,4.782,6.835,6.097
54272,0.951,35.411,21.957,29.75,23.244,4.742,6.714,6.097
54273,0.945,35.402,21.992,29.759,23.247,4.742,6.794,6.056
54274,0.948,35.316,21.933,29.759,23.244,4.742,6.755,6.056
54275,0.971,35.478,21.983,29.797,23.254,4.905,6.957,6.219
54276,0.987,35.614,21.949,29.788,23.247,4.825,6.838,6.139
54277,0.978,35.414,21.96,29.778,23.244,4.783,6.796,6.098
54278,0.994,35.412,21.956,29.778,23.244,4.824,6.795,6.178
54279,0.994,35.546,21.96,29.797,23.251,4.865,6.795,6.139
54280,1.004,35.643,22.027,29.778,23.247,4.824,6.795,6.138
54281,1.007,35.309,21.957,29.759,23.237,4.621,6.673,6.057
54282,1.01,35.43,21.96,29.778,23.244,4.822,6.672,6.097
54283,1.014,35.546,21.995,29.769,23.244,4.783,6.631,6.056
54284,1.017,35.615,21.926,29.769,23.244,4.742,6.672,6.015
54285,1.007,35.424,21.948,29.769,23.244,4.742,6.631,6.015
54286,1.007,35.604,21.937,29.797,23.251,4.864,6.794,6.218
54287,1.023,35.749,21.984,29.826,23.254,4.906,6.714,6.098
54288,1.01,35.799,22.0,29.779,23.244,4.865,6.672,6.178
54289,1.01,35.579,21.992,29.797,23.251,4.784,6.713,6.098
54290,1.02,35.73,22.035,29.778,23.247,4.864,6.713,6.178
54291,1.02,35.866,22.0,29.845,23.251,4.865,6.713,6.139
54292,1.014,35.915,21.949,29.779,23.24,4.743,6.632,6.016
54293,1.014,35.695,22.003,29.788,23.244,4.783,6.672,6.056
54294,1.03,35.856,21.953,29.788,23.24,4.742,6.713,6.056
54295,1.04,35.982,21.949,29.778,23.244,4.823,6.713,6.097
54296,1.037,36.012,21.902,29.778,23.24,4.702,6.672,6.056
54297,1.05,35.936,21.956,29.797,23.247,4.742,6.835,6.137
54298,1.069,36.108,22.003,29.826,23.261,4.905,6.837,6.219
54299,1.069,36.196,21.996,29.798,23.247,4.825,6.796,6.22
54300,1.069,36.216,22.027,29.798,23.247,4.824,6.795,6.139
54301,1.079,36.043,21.965,29.807,23.258,4.824,6.836,6.179
54302,1.086,36.176,21.956,29.807,23.254,4.865,6.918,6.139
54303,1.099,36.273,21.988,29.779,23.244,4.662,6.715,5.976
54304,1.086,36.245,21.886,29.778,23.251,4.822,6.794,6.055
54305,1.099,36.139,21.936,29.797,23.244,4.783,6.795,6.056
54306,1.089,36.253,21.925,29.788,23.24,4.702,6.755,6.056
54307,1.086,36.341,21.952,29.788,23.244,4.782,6.876,6.137
54308,1.076,36.332,21.988,29.807,23.251,4.864,6.959,6.179
54309,1.096,36.486,21.976,29.836,23.261,4.906,6.96,6.179
54310,1.086,36.573,22.035,29.808,23.251,4.744,6.919,6.139
54311,1.076,36.67,21.938,29.836,23.247,4.823,6.878,6.098
54312,1.076,36.355,21.96,29.827,23.254,4.824,7.0,6.219
54313,1.089,36.495,22.003,29.827,23.254,4.865,7.001,6.18
54314,1.089,36.631,21.98,29.798,23.244,4.702,6.919,6.098
54315,1.102,36.661,21.972,29.778,23.237,4.742,6.959,6.138
54316,1.109,36.518,21.941,29.807,23.244,4.783,6.96,6.138
54317,1.109,36.631,21.976,29.807,23.24,4.742,6.96,6.057
54318,1.115,36.757,21.925,29.807,23.244,4.783,6.919,6.056
54319,1.109,36.835,21.956,29.817,23.244,4.824,7.122,6.219
54320,1.128,36.73,21.956,29.836,23.258,4.905,7.124,6.22
54321,1.151,36.863,21.937,29.808,23.254,4.744,7.043,6.098
54322,1.145,36.961,21.968,29.826,23.251,4.905,7.082,6.138
54323,1.135,37.01,21.976,29.836,23.247,4.865,7.205,6.179
54324,1.145,36.847,21.984,29.827,23.247,4.865,7.206,6.22
54325,1.135,36.97,21.957,29.808,23.244,4.662,7.043,6.098
54326,1.119,37.029,21.956,29.817,23.24,4.782,7.082,6.219
54327,1.132,37.097,21.988,29.817,23.247,4.824,7.042,6.139
54328,1.125,37.04,21.965,29.827,23.237,4.783,7.042,6.179
54329,1.122,37.135,21.968,29.788,23.244,4.742,7.042,6.098
54330,1.129,37.251,22.011,29.807,23.244,4.783,7.082,6.138
54331,1.145,37.636,21.98,29.846,23.261,4.946,7.245,6.382
54332,1.145,37.131,21.945,29.837,23.251,4.825,7.084,6.222
54333,1.135,37.241,21.98,29.827,23.244,4.783,7.123,6.302
54334,1.129,37.329,21.964,29.836,23.247,4.783,7.124,6.262
54335,1.148,37.148,21.96,29.846,23.251,4.824,7.124,6.262
54336,1.158,37.174,21.995,29.846,23.251,4.743,7.002,6.139
54337,1.148,37.271,21.996,29.817,23.237,4.661,6.96,6.138
54338,1.148,37.377,21.984,29.817,23.24,4.782,7.082,6.26
54339,1.148,37.301,22.004,29.817,23.244,4.742,7.002,6.18
54340,1.148,37.425,21.98,29.817,23.24,4.783,6.96,6.22
54341,1.155,37.532,21.968,29.807,23.244,4.742,7.0,6.18
54342,1.161,37.629,21.972,29.836,23.254,4.864,7.123,6.383
54343,1.174,37.237,21.972,29.865,23.254,4.906,7.043,6.222
54344,1.162,37.329,21.918,29.846,23.244,4.825,7.001,6.22
54345,1.145,37.464,21.94,29.837,23.251,4.824,7.001,6.261
54346,1.142,37.532,21.948,29.836,23.251,4.824,7.041,6.302
54347,1.138,37.418,21.956,29.856,23.247,4.865,7.001,6.262
54348,1.122,37.542,21.956,29.817,23.24,4.702,6.838,6.099
54349,1.116,37.639,21.972,29.836,23.251,4.782,6.999,6.219
54350,1.109,37.716,21.96,29.827,23.244,4.824,6.96,6.22
54351,1.099,37.353,21.949,29.875,23.244,4.824,6.878,6.18
54352,1.096,37.493,21.917,29.837,23.251,4.743,6.918,6.22
54353,1.099,37.609,21.999,29.846,23.258,4.864,7.081,6.424
54354,1.102,37.678,21.961,29.865,23.258,4.865,7.002,6.222
54355,1.093,37.525,21.96,29.865,23.251,4.743,7.001,6.261
54356,1.092,37.648,21.925,29.865,23.254,4.783,6.96,6.262
54357,1.086,37.764,21.987,29.856,23.251,4.824,7.0,6.262
54358,1.099,37.766,22.019,29.856,23.251,4.865,7.001,6.384
54359,1.096,37.651,21.973,29.846,23.244,4.784,6.797,6.1
54360,1.083,37.755,21.984,29.846,23.247,4.824,6.877,6.219
54361,1.079,37.881,21.98,29.865,23.247,4.783,6.959,6.22
54362,1.073,37.633,21.976,29.837,23.24,4.783,6.919,6.139
54363,1.069,37.525,21.976,29.836,23.24,4.702,6.919,6.138
54364,1.06,37.677,21.98,29.856,23.247,4.863,7.041,6.26
54365,1.05,37.813,21.98,29.875,23.254,4.865,7.001,6.221
54366,1.033,37.67,22.003,29.856,23.247,4.824,6.96,6.22
54367,1.024,37.784,21.972,29.875,23.24,4.865,7.0,6.22
54368,1.01,37.91,21.964,29.875,23.251,4.784,6.96,6.22
54369,0.997,37.988,21.96,29.885,23.261,4.905,6.96,6.22
54370,0.997,37.518,21.984,29.846,23.237,4.744,6.919,6.098
54371,0.971,37.658,21.941,29.904,23.24,4.783,6.878,6.219
54372,0.958,37.822,21.933,29.866,23.247,4.783,6.877,6.18
54373,0.954,37.852,22.011,29.856,23.244,4.742,6.796,6.139
54374,0.951,37.68,21.945,29.846,23.24,4.742,6.755,6.098
54375,0.948,37.861,21.929,29.865,23.251,4.823,6.917,6.178
54376,0.964,38.006,21.933,29.904,23.261,4.905,7.0,6.179
54377,0.951,38.046,21.964,29.866,23.244,4.825,6.838,6.179
54378,0.941,37.5,21.976,29.865,23.247,4.824,6.877,6.139
54379,0.941,37.648,21.968,29.875,23.247,4.824,6.877,6.179
54380,0.935,37.764,22.003,29.885,23.254,4.865,6.837,6.179
54381,0.941,37.814,21.988,29.875,23.244,4.743,6.714,6.057
54382,0.935,37.718,21.957,29.837,23.23,4.661,6.794,6.097
54383,0.931,37.842,22.003,29.875,23.247,4.741,6.795,6.138
54384,0.915,37.977,21.972,29.894,23.244,4.783,6.795,6.057
54385,0.902,37.998,21.921,29.866,23.247,4.742,6.836,6.015
54386,0.895,37.595,21.944,29.856,23.24,4.742,6.796,6.096
54387,0.886,37.764,21.964,29.913,23.254,4.823,6.958,6.26
54388,0.889,37.881,21.996,29.904,23.258,4.865,6.838,6.139
54389,0.866,37.959,21.926,29.885,23.244,4.824,6.877,6.179
54390,0.859,37.768,22.011,29.875,23.244,4.824,6.959,6.179
54391,0.846,37.9,21.93,29.894,23.251,4.865,6.96,6.139
54392,0.84,37.997,21.944,29.904,23.244,4.824,6.919,6.219
54393,0.843,37.595,21.972,29.875,23.24,4.661,6.837,6.058
54394,0.833,37.62,21.937,29.894,23.244,4.822,6.999,6.178
54395,0.849,37.793,21.941,29.885,23.247,4.824,6.919,6.139
54396,0.843,37.843,21.929,29.875,23.244,4.702,6.919,6.098
54397,0.823,37.517,21.941,29.875,23.24,4.742,6.919,6.138
54398,0.836,37.629,21.956,29.875,23.244,4.823,7.041,6.301
54399,0.856,37.803,21.929,29.923,23.261,4.905,7.123,6.262
54400,0.843,37.862,21.948,29.876,23.244,4.784,7.043,6.221
54401,0.833,37.575,21.988,29.885,23.247,4.824,7.042,6.22
54402,0.833,37.716,21.996,29.904,23.251,4.783,7.042,6.18
54403,0.836,37.823,22.004,29.914,23.251,4.783,7.042,6.179
54404,0.833,37.91,21.953,29.904,23.247,4.783,6.839,6.057
54405,0.81,37.527,21.949,29.866,23.237,4.742,6.999,6.219
54406,0.81,37.706,21.96,29.904,23.244,4.783,6.96,6.18
54407,0.803,37.794,21.972,29.885,23.244,4.783,6.919,6.139
54408,0.797,37.833,21.98,29.904,23.24,4.742,6.919,6.098
54409,0.794,37.565,21.918,29.904,23.247,4.742,6.959,6.219
54410,0.8,37.706,21.987,29.923,23.261,4.905,7.163,6.302
54411,0.8,37.842,21.961,29.923,23.251,4.825,6.962,6.221
54412,0.781,37.853,21.925,29.923,23.244,4.824,6.96,6.261
54413,0.777,37.556,21.987,29.914,23.251,4.824,7.0,6.262
54414,0.79,37.677,21.933,29.914,23.254,4.824,7.001,6.221
54415,0.79,37.803,21.98,29.914,23.251,4.783,7.001,6.139
54416,0.78,37.871,21.949,29.885,23.237,4.661,6.879,6.098
54417,0.79,37.613,22.003,29.914,23.244,4.741,6.959,6.178
54418,0.793,37.726,21.965,29.895,23.247,4.783,6.878,6.098
54419,0.793,37.832,21.953,29.914,23.237,4.702,6.837,6.138
54420,0.79,37.632,21.941,29.914,23.233,4.742,6.837,6.098
54421,0.793,37.668,21.937,29.933,23.251,4.823,6.999,6.26
54422,0.813,37.822,21.999,29.943,23.254,4.824,7.001,6.18
54423,0.807,37.881,21.957,29.924,23.251,4.824,6.96,6.179
54424,0.81,37.422,21.941,29.923,23.251,4.824,7.041,6.139
54425,0.803,37.532,21.929,29.933,23.251,4.824,7.042,6.219
54426,0.787,37.648,21.999,29.933,23.251,4.824,7.082,6.18
54427,0.79,37.736,21.98,29.943,23.237,4.661,6.92,6.057
54428,0.771,37.372,22.0,29.914,23.247,4.782,7.081,6.137
54429,0.774,37.531,21.972,29.933,23.247,4.702,7.002,6.098
54430,0.777,37.639,22.015,29.914,23.244,4.742,7.041,6.097
54431,0.758,37.707,21.957,29.914,23.247,4.701,7.042,6.016
54432,0.754,37.372,21.91,29.943,23.247,4.701,7.123,6.178
54433,0.767,37.551,21.995,29.981,23.258,4.904,7.205,6.261
54434,0.761,37.648,21.902,29.934,23.244,4.744,7.125,6.139
54435,0.77,37.707,21.932,29.952,23.24,4.823,7.165,6.098
54436,0.767,37.41,21.913,29.933,23.244,4.783,7.206,6.097
54437,0.777,37.532,22.007,29.962,23.251,4.783,7.206,6.138
54438,0.787,37.677,22.0,29.953,23.247,4.783,7.125,6.098
54439,0.78,37.678,21.953,29.914,23.237,4.702,7.083,6.097
54440,0.784,37.352,21.933,29.952,23.247,4.701,7.123,6.138
54441,0.793,37.493,21.913,29.953,23.247,4.782,7.165,6.016
54442,0.8,37.6,21.964,29.933,23.244,4.742,7.043,6.056
54443,0.787,37.62,21.968,29.924,23.244,4.783,7.164,6.056
54444,0.79,37.381,21.953,29.971,23.254,4.864,7.287,6.219
54445,0.79,37.551,21.952,29.972,23.251,4.784,7.207,6.098
54446,0.78,37.629,21.96,29.962,23.251,4.783,7.165,6.138
54447,0.774,37.64,21.98,29.962,23.247,4.783,7.206,6.179
54448,0.78,37.582,21.988,29.972,23.244,4.824,7.165,6.22
54449,0.767,37.716,21.968,29.962,23.258,4.743,7.246,6.139
54450,0.761,37.794,22.011,29.933,23.241,4.661,7.044,5.976
54451,0.757,37.401,21.973,29.952,23.247,4.822,7.204,6.096
54452,0.761,37.484,21.921,29.962,23.251,4.743,7.287,6.097
54453,0.757,37.581,21.991,29.943,23.24,4.701,7.166,6.097
54454,0.761,37.687,21.894,29.952,23.244,4.742,7.246,6.138
54455,0.777,37.237,21.932,29.991,23.254,4.864,7.41,6.219
54456,0.787,37.405,21.964,29.991,23.251,4.743,7.33,6.139
54457,0.771,37.494,21.956,29.962,23.247,4.783,7.289,6.138
54458,0.78,37.571,21.984,29.972,23.251,4.783,7.329,6.219
54459,0.78,37.428,21.957,29.991,23.254,4.824,7.451,6.139
54460,0.793,37.561,21.972,29.991,23.251,4.783,7.29,6.057
54461,0.784,37.648,21.918,29.953,23.237,4.702,7.247,6.097
54462,0.8,37.726,21.968,29.972,23.251,4.742,7.328,6.016
54463,0.8,37.257,21.984,29.943,23.24,4.783,7.329,5.974
54464,0.794,37.396,21.953,29.972,23.244,4.742,7.37,5.933
54465,0.784,37.503,21.937,29.953,23.247,4.661,7.33,6.055
54466,0.787,37.6,21.925,29.991,23.254,4.944,7.492,6.219
54467,0.797,37.419,21.94,30.001,23.247,4.744,7.371,6.058
54468,0.781,37.513,21.956,29.972,23.254,4.742,7.37,6.097
54469,0.774,37.638,21.956,29.981,23.251,4.742,7.37,6.138
54470,0.78,37.668,22.023,29.972,23.251,4.783,7.411,6.138
54471,0.774,37.391,21.98,29.972,23.251,4.742,7.289,6.098
54472,0.771,37.493,21.91,29.962,23.23,4.62,7.207,5.935
54473,0.774,37.6,22.022,29.991,23.244,4.741,7.328,6.055
54474,0.774,37.869,21.961,29.982,23.237,4.742,7.289,6.015
54475,0.78,37.431,21.964,29.982,23.24,4.742,7.247,5.974
54476,0.771,37.532,21.925,29.972,23.24,4.661,7.288,6.015
54477,0.79,37.648,21.987,30.001,23.251,4.782,7.41,6.218
54478,0.806,37.429,21.941,30.011,23.247,4.742,7.33,5.976
54479,0.797,37.427,21.929,30.011,23.251,4.742,7.329,6.096
54480,0.794,37.561,21.925,30.011,23.247,4.742,7.289,6.056
54481,0.797,37.668,21.956,30.011,23.251,4.701,7.369,6.137
54482,0.803,37.161,21.995,30.001,23.251,4.782,7.33,5.976
54483,0.8,37.222,21.929,29.972,23.237,4.661,7.126,5.933
54484,0.8,37.386,21.948,30.01,23.247,4.741,7.205,5.974
54485,0.79,37.484,21.941,29.991,23.24,4.783,7.247,6.055
54486,0.793,37.274,21.972,29.991,23.237,4.742,7.206,5.975
54487,0.803,37.425,21.933,30.001,23.24,4.701,7.165,5.974
54488,0.787,37.551,21.952,29.991,23.247,4.823,7.368,6.015
54489,0.787,37.668,21.972,30.03,23.254,4.824,7.289,6.056
54490,0.777,37.256,21.972,30.001,23.244,4.743,7.207,6.097
54491,0.777,37.377,21.96,30.011,23.251,4.742,7.287,6.097
54492,0.767,37.484,21.945,30.03,23.254,4.783,7.288,6.138
54493,0.777,37.533,21.999,30.04,23.251,4.742,7.288,6.098
54494,0.771,37.332,21.937,30.011,23.244,4.661,7.085,6.016
54495,0.78,37.445,21.944,29.991,23.24,4.741,7.205,6.015
54496,0.79,37.58,21.968,30.01,23.247,4.701,7.206,5.974
54497,0.787,37.62,21.984,30.02,23.244,4.701,7.206,6.015
54498,0.787,37.304,21.949,30.02,23.244,4.701,7.206,5.974
54499,0.787,37.416,21.964,30.011,23.247,4.742,7.328,6.015
54500,0.8,37.542,21.999,30.049,23.258,4.823,7.492,6.178
54501,0.81,37.562,21.957,30.021,23.244,4.824,7.371,6.057
54502,0.816,37.294,21.972,30.02,23.251,4.783,7.33,6.097
54503,0.807,37.406,21.953,30.011,23.251,4.783,7.41,6.138
54504,0.82,37.522,21.843,30.039,23.251,4.783,7.493,6.098
54505,0.803,37.36,21.912,30.02,23.254,4.824,7.453,6.097
54506,0.797,37.292,21.925,29.982,23.237,4.661,7.371,6.056
54507,0.784,37.435,21.964,30.029,23.247,4.782,7.411,6.097
54508,0.78,37.523,21.945,30.03,23.24,4.783,7.33,6.056
54509,0.771,37.14,21.941,30.011,23.244,4.742,7.289,5.975
54510,0.764,37.242,21.945,30.011,23.244,4.661,7.288,6.055
54511,0.777,37.396,21.956,30.049,23.261,4.904,7.451,6.219
54512,0.787,37.503,21.988,30.059,23.254,4.784,7.371,6.139
54513,0.771,37.255,21.968,30.04,23.251,4.783,7.37,6.138
54514,0.774,37.386,21.964,30.03,23.251,4.742,7.33,6.057
54515,0.793,37.512,21.925,30.04,23.247,4.823,7.37,6.137
54516,0.79,37.581,21.987,30.049,23.251,4.783,7.289,6.098
54517,0.78,37.179,21.957,30.011,23.237,4.661,7.166,5.975
54518,0.784,37.299,21.972,30.049,23.244,4.741,7.287,6.055
54519,0.793,37.435,21.984,30.03,23.244,4.783,7.166,6.097
54520,0.793,37.494,21.98,30.04,23.237,4.742,7.206,6.056
54521,0.8,37.236,21.972,30.03,23.244,4.701,7.125,5.934
54522,0.8,37.386,21.953,30.03,23.244,4.863,7.246,6.177
54523,0.81,37.512,21.999,30.078,23.261,4.824,7.288,6.139
54524,0.803,37.552,21.972,30.05,23.244,4.743,7.288,6.098
54525,0.8,37.111,21.91,30.068,23.247,4.823,7.288,6.097
54526,0.794,37.241,21.944,30.05,23.247,4.824,7.329,6.056
54527,0.793,37.367,21.956,30.068,23.254,4.783,7.37,6.178
54528,0.797,37.397,21.96,30.05,23.247,4.702,7.248,5.976
54529,0.777,37.235,21.925,30.03,23.24,4.742,7.288,6.015
54530,0.78,37.386,21.917,30.049,23.247,4.783,7.288,6.178
54531,0.787,37.493,21.948,30.04,23.251,4.783,7.329,6.057
54532,0.771,37.418,21.929,30.049,23.237,4.783,7.329,6.015
54533,0.767,37.187,21.941,30.059,23.244,4.742,7.289,6.056
54534,0.783,37.338,21.948,30.088,23.258,4.864,7.532,6.178
54535,0.787,37.464,21.941,30.078,23.254,4.824,7.412,6.017
54536,0.784,37.082,21.995,30.05,23.251,4.743,7.371,6.096
54537,0.777,37.155,21.98,30.068,23.251,4.864,7.411,6.097
54538,0.784,37.28,21.964,30.069,23.254,4.865,7.371,6.138
54539,0.797,37.387,21.964,30.078,23.258,4.824,7.37,6.057
54540,0.781,37.033,21.96,30.04,23.241,4.702,7.289,5.934
54541,0.78,37.173,21.937,30.049,23.251,4.782,7.369,6.055
54542,0.8,37.29,22.003,30.04,23.24,4.742,7.37,6.056
54543,0.784,37.368,21.972,30.049,23.244,4.742,7.248,5.975
54544,0.793,36.966,21.937,30.049,23.237,4.742,7.247,6.015
54545,0.784,37.115,21.909,30.059,23.247,4.823,7.328,6.178
54546,0.797,37.27,21.972,30.107,23.261,4.905,7.41,6.098
54547,0.79,37.32,21.941,30.059,23.241,4.784,7.371,6.097
54548,0.777,37.061,21.968,30.069,23.251,4.783,7.33,6.138
54549,0.777,37.193,21.929,30.069,23.251,4.824,7.289,6.098
54550,0.767,37.309,21.98,30.078,23.251,4.824,7.288,6.138
54551,0.774,37.368,21.961,30.059,23.237,4.743,7.166,5.935
54552,0.761,37.062,21.917,30.049,23.251,4.742,7.165,6.136
54553,0.777,37.231,21.968,30.078,23.258,4.742,7.165,6.057
54554,0.761,37.348,21.894,30.059,23.241,4.742,7.206,6.097
54555,0.767,37.368,21.917,30.049,23.244,4.701,7.125,5.975
54556,0.764,37.052,21.933,30.068,23.247,4.823,7.165,6.137
54557,0.79,37.212,21.972,30.107,23.254,4.905,7.287,6.179
54558,0.784,37.29,21.945,30.098,23.247,4.784,7.207,6.057
54559,0.78,37.607,21.941,30.069,23.251,4.824,7.206,6.137
54560,0.793,36.987,21.913,30.078,23.251,4.783,7.287,6.138
54561,0.803,37.125,21.987,30.088,23.247,4.905,7.288,6.138
54562,0.797,37.193,21.992,30.059,23.237,4.662,7.085,5.976
54563,0.781,37.022,21.961,30.088,23.251,4.741,7.164,6.055
54564,0.8,37.068,21.972,30.078,23.244,4.701,7.124,6.056
54565,0.774,37.183,21.957,30.088,23.24,4.742,7.124,6.056
54566,0.774,37.271,22.007,30.059,23.24,4.701,7.124,6.056
54567,0.767,36.898,21.973,30.078,23.251,4.863,7.287,6.219
54568,0.777,37.038,21.96,30.117,23.261,4.824,7.247,6.139
54569,0.764,37.135,21.902,30.088,23.247,4.783,7.166,6.098
54570,0.764,37.213,21.968,30.078,23.247,4.783,7.206,6.056
54571,0.761,37.003,21.96,30.098,23.251,4.824,7.206,6.137
54572,0.757,37.135,21.91,30.107,23.247,4.783,7.165,6.098
54573,0.754,37.261,21.964,30.079,23.244,4.702,7.084,5.975
54574,0.751,37.31,21.878,30.088,23.244,4.782,7.083,6.137
54575,0.774,36.869,21.94,30.088,23.244,4.702,7.083,6.057
54576,0.771,37.009,21.952,30.078,23.244,4.782,7.083,6.056
54577,0.77,37.135,21.992,30.078,23.244,4.661,7.042,6.056
54578,0.777,37.184,21.976,30.107,23.247,4.822,7.164,6.259
54579,0.79,37.002,21.953,30.136,23.265,4.865,7.206,6.221
54580,0.777,37.106,21.933,30.098,23.248,4.784,7.043,6.139
54581,0.78,37.232,21.948,30.098,23.244,4.783,7.123,6.179
54582,0.79,37.252,21.984,30.107,23.251,4.824,7.083,6.098
54583,0.78,36.85,21.945,30.117,23.251,4.824,7.083,6.138
54584,0.79,36.989,21.952,30.127,23.244,4.743,6.961,6.016
54585,0.78,37.058,21.929,30.079,23.24,4.661,7.041,5.974
54586,0.787,37.116,21.98,30.107,23.244,4.741,7.001,6.055
54587,0.777,36.915,21.964,30.107,23.247,4.742,7.001,5.975
54588,0.764,37.047,21.968,30.069,23.251,4.701,7.001,6.015
54589,0.754,37.164,21.945,30.088,23.247,4.782,7.041,6.096
54590,0.764,37.05,22.003,30.136,23.261,4.946,7.164,6.219
54591,0.774,36.953,21.98,30.117,23.241,4.825,6.962,5.976
54592,0.761,37.048,21.918,30.107,23.254,4.783,6.96,6.015
54593,0.757,37.135,21.96,30.117,23.247,4.783,7.0,6.137
54594,0.757,36.877,21.898,30.117,23.251,4.824,7.041,6.138
54595,0.761,36.961,21.932,30.117,23.251,4.783,7.001,6.016
54596,0.757,37.048,21.925,30.088,23.237,4.661,6.96,5.974
54597,0.761,37.174,21.976,30.107,23.244,4.822,7.0,6.055
54598,0.774,36.782,21.953,30.117,23.244,4.783,6.919,6.056
54599,0.771,36.912,21.921,30.117,23.244,4.783,6.919,6.056
54600,0.767,37.019,21.905,30.107,23.251,4.702,6.878,6.056
54601,0.78,37.135,21.936,30.146,23.254,4.904,7.081,6.219
54602,0.793,36.877,22.003,30.137,23.251,4.784,7.002,6.058
54603,0.774,36.98,21.926,30.127,23.251,4.783,6.919,6.056
54604,0.784,37.096,21.94,30.127,23.251,4.824,6.919,6.097
54605,0.774,37.155,21.98,30.146,23.247,4.824,6.919,6.178
54606,0.774,36.829,21.972,30.127,23.254,4.824,6.959,6.057
54607,0.764,36.951,21.937,30.108,23.237,4.58,6.797,5.975
54608,0.757,37.067,21.964,30.107,23.244,4.822,6.917,6.055
54609,0.754,37.116,21.941,30.117,23.251,4.743,6.837,5.975
54610,0.751,36.887,21.984,30.107,23.24,4.742,6.755,5.974
54611,0.748,37.009,21.929,30.117,23.24,4.742,6.795,5.974
54612,0.744,37.144,21.952,30.146,23.254,4.864,6.958,6.137
54613,0.757,37.194,21.984,30.165,23.258,4.865,6.797,6.138
54614,0.741,36.906,21.937,30.137,23.251,4.824,6.917,6.138
54615,0.744,37.009,21.925,30.146,23.244,4.743,6.837,6.138
54616,0.76,37.125,21.933,30.137,23.244,4.783,6.877,6.138
54617,0.761,37.27,21.999,30.156,23.251,4.824,6.837,6.057
54618,0.77,36.869,21.93,30.127,23.24,4.702,6.714,5.934
54619,0.761,36.97,21.948,30.136,23.247,4.701,6.835,6.136
54620,0.77,37.096,21.902,30.146,23.247,4.782,6.714,6.016
54621,0.777,36.752,21.921,30.127,23.244,4.702,6.754,6.056
54622,0.78,36.768,21.999,30.127,23.237,4.66,6.795,6.056
54623,0.777,36.902,21.898,30.136,23.251,4.782,6.958,6.097
54624,0.793,37.047,21.944,30.165,23.258,4.864,6.96,6.138
54625,0.767,36.79,21.941,30.137,23.244,4.743,6.878,6.098
54626,0.77,36.912,21.987,30.146,23.251,4.823,6.877,6.138
54627,0.761,37.047,21.968,30.137,23.254,4.865,6.959,6.138
54628,0.754,37.116,21.941,30.146,23.251,4.824,6.96,6.138
54629,0.757,36.791,21.956,30.127,23.251,4.743,6.878,5.935
54630,0.741,36.883,21.956,30.117,23.24,4.742,6.918,6.055
54631,0.744,37.038,21.964,30.146,23.251,4.864,6.837,6.056
54632,0.734,37.106,21.953,30.137,23.237,4.824,6.877,6.015
54633,0.741,36.791,21.992,30.136,23.24,4.743,6.837,5.974
54634,0.738,36.931,21.929,30.156,23.244,4.742,6.918,6.055
54635,0.754,37.076,21.917,30.185,23.261,4.864,7.041,6.178
54636,0.757,37.145,21.909,30.166,23.251,4.743,6.92,6.098
54637,0.754,36.762,21.948,30.146,23.251,4.783,6.919,6.056
54638,0.761,36.902,21.945,30.165,23.247,4.742,6.919,6.137
54639,0.767,37.028,21.937,30.175,23.247,4.783,7.041,6.138
54640,0.774,37.068,21.898,30.146,23.244,4.824,6.96,6.057
54641,0.751,36.828,21.909,30.127,23.237,4.743,6.878,6.056
54642,0.767,36.96,21.975,30.156,23.251,4.701,6.959,6.056
54643,0.764,37.077,21.914,30.156,23.251,4.782,6.96,6.056
54644,0.757,37.087,21.944,30.146,23.24,4.702,6.96,5.975
54645,0.748,36.8,21.921,30.127,23.244,4.701,7.0,6.055
54646,0.764,36.941,22.003,30.184,23.251,4.904,7.163,6.219
54647,0.774,37.057,21.976,30.175,23.247,4.744,7.043,6.058
54648,0.754,36.838,21.964,30.146,23.247,4.823,7.042,6.137
54649,0.754,36.826,21.96,30.156,23.251,4.783,7.042,6.138
54650,0.754,36.96,21.964,30.165,23.247,4.783,7.082,6.057
54651,0.774,37.058,21.968,30.165,23.247,4.742,7.002,6.015
54652,0.722,36.675,21.933,30.156,23.233,4.742,7.041,6.056
54653,0.737,36.805,21.968,30.175,23.24,4.742,7.042,6.097
54654,0.738,36.922,21.953,30.223,23.24,4.783,6.96,6.016
54655,0.741,37.0,21.941,30.166,23.24,4.702,6.96,5.974
54656,0.741,36.77,21.972,30.146,23.24,4.742,7.041,6.055
54657,0.751,36.931,21.957,30.213,23.254,4.945,7.204,6.097
54658,0.751,37.048,21.933,30.166,23.254,4.744,7.043,6.016
54659,0.748,37.106,21.937,30.165,23.254,4.823,7.001,6.056
54660,0.757,36.599,21.898,30.175,23.251,4.824,7.082,6.097
54661,0.761,36.737,21.917,30.204,23.258,4.824,7.123,6.138
54662,0.77,36.854,21.944,30.166,23.244,4.702,6.961,5.935
54663,0.754,36.874,21.902,30.146,23.24,4.782,7.041,6.055
54664,0.754,36.769,21.925,30.165,23.244,4.702,7.001,6.056
54665,0.754,36.902,21.894,30.175,23.24,4.66,7.001,5.975
54666,0.751,36.999,21.952,30.146,23.24,4.66,6.919,5.974
54667,0.748,37.048,21.941,30.165,23.251,4.904,7.0,6.177
54668,0.754,36.79,21.984,30.204,23.261,4.865,7.041,6.179
54669,0.751,36.931,21.964,30.175,23.241,4.743,6.96,6.057
54670,0.741,37.019,21.976,30.185,23.244,4.783,6.919,6.056
54671,0.741,37.049,21.968,30.194,23.251,4.864,7.0,6.056
54672,0.747,36.847,21.929,30.185,23.251,4.784,7.001,6.056
54673,0.734,36.951,21.964,30.175,23.244,4.661,6.919,5.975
54674,0.728,37.029,21.886,30.166,23.24,4.741,7.0,6.055
54675,0.738,36.953,21.913,30.194,23.244,4.742,7.041,6.015
54676,0.728,36.731,21.952,30.175,23.244,4.661,6.96,5.974
54677,0.741,36.825,21.968,30.185,23.244,4.66,7.0,6.015
54678,0.738,36.951,21.984,30.194,23.244,4.741,7.204,6.137
54679,0.751,36.703,21.976,30.223,23.254,4.945,7.328,6.138
54680,0.757,36.767,21.894,30.204,23.247,4.785,7.289,5.976
54681,0.757,36.893,21.925,30.195,23.254,4.783,7.207,6.096
54682,0.764,36.971,21.956,30.195,23.247,4.824,7.328,6.016
54683,0.767,36.626,21.913,30.204,23.247,4.824,7.329,6.096
54684,0.764,36.776,21.925,30.204,23.247,4.743,7.207,5.894
54685,0.761,36.864,21.901,30.166,23.23,4.661,7.247,5.973
54686,0.754,36.961,21.964,30.204,23.247,4.741,7.328,5.933
54687,0.754,36.674,21.921,30.204,23.24,4.701,7.289,5.974
54688,0.741,36.815,21.937,30.185,23.24,4.701,7.288,6.015
54689,0.728,36.931,21.944,30.185,23.24,4.701,7.288,5.974
54690,0.728,37.019,21.976,30.223,23.254,4.863,7.369,6.096
54691,0.744,36.627,21.957,30.224,23.247,4.784,7.33,6.056
54692,0.715,36.757,21.953,30.195,23.251,4.824,7.329,6.056
54693,0.724,36.845,21.988,30.214,23.251,4.743,7.329,6.097
54694,0.728,36.932,21.961,30.214,23.251,4.823,7.329,6.138
54695,0.738,36.693,21.921,30.223,23.251,4.824,7.329,5.976
54696,0.741,36.806,21.933,30.204,23.237,4.702,7.207,5.933
54697,0.741,36.912,21.948,30.223,23.247,4.742,7.369,6.014
54698,0.747,36.961,21.964,30.214,23.247,4.783,7.248,6.056
54699,0.754,36.636,21.945,30.204,23.24,4.742,7.206,5.975
54700,0.761,36.728,21.948,30.185,23.237,4.62,7.287,6.015
54701,0.751,36.844,21.917,30.214,23.244,4.822,7.329,6.096
54702,0.764,37.267,21.956,30.233,23.261,4.865,7.289,6.097
54703,0.757,36.706,21.921,30.204,23.251,4.743,7.247,6.056
54704,0.77,36.834,21.913,30.214,23.251,4.783,7.247,5.975
54705,0.757,36.941,21.913,30.223,23.247,4.783,7.288,6.055
54706,0.767,36.722,21.968,30.243,23.251,4.824,7.207,6.056
54707,0.754,36.739,21.917,30.214,23.247,4.743,7.043,5.934
54708,0.722,36.825,21.925,30.185,23.237,4.661,7.123,6.014
54709,0.747,36.941,21.909,30.204,23.244,4.7,7.124,6.015
54710,0.741,37.316,21.964,30.214,23.244,4.66,7.083,5.974
54711,0.741,37.473,21.956,30.204,23.247,4.619,7.002,5.933
54712,0.728,37.571,21.937,30.204,23.24,4.7,7.163,6.055
54713,0.734,37.697,21.976,30.252,23.254,4.904,7.246,6.219
54714,0.738,36.221,21.949,30.253,23.247,4.784,7.125,6.058
54715,0.731,36.34,21.933,30.233,23.247,4.824,7.124,6.097
54716,0.734,36.466,21.917,30.233,23.258,4.783,7.083,6.097
54717,0.741,36.544,21.94,30.233,23.251,4.824,7.123,6.138
54718,0.747,36.651,21.941,30.252,23.254,4.743,7.124,6.057
54719,0.747,36.748,21.913,30.205,23.237,4.579,7.043,5.975
54720,0.741,36.883,21.901,30.223,23.24,4.7,7.164,6.096
54721,0.754,36.942,21.901,30.233,23.251,4.701,7.002,6.097
54722,0.757,36.434,21.96,30.214,23.247,4.66,7.001,6.097
54723,0.754,36.563,21.874,30.223,23.24,4.7,7.041,6.056
54724,0.757,36.689,21.936,30.224,23.244,4.742,7.123,6.178
54725,0.764,36.777,21.968,30.252,23.261,4.905,7.165,6.22
54726,0.761,36.595,21.976,30.243,23.251,4.703,7.124,6.139
54727,0.764,36.728,21.937,30.252,23.247,4.742,7.124,6.138
54728,0.754,36.835,21.929,30.243,23.251,4.742,7.083,6.26
54729,0.725,36.865,21.948,30.252,23.258,4.864,7.083,6.262
54730,0.734,36.539,21.886,30.243,23.247,4.702,6.961,6.058
54731,0.741,36.622,21.913,30.214,23.24,4.66,6.96,6.219
54732,0.734,36.757,21.936,30.252,23.247,4.741,7.041,6.22
54733,0.738,36.634,21.929,30.224,23.247,4.701,7.042,6.139
54734,0.734,36.575,21.948,30.224,23.24,4.742,6.96,6.057
54735,0.738,36.699,21.933,30.243,23.247,4.783,7.041,6.259
54736,0.754,36.815,22.007,30.262,23.251,4.905,7.204,6.343
54737,0.761,36.433,21.926,30.253,23.247,4.744,7.003,6.181
54738,0.764,36.496,21.948,30.253,23.24,4.823,7.001,6.22
54739,0.754,36.65,21.945,30.262,23.247,4.743,7.041,6.22
54740,0.757,36.748,21.913,30.262,23.247,4.823,7.042,6.261
54741,0.761,36.394,21.944,30.262,23.247,4.743,6.96,6.139
54742,0.748,36.496,21.948,30.214,23.237,4.701,6.878,6.138
54743,0.757,36.641,21.929,30.252,23.247,4.701,6.959,6.098
54744,0.757,36.748,21.909,30.243,23.244,4.701,6.96,6.056
54745,0.761,36.403,21.936,30.252,23.237,4.62,6.96,6.097
54746,0.744,36.515,21.98,30.243,23.237,4.7,6.919,6.138
54747,0.738,36.65,21.964,30.272,23.254,4.863,7.163,6.301
54748,0.751,36.767,21.98,30.282,23.251,4.824,7.002,6.14
54749,0.741,36.432,21.925,30.272,23.251,4.824,7.001,6.219
54750,0.734,36.563,21.956,30.262,23.247,4.783,7.082,6.22
54751,0.747,36.708,21.941,30.272,23.251,4.824,7.123,6.18
54752,0.741,36.748,21.937,30.282,23.244,4.783,7.002,6.22
54753,0.725,36.346,21.933,30.234,23.237,4.661,6.96,6.139
54754,0.731,36.524,21.925,30.262,23.247,4.7,7.082,6.179
54755,0.734,36.622,21.878,30.262,23.244,4.782,7.002,6.098
54756,0.744,36.642,21.944,30.243,23.24,4.661,7.001,6.138
54757,0.751,36.469,21.913,30.243,23.244,4.7,7.001,6.138
54758,0.757,36.612,21.952,30.272,23.254,4.863,7.123,6.341
54759,0.767,36.766,21.995,30.301,23.251,4.824,7.043,6.181
54760,0.767,36.768,21.945,30.272,23.251,4.783,7.082,6.22
54761,0.761,36.384,21.945,30.301,23.258,4.742,7.083,6.18
54762,0.764,36.515,21.98,30.282,23.247,4.783,7.042,6.22
54763,0.777,36.631,21.945,30.291,23.251,4.824,7.042,6.261
54764,0.767,36.383,21.909,30.263,23.233,4.661,6.96,6.058
54765,0.754,36.448,21.909,30.281,23.24,4.7,7.0,6.137
54766,0.761,36.592,21.952,30.272,23.247,4.742,7.001,6.138
54767,0.751,36.68,21.952,30.282,23.237,4.742,6.96,6.179
54768,0.748,36.307,21.929,30.272,23.24,4.701,6.96,6.139
54769,0.747,36.437,21.917,30.282,23.251,4.742,7.041,6.219
54770,0.738,36.611,21.96,30.32,23.261,4.945,7.123,6.302
54771,0.741,36.671,21.941,30.282,23.244,4.703,6.961,6.18
54772,0.728,36.278,21.948,30.291,23.247,4.701,7.0,6.179
54773,0.731,36.418,21.933,30.291,23.244,4.701,7.041,6.179
54774,0.725,36.553,21.925,30.301,23.251,4.742,7.042,6.22
54775,0.734,36.622,21.909,30.301,23.251,4.783,6.96,6.139
54776,0.731,36.45,21.925,30.263,23.237,4.661,6.919,6.138
54777,0.738,36.592,21.933,30.301,23.24,4.7,7.0,6.138
54778,0.751,36.699,21.933,30.291,23.247,4.742,6.96,6.138
54779,0.744,36.767,21.944,30.282,23.237,4.661,6.878,6.057
54780,0.751,36.269,21.96,30.339,23.24,4.66,6.877,6.097
54781,0.761,36.437,21.91,30.311,23.251,4.822,7.0,6.26
54782,0.761,36.563,21.999,30.339,23.251,4.824,6.919,6.139
54783,0.741,36.574,21.949,30.311,23.244,4.783,7.0,6.138
54784,0.76,36.277,21.929,30.291,23.251,4.783,7.001,6.138
54785,0.748,36.427,21.968,30.32,23.254,4.783,6.96,6.098
54786,0.754,36.534,21.972,30.32,23.247,4.783,7.041,6.138
54787,0.741,36.564,21.957,30.282,23.24,4.661,6.757,6.057
54788,0.725,36.286,21.925,30.291,23.247,4.741,6.836,6.015
54789,0.741,36.437,21.952,30.31,23.244,4.701,6.958,6.056
54790,0.728,36.535,21.956,30.301,23.237,4.782,6.878,6.097
54791,0.731,36.353,21.925,30.282,23.244,4.661,6.918,6.056
54792,0.718,36.351,21.909,30.291,23.247,4.822,7.0,6.178
54793,0.731,36.495,21.913,30.33,23.244,4.865,7.082,6.261
54794,0.731,36.593,21.952,30.33,23.251,4.784,6.961,6.18
54795,0.741,36.172,21.902,30.33,23.251,4.742,6.96,6.139
54796,0.738,36.263,21.944,30.311,23.247,4.742,7.0,6.138
54797,0.751,36.399,21.98,30.33,23.254,4.823,7.041,6.219
54798,0.744,36.486,21.937,30.34,23.251,4.743,7.001,6.22
54799,0.741,36.18,21.921,30.292,23.233,4.62,6.919,6.098
54800,0.741,36.321,21.835,30.32,23.244,4.741,6.959,6.178
54801,0.757,36.447,21.924,30.32,23.244,4.701,6.96,6.139
54802,0.757,36.515,21.956,30.301,23.24,4.701,6.96,6.098
54803,0.741,36.104,21.929,30.301,23.244,4.701,7.0,6.016
54804,0.76,36.253,21.933,30.33,23.251,4.863,7.082,6.259
54805,0.757,36.418,21.96,30.359,23.258,4.824,7.123,6.139
54806,0.754,36.448,21.984,30.34,23.251,4.824,7.083,6.138
54807,0.751,36.218,21.937,30.34,23.247,4.743,7.042,6.219
54808,0.748,36.35,21.909,30.34,23.251,4.742,7.082,6.22
54809,0.738,36.505,21.94,30.359,23.254,4.783,7.083,6.139
54810,0.721,36.516,21.937,30.321,23.24,4.661,6.92,5.976
54811,0.731,36.142,21.929,30.311,23.244,4.7,7.0,6.137
54812,0.725,36.292,21.909,30.339,23.24,4.742,7.001,6.098
54813,0.731,36.389,21.948,30.349,23.24,4.742,7.001,6.097
54814,0.738,36.429,21.925,30.321,23.24,4.701,6.919,6.056
54815,0.744,36.199,21.909,30.349,23.237,4.742,6.959,6.137
54816,0.764,36.36,21.948,30.378,23.258,4.864,7.122,6.26
54817,0.764,36.467,21.956,30.35,23.247,4.784,7.043,6.18
54818,0.748,36.372,21.96,30.359,23.251,4.742,7.042,6.139
54819,0.764,36.208,21.933,30.359,23.247,4.783,7.042,6.219
54820,0.764,36.331,21.909,30.397,23.254,4.824,7.001,6.139
54821,0.78,36.447,21.893,30.359,23.251,4.783,6.96,6.057
54822,0.774,36.036,21.936,30.321,23.237,4.661,6.838,6.056
54823,0.78,36.176,21.933,30.378,23.251,4.782,6.958,6.137
54824,0.797,36.311,21.902,30.34,23.24,4.742,7.0,6.057
54825,0.784,36.399,21.936,30.34,23.237,4.661,6.96,6.097
54826,0.777,36.362,21.968,30.34,23.24,4.66,6.96,6.016
54827,0.787,36.534,21.941,30.388,23.258,4.822,7.122,6.259
54828,0.793,36.689,21.972,30.388,23.251,4.783,7.002,6.099
54829,0.787,36.748,21.941,30.369,23.247,4.783,7.041,6.138
54830,0.787,35.905,21.941,30.369,23.254,4.661,7.042,6.179
54831,0.793,36.069,21.925,30.378,23.244,4.782,7.042,6.179
54832,0.793,36.186,21.96,30.378,23.251,4.702,7.042,6.179
54833,0.793,36.235,21.933,30.331,23.24,4.66,6.92,6.017
54834,0.787,36.149,21.933,30.359,23.244,4.741,7.0,6.137
54835,0.813,36.321,21.933,30.349,23.244,4.701,7.041,6.098
54836,0.82,36.447,21.941,30.359,23.237,4.742,6.96,6.097
54837,0.823,36.467,21.937,30.349,23.244,4.742,7.082,6.138
54838,0.826,36.007,21.933,30.378,23.244,4.742,7.083,6.219
54839,0.83,36.185,21.952,30.426,23.258,4.864,7.164,6.302
54840,0.846,36.292,21.945,30.436,23.241,4.784,7.084,6.18
54841,0.827,36.322,21.898,30.379,23.247,4.783,7.042,6.139
54842,0.83,36.188,21.96,30.388,23.247,4.742,7.082,6.138
54843,0.839,36.34,21.953,30.436,23.254,4.783,7.123,6.26
54844,0.836,36.438,21.913,30.389,23.251,4.742,7.043,6.099
54845,0.826,36.717,21.925,30.369,23.233,4.701,6.96,6.138
54846,0.82,36.029,21.952,30.397,23.251,4.742,7.0,6.219
54847,0.83,36.185,21.933,30.379,23.244,4.742,7.001,6.18
54848,0.833,36.283,21.905,30.369,23.24,4.661,7.001,6.139
54849,0.823,35.938,21.932,30.369,23.237,4.741,7.001,6.138
54850,0.839,35.983,21.956,30.417,23.258,4.905,7.204,6.301
54851,0.849,36.156,21.945,30.398,23.251,4.744,7.125,6.221
54852,0.853,36.234,21.948,30.398,23.247,4.783,7.083,6.22
54853,0.82,35.996,21.929,30.398,23.247,4.783,7.164,6.261
54854,0.833,36.127,21.929,30.417,23.251,4.864,7.206,6.221
54855,0.843,36.244,21.901,30.398,23.247,4.702,7.125,6.139
54856,0.839,36.283,21.925,30.379,23.237,4.66,7.165,6.179
54857,0.846,35.967,21.956,30.378,23.247,4.7,7.206,6.098
54858,0.84,36.117,21.941,30.417,23.24,4.782,7.165,6.138
54859,0.865,36.244,21.902,30.388,23.24,4.702,7.206,6.138
54860,0.866,36.293,21.921,30.455,23.244,4.782,7.247,6.219
54861,0.879,35.967,21.909,30.437,23.258,4.946,7.41,6.342
54862,0.889,36.108,21.948,30.398,23.247,4.744,7.289,6.14
54863,0.885,36.244,21.906,30.436,23.254,4.783,7.288,6.138
54864,0.876,36.283,21.905,30.398,23.247,4.742,7.288,6.138
54865,0.866,36.006,21.94,30.427,23.251,4.905,7.329,6.26
54866,0.859,36.147,21.937,30.417,23.244,4.744,7.289,6.139
54867,0.849,36.215,21.917,30.379,23.233,4.701,7.288,6.179
54868,0.843,36.283,21.886,30.407,23.251,4.742,7.288,6.179
54869,0.839,36.025,21.924,30.427,23.247,4.864,7.288,6.139
54870,0.839,36.166,21.96,30.408,23.247,4.743,7.207,6.219
54871,0.839,36.283,21.937,30.398,23.244,4.742,7.247,6.18
54872,0.836,36.303,21.952,30.436,23.258,4.864,7.45,6.342
54873,0.846,35.967,21.941,30.446,23.251,4.784,7.29,6.262
54874,0.83,36.089,21.972,30.475,23.244,4.783,7.288,6.262
54875,0.843,36.186,21.918,30.437,23.251,4.783,7.369,6.302
54876,0.826,36.11,21.917,30.427,23.251,4.742,7.37,6.262
54877,0.813,36.071,21.96,30.446,23.254,4.742,7.289,6.302
54878,0.816,36.195,21.898,30.408,23.237,4.701,7.166,6.18
54879,0.803,36.273,21.893,30.407,23.247,4.742,7.287,6.301
54880,0.807,35.91,21.878,30.436,23.247,4.701,7.247,6.302
54881,0.807,36.002,21.913,30.427,23.244,4.701,7.166,6.262
54882,0.803,36.127,21.975,30.408,23.24,4.66,7.165,6.18
54883,0.79,36.205,21.859,30.436,23.24,4.782,7.246,6.342
54884,0.8,35.88,21.944,30.465,23.261,4.864,7.369,6.384
54885,0.781,36.011,21.929,30.456,23.251,4.824,7.167,6.263
54886,0.771,36.108,21.941,30.427,23.247,4.783,7.206,6.262
54887,0.767,36.215,21.894,30.436,23.247,4.783,7.165,6.384
54888,0.767,35.775,21.866,30.446,23.251,4.864,7.165,6.344
54889,0.757,35.914,21.893,30.437,23.24,4.743,7.124,6.221
54890,0.741,36.011,21.819,30.417,23.237,4.701,7.043,6.22
54891,0.738,36.099,21.881,30.446,23.251,4.782,7.042,6.261
54892,0.741,35.879,21.96,30.446,23.247,4.783,7.082,6.18
54893,0.725,36.011,21.898,30.446,23.237,4.702,7.042,6.179
54894,0.715,36.147,21.921,30.456,23.237,4.742,7.001,6.261
54895,0.731,36.206,21.94,30.465,23.254,4.905,7.163,6.384
54896,0.734,35.899,21.956,30.466,23.247,4.784,7.002,6.181
54897,0.725,36.002,21.96,30.456,23.247,4.864,7.041,6.22
54898,0.731,36.118,21.925,30.465,23.251,4.865,7.082,6.302
54899,0.721,36.157,21.944,30.456,23.254,4.865,7.042,6.343
54900,0.737,35.928,21.898,30.465,23.251,4.743,7.042,6.343
54901,0.728,36.069,21.901,30.437,23.237,4.62,6.798,6.1
54902,0.708,36.157,21.936,30.446,23.244,4.741,6.999,6.178
54903,0.724,36.206,21.878,30.437,23.244,4.701,6.919,6.22
54904,0.728,35.928,21.893,30.446,23.244,4.62,6.959,6.098
54905,0.715,36.031,21.897,30.437,23.244,4.741,6.878,6.138
54906,0.715,36.137,21.971,30.475,23.254,4.864,7.04,6.382
54907,0.711,36.675,21.953,30.485,23.258,4.906,7.042,6.303
54908,0.695,36.825,21.929,30.447,23.247,4.825,7.042,6.221
54909,0.685,36.96,21.933,30.465,23.251,4.865,7.001,6.18
54910,0.679,37.029,21.874,30.466,23.254,4.784,6.919,6.261
54911,0.685,35.371,21.878,30.466,23.251,4.905,6.959,6.262
54912,0.675,35.459,21.96,30.466,23.244,4.784,6.878,6.139
54913,0.672,35.566,21.871,30.437,23.24,4.702,6.837,6.219
54914,0.682,35.692,21.874,30.494,23.244,4.782,6.877,6.22
54915,0.688,36.038,21.885,30.456,23.247,4.783,6.877,6.139
54916,0.695,36.137,21.936,30.456,23.24,4.742,6.837,6.219
54917,0.695,36.263,21.917,30.446,23.237,4.742,6.796,6.18
54918,0.698,36.351,21.921,30.475,23.251,4.864,6.958,6.342
54919,0.711,35.651,21.96,30.504,23.254,4.824,6.838,6.221
54920,0.708,35.769,21.941,30.495,23.247,4.783,6.837,6.302
54921,0.721,35.885,21.913,30.485,23.247,4.824,6.796,6.262
54922,0.724,35.963,21.96,30.494,23.251,4.824,6.917,6.262
54923,0.715,35.801,21.925,30.495,23.251,4.824,6.796,6.221
54924,0.715,35.953,21.909,30.475,23.24,4.743,6.755,6.098
54925,0.711,36.06,21.944,30.466,23.237,4.783,6.836,6.178
54926,0.715,36.09,21.945,30.475,23.24,4.824,6.796,6.179
54927,0.695,35.841,21.925,30.485,23.247,4.743,6.795,6.179
54928,0.692,35.963,21.894,30.485,23.244,4.742,6.673,6.098
54929,0.698,36.108,21.913,30.466,23.247,4.864,6.794,6.138
54930,0.705,36.167,21.925,30.513,23.261,4.946,6.877,6.341
54931,0.711,35.822,21.882,30.495,23.251,4.825,6.796,6.14
54932,0.689,35.953,21.924,30.495,23.247,4.783,6.877,6.26
54933,0.685,36.021,21.882,30.495,23.247,4.783,6.877,6.221
54934,0.679,35.869,21.94,30.485,23.251,4.824,6.877,6.261
54935,0.695,35.886,21.909,30.504,23.244,4.783,6.877,6.099
54936,0.701,35.973,21.964,30.456,23.237,4.702,6.715,6.097
54937,0.698,36.079,21.933,30.485,23.244,4.782,6.794,6.219
54938,0.692,35.725,21.921,30.475,23.244,4.742,6.877,6.18
54939,0.708,35.799,21.929,30.485,23.24,4.783,6.918,6.098
54940,0.698,35.972,21.901,30.466,23.24,4.702,6.919,6.138
54941,0.711,36.06,21.909,30.513,23.251,4.904,7.122,6.301
54942,0.737,35.658,21.972,30.514,23.254,4.825,7.083,6.18
54943,0.718,35.779,21.929,30.495,23.244,4.824,7.002,6.179
54944,0.728,35.885,21.909,30.495,23.247,4.865,7.041,6.179
54945,0.721,35.973,21.929,30.495,23.251,4.784,7.082,6.179
54946,0.718,35.772,21.952,30.514,23.244,4.783,7.083,6.179
54947,0.718,35.914,21.925,30.495,23.237,4.702,6.961,6.057
54948,0.695,35.992,21.909,30.475,23.244,4.742,7.082,6.178
54949,0.701,36.079,21.897,30.504,23.247,4.823,7.123,6.139
54950,0.701,35.735,21.893,30.495,23.244,4.743,7.083,6.138
54951,0.688,35.856,21.893,30.485,23.24,4.742,7.123,6.057
54952,0.685,35.973,21.932,30.514,23.247,4.823,7.205,6.259
54953,0.705,36.06,21.898,30.533,23.258,4.905,7.247,6.18
54954,0.698,35.677,21.921,30.505,23.241,4.865,7.166,6.179
54955,0.695,35.808,21.901,30.514,23.251,4.784,7.165,6.098
54956,0.701,35.915,21.956,30.514,23.244,4.864,7.287,6.219
54957,0.718,35.954,21.917,30.514,23.247,4.865,7.166,6.261
54958,0.721,35.782,21.886,30.495,23.24,4.743,7.084,6.017
54959,0.711,35.895,21.893,30.495,23.244,4.742,7.245,6.137
54960,0.721,36.04,21.897,30.514,23.244,4.783,7.288,6.057
54961,0.715,35.888,21.925,30.485,23.24,4.783,7.207,6.097
54962,0.734,35.695,21.956,30.475,23.237,4.702,7.165,6.016
54963,0.734,35.837,21.937,30.494,23.251,4.742,7.328,6.137
54964,0.754,35.972,21.952,30.533,23.261,4.945,7.41,6.138
54965,0.731,35.686,21.96,30.514,23.247,4.785,7.33,6.098
54966,0.715,35.779,21.956,30.543,23.251,4.824,7.329,6.138
54967,0.708,35.933,21.902,30.533,23.251,4.783,7.37,6.098
54968,0.702,36.002,21.858,30.543,23.254,4.824,7.33,6.178
54969,0.708,35.514,21.893,30.505,23.244,4.702,7.289,5.976
54970,0.705,35.605,21.854,30.495,23.244,4.742,7.288,6.096
54971,0.721,35.788,21.905,30.533,23.244,4.742,7.329,6.097
54972,0.757,35.847,21.94,30.543,23.244,4.783,7.289,6.097
54973,0.77,35.675,21.882,30.524,23.24,4.702,7.288,6.016
54974,0.79,35.817,21.928,30.504,23.233,4.742,7.329,6.096
54975,0.826,35.972,21.948,30.552,23.258,4.905,7.451,6.3
54976,0.865,36.041,21.988,30.553,23.247,4.744,7.33,6.14
54977,0.876,35.552,21.898,30.533,23.247,4.823,7.329,6.098
54978,0.908,35.701,21.893,30.533,23.251,4.743,7.329,6.138
54979,0.931,35.818,21.925,30.552,23.251,4.783,7.329,6.219
54980,0.951,35.886,21.886,30.533,23.251,4.783,7.289,6.18
54981,0.967,35.685,21.901,30.495,23.237,4.62,7.247,6.098
54982,0.981,35.798,21.948,30.533,23.244,4.781,7.288,6.178
54983,1.017,35.953,21.925,30.533,23.244,4.783,7.247,6.098
54984,1.027,35.974,21.929,30.533,23.24,4.661,7.206,6.138
54985,1.069,35.638,21.964,30.514,23.237,4.7,7.206,6.138
54986,1.125,35.769,21.992,30.524,23.251,4.823,7.287,6.219
54987,1.177,35.933,21.972,30.572,23.261,4.905,7.369,6.261
54988,1.23,36.184,21.929,30.534,23.244,4.744,7.248,6.221
54989,1.25,35.65,21.937,30.572,23.251,4.864,7.288,6.261
54990,1.276,35.779,21.902,30.534,23.247,4.784,7.329,6.221
54991,1.322,35.905,21.913,30.543,23.254,4.783,7.329,6.302
54992,1.339,35.589,21.948,30.553,23.247,4.783,7.289,6.18
54993,1.319,35.596,21.874,30.524,23.233,4.661,7.207,6.301
54994,1.332,35.759,21.87,30.543,23.251,4.782,7.287,6.302
54995,1.355,35.837,21.877,30.543,23.24,4.783,7.288,6.262
54996,1.368,35.55,21.944,30.514,23.244,4.742,7.247,6.302
54997,1.391,35.663,21.921,30.524,23.237,4.783,7.288,6.262
54998,1.395,35.817,21.913,30.552,23.258,4.824,7.451,6.505
54999,1.388,35.943,21.948,30.553,23.254,4.743,7.29,6.467
55000,1.352,35.628,21.917,30.543,23.247,4.783,7.329,6.467
55001,1.316,35.75,21.925,30.581,23.244,4.864,7.289,6.548
55002,1.29,35.904,21.976,30.572,23.254,4.824,7.369,6.59
55003,1.238,35.963,21.921,30.572,23.251,4.824,7.289,6.631
55004,1.191,35.523,21.886,30.524,23.237,4.743,7.166,6.55
55005,1.132,35.662,21.924,30.533,23.247,4.783,7.287,6.834
55006,1.103,35.779,21.925,30.552,23.247,4.742,7.288,6.958
55007,1.027,35.857,21.937,30.543,23.244,4.742,7.166,7.041
55008,0.968,35.599,21.894,30.524,23.244,4.701,7.124,7.204
55009,0.886,35.749,21.932,30.533,23.247,4.823,7.287,7.653
55010,0.807,35.895,21.874,30.591,23.254,4.905,7.329,7.942
55011,0.722,35.935,21.924,30.572,23.247,4.784,7.248,8.108
55012,0.63,35.619,21.98,30.572,23.251,4.742,7.288,8.435
55013,0.558,35.769,21.851,30.572,23.247,4.783,7.288,8.641
55014,0.518,35.885,21.916,30.591,23.258,4.742,7.288,8.847
55015,0.482,35.896,21.897,30.563,23.244,4.742,7.207,9.011
55016,0.462,35.513,21.948,30.543,23.237,4.661,7.125,9.135
55017,0.458,35.672,21.945,30.553,23.251,4.7,7.165,9.258
55018,0.458,35.779,21.882,30.553,23.244,4.701,7.084,9.341
55019,0.488,35.627,21.878,30.553,23.24,4.742,7.042,9.504
55020,0.524,35.587,21.866,30.553,23.244,4.783,7.082,9.668
55021,0.573,35.768,21.897,30.591,23.258,4.946,7.286,9.914
55022,0.619,35.837,21.921,30.572,23.244,4.744,7.085,9.835
55023,0.629,35.455,21.909,30.572,23.247,4.823,7.083,10.078
55024,0.655,35.556,21.893,30.572,23.254,4.824,7.083,10.406
55025,0.672,35.682,21.917,30.572,23.251,4.824,7.123,10.734
55026,0.701,35.798,21.944,30.572,23.247,4.824,6.961,10.9
55027,0.727,35.512,21.952,30.543,23.233,4.702,7.0,11.309
55028,0.747,35.701,21.917,30.562,23.247,4.823,7.082,11.516
55029,0.764,35.808,21.948,30.572,23.24,4.824,6.961,11.884
55030,0.761,35.886,21.851,30.572,23.244,4.824,6.96,12.091
55031,0.764,35.388,21.905,30.562,23.24,4.824,6.96,12.337
55032,0.764,35.546,21.971,30.591,23.254,4.905,7.122,12.827
55033,0.777,35.72,21.898,30.591,23.251,4.865,7.043,12.832
55034,0.764,35.751,21.917,30.582,23.247,4.906,6.96,12.914
55035,0.767,35.492,21.909,30.582,23.24,4.906,7.041,12.955
55036,0.787,35.633,21.932,30.591,23.247,4.825,7.001,13.078
55037,0.787,35.779,21.937,30.591,23.251,4.905,6.919,12.957
55038,0.793,35.809,21.909,30.572,23.233,4.825,6.837,12.793
55039,0.787,35.502,21.913,30.582,23.251,4.865,6.877,12.913
55040,0.803,35.662,21.815,30.591,23.244,4.865,6.877,12.833
55041,0.79,35.769,21.916,30.582,23.24,4.824,6.837,12.71
55042,0.8,35.789,21.94,30.543,23.244,4.824,6.755,12.587
55043,0.8,35.406,21.788,30.591,23.244,4.865,6.917,12.627
55044,0.813,35.565,21.904,30.63,23.261,4.906,6.878,12.505
55045,0.797,35.653,21.917,30.573,23.254,4.825,6.837,12.341
55046,0.79,35.721,21.96,30.591,23.251,4.905,6.837,12.258
55047,0.774,35.549,21.914,30.611,23.251,4.865,6.837,12.176
55048,0.78,35.701,21.831,30.62,23.254,4.906,6.837,12.053
55049,0.79,35.798,21.908,30.582,23.247,4.825,6.674,11.889
55050,0.771,35.435,21.893,30.553,23.24,4.905,6.713,11.806
55051,0.783,35.518,21.897,30.591,23.251,4.947,6.794,11.724
55052,0.78,35.643,21.905,30.591,23.251,4.866,6.795,11.642
55053,0.771,35.731,21.913,30.582,23.244,4.865,6.714,11.56
55054,0.764,35.406,21.897,30.582,23.244,4.865,6.794,11.478
55055,0.787,35.565,21.968,30.62,23.258,4.987,6.795,11.436
55056,0.787,35.663,21.968,30.611,23.244,4.907,6.755,11.233
55057,0.784,35.76,21.933,30.592,23.244,4.947,6.754,11.231
55058,0.803,35.53,21.944,30.601,23.251,4.907,6.876,11.068
55059,0.8,35.682,21.909,30.62,23.251,4.947,6.837,10.985
55060,0.803,35.798,21.901,30.611,23.247,4.907,6.837,10.659
55061,0.787,35.857,21.886,30.582,23.244,4.865,6.877,10.737
55062,0.81,35.407,21.905,30.601,23.244,4.906,6.877,10.494
55063,0.807,35.556,21.913,30.591,23.251,4.865,6.837,10.369
55064,0.81,35.663,21.882,30.572,23.24,4.784,6.877,10.246
55065,0.8,35.712,21.94,30.582,23.251,4.864,6.918,10.164
55066,0.813,35.434,21.941,30.61,23.261,5.028,7.081,10.122
55067,0.816,35.575,21.921,30.611,23.247,4.907,7.002,9.919
55068,0.803,35.673,21.979,30.611,23.251,4.906,6.919,9.916
55069,0.797,35.721,21.922,30.62,23.247,4.987,7.081,9.835
55070,0.787,35.511,21.886,30.611,23.254,4.907,7.042,9.672
55071,0.787,35.672,21.905,30.601,23.244,4.906,7.001,9.548
55072,0.774,35.731,21.94,30.572,23.237,4.744,6.96,9.425
55073,0.777,35.971,21.874,30.63,23.247,4.864,7.041,9.383
55074,0.774,35.456,21.893,30.601,23.247,4.906,7.082,9.301
55075,0.777,35.594,21.928,30.601,23.24,4.865,7.042,9.219
55076,0.79,35.673,21.98,30.582,23.244,4.865,7.001,9.015
55077,0.797,35.482,21.949,30.61,23.258,4.987,7.163,9.216
55078,0.807,35.537,21.968,30.639,23.251,4.907,7.165,9.015
55079,0.81,35.624,21.917,30.601,23.251,4.906,7.124,8.891
55080,0.807,35.75,21.94,30.687,23.247,4.947,7.165,8.849
55081,0.813,35.329,21.898,30.611,23.247,4.947,7.165,8.808
55082,0.82,35.44,21.944,30.611,23.251,4.866,7.124,8.726
55083,0.826,35.566,21.913,30.659,23.233,4.824,6.921,8.441
55084,0.82,35.644,21.866,30.582,23.244,4.905,7.081,8.519
55085,0.817,35.261,21.901,30.591,23.247,4.906,7.042,8.439
55086,0.813,35.391,21.921,30.611,23.24,4.947,7.042,8.397
55087,0.813,35.517,21.921,30.639,23.244,4.785,7.001,8.316
55088,0.8,35.595,21.905,30.592,23.244,4.946,7.123,8.315
55089,0.82,35.471,21.909,30.658,23.261,5.029,7.246,8.274
55090,0.81,35.585,21.917,30.621,23.244,4.867,7.125,8.152
55091,0.807,35.701,21.866,30.62,23.247,4.865,7.083,8.191
55092,0.807,35.77,21.928,30.649,23.254,4.906,7.042,8.11
55093,0.807,35.348,21.929,30.63,23.244,4.947,7.123,8.028
55094,0.807,35.488,21.901,30.621,23.244,4.907,6.961,7.865
55095,0.807,35.566,21.932,30.592,23.24,4.825,6.96,7.944
55096,0.829,35.634,21.921,30.62,23.251,4.905,7.041,7.986
55097,0.826,35.424,21.929,30.611,23.251,4.865,6.96,7.783
55098,0.826,35.546,21.933,30.601,23.24,4.824,6.96,7.822
55099,0.826,35.653,21.925,30.611,23.24,4.865,6.96,7.781
55100,0.833,35.702,21.944,30.639,23.254,4.987,7.122,7.944
55101,0.856,35.396,21.878,30.649,23.251,4.907,6.961,7.661
55102,0.856,35.479,21.944,30.611,23.244,4.906,6.96,7.658
55103,0.856,35.604,21.941,30.639,23.247,4.906,7.041,7.617
55104,0.853,35.539,21.906,30.63,23.247,5.028,7.001,7.576
55105,0.849,35.432,21.952,30.64,23.247,4.907,7.001,7.535
55106,0.827,35.546,21.917,30.611,23.237,4.825,6.838,7.412
55107,0.83,35.653,21.909,30.639,23.247,4.946,6.999,7.452
55108,0.826,35.271,21.886,30.64,23.247,4.866,6.919,7.452
55109,0.82,35.372,21.866,30.64,23.24,4.906,6.837,7.371
55110,0.813,35.479,21.846,30.621,23.24,4.906,6.877,7.37
55111,0.816,35.585,21.912,30.63,23.251,4.906,7.04,7.452
55112,0.836,35.356,21.948,30.649,23.251,4.947,6.96,7.371
55113,0.82,35.45,21.796,30.669,23.247,4.947,7.0,7.411
55114,0.826,35.594,21.881,30.65,23.244,4.947,6.96,7.411
55115,0.826,35.682,21.921,30.649,23.251,4.907,7.082,7.33
55116,0.836,35.232,21.921,30.649,23.251,4.906,7.042,7.207
55117,0.833,35.372,21.913,30.649,23.244,4.825,6.839,7.043
55118,0.826,35.479,21.894,30.621,23.244,4.824,6.999,7.123
55119,0.846,35.576,21.905,30.611,23.244,4.865,6.879,7.124
55120,0.849,35.27,21.909,30.62,23.24,4.824,6.918,7.083
55121,0.846,35.439,21.905,30.63,23.24,4.865,6.919,7.042
55122,0.853,35.527,21.94,30.611,23.247,4.865,7.0,7.082
55123,0.853,35.634,21.941,30.668,23.258,5.068,7.041,7.164
55124,0.866,35.366,21.925,30.64,23.247,4.908,7.042,7.084
55125,0.856,35.479,21.929,30.64,23.254,4.987,6.92,7.002
55126,0.849,35.595,21.894,30.621,23.247,4.907,6.959,7.001
55127,0.846,35.653,21.901,30.659,23.251,4.906,7.082,7.041
55128,0.843,35.366,21.886,30.64,23.251,4.947,7.042,7.042
55129,0.836,35.488,21.901,30.621,23.233,4.744,6.839,6.839
55130,0.833,35.595,21.874,30.668,23.247,4.823,6.958,6.918
55131,0.836,35.807,21.885,30.63,23.244,4.946,6.96,6.878
55132,0.83,35.272,21.932,30.64,23.24,4.825,6.919,6.877
55133,0.836,35.382,21.898,30.659,23.24,4.824,6.919,6.796
55134,0.826,35.498,21.87,30.64,23.251,4.946,7.081,6.958
55135,0.852,35.298,21.936,30.669,23.254,4.988,7.123,6.838
55136,0.856,35.324,21.941,30.64,23.244,4.907,7.043,6.837
55137,0.853,35.449,21.894,30.64,23.247,4.906,7.082,6.796
55138,0.859,35.566,21.936,30.649,23.251,4.987,7.083,6.836
55139,0.859,35.241,21.909,30.669,23.254,4.907,7.123,6.877
55140,0.872,35.343,21.909,30.65,23.244,4.825,7.043,6.715
55141,0.856,35.459,21.882,30.611,23.244,4.824,7.042,6.754
55142,0.862,35.566,21.917,30.639,23.24,4.865,7.042,6.754
55143,0.862,35.222,21.909,30.63,23.244,4.865,7.042,6.714
55144,0.869,35.372,21.878,30.621,23.24,4.824,7.042,6.632
55145,0.872,35.469,21.948,30.611,23.244,4.824,7.082,6.712
55146,0.872,35.576,21.921,30.678,23.251,5.027,7.245,6.876
55147,0.872,35.308,21.948,30.64,23.244,4.907,7.084,6.755
55148,0.863,35.44,21.945,30.64,23.24,4.947,7.083,6.632
55149,0.853,35.556,21.917,30.63,23.251,4.866,7.164,6.672
55150,0.866,35.615,21.929,30.63,23.251,4.946,7.206,6.713
55151,0.853,35.241,21.886,30.63,23.251,4.866,7.043,6.632
55152,0.849,35.324,21.917,30.611,23.244,4.824,7.082,6.631
55153,0.846,35.488,21.886,30.649,23.244,4.865,7.123,6.55
55154,0.846,35.518,21.85,30.64,23.244,4.906,7.083,6.59
55155,0.853,35.183,21.909,30.63,23.244,4.825,7.083,6.549
55156,0.856,35.314,21.893,30.64,23.244,4.865,7.083,6.63
55157,0.862,35.459,21.897,30.669,23.261,5.028,7.286,6.672
55158,0.872,35.489,21.913,30.65,23.251,4.948,7.125,6.631
55159,0.876,35.307,21.901,30.659,23.251,4.947,7.043,6.631
55160,0.872,35.43,21.921,30.659,23.251,4.866,7.123,6.59
55161,0.882,35.537,21.874,30.65,23.254,4.906,7.165,6.631
55162,0.895,35.279,21.94,30.64,23.251,4.865,7.043,6.428
55163,0.873,35.18,21.909,30.611,23.24,4.784,7.042,6.466
55164,0.892,35.352,21.882,30.63,23.247,4.824,7.082,6.467
55165,0.879,35.421,21.948,30.649,23.244,4.905,7.123,6.426
55166,0.879,35.268,21.913,30.64,23.244,4.865,7.002,6.466
55167,0.876,35.382,21.933,30.649,23.237,4.865,7.082,6.507
55168,0.885,35.546,21.976,30.659,23.258,5.028,7.245,6.589
55169,0.889,35.643,21.945,30.659,23.244,4.907,7.125,6.509
55170,0.876,35.136,21.929,30.669,23.247,4.906,7.205,6.508
55171,0.879,35.246,21.87,30.64,23.251,4.906,7.206,6.508
55172,0.863,35.372,21.932,30.659,23.247,4.906,7.206,6.549
55173,0.866,35.488,21.925,30.688,23.254,4.947,7.287,6.508
55174,0.866,35.106,21.894,30.631,23.24,4.866,7.085,6.345
55175,0.859,35.236,21.928,30.64,23.251,4.865,7.245,6.425
55176,0.875,35.343,21.944,30.649,23.244,4.906,7.206,6.344
55177,0.876,35.421,21.902,30.621,23.24,4.825,7.165,6.303
55178,0.882,35.211,21.893,30.64,23.237,4.824,7.165,6.302
55179,0.885,35.362,21.905,30.63,23.244,4.905,7.287,6.465
55180,0.892,35.507,21.905,30.688,23.258,5.028,7.329,6.467
55181,0.886,35.557,21.886,30.65,23.244,4.907,7.329,6.345
55182,0.895,35.145,21.889,30.64,23.247,4.865,7.329,6.343
55183,0.902,35.304,21.862,30.659,23.247,4.906,7.41,6.384
55184,0.899,35.411,21.905,30.65,23.251,4.906,7.411,6.385
55185,0.902,35.431,21.956,30.64,23.244,4.865,7.289,6.263
55186,0.889,35.24,21.898,30.621,23.237,4.743,7.288,6.343
55187,0.889,35.401,21.913,30.64,23.244,4.864,7.369,6.303
55188,0.892,35.517,21.909,30.649,23.247,4.824,7.289,6.343
55189,0.889,35.432,21.932,30.64,23.24,4.824,7.329,6.221
55190,0.889,35.134,21.937,30.63,23.247,4.865,7.37,6.342
55191,0.892,35.294,21.894,30.668,23.254,5.068,7.573,6.466
55192,0.899,35.401,21.936,30.659,23.24,4.826,7.372,6.304
55193,0.886,35.191,21.898,30.65,23.247,4.905,7.37,6.343
55194,0.882,35.304,21.901,30.659,23.244,4.825,7.37,6.384
55195,0.898,35.44,21.956,30.659,23.247,4.865,7.452,6.385
55196,0.912,35.527,21.921,30.659,23.24,4.824,7.371,6.303
55197,0.899,35.058,21.87,30.63,23.24,4.783,7.37,6.262
55198,0.905,35.217,21.862,30.63,23.244,4.824,7.37,6.262
55199,0.918,35.352,21.866,30.63,23.244,4.824,7.37,6.302
55200,0.922,35.431,21.909,30.64,23.244,4.783,7.37,6.221
55201,0.912,35.163,21.886,30.63,23.24,4.824,7.37,6.302
55202,0.931,35.313,21.924,30.649,23.251,5.027,7.533,6.343
55203,0.951,35.488,21.921,30.678,23.251,4.907,7.412,6.221
55204,0.941,35.518,21.921,30.65,23.251,4.865,7.452,6.383
55205,0.932,35.135,21.956,30.649,23.251,4.865,7.412,6.303
55206,0.931,35.284,21.921,30.649,23.247,4.946,7.452,6.302
55207,0.941,35.411,21.909,30.649,23.247,4.866,7.412,6.262
55208,0.925,35.45,21.893,30.611,23.237,4.784,7.249,6.099
55209,0.912,35.134,21.874,30.62,23.244,4.864,7.369,6.219
55210,0.931,35.294,21.901,30.63,23.251,4.824,7.37,6.261
55211,0.922,35.42,21.893,30.649,23.24,4.824,7.37,6.221
55212,0.918,35.46,21.932,30.621,23.24,4.824,7.33,6.22
55213,0.918,35.201,21.925,30.64,23.247,4.905,7.41,6.342
55214,0.931,35.371,21.933,30.688,23.261,4.987,7.533,6.384
55215,0.938,35.46,21.983,30.64,23.244,4.866,7.412,6.263
55216,0.938,35.767,21.945,30.63,23.251,4.784,7.411,6.302
55217,0.945,35.205,21.929,30.649,23.24,4.824,7.371,6.262
55218,0.961,35.324,21.882,30.649,23.251,4.865,7.452,6.343
55219,0.964,35.449,21.901,30.64,23.251,4.824,7.371,6.221
55220,0.958,35.268,21.874,30.601,23.237,4.702,7.411,6.261
55221,0.961,35.334,21.885,30.639,23.251,4.863,7.371,6.262
55222,0.984,35.44,21.893,30.621,23.244,4.865,7.411,6.18
55223,0.981,35.575,21.889,30.611,23.244,4.784,7.289,6.22
55224,0.977,35.097,21.913,30.62,23.244,4.824,7.41,6.18
55225,0.984,35.217,21.929,30.63,23.254,4.905,7.533,6.464
55226,0.991,35.4,21.921,30.659,23.254,4.865,7.372,6.223
55227,0.978,35.469,21.937,30.64,23.251,4.824,7.452,6.302
55228,0.974,35.259,21.894,30.649,23.251,4.905,7.371,6.302
55229,0.977,35.42,21.936,30.649,23.254,4.865,7.452,6.262
55230,0.981,35.537,21.929,30.63,23.247,4.906,7.371,6.221
55231,0.974,35.605,21.909,30.621,23.233,4.744,7.248,6.139
55232,0.968,35.193,21.932,30.611,23.247,4.864,7.369,6.219
55233,0.977,35.343,21.886,30.63,23.247,4.784,7.289,6.22
55234,0.977,35.478,21.878,30.63,23.24,4.824,7.288,6.139
55235,0.99,35.509,21.928,30.611,23.244,4.783,7.288,6.138
55236,0.997,35.336,21.909,30.63,23.251,4.905,7.41,6.301
55237,1.01,35.526,21.944,30.659,23.254,4.865,7.411,6.14
55238,0.994,35.624,21.882,30.63,23.244,4.784,7.411,6.138
55239,1.013,35.673,21.917,30.63,23.247,4.824,7.411,6.219
55240,1.03,35.472,21.925,30.63,23.254,4.824,7.452,6.302
55241,1.03,35.623,21.905,30.621,23.251,4.905,7.493,6.221
55242,1.043,35.711,21.897,30.601,23.237,4.703,7.331,6.098
55243,1.027,35.712,21.858,30.601,23.244,4.823,7.41,6.138
55244,1.03,35.664,21.901,30.611,23.247,4.783,7.493,6.179
55245,1.033,35.808,21.901,30.62,23.251,4.824,7.453,6.139
55246,1.037,35.905,21.893,30.592,23.24,4.783,7.412,6.016
55247,1.033,35.762,21.893,30.62,23.251,4.864,7.615,6.259
55248,1.043,35.684,21.909,30.64,23.258,4.906,7.576,6.302
55249,1.046,35.827,21.909,30.63,23.247,4.906,7.535,6.221
55250,1.033,35.896,21.901,30.611,23.244,4.865,7.494,6.18
55251,1.043,35.752,21.889,30.611,23.251,4.865,7.575,6.179
55252,1.05,35.866,21.944,30.639,23.251,4.865,7.616,6.261
55253,1.04,35.992,21.909,30.611,23.244,4.784,7.373,6.099
55254,1.037,36.051,21.874,30.592,23.244,4.783,7.452,6.097
55255,1.05,35.802,21.944,30.63,23.251,4.824,7.412,6.138
55256,1.056,35.924,21.925,30.601,23.244,4.824,7.411,6.138
55257,1.06,36.05,21.909,30.601,23.24,4.783,7.411,6.057
55258,1.069,36.128,21.917,30.611,23.251,4.783,7.411,6.178
55259,1.076,36.062,21.901,30.639,23.261,4.986,7.493,6.301
55260,1.079,36.186,21.897,30.611,23.254,4.826,7.371,6.14
55261,1.089,36.283,21.901,30.611,23.247,4.824,7.411,6.098
55262,1.105,36.36,21.878,30.611,23.247,4.783,7.371,6.138
55263,1.109,35.987,21.897,30.611,23.251,4.946,7.37,6.179
55264,1.102,36.127,21.897,30.601,23.24,4.744,7.208,5.976
55265,1.08,36.205,21.913,30.563,23.24,4.783,7.287,6.055
55266,1.089,36.264,21.87,30.601,23.244,4.824,7.247,6.056
55267,1.096,36.351,21.885,30.601,23.247,4.783,7.206,6.015
55268,1.083,36.457,21.878,30.591,23.244,4.702,7.125,6.015
55269,1.083,36.583,21.901,30.591,23.247,4.782,7.165,6.096
55270,1.076,36.641,21.862,30.639,23.261,4.905,7.287,6.219
55271,1.096,36.422,21.862,30.582,23.251,4.784,7.125,6.098
55272,1.086,36.515,21.897,30.601,23.247,4.824,7.124,6.138
55273,1.079,36.602,21.835,30.611,23.251,4.824,7.124,6.138
55274,1.089,36.872,21.881,30.611,23.258,4.865,7.124,6.138
55275,1.096,36.644,21.889,30.601,23.247,4.824,7.002,6.057
55276,1.092,36.728,21.948,30.553,23.237,4.702,6.96,6.056
55277,1.115,36.844,21.874,30.591,23.247,4.823,7.082,6.097
55278,1.112,36.615,21.878,30.582,23.247,4.702,7.002,6.056
55279,1.119,36.651,21.897,30.563,23.24,4.701,6.96,6.056
55280,1.109,36.796,21.886,30.572,23.244,4.782,7.041,6.015
55281,1.125,36.902,21.932,30.61,23.258,4.905,7.204,6.178
55282,1.135,36.731,21.866,30.601,23.247,4.784,7.084,6.098
55283,1.135,36.863,21.881,30.591,23.247,4.783,7.002,6.056
55284,1.138,36.97,21.932,30.591,23.247,4.783,7.041,6.056
55285,1.132,37.077,21.913,30.601,23.258,4.824,7.123,6.137
55286,1.129,36.848,21.858,30.591,23.247,4.824,7.002,6.098
55287,1.116,36.961,21.815,30.553,23.237,4.702,6.879,6.016
55288,1.115,37.077,21.873,30.581,23.244,4.823,7.0,6.015
55289,1.106,37.155,21.874,30.572,23.247,4.743,7.001,6.096
55290,1.099,36.849,21.85,30.582,23.247,4.701,6.879,6.056
55291,1.102,36.98,21.838,30.543,23.24,4.742,6.918,6.015
55292,1.106,37.096,21.897,30.562,23.251,4.823,7.041,6.218
55293,1.112,37.184,21.932,30.601,23.258,4.865,7.001,6.18
55294,1.099,37.012,21.905,30.572,23.244,4.824,7.001,6.139
55295,1.102,37.135,21.948,30.572,23.251,4.824,6.96,6.098
55296,1.119,37.251,21.921,30.562,23.254,4.865,7.0,6.138
55297,1.112,37.31,21.901,30.572,23.258,4.824,7.001,6.098
55298,1.112,37.176,21.917,30.543,23.237,4.743,6.838,5.975
55299,1.099,37.271,21.905,30.562,23.247,4.823,6.958,6.096
55300,1.109,37.406,21.89,30.553,23.24,4.743,6.878,6.097
55301,1.102,37.398,21.897,30.562,23.24,4.742,6.877,6.056
55302,1.109,37.11,21.839,30.543,23.244,4.742,6.837,5.975
55303,1.106,37.251,21.893,30.572,23.251,4.783,6.999,6.096
55304,1.109,37.386,21.925,30.591,23.258,4.905,7.041,6.219
55305,1.099,37.33,21.937,30.553,23.251,4.825,6.96,6.139
55306,1.073,37.378,21.902,30.572,23.251,4.824,7.0,6.179
55307,1.073,37.503,21.897,30.572,23.247,4.743,7.041,6.098
55308,1.063,37.59,21.893,30.572,23.251,4.783,7.001,6.138
55309,1.056,37.323,21.889,30.562,23.244,4.783,6.96,6.057
55310,1.03,37.378,21.862,30.524,23.24,4.742,7.0,6.097
55311,1.03,37.532,21.862,30.543,23.247,4.823,6.96,6.016
55312,1.02,37.629,21.866,30.533,23.244,4.702,6.96,6.056
55313,1.01,37.342,21.885,30.533,23.244,4.701,6.96,5.975
55314,0.997,37.483,21.866,30.533,23.244,4.742,7.041,6.096
55315,1.0,37.638,21.92,30.572,23.265,4.905,7.082,6.138
55316,1.01,37.678,21.913,30.553,23.248,4.784,7.002,6.098
55317,0.984,37.439,21.909,30.553,23.244,4.742,7.001,6.097
55318,0.987,37.571,21.936,30.543,23.251,4.823,7.001,6.138
55319,0.987,37.716,21.937,30.553,23.258,4.824,7.001,6.138
55320,0.978,37.775,21.929,30.543,23.247,4.865,6.96,6.098
55321,0.968,37.392,21.917,30.505,23.24,4.743,6.878,6.016
55322,0.968,37.532,21.878,30.523,23.247,4.823,6.959,5.974
55323,0.971,37.658,21.897,30.524,23.251,4.743,6.878,5.974
55324,0.964,37.688,21.897,30.504,23.247,4.701,6.837,5.974
55325,0.958,37.42,21.909,30.495,23.233,4.742,6.918,6.015
55326,0.938,37.57,21.843,30.533,23.244,4.823,7.0,6.178
55327,0.951,37.716,21.897,30.562,23.261,4.865,6.96,6.098
55328,0.925,37.717,21.87,30.524,23.247,4.784,6.919,6.056
55329,0.912,37.564,21.87,30.533,23.247,4.783,6.919,6.056
55330,0.902,37.687,21.885,30.524,23.254,4.824,6.959,6.178
55331,0.892,37.803,21.874,30.533,23.251,4.783,7.0,6.139
55332,0.886,37.708,21.878,30.505,23.244,4.702,6.879,5.976
55333,0.869,37.487,21.893,30.485,23.24,4.701,6.959,6.055
55334,0.872,37.629,21.87,30.533,23.24,4.701,6.919,6.056
55335,0.872,37.735,21.901,30.514,23.244,4.782,6.959,6.015
55336,0.863,37.43,21.858,30.485,23.244,4.661,6.878,6.015
55337,0.856,37.503,21.873,30.504,23.244,4.741,7.04,6.015
55338,0.879,37.658,21.909,30.533,23.261,4.905,7.164,6.259
55339,0.882,37.774,21.905,30.524,23.247,4.784,7.043,6.139
55340,0.869,37.401,21.917,30.495,23.247,4.824,7.001,6.138
55341,0.859,37.532,21.917,30.514,23.244,4.783,7.041,6.098
55342,0.862,37.658,21.882,30.514,23.251,4.783,7.042,6.138
55343,0.859,37.726,21.909,30.514,23.244,4.783,7.042,6.057
55344,0.856,37.497,21.893,30.447,23.233,4.62,6.96,6.056
55345,0.846,37.638,21.921,30.494,23.244,4.781,7.041,6.137
55346,0.833,37.784,21.894,30.495,23.247,4.742,7.042,6.057
55347,0.82,37.823,21.878,30.475,23.244,4.701,7.001,6.015
55348,0.817,37.478,21.893,30.475,23.24,4.701,7.001,6.015
55349,0.816,37.628,21.882,30.523,23.254,4.782,7.204,6.218
55350,0.826,37.783,21.921,30.514,23.258,4.824,7.165,6.139
55351,0.804,37.785,21.866,30.476,23.247,4.783,7.043,6.098
55352,0.803,37.536,21.862,30.494,23.251,4.783,7.082,6.178
55353,0.797,37.687,21.901,30.504,23.251,4.783,7.002,6.179
55354,0.8,37.794,21.87,30.495,23.247,4.783,7.041,6.179
55355,0.784,37.795,21.928,30.456,23.233,4.62,6.96,6.017
55356,0.8,37.44,21.866,30.465,23.237,4.7,7.041,6.178
55357,0.8,37.58,21.897,30.466,23.244,4.742,7.001,6.179
55358,0.81,37.697,21.882,30.485,23.244,4.661,7.001,6.098
55359,0.803,38.053,21.881,30.456,23.244,4.66,6.96,6.056
55360,0.807,37.433,21.913,30.475,23.247,4.782,7.122,6.178
55361,0.826,37.599,21.956,30.494,23.258,4.864,7.205,6.22
55362,0.82,37.678,21.828,30.466,23.241,4.824,7.043,6.22
55363,0.813,37.439,21.904,30.475,23.244,4.824,7.042,6.22
55364,0.816,37.465,21.901,30.485,23.247,4.783,7.164,6.22
55365,0.81,37.59,21.936,30.475,23.251,4.742,7.124,6.18
55366,0.797,37.725,21.874,30.485,23.244,4.742,6.961,6.139
55367,0.79,37.334,21.846,30.427,23.24,4.579,7.082,6.219
55368,0.797,37.474,21.893,30.456,23.251,4.74,7.002,6.22
55369,0.794,37.619,21.862,30.456,23.247,4.742,6.96,6.139
55370,0.784,37.697,21.897,30.456,23.244,4.742,7.041,6.098
55371,0.784,37.247,21.889,30.437,23.247,4.701,7.042,6.097
55372,0.774,37.386,21.882,30.475,23.251,4.863,7.123,6.3
55373,0.787,37.56,21.897,30.485,23.254,4.784,7.043,6.262
55374,0.767,37.581,21.878,30.466,23.247,4.783,7.123,6.18
55375,0.774,37.351,21.936,30.456,23.247,4.742,7.083,6.22
55376,0.784,37.483,21.863,30.465,23.251,4.783,7.123,6.302
55377,0.793,37.6,21.897,30.456,23.251,4.702,7.124,6.221
55378,0.79,37.658,21.878,30.418,23.237,4.66,6.88,6.058
55379,0.793,37.285,21.881,30.446,23.247,4.7,7.0,6.178
55380,0.803,37.435,21.893,30.456,23.247,4.742,7.001,6.179
55381,0.794,37.551,21.882,30.427,23.24,4.742,7.041,6.179
55382,0.81,37.562,21.85,30.427,23.24,4.701,7.042,6.098
55383,0.8,37.332,21.866,30.446,23.244,4.782,7.123,6.3
55384,0.82,37.502,21.936,30.456,23.258,4.824,7.124,6.221
55385,0.8,37.59,21.96,30.437,23.251,4.783,7.124,6.22
55386,0.787,37.61,21.894,30.456,23.247,4.824,7.124,6.22
55387,0.79,37.333,21.901,30.446,23.247,4.824,7.124,6.22
55388,0.784,37.454,21.913,30.456,23.254,4.824,7.124,6.18
55389,0.787,37.552,21.89,30.427,23.247,4.702,7.043,6.017
55390,0.777,37.322,21.878,30.408,23.247,4.742,7.042,6.178
55391,0.784,37.253,21.874,30.398,23.247,4.701,7.042,6.139
55392,0.774,37.367,21.905,30.427,23.247,4.742,7.042,6.057
55393,0.774,37.455,21.862,30.427,23.244,4.661,7.082,6.137
55394,0.771,37.197,21.87,30.417,23.247,4.782,7.123,6.219
55395,0.8,37.328,21.932,30.455,23.261,4.864,7.165,6.342
55396,0.8,37.416,21.886,30.437,23.247,4.743,7.084,6.181
55397,0.807,37.494,21.909,30.417,23.244,4.783,7.123,6.179
55398,0.8,37.149,21.94,30.417,23.247,4.824,7.124,6.179
55399,0.8,37.29,21.902,30.417,23.254,4.824,7.165,6.22
55400,0.797,37.425,21.893,30.427,23.251,4.702,7.002,6.139
55401,0.794,37.484,21.839,30.369,23.237,4.66,7.001,6.179
55402,0.8,37.178,21.893,30.388,23.247,4.741,7.041,6.22
55403,0.803,37.328,21.878,30.407,23.244,4.742,7.082,6.098
55404,0.807,37.445,21.846,30.407,23.24,4.701,6.961,6.056
55405,0.794,37.494,21.901,30.388,23.24,4.742,6.96,6.056
55406,0.8,37.149,21.889,30.426,23.258,4.864,7.122,6.381
55407,0.807,37.328,21.917,30.427,23.254,4.824,7.043,6.141
55408,0.794,37.406,21.862,30.398,23.247,4.824,6.96,6.179
55409,0.787,37.465,21.909,30.379,23.247,4.783,7.082,6.179
55410,0.787,37.158,21.932,30.398,23.251,4.824,7.123,6.22
55411,0.793,37.299,21.917,30.417,23.251,4.824,7.002,6.22
55412,0.777,37.397,21.839,30.369,23.24,4.621,6.96,6.139
55413,0.774,37.417,21.858,30.388,23.254,4.781,7.0,6.179
55414,0.771,37.206,21.877,30.379,23.244,4.702,7.001,6.179
55415,0.783,37.328,21.893,30.369,23.24,4.701,6.96,6.139
55416,0.787,37.426,21.823,30.35,23.244,4.742,7.041,6.179
55417,0.78,37.484,21.893,30.378,23.247,4.783,7.123,6.261
55418,0.803,37.226,21.878,30.417,23.258,4.905,7.205,6.262
55419,0.813,37.3,21.901,30.369,23.247,4.703,7.125,6.139
55420,0.807,37.406,21.905,30.369,23.244,4.782,7.043,6.179
55421,0.81,37.12,21.917,30.359,23.247,4.742,7.123,6.261
55422,0.82,37.174,21.894,30.436,23.247,4.742,7.124,6.262
55423,0.82,37.271,21.87,30.36,23.244,4.701,7.043,6.099
55424,0.817,37.348,21.909,30.321,23.233,4.66,6.96,6.056
55425,0.813,37.052,21.882,30.349,23.247,4.741,7.122,6.137
55426,0.807,37.193,21.889,30.349,23.24,4.701,7.083,6.138
55427,0.803,37.3,21.866,30.349,23.247,4.66,7.002,6.098
55428,0.794,37.377,21.866,30.33,23.244,4.7,7.041,6.178
55429,0.8,37.043,21.889,30.349,23.251,4.782,7.204,6.301
55430,0.8,37.231,21.913,30.359,23.254,4.783,7.084,6.221
55431,0.794,37.3,21.894,30.33,23.247,4.783,7.123,6.261
55432,0.8,37.368,21.886,30.34,23.247,4.783,7.165,6.221
55433,0.8,37.09,21.882,30.359,23.247,4.783,7.165,6.22
55434,0.79,37.241,21.924,30.349,23.251,4.742,7.165,6.18
55435,0.79,37.319,21.937,30.301,23.24,4.661,7.002,6.057
55436,0.787,37.358,21.847,30.32,23.247,4.741,7.082,6.137
55437,0.787,37.1,21.893,30.32,23.24,4.701,7.042,6.057
55438,0.797,37.232,21.889,30.32,23.244,4.701,7.042,6.137
55439,0.803,37.377,21.885,30.311,23.24,4.701,7.001,6.057
55440,0.81,37.407,21.882,30.311,23.244,4.823,7.123,6.097
55441,0.829,37.072,21.932,30.349,23.261,4.905,7.205,6.138
55442,0.833,37.164,21.87,30.301,23.251,4.744,7.043,6.138
55443,0.826,37.28,21.866,30.32,23.244,4.742,7.123,6.057
55444,0.83,37.3,21.893,30.32,23.251,4.823,7.165,6.137
55445,0.826,37.099,21.909,30.301,23.254,4.824,7.124,6.098
55446,0.813,37.212,21.819,30.311,23.244,4.661,7.002,5.975
55447,0.8,37.29,21.834,30.291,23.24,4.66,7.001,6.055
55448,0.794,37.099,21.862,30.301,23.24,4.7,7.041,6.015
55449,0.787,37.078,21.846,30.282,23.237,4.66,6.96,6.056
55450,0.784,37.193,21.862,30.282,23.244,4.619,6.919,5.975
55451,0.787,37.29,21.893,30.282,23.247,4.7,7.041,6.137
55452,0.793,37.023,21.932,30.31,23.258,4.904,7.123,6.138
55453,0.787,37.125,21.925,30.282,23.247,4.744,7.083,6.138
55454,0.78,37.251,21.862,30.291,23.251,4.823,7.083,6.138
55455,0.784,37.339,21.963,30.301,23.251,4.824,7.083,6.179
55456,0.813,36.86,21.921,30.263,23.251,4.783,7.002,6.139
55457,0.79,36.989,21.882,30.262,23.251,4.702,6.879,5.976
55458,0.79,37.096,21.862,30.262,23.237,4.742,6.959,6.137
55459,0.816,37.184,21.866,30.272,23.251,4.742,6.96,6.016
55460,0.81,36.973,21.889,30.243,23.244,4.742,6.96,6.015
55461,0.813,37.096,21.909,30.233,23.244,4.701,6.919,6.015
55462,0.81,37.222,21.901,30.291,23.251,4.863,7.0,6.096
55463,0.833,37.329,21.897,30.282,23.258,4.865,7.041,6.138
55464,0.826,37.023,21.925,30.262,23.251,4.824,6.92,6.057
55465,0.826,37.154,21.901,30.262,23.247,4.783,7.041,6.097
55466,0.807,37.27,21.882,30.262,23.244,4.702,6.96,6.097
55467,0.81,37.339,21.878,30.262,23.251,4.823,6.96,6.138
55468,0.807,36.879,21.874,30.243,23.244,4.743,6.878,6.098
55469,0.797,36.999,21.866,30.214,23.24,4.701,6.877,6.056
55470,0.803,37.115,21.893,30.233,23.244,4.742,6.959,6.056
55471,0.797,37.126,21.85,30.214,23.247,4.823,6.878,5.975
55472,0.787,36.925,21.862,30.214,23.24,4.743,6.877,6.055
55473,0.79,37.076,21.893,30.214,23.244,4.742,6.877,6.056
55474,0.797,37.193,21.87,30.243,23.258,4.945,7.121,6.219
55475,0.803,37.137,21.893,30.233,23.244,4.744,6.961,6.139
55476,0.803,36.944,21.85,30.224,23.251,4.823,6.96,6.179
55477,0.803,37.086,21.873,30.233,23.244,4.824,7.041,6.139
55478,0.803,37.174,21.901,30.214,23.251,4.743,7.082,6.098
55479,0.813,36.945,21.897,30.223,23.247,4.783,7.002,5.975
55480,0.807,37.009,21.905,30.185,23.233,4.62,6.919,6.015
55481,0.8,37.135,21.917,30.214,23.247,4.822,7.122,6.056
55482,0.813,37.213,21.851,30.195,23.244,4.824,7.083,6.056
55483,0.803,36.772,21.893,30.185,23.244,4.702,7.042,6.015
55484,0.807,36.873,21.866,30.166,23.237,4.66,7.082,6.015
55485,0.813,36.99,21.913,30.204,23.254,4.822,7.286,6.218
55486,0.816,37.115,21.835,30.233,23.254,4.824,7.247,6.058
55487,0.794,36.867,21.865,30.176,23.251,4.783,7.206,6.137
55488,0.813,36.999,21.854,30.185,23.251,4.783,7.206,6.098
55489,0.8,37.115,21.881,30.175,23.258,4.824,7.287,6.097
55490,0.794,37.184,21.878,30.194,23.254,4.824,7.288,6.097
55491,0.797,36.954,21.866,30.166,23.244,4.743,7.085,5.975
55492,0.774,37.057,21.854,30.165,23.244,4.823,7.286,6.096
55493,0.787,37.231,21.858,30.175,23.247,4.783,7.247,6.016
55494,0.784,37.271,21.881,30.156,23.244,4.783,7.206,6.015
55495,0.78,36.754,21.893,30.156,23.244,4.824,7.125,6.015
55496,0.79,36.873,21.866,30.146,23.244,4.824,7.246,6.096
55497,0.81,37.038,21.905,30.184,23.258,4.946,7.41,6.178
55498,0.807,37.058,21.901,30.146,23.244,4.825,7.208,6.057
55499,0.816,36.771,21.925,30.165,23.247,4.824,7.206,6.097
55500,0.816,36.883,21.905,30.156,23.244,4.865,7.328,6.138
55501,0.813,36.999,21.936,30.156,23.251,4.906,7.329,6.098
55502,0.813,37.326,21.874,30.156,23.251,4.784,7.167,5.975
55503,0.813,36.879,21.846,30.127,23.233,4.661,7.206,5.974
55504,0.813,36.999,21.936,30.136,23.244,4.782,7.206,5.974
55505,0.803,37.106,21.847,30.127,23.24,4.742,7.247,6.015
55506,0.787,36.8,21.873,30.127,23.24,4.783,7.166,6.015
55507,0.787,36.768,21.842,30.117,23.244,4.742,7.206,5.974
55508,0.8,36.921,21.912,30.165,23.254,4.945,7.409,6.177
55509,0.81,37.057,21.905,30.146,23.251,4.825,7.289,6.057
55510,0.794,36.723,21.87,30.137,23.244,4.783,7.247,6.015
55511,0.784,36.873,21.916,30.127,23.244,4.905,7.288,6.015
55512,0.78,36.99,21.815,30.136,23.251,4.865,7.288,6.096
55513,0.787,37.077,21.857,30.136,23.251,4.865,7.329,6.056
55514,0.784,36.752,21.916,30.108,23.237,4.743,7.248,5.893
55515,0.767,36.854,21.878,30.107,23.24,4.905,7.328,6.054
55516,0.78,36.989,21.745,30.127,23.251,4.865,7.248,6.056
55517,0.79,37.067,21.798,30.098,23.247,4.784,7.288,5.975
55518,0.797,36.589,21.857,30.079,23.237,4.783,7.247,5.974
55519,0.8,36.737,21.897,30.107,23.251,4.824,7.369,6.137
55520,0.813,36.921,21.909,30.155,23.261,4.987,7.37,6.057
55521,0.8,36.942,21.929,30.118,23.244,4.826,7.37,5.975
55522,0.81,36.731,21.878,30.117,23.247,4.824,7.289,6.015
55523,0.816,36.873,21.878,30.107,23.251,4.905,7.329,6.056
55524,0.81,36.98,21.932,30.098,23.251,4.906,7.329,6.015
55525,0.813,37.01,21.905,30.088,23.244,4.744,7.289,5.852
55526,0.8,36.751,21.882,30.088,23.24,4.823,7.288,5.973
55527,0.797,36.912,21.835,30.098,23.244,4.824,7.288,6.055
55528,0.784,37.028,21.873,30.088,23.24,4.783,7.247,5.893
55529,0.774,37.039,21.881,30.059,23.23,4.742,7.166,5.933
55530,0.774,36.799,21.854,30.069,23.244,4.823,7.206,6.014
55531,0.774,36.95,21.928,30.097,23.261,5.068,7.328,6.137
55532,0.784,37.048,21.831,30.098,23.254,4.867,7.207,5.976
55533,0.767,36.8,21.877,30.098,23.251,4.946,7.287,6.015
55534,0.777,36.72,21.913,30.079,23.244,4.866,7.288,6.056
55535,0.777,36.854,21.913,30.078,23.247,4.987,7.247,6.097
55536,0.793,36.951,21.815,30.098,23.251,4.907,7.206,5.975
55537,0.787,36.683,21.818,30.04,23.233,4.784,7.084,5.933
55538,0.793,36.805,21.861,30.068,23.247,4.905,7.123,5.974
55539,0.806,36.941,21.893,30.069,23.24,4.865,7.124,5.974
55540,0.794,37.029,21.882,30.069,23.244,4.824,7.083,5.893
55541,0.8,36.588,21.901,30.069,23.24,4.743,7.123,5.892
55542,0.81,36.737,21.761,30.088,23.247,4.945,7.287,6.095
55543,0.833,36.902,21.892,30.098,23.254,4.907,7.166,5.975
55544,0.804,36.942,21.897,30.05,23.251,4.865,7.084,5.974
55545,0.8,36.674,21.893,30.068,23.244,4.865,7.123,5.974
55546,0.8,36.853,21.913,30.078,23.247,4.865,7.205,6.055
55547,0.8,36.961,21.886,30.069,23.254,4.906,7.206,5.975
55548,0.784,37.0,21.901,30.04,23.24,4.784,7.043,5.852
55549,0.777,36.703,21.886,30.04,23.247,4.905,7.123,5.973
55550,0.777,36.863,21.897,30.049,23.244,4.865,7.165,5.974
55551,0.784,36.989,21.866,30.059,23.244,4.824,7.043,5.893
55552,0.78,37.02,21.823,30.04,23.244,4.824,7.123,5.892
55553,0.784,36.703,21.869,30.068,23.254,4.946,7.246,6.176
55554,0.793,36.844,21.881,30.097,23.251,4.947,7.166,6.017
55555,0.787,36.941,21.901,30.05,23.247,4.907,7.165,5.974
55556,0.777,36.961,21.889,30.059,23.251,4.947,7.165,6.015
55557,0.79,36.818,21.858,30.04,23.254,4.947,7.124,6.056
55558,0.8,36.96,21.877,30.068,23.251,4.947,7.124,5.975
55559,0.807,37.038,21.85,30.04,23.233,4.785,6.961,5.893
55560,0.8,36.982,21.873,30.03,23.247,4.824,7.082,6.014
55561,0.803,36.693,21.893,30.03,23.251,4.824,7.083,5.974
55562,0.803,36.806,21.893,30.049,23.244,4.783,7.042,5.974
55563,0.803,36.883,21.866,30.011,23.24,4.742,7.001,5.893
55564,0.803,36.635,21.916,30.03,23.247,4.905,7.123,6.054
55565,0.826,36.747,21.909,30.068,23.254,4.947,7.165,6.056
55566,0.8,36.864,21.851,30.03,23.251,4.866,7.084,5.975
55567,0.794,36.942,21.858,30.049,23.244,4.784,7.123,5.974
55568,0.793,36.664,21.901,30.049,23.254,4.824,7.083,6.055
55569,0.79,36.796,21.901,30.03,23.247,4.824,7.123,5.975
55570,0.787,36.902,21.893,30.011,23.24,4.743,7.002,5.852
55571,0.774,36.952,21.882,29.991,23.244,4.823,7.041,6.013
55572,0.777,36.683,21.862,30.03,23.24,4.824,7.001,5.974
55573,0.777,36.834,21.87,30.04,23.247,4.865,7.001,5.933
55574,0.767,36.941,21.874,30.02,23.24,4.743,6.96,5.933
55575,0.767,37.009,21.92,30.011,23.244,4.823,6.96,5.933
55576,0.793,36.598,21.788,30.068,23.254,4.987,7.082,6.096
55577,0.797,36.757,21.861,30.03,23.237,4.826,7.042,5.935
55578,0.784,36.845,21.815,30.03,23.247,4.905,6.96,6.014
55579,0.793,36.903,21.865,30.011,23.247,4.825,6.96,5.974
55580,0.8,36.731,21.854,30.03,23.251,4.905,7.041,6.015
55581,0.807,36.854,21.897,30.03,23.254,4.906,7.001,5.934
55582,0.807,36.951,21.87,30.04,23.237,4.662,6.96,5.892
55583,0.816,36.99,21.846,30.001,23.247,4.741,7.041,5.892
55584,0.807,36.646,21.908,29.991,23.244,4.742,7.042,5.973
55585,0.8,36.786,21.858,29.982,23.244,4.742,7.001,5.893
55586,0.794,36.883,21.854,29.991,23.24,4.783,6.96,6.014
55587,0.8,37.143,21.866,30.03,23.251,4.946,7.163,6.096
55588,0.8,36.82,21.889,30.03,23.254,4.866,7.084,5.975
55589,0.787,36.922,21.878,30.001,23.251,4.865,7.123,6.015
55590,0.784,37.019,21.905,30.001,23.251,4.906,7.165,5.974
55591,0.787,36.675,21.917,30.011,23.254,4.906,7.165,6.015
55592,0.784,36.633,21.862,30.011,23.251,4.865,7.165,6.015
55593,0.774,36.767,21.854,29.991,23.237,4.784,7.043,5.852
55594,0.764,36.816,21.881,29.991,23.24,4.783,7.123,6.013
55595,0.774,36.864,21.897,30.001,23.247,4.824,7.165,5.974
55596,0.777,36.999,21.784,29.991,23.244,4.824,7.084,5.974
55597,0.787,37.115,21.845,29.982,23.244,4.743,7.083,5.893
55598,0.793,37.184,21.866,29.972,23.251,4.783,7.123,6.054
55599,0.8,36.504,21.893,30.02,23.261,4.946,7.205,6.056
55600,0.816,36.641,21.862,30.011,23.247,4.785,7.125,6.097
55601,0.807,36.767,21.913,29.991,23.244,4.824,7.124,6.016
55602,0.823,36.835,21.901,30.03,23.251,4.783,7.124,5.974
55603,0.839,36.615,21.862,29.982,23.251,4.864,7.124,6.015
55604,0.82,36.747,21.92,29.982,23.247,4.865,7.043,5.974
55605,0.8,36.835,21.87,29.962,23.244,4.702,6.96,5.933
55606,0.787,36.903,21.842,29.991,23.251,4.823,7.082,6.014
55607,0.8,36.741,21.846,29.972,23.24,4.743,7.042,5.974
55608,0.787,36.854,21.854,29.953,23.24,4.783,6.96,5.974
55609,0.78,36.98,21.885,29.972,23.24,4.783,7.0,5.893
55610,0.78,37.048,21.885,29.981,23.251,4.905,7.163,6.176
55611,0.8,36.675,21.928,30.001,23.258,4.906,7.084,6.057
55612,0.781,36.777,21.886,29.991,23.244,4.825,7.123,6.097
55613,0.774,36.912,21.893,29.991,23.251,4.905,7.205,6.097
55614,0.777,36.913,21.917,30.001,23.24,4.825,7.084,6.056
55615,0.787,36.683,21.913,29.982,23.254,4.865,7.123,6.056
55616,0.787,36.815,21.862,29.982,23.24,4.662,7.002,5.893
55617,0.79,36.884,21.87,29.953,23.24,4.822,7.082,6.014
55618,0.793,36.798,21.854,29.962,23.237,4.824,7.042,5.974
55619,0.79,36.692,21.862,29.962,23.244,4.783,7.123,5.933
55620,0.79,36.834,21.854,29.962,23.247,4.702,7.043,5.974
55621,0.8,36.922,21.928,29.972,23.244,4.863,7.123,6.137
55622,0.81,36.645,21.882,30.001,23.258,4.987,7.205,6.098
55623,0.826,36.728,21.842,29.963,23.251,4.826,7.043,6.056
55624,0.81,36.835,21.893,29.953,23.247,4.824,7.164,6.015
55625,0.803,36.941,21.893,29.962,23.247,4.865,7.124,6.056
55626,0.8,36.607,21.921,29.981,23.251,4.906,7.083,6.015
55627,0.797,36.747,21.89,29.972,23.244,4.784,7.123,6.015
55628,0.787,36.835,21.878,29.934,23.23,4.702,6.961,5.934
55629,0.79,36.941,21.909,29.952,23.247,4.782,7.082,5.974
55630,0.803,36.607,21.854,29.962,23.244,4.824,7.002,5.933
55631,0.781,36.747,21.885,29.924,23.237,4.824,7.001,5.974
55632,0.758,36.864,21.823,29.943,23.24,4.783,7.041,6.055
55633,0.767,36.942,21.861,29.962,23.251,4.905,7.123,6.178
55634,0.787,36.712,21.885,29.991,23.261,4.906,7.083,6.057
55635,0.774,36.806,21.917,29.962,23.247,4.784,7.083,6.056
55636,0.793,36.922,21.855,29.962,23.244,4.905,7.123,6.097
55637,0.79,36.99,21.877,29.953,23.254,4.825,7.165,6.097
55638,0.793,36.569,21.897,29.972,23.251,4.865,7.124,6.097
55639,0.793,36.689,21.893,29.953,23.244,4.743,6.961,5.894
55640,0.79,36.786,21.878,29.953,23.247,4.864,7.082,6.014
55641,0.793,36.854,21.893,29.943,23.244,4.824,7.083,6.015
55642,0.806,36.558,21.843,29.952,23.244,4.865,7.002,6.015
55643,0.807,36.699,21.83,29.924,23.24,4.743,7.001,5.974
55644,0.803,36.806,21.877,29.943,23.244,4.823,7.123,6.137
55645,0.82,37.018,21.854,29.972,23.254,4.946,7.205,6.138
55646,0.803,36.569,21.862,29.953,23.247,4.825,7.084,6.057
55647,0.794,36.689,21.838,29.943,23.244,4.783,7.164,6.056
55648,0.797,36.786,21.877,29.972,23.251,4.864,7.165,6.056
55649,0.794,36.528,21.897,29.953,23.251,4.946,7.206,6.056
55650,0.79,36.574,21.878,29.943,23.244,4.825,7.084,5.934
55651,0.774,36.67,21.885,29.914,23.24,4.783,7.164,6.055
55652,0.78,36.805,21.803,29.933,23.251,4.864,7.124,6.097
55653,0.771,36.462,21.853,29.914,23.247,4.784,7.124,6.056
55654,0.774,36.564,21.889,29.923,23.24,4.742,7.124,5.975
55655,0.78,36.708,21.917,29.923,23.251,4.823,7.205,6.137
55656,0.8,36.806,21.815,29.991,23.254,4.946,7.247,6.057
55657,0.794,36.519,21.861,29.943,23.251,4.785,7.125,6.056
55658,0.79,36.65,21.866,29.952,23.251,4.824,7.165,5.975
55659,0.803,36.796,21.874,29.943,23.247,4.783,7.165,6.137
55660,0.81,36.883,21.909,29.962,23.254,4.864,7.206,6.098
55661,0.807,36.347,21.893,29.924,23.24,4.743,7.003,5.894
55662,0.8,36.476,21.878,29.943,23.247,4.823,7.163,5.973
55663,0.813,36.602,21.842,29.914,23.247,4.824,7.084,6.015
55664,0.813,36.651,21.912,29.904,23.244,4.783,7.002,5.934
55665,0.807,36.335,21.854,29.923,23.244,4.742,7.082,5.933
55666,0.8,36.476,21.858,29.914,23.251,4.823,7.123,6.055
55667,0.81,36.631,21.862,29.952,23.258,4.946,7.246,6.097
55668,0.807,36.632,21.866,29.933,23.247,4.825,7.084,6.016
55669,0.797,36.479,21.866,29.924,23.244,4.865,7.083,6.015
55670,0.794,36.612,21.87,29.923,23.251,4.865,7.083,6.015
55671,0.793,36.738,21.881,29.923,23.251,4.865,7.123,6.056
55672,0.79,36.739,21.807,29.933,23.247,4.824,7.043,5.934
55673,0.78,36.499,21.822,29.895,23.233,4.743,7.042,5.933
55674,0.784,36.621,21.885,29.914,23.251,4.783,7.082,5.974
55675,0.787,36.738,21.893,29.914,23.244,4.783,7.083,5.974
55676,0.79,36.509,21.905,29.952,23.24,4.742,7.002,5.893
55677,0.797,36.439,21.862,29.895,23.24,4.742,7.082,5.933
55678,0.81,36.573,21.885,29.933,23.258,4.986,7.205,6.136
55679,0.826,36.708,21.862,29.914,23.244,4.826,7.043,5.976
55680,0.817,36.326,21.885,29.923,23.247,4.865,7.123,6.015
55681,0.82,36.437,21.932,29.914,23.251,4.865,7.205,5.974
55682,0.833,36.573,21.898,29.923,23.251,4.865,7.165,5.933
55683,0.83,36.661,21.886,29.923,23.251,4.865,7.043,5.892
55684,0.833,36.297,21.882,29.876,23.237,4.662,7.001,5.851
55685,0.807,36.418,21.862,29.904,23.24,4.863,7.001,5.932
55686,0.807,36.553,21.858,29.885,23.244,4.824,6.96,5.974
55687,0.8,36.641,21.862,29.875,23.244,4.743,6.96,5.852
55688,0.807,36.268,21.862,29.894,23.24,4.783,7.0,5.851
55689,0.794,36.418,21.838,29.894,23.244,4.905,7.123,6.013
55690,0.81,36.582,21.873,29.933,23.258,4.947,7.124,5.974
55691,0.787,36.613,21.893,29.904,23.244,4.825,7.083,5.893
55692,0.784,36.344,21.839,29.923,23.244,4.865,7.164,6.054
55693,0.79,36.495,21.854,29.933,23.251,4.824,7.124,6.015
55694,0.8,36.602,21.909,29.914,23.251,4.905,7.165,5.974
55695,0.8,36.651,21.882,29.904,23.24,4.784,7.043,5.811
55696,0.79,36.278,21.842,29.885,23.24,4.824,7.123,6.013
55697,0.803,36.427,21.869,29.904,23.247,4.783,7.043,5.934
55698,0.807,36.515,21.862,29.895,23.244,4.783,7.082,5.974
55699,0.807,36.545,21.885,29.885,23.237,4.783,7.083,5.893
55700,0.807,36.248,21.862,29.894,23.247,4.824,7.205,6.014
55701,0.833,36.427,21.92,29.952,23.254,4.987,7.287,6.056
55702,0.826,36.534,21.901,29.905,23.24,4.866,7.207,5.893
55703,0.826,36.44,21.882,29.895,23.247,4.824,7.165,5.973
55704,0.83,36.161,21.917,29.904,23.247,4.905,7.206,5.974
55705,0.836,36.302,21.909,29.914,23.247,4.865,7.165,5.974
55706,0.833,36.428,21.874,29.904,23.244,4.784,7.165,5.811
55707,0.813,36.208,21.858,29.885,23.24,4.742,7.165,5.932
55708,0.8,36.321,21.87,29.904,23.247,4.823,7.206,5.974
55709,0.797,36.457,21.87,29.885,23.244,4.743,7.165,5.893
55710,0.794,36.554,21.835,29.875,23.24,4.742,7.124,5.892
55711,0.797,36.181,21.889,29.894,23.24,4.783,7.124,5.892
55712,0.797,36.379,21.878,29.933,23.258,4.946,7.368,6.136
55713,0.803,36.505,21.827,29.904,23.247,4.825,7.208,5.976
55714,0.797,36.554,21.873,29.895,23.251,4.824,7.125,5.974
55715,0.8,36.19,21.874,29.894,23.247,4.824,7.124,5.974
55716,0.81,36.331,21.885,29.894,23.247,4.865,7.205,5.933
55717,0.816,36.457,21.882,29.885,23.247,4.784,7.165,5.933
55718,0.813,36.496,21.889,29.875,23.244,4.702,7.002,5.811
55719,0.82,36.152,21.878,29.875,23.247,4.782,7.163,5.891
55720,0.826,36.33,21.905,29.885,23.24,4.783,7.084,5.933
55721,0.82,36.438,21.893,29.885,23.251,4.824,7.123,5.852
55722,0.839,36.477,21.901,29.856,23.247,4.743,7.043,5.851
55723,0.849,36.19,21.831,29.865,23.247,4.905,7.164,5.973
55724,0.859,36.359,21.912,29.913,23.258,4.987,7.246,5.974
55725,0.853,36.467,21.808,29.876,23.247,4.826,7.166,5.933
55726,0.846,36.506,21.853,29.885,23.247,4.824,7.165,5.974
55727,0.849,36.171,21.889,29.894,23.244,4.865,7.206,5.933
55728,0.849,36.302,21.866,29.885,23.247,4.824,7.287,5.892
55729,0.856,36.437,21.913,29.894,23.247,4.865,7.207,5.851
55730,0.849,36.745,21.886,29.847,23.237,4.702,7.165,5.81
55731,0.862,36.212,21.893,29.894,23.244,4.742,7.206,5.85
55732,0.859,36.331,21.874,29.866,23.244,4.742,7.247,5.851
55733,0.866,36.447,21.831,29.856,23.24,4.742,7.166,5.851
55734,0.862,36.094,21.869,29.856,23.247,4.823,7.246,5.851
55735,0.862,36.109,21.807,29.894,23.254,4.824,7.288,6.054
55736,0.905,36.272,21.842,29.914,23.261,4.905,7.451,5.893
55737,0.905,36.332,21.811,29.866,23.247,4.784,7.371,5.892
55738,0.915,36.064,21.842,29.875,23.247,4.864,7.411,5.933
55739,0.918,36.186,21.893,29.885,23.247,4.906,7.411,5.933
55740,0.918,36.34,21.878,29.885,23.251,4.865,7.493,5.974
55741,0.909,36.409,21.885,29.875,23.24,4.824,7.331,5.811
55742,0.908,36.045,21.885,29.846,23.244,4.865,7.492,5.891
55743,0.934,36.214,21.87,29.865,23.247,4.865,7.534,5.892
55744,0.931,36.321,21.932,29.846,23.24,4.824,7.494,5.851
55745,0.922,36.409,21.839,29.846,23.24,4.743,7.453,5.851
55746,0.899,36.064,21.858,29.837,23.244,4.864,7.574,5.973
55747,0.915,36.262,21.881,29.894,23.258,4.987,7.616,6.015
55748,0.912,36.351,21.866,29.875,23.251,4.826,7.535,5.974
55749,0.905,36.409,21.901,29.865,23.247,4.865,7.575,5.893
55750,0.915,36.016,21.87,29.875,23.251,4.824,7.575,5.973
55751,0.918,36.166,21.905,29.885,23.251,4.905,7.575,5.974
55752,0.905,36.273,21.87,29.856,23.237,4.744,7.413,5.852
55753,0.882,36.303,21.811,29.865,23.244,4.823,7.615,5.891
55754,0.898,36.13,21.912,29.865,23.24,4.824,7.657,5.973
55755,0.908,36.253,21.8,29.837,23.24,4.865,7.576,5.933
55756,0.912,36.37,21.842,29.836,23.24,4.784,7.657,5.852
55757,0.908,36.4,21.854,29.865,23.251,4.905,7.739,6.095
55758,0.918,36.074,21.862,29.875,23.254,4.906,7.781,6.016
55759,0.912,36.176,21.901,29.875,23.251,4.825,7.7,6.015
55760,0.922,36.283,21.874,29.865,23.244,4.824,7.658,6.015
55761,0.941,36.188,21.897,29.856,23.251,4.865,7.698,6.056
55762,0.954,36.11,21.893,29.865,23.251,4.865,7.658,6.056
55763,0.951,36.224,21.854,29.837,23.24,4.743,7.455,5.893
55764,0.948,36.293,21.909,29.846,23.24,4.823,7.574,6.014
55765,0.958,35.967,21.819,29.856,23.244,4.824,7.575,5.974
55766,0.941,36.06,21.854,29.846,23.24,4.824,7.535,6.015
55767,0.941,36.195,21.846,29.827,23.244,4.743,7.494,6.015
55768,0.935,36.283,21.846,29.836,23.247,4.823,7.616,6.137
55769,0.945,35.938,21.869,29.884,23.258,4.946,7.657,6.179
55770,0.919,36.069,21.87,29.856,23.251,4.866,7.495,6.057
55771,0.902,36.205,21.916,29.837,23.247,4.824,7.534,6.015
55772,0.892,36.273,21.839,29.865,23.244,4.905,7.534,6.137
55773,0.886,35.948,21.862,29.865,23.251,4.865,7.616,6.138
55774,0.889,36.088,21.924,29.846,23.24,4.824,7.454,6.016
55775,0.879,36.167,21.882,29.837,23.237,4.743,7.452,6.056
55776,0.898,36.283,21.792,29.875,23.247,4.823,7.452,6.056
55777,0.902,35.996,21.826,29.827,23.233,4.824,7.412,6.015
55778,0.908,36.108,21.838,29.827,23.24,4.743,7.411,5.974
55779,0.905,36.244,21.858,29.817,23.244,4.742,7.452,6.055
55780,0.912,36.322,21.834,29.865,23.258,5.027,7.574,6.219
55781,0.918,35.977,21.901,29.856,23.247,4.826,7.454,6.139
55782,0.909,36.089,21.874,29.837,23.244,4.824,7.452,6.057
55783,0.905,36.215,21.862,29.846,23.251,4.824,7.493,6.097
55784,0.892,36.245,21.913,29.856,23.251,4.865,7.494,6.138
55785,0.886,35.967,21.843,29.846,23.247,4.824,7.453,6.016
55786,0.853,36.041,21.877,29.817,23.237,4.743,7.29,6.015
55787,0.856,36.176,21.87,29.836,23.247,4.742,7.329,5.974
55788,0.849,36.388,21.827,29.846,23.247,4.742,7.289,5.974
55789,0.84,36.189,21.838,29.837,23.244,4.742,7.288,5.974
55790,0.817,36.311,21.834,29.836,23.244,4.864,7.329,6.015
55791,0.81,36.437,21.908,29.856,23.254,4.906,7.37,6.096
55792,0.826,35.959,21.886,29.894,23.258,4.784,7.289,6.097
55793,0.8,35.954,21.846,29.847,23.244,4.783,7.288,6.056
55794,0.803,36.089,21.92,29.837,23.251,4.864,7.329,6.097
55795,0.794,36.195,21.866,29.827,23.244,4.906,7.37,6.056
55796,0.8,35.928,21.87,29.836,23.251,4.865,7.289,6.097
55797,0.803,36.05,21.866,29.808,23.24,4.662,7.207,5.894
55798,0.787,36.138,21.862,29.836,23.244,4.822,7.287,6.095
55799,0.806,36.225,21.877,29.836,23.24,4.824,7.288,6.056
55800,0.794,35.9,21.85,29.827,23.244,4.743,7.247,6.015
55801,0.79,36.03,21.881,29.808,23.247,4.742,7.328,5.974
55802,0.806,36.137,21.87,29.846,23.247,4.783,7.41,6.055
55803,0.813,36.273,21.85,29.875,23.254,4.905,7.452,6.097
55804,0.807,36.005,21.881,29.818,23.251,4.825,7.371,6.056
55805,0.777,36.137,21.854,29.855,23.244,4.824,7.411,6.137
55806,0.784,36.263,21.85,29.837,23.251,4.865,7.452,6.057
55807,0.784,36.322,21.893,29.827,23.251,4.784,7.452,6.137
55808,0.771,35.843,21.858,29.836,23.244,4.824,7.371,6.016
55809,0.748,35.972,21.866,29.798,23.233,4.743,7.33,5.974
55810,0.744,36.098,21.866,29.817,23.247,4.783,7.41,5.974
55811,0.747,36.138,21.913,29.827,23.254,4.742,7.411,6.015
55812,0.728,35.879,21.874,29.817,23.247,4.742,7.411,6.015
55813,0.728,36.021,21.831,29.807,23.24,4.742,7.371,6.015
55814,0.738,36.128,21.932,29.836,23.251,4.945,7.573,6.218
55815,0.757,36.157,21.866,29.856,23.254,4.907,7.454,6.058
55816,0.751,35.985,21.877,29.837,23.244,4.784,7.452,6.056
55817,0.757,36.118,21.854,29.836,23.247,4.824,7.534,6.056
55818,0.764,36.215,21.873,29.827,23.251,4.824,7.494,6.097
55819,0.774,35.938,21.866,29.836,23.251,4.865,7.453,6.097
55820,0.764,35.858,21.85,29.817,23.24,4.784,7.29,5.894
55821,0.754,35.973,21.893,29.807,23.244,4.783,7.451,6.054
55822,0.774,36.089,21.874,29.836,23.247,4.783,7.412,6.015
55823,0.771,35.793,21.842,29.808,23.247,4.783,7.371,6.015
55824,0.761,35.886,21.893,29.798,23.237,4.742,7.33,5.974
55825,0.774,36.021,21.733,29.807,23.244,4.742,7.329,6.055
55826,0.767,36.156,21.849,29.855,23.258,4.905,7.532,6.137
55827,0.761,35.851,21.862,29.817,23.244,4.784,7.331,6.098
55828,0.754,36.011,21.858,29.817,23.251,4.783,7.37,6.097
55829,0.751,36.118,21.885,29.817,23.251,4.864,7.411,6.056
55830,0.751,36.215,21.882,29.836,23.251,4.906,7.371,6.137
55831,0.751,35.736,21.917,29.827,23.244,4.744,7.33,6.057
55832,0.725,35.856,21.862,29.798,23.237,4.701,7.248,5.975
55833,0.737,35.982,21.838,29.817,23.247,4.782,7.369,6.015
55834,0.734,36.06,21.912,29.827,23.244,4.742,7.289,6.015
55835,0.738,35.907,21.835,29.808,23.24,4.742,7.207,5.974
55836,0.741,36.04,21.865,29.807,23.237,4.783,7.287,6.015
55837,0.76,36.176,21.827,29.836,23.258,4.905,7.369,6.137
55838,0.761,36.244,21.846,29.827,23.247,4.784,7.248,6.057
55839,0.761,35.823,21.881,29.827,23.244,4.742,7.288,6.056
55840,0.761,35.972,21.909,29.808,23.244,4.823,7.288,6.015
55841,0.77,36.089,21.94,29.817,23.254,4.783,7.288,6.015
55842,0.761,36.119,21.863,29.798,23.247,4.824,7.166,6.015
55843,0.767,35.908,21.854,29.788,23.23,4.702,7.043,5.974
55844,0.761,36.031,21.905,29.807,23.24,4.742,7.164,6.015
55845,0.757,36.137,21.893,29.817,23.244,4.701,7.165,5.934
55846,0.764,36.062,21.843,29.807,23.24,4.701,7.084,5.974
55847,0.751,35.831,21.834,29.807,23.24,4.742,7.042,5.933
55848,0.748,35.943,21.815,29.807,23.247,4.742,7.164,6.055
55849,0.751,36.088,21.838,29.846,23.261,4.905,7.165,6.056
55850,0.757,35.869,21.862,29.798,23.244,4.825,7.124,5.975
55851,0.754,35.925,21.92,29.807,23.247,4.824,7.043,6.015
55852,0.744,36.069,21.882,29.826,23.244,4.783,7.082,6.096
55853,0.751,36.166,21.866,29.827,23.251,4.864,7.042,6.056
55854,0.751,35.851,21.893,29.798,23.24,4.702,6.92,5.893
55855,0.741,35.934,21.835,29.807,23.24,4.782,7.0,6.014
55856,0.764,36.098,21.862,29.798,23.24,4.742,6.96,5.974
55857,0.761,36.186,21.842,29.798,23.237,4.701,6.96,5.974
55858,0.761,35.669,21.858,29.798,23.244,4.66,7.0,5.974
55859,0.761,35.817,21.846,29.807,23.247,4.822,7.082,6.137
55860,0.79,35.982,21.873,29.855,23.258,4.946,7.123,6.057
55861,0.787,36.022,21.862,29.798,23.241,4.825,7.043,6.056
55862,0.79,35.802,21.87,29.807,23.247,4.783,6.96,5.975
55863,0.79,35.953,21.877,29.807,23.247,4.864,7.041,6.055
55864,0.79,36.05,21.92,29.798,23.258,4.824,7.001,6.056
55865,0.784,36.099,21.894,29.855,23.237,4.702,6.919,5.853
55866,0.771,35.726,21.846,29.798,23.244,4.782,7.0,6.013
55867,0.78,35.914,21.862,29.798,23.247,4.742,6.96,6.015
55868,0.777,36.002,21.862,29.798,23.244,4.742,6.96,5.934
55869,0.767,36.032,21.866,29.798,23.24,4.701,6.878,5.933
55870,0.761,35.744,21.85,29.798,23.247,4.701,6.877,6.014
55871,0.767,35.914,21.881,29.826,23.265,4.863,7.0,6.178
55872,0.767,36.031,21.858,29.808,23.251,4.743,6.919,6.017
55873,0.751,36.367,21.834,29.798,23.247,4.823,6.919,6.056
55874,0.767,35.815,21.881,29.798,23.251,4.783,6.959,6.137
55875,0.77,35.934,21.839,29.817,23.244,4.783,6.96,6.138
55876,0.787,36.06,21.885,29.807,23.254,4.824,6.838,5.976
55877,0.806,35.706,21.878,29.759,23.237,4.702,6.755,5.974
55878,0.833,35.731,21.862,29.788,23.247,4.782,6.836,6.055
55879,0.859,35.866,21.893,29.798,23.244,4.783,6.837,5.975
55880,0.888,35.953,21.862,29.798,23.24,4.742,6.837,5.974
55881,0.921,35.753,21.881,29.778,23.24,4.701,6.877,6.055
55882,0.957,35.904,21.881,29.817,23.258,4.904,7.0,6.097
55883,0.994,36.059,21.866,29.827,23.254,4.865,6.919,5.975
55884,0.997,36.109,21.897,29.788,23.244,4.743,6.959,5.974
55885,1.004,35.524,21.811,29.807,23.247,4.783,7.0,6.055
55886,1.004,35.662,21.834,29.798,23.251,4.864,7.041,6.015
55887,1.02,35.808,21.854,29.798,23.247,4.824,7.123,6.015
55888,1.04,35.838,21.862,29.788,23.244,4.783,6.921,5.893
55889,1.056,35.665,21.873,29.788,23.247,4.783,7.041,6.014
55890,1.089,35.798,21.85,29.798,23.24,4.783,7.123,5.934
55891,1.128,35.924,21.858,29.778,23.24,4.783,7.043,5.974
55892,1.161,35.992,21.741,29.797,23.233,4.742,7.082,5.974
55893,1.194,35.725,21.825,29.798,23.244,4.823,7.164,6.096
55894,1.256,35.866,21.897,29.817,23.261,4.905,7.246,6.178
55895,1.315,35.973,21.843,29.798,23.244,4.825,7.166,5.976
55896,1.339,36.002,21.858,29.807,23.244,4.824,7.287,6.055
55897,1.355,35.667,21.831,29.798,23.247,4.865,7.247,6.137
55898,1.359,35.808,21.908,29.807,23.251,4.824,7.166,6.219
55899,1.355,35.924,21.886,29.798,23.244,4.824,7.165,6.098
55900,1.355,35.935,21.854,29.759,23.237,4.661,7.084,6.097
55901,1.391,35.782,21.87,29.788,23.24,4.782,7.164,6.138
55902,1.398,35.905,21.877,29.788,23.247,4.783,7.206,6.138
55903,1.375,36.021,21.878,29.788,23.24,4.783,7.125,6.138
55904,1.342,35.744,21.878,29.759,23.237,4.742,7.205,6.098
55905,1.332,35.626,21.862,29.807,23.244,4.945,7.328,6.422
55906,1.339,35.788,21.873,29.817,23.251,4.866,7.207,6.304
55907,1.303,35.866,21.862,29.798,23.251,4.865,7.206,6.425
55908,1.247,35.675,21.858,29.778,23.247,4.865,7.125,6.426
55909,1.198,35.779,21.877,29.788,23.254,4.865,7.287,6.548
55910,1.126,35.933,21.85,29.798,23.251,4.865,7.247,6.752
55911,1.067,36.002,21.897,29.778,23.24,4.702,7.044,6.714
55912,1.011,35.562,21.843,29.769,23.24,4.782,7.204,6.998
55913,0.968,35.739,21.842,29.797,23.247,4.824,7.165,7.204
55914,0.919,35.847,21.873,29.798,23.24,4.783,7.124,7.45
55915,0.873,35.915,21.799,29.788,23.237,4.824,7.083,7.656
55916,0.83,35.599,21.846,29.759,23.237,4.824,7.164,7.942
55917,0.804,35.769,21.846,29.797,23.258,4.987,7.287,8.433
55918,0.774,35.914,21.862,29.798,23.251,4.866,7.125,8.438
55919,0.748,35.935,21.854,29.788,23.251,4.865,7.165,8.763
55920,0.718,35.647,21.862,29.778,23.244,4.865,7.124,8.929
55921,0.692,35.769,21.909,29.788,23.254,4.865,7.165,9.093
55922,0.679,35.895,21.89,29.798,23.24,4.865,7.084,9.217
55923,0.656,35.925,21.866,29.731,23.233,4.662,7.042,9.259
55924,0.636,35.561,21.913,29.778,23.247,4.822,7.042,9.463
55925,0.646,35.711,21.823,29.788,23.244,4.865,7.042,9.465
55926,0.668,35.808,21.822,29.759,23.24,4.743,6.96,9.546
55927,0.698,35.857,21.838,29.759,23.244,4.783,7.0,9.669
55928,0.734,35.666,21.842,29.788,23.251,4.864,7.123,9.833
55929,0.773,35.817,21.873,29.826,23.258,4.906,7.043,9.956
55930,0.784,35.895,21.831,29.788,23.251,4.865,7.082,9.957
55931,0.806,35.944,21.912,29.759,23.247,4.824,7.042,10.161
55932,0.803,35.628,21.862,29.797,23.251,4.865,7.082,10.285
55933,0.82,35.778,21.858,29.788,23.247,4.906,7.205,10.571
55934,0.836,35.876,21.862,29.778,23.244,4.825,7.003,10.614
55935,0.826,35.608,21.799,29.75,23.237,4.824,7.123,10.899
55936,0.852,35.73,21.849,29.768,23.247,4.824,7.165,11.105
55937,0.846,35.837,21.83,29.769,23.24,4.743,7.206,11.189
55938,0.843,35.915,21.854,29.74,23.247,4.783,7.206,11.312
55939,0.846,35.513,21.819,29.759,23.237,4.824,7.165,11.516
55940,0.853,35.681,21.838,29.797,23.251,4.987,7.409,11.762
55941,0.872,35.817,21.854,29.769,23.251,4.907,7.289,11.642
55942,0.872,35.895,21.873,29.769,23.244,4.865,7.288,11.601
55943,0.869,35.561,21.878,29.778,23.247,4.865,7.288,11.641
55944,0.866,35.701,21.862,29.778,23.254,4.865,7.288,11.723
55945,0.866,35.846,21.881,29.769,23.251,4.946,7.288,11.561
55946,0.843,35.905,21.874,29.749,23.24,4.785,7.085,11.437
55947,0.839,35.542,21.854,29.759,23.247,4.864,7.327,11.436
55948,0.843,35.682,21.881,29.759,23.244,4.824,7.248,11.314
55949,0.839,35.808,21.858,29.749,23.24,4.865,7.166,11.272
55950,0.836,35.867,21.831,29.759,23.24,4.784,7.084,11.15
55951,0.839,35.484,21.893,29.759,23.251,4.864,7.286,11.108
55952,0.833,35.662,21.893,29.816,23.261,4.946,7.369,11.067
55953,0.817,35.74,21.839,29.779,23.244,4.866,7.248,11.026
55954,0.816,35.799,21.85,29.778,23.251,4.865,7.166,10.822
55955,0.82,35.521,21.819,29.778,23.254,4.865,7.206,10.82
55956,0.833,35.672,21.857,29.769,23.251,4.865,7.247,10.617
55957,0.836,35.76,21.862,29.749,23.244,4.824,7.084,10.493
55958,0.836,35.789,21.866,29.778,23.251,4.865,7.164,10.491
55959,0.856,35.588,21.846,29.759,23.244,4.906,7.124,10.41
55960,0.853,35.701,21.862,29.759,23.247,4.906,7.124,10.247
55961,0.859,35.789,21.866,29.759,23.237,4.825,7.205,10.204
55962,0.859,35.636,21.858,29.769,23.251,4.946,7.287,10.245
55963,0.875,35.673,21.885,29.778,23.251,4.907,7.207,10.001
55964,0.863,35.769,21.866,29.75,23.244,4.865,7.287,9.917
55965,0.849,35.866,21.823,29.788,23.251,4.865,7.329,9.835
55966,0.849,35.484,21.818,29.778,23.244,4.946,7.41,9.712
55967,0.849,35.604,21.869,29.778,23.251,4.866,7.411,9.63
55968,0.846,35.711,21.866,29.759,23.237,4.784,7.289,9.426
55969,0.827,35.789,21.874,29.74,23.237,4.824,7.41,9.464
55970,0.846,35.502,21.893,29.768,23.244,4.824,7.371,9.302
55971,0.836,35.633,21.909,29.74,23.237,4.824,7.33,9.26
55972,0.839,35.75,21.87,29.74,23.237,4.743,7.37,9.178
55973,0.839,35.856,21.858,29.749,23.247,4.783,7.411,9.177
55974,0.843,35.579,21.885,29.797,23.265,4.946,7.574,9.177
55975,0.843,35.711,21.815,29.778,23.244,4.866,7.332,8.933
55976,0.843,35.818,21.795,29.759,23.244,4.824,7.41,8.89
55977,0.853,35.886,21.834,29.759,23.244,4.824,7.452,8.849
55978,0.856,35.484,21.862,29.778,23.247,4.865,7.452,8.808
55979,0.862,35.624,21.858,29.759,23.244,4.824,7.452,8.645
55980,0.856,35.721,21.862,29.721,23.237,4.702,7.33,8.481
55981,0.856,35.779,21.846,29.759,23.247,4.782,7.41,8.479
55982,0.879,35.492,21.854,29.759,23.247,4.783,7.371,8.398
55983,0.872,35.595,21.85,29.74,23.247,4.824,7.37,8.356
55984,0.866,35.682,21.869,29.74,23.237,4.783,7.37,8.315
55985,0.869,35.76,21.858,29.768,23.251,4.905,7.533,8.315
55986,0.872,35.607,21.811,29.778,23.258,4.825,7.494,8.274
55987,0.863,35.702,21.861,29.759,23.247,4.824,7.371,8.111
55988,0.853,35.827,21.87,29.749,23.251,4.824,7.411,8.191
55989,0.849,35.675,21.874,29.768,23.254,4.865,7.411,8.029
55990,0.856,35.491,21.893,29.778,23.247,4.865,7.411,8.109
55991,0.866,35.605,21.909,29.74,23.24,4.784,7.208,7.825
55992,0.846,35.711,21.862,29.73,23.24,4.864,7.287,7.944
55993,0.853,35.453,21.823,29.768,23.251,4.784,7.329,7.783
55994,0.846,35.547,21.881,29.749,23.251,4.824,7.289,7.781
55995,0.84,35.672,21.827,29.749,23.244,4.783,7.166,7.7
55996,0.846,35.76,21.842,29.74,23.244,4.783,7.246,7.658
55997,0.859,35.425,21.85,29.768,23.254,4.946,7.41,7.902
55998,0.872,35.575,21.85,29.769,23.244,4.825,7.208,7.742
55999,0.863,35.682,21.838,29.759,23.244,4.824,7.247,7.659
56000,0.875,35.76,21.865,29.749,23.251,4.824,7.247,7.617
56001,0.869,35.358,21.885,29.768,23.251,4.905,7.247,7.617
56002,0.889,35.526,21.85,29.759,23.251,4.825,7.206,7.495
56003,0.879,35.614,21.803,29.73,23.24,4.743,7.043,7.331
56004,0.879,35.692,21.892,29.749,23.251,4.783,7.204,7.41
56005,0.882,35.386,21.843,29.759,23.244,4.783,7.165,7.33
56006,0.869,35.546,21.819,29.759,23.244,4.742,7.206,7.289
56007,0.869,35.643,21.83,29.74,23.244,4.742,7.165,7.288
56008,0.872,35.712,21.865,29.74,23.251,4.945,7.328,7.451
56009,0.872,35.482,21.885,29.778,23.254,4.825,7.248,7.33
56010,0.869,35.595,21.874,29.75,23.247,4.824,7.206,7.248
56011,0.872,35.692,21.862,29.749,23.247,4.905,7.328,7.125
56012,0.869,35.741,21.881,29.778,23.247,4.825,7.289,7.287
56013,0.866,35.434,21.878,29.778,23.254,4.865,7.288,7.207
56014,0.856,35.546,21.874,29.73,23.234,4.743,7.166,7.043
56015,0.856,35.653,21.874,29.749,23.244,4.905,7.287,7.123
56016,0.869,35.99,21.842,29.74,23.251,4.865,7.329,7.124
56017,0.876,35.504,21.869,29.74,23.244,4.824,7.207,7.083
56018,0.869,35.605,21.862,29.73,23.244,4.783,7.247,7.083
56019,0.879,35.74,21.842,29.749,23.247,4.905,7.369,7.164
56020,0.895,35.415,21.862,29.788,23.258,4.987,7.37,7.124
56021,0.892,35.412,21.846,29.731,23.251,4.826,7.248,7.043
56022,0.895,35.537,21.846,29.759,23.244,4.905,7.288,7.001
56023,0.905,35.643,21.85,29.759,23.244,4.825,7.288,7.041
56024,0.905,36.296,21.869,29.759,23.251,4.824,7.288,7.042
56025,0.905,36.476,21.877,29.749,23.244,4.824,7.247,6.879
56026,0.886,36.554,21.811,29.72,23.24,4.824,7.288,7.0
56027,0.892,36.66,21.85,29.739,23.247,4.783,7.207,6.96
56028,0.886,34.993,21.827,29.749,23.251,4.824,7.206,6.878
56029,0.879,35.101,21.85,29.72,23.24,4.783,7.084,6.877
56030,0.872,35.265,21.846,29.711,23.244,4.824,7.205,6.959
56031,0.882,35.372,21.885,29.749,23.261,4.987,7.328,6.96
56032,0.889,35.565,21.87,29.74,23.247,4.866,7.207,6.96
56033,0.866,35.682,21.842,29.749,23.244,4.906,7.247,6.919
56034,0.866,35.808,21.901,29.74,23.244,4.906,7.288,6.837
56035,0.879,35.886,21.85,29.749,23.251,4.906,7.207,6.877
56036,0.889,35.302,21.866,29.73,23.251,4.906,7.206,6.837
56037,0.879,35.392,21.862,29.701,23.24,4.784,7.084,6.755
56038,0.869,35.527,21.842,29.739,23.244,4.824,7.164,6.795
56039,0.889,35.576,21.877,29.73,23.244,4.824,7.124,6.755
56040,0.895,35.366,21.881,29.739,23.24,4.824,7.124,6.714
56041,0.902,35.517,21.854,29.72,23.244,4.783,7.165,6.713
56042,0.912,35.643,21.838,29.739,23.254,4.986,7.368,6.876
56043,0.928,35.712,21.83,29.749,23.251,4.866,7.167,6.715
56044,0.905,35.194,21.85,29.711,23.247,4.743,7.165,6.713
56045,0.899,35.333,21.838,29.739,23.254,4.864,7.246,6.672
56046,0.908,35.459,21.838,29.73,23.247,4.946,7.247,6.713
56047,0.908,35.47,21.865,29.749,23.247,4.907,7.166,6.713
56048,0.905,35.499,21.842,29.701,23.244,4.744,7.043,6.591
56049,0.892,35.614,21.854,29.72,23.244,4.905,7.204,6.631
56050,0.902,35.73,21.885,29.73,23.247,4.825,7.125,6.631
56051,0.892,35.156,21.87,29.72,23.24,4.824,7.083,6.631
56052,0.902,35.256,21.854,29.711,23.244,4.824,7.123,6.672
56053,0.899,35.391,21.83,29.739,23.254,4.987,7.205,6.753
56054,0.908,35.517,21.893,29.759,23.254,4.907,7.125,6.714
56055,0.892,35.317,21.784,29.74,23.251,4.865,7.124,6.672
56056,0.915,35.459,21.826,29.73,23.247,4.824,7.165,6.631
56057,0.918,35.585,21.854,29.739,23.247,4.865,7.206,6.672
56058,0.935,35.663,21.854,29.74,23.247,4.865,7.125,6.631
56059,0.931,35.194,21.862,29.72,23.24,4.662,7.043,6.468
56060,0.922,35.333,21.866,29.73,23.24,4.863,7.082,6.629
56061,0.925,35.459,21.874,29.73,23.24,4.784,7.164,6.55
56062,0.925,35.518,21.858,29.72,23.24,4.824,7.043,6.549
56063,0.935,35.499,21.838,29.711,23.244,4.783,7.042,6.508
56064,0.935,35.662,21.865,29.72,23.254,4.986,7.164,6.63
56065,0.941,35.798,21.877,29.73,23.254,4.866,7.002,6.55
56066,0.919,35.838,21.835,29.72,23.247,4.824,7.041,6.59
56067,0.925,35.09,21.83,29.739,23.247,4.865,7.042,6.549
56068,0.931,35.236,21.822,29.749,23.251,4.824,7.082,6.508
56069,0.928,35.353,21.861,29.72,23.251,4.824,7.002,6.467
56070,0.928,35.363,21.866,29.711,23.237,4.783,6.919,6.386
56071,0.915,35.306,21.854,29.72,23.251,4.824,7.041,6.425
56072,0.925,35.459,21.866,29.72,23.247,4.824,7.001,6.466
56073,0.912,35.566,21.823,29.72,23.237,4.743,6.96,6.426
56074,0.915,35.538,21.857,29.711,23.244,4.783,7.0,6.426
56075,0.915,35.231,21.854,29.758,23.244,4.905,7.163,6.426
56076,0.931,35.401,21.823,29.749,23.254,4.987,7.124,6.466
56077,0.935,35.46,21.857,29.73,23.254,4.866,7.083,6.386
56078,0.941,35.24,21.838,29.73,23.247,4.824,7.164,6.425
56079,0.941,35.324,21.877,29.73,23.251,4.865,7.124,6.466
56080,0.945,35.44,21.866,29.749,23.247,4.906,7.165,6.426
56081,0.948,35.527,21.889,29.711,23.24,4.784,7.002,6.304
56082,0.941,35.145,21.882,29.711,23.244,4.824,7.123,6.343
56083,0.971,35.294,21.866,29.72,23.244,4.743,7.165,6.303
56084,0.964,35.42,21.862,29.711,23.244,4.783,7.165,6.343
56085,0.958,35.508,21.834,29.711,23.24,4.742,7.165,6.303
56086,0.941,35.135,21.822,29.73,23.244,4.864,7.287,6.343
56087,0.948,35.304,21.885,29.749,23.254,4.906,7.41,6.466
56088,0.954,35.42,21.823,29.73,23.244,4.784,7.249,6.345
56089,0.938,35.47,21.85,29.72,23.254,4.824,7.288,6.303
56090,0.945,35.211,21.815,29.72,23.251,4.865,7.288,6.343
56091,0.945,35.372,21.916,29.739,23.244,4.865,7.329,6.343
56092,0.941,35.498,21.87,29.72,23.251,4.743,7.207,6.262
56093,0.925,35.509,21.842,29.701,23.233,4.783,7.247,6.221
56094,0.938,35.068,21.889,29.72,23.24,4.783,7.206,6.302
56095,0.941,35.197,21.772,29.739,23.24,4.783,7.206,6.262
56096,0.948,35.324,21.822,29.711,23.24,4.742,7.206,6.18
56097,0.951,35.354,21.811,29.711,23.24,4.823,7.328,6.261
56098,0.967,35.248,21.822,29.758,23.254,4.905,7.289,6.384
56099,0.971,35.372,21.85,29.73,23.251,4.825,7.207,6.222
56100,0.971,35.479,21.862,29.739,23.251,4.865,7.247,6.261
56101,0.977,35.556,21.909,29.72,23.247,4.865,7.288,6.302
56102,0.99,35.26,21.878,29.73,23.251,4.906,7.247,6.262
56103,0.994,35.391,21.874,29.739,23.244,4.825,7.084,6.18
56104,0.974,35.45,21.842,29.682,23.237,4.702,7.083,6.139
56105,0.99,35.278,21.846,29.729,23.244,4.742,7.083,6.219
56106,0.991,35.257,21.834,29.73,23.244,4.783,7.123,6.22
56107,0.981,35.382,21.85,29.711,23.24,4.702,7.043,6.139
56108,0.977,35.469,21.815,29.72,23.244,4.782,7.082,6.179
56109,0.987,35.269,21.838,29.749,23.265,4.864,7.245,6.342
56110,0.994,35.391,21.83,29.73,23.251,4.743,7.084,6.221
56111,0.974,35.508,21.873,29.739,23.247,4.823,7.042,6.139
56112,0.981,35.605,21.831,29.74,23.244,4.824,7.042,6.26
56113,0.971,35.184,21.834,29.749,23.254,4.865,7.042,6.262
56114,0.974,35.314,21.858,29.74,23.244,4.743,7.001,6.099
56115,0.968,35.43,21.799,29.711,23.233,4.701,6.879,6.097
56116,0.987,35.508,21.838,29.739,23.251,4.782,6.959,6.138
56117,0.987,35.279,21.83,29.74,23.247,4.702,6.919,6.138
56118,1.004,35.43,21.877,29.72,23.251,4.782,7.0,6.057
56119,1.01,35.518,21.854,29.72,23.247,4.702,6.879,6.097
56120,1.017,35.595,21.866,29.73,23.251,4.863,7.0,6.178
56121,1.036,35.327,21.831,29.749,23.258,4.865,6.919,6.179
56122,1.024,35.44,21.826,29.73,23.247,4.743,6.796,6.179
56123,1.027,35.566,21.869,29.72,23.251,4.783,6.877,6.098
56124,1.04,35.615,21.831,29.73,23.251,4.783,6.918,6.178
56125,1.05,35.414,21.838,29.739,23.247,4.824,6.919,6.139
56126,1.04,35.556,21.842,29.73,23.244,4.743,6.756,6.016
56127,1.03,35.634,21.865,29.692,23.237,4.701,6.795,6.015
56128,1.037,35.692,21.874,29.73,23.247,4.742,6.795,6.096
56129,1.037,35.559,21.881,29.73,23.247,4.701,6.755,5.975
56130,1.03,35.701,21.846,29.72,23.244,4.782,6.754,6.055
56131,1.03,35.779,21.873,29.701,23.247,4.783,6.795,6.137
56132,1.043,35.742,21.866,29.749,23.258,4.986,6.917,6.179
56133,1.053,35.607,21.85,29.74,23.247,4.826,6.796,6.057
56134,1.037,35.682,21.862,29.73,23.247,4.865,6.877,6.137
56135,1.04,35.798,21.784,29.749,23.247,4.865,6.755,6.138
56136,1.043,35.665,21.795,29.73,23.254,4.824,6.754,6.179
56137,1.05,35.788,21.818,29.73,23.244,4.865,6.714,6.057
56138,1.056,35.866,21.854,29.682,23.237,4.662,6.672,6.015
56139,1.066,35.992,21.858,29.72,23.244,4.782,6.713,6.096
56140,1.069,35.705,21.834,29.72,23.24,4.702,6.713,6.056
56141,1.076,35.808,21.799,29.72,23.24,4.742,6.672,6.015
56142,1.086,35.953,21.842,29.72,23.237,4.701,6.753,6.096
56143,1.096,36.06,21.881,29.72,23.254,4.863,6.836,6.178
56144,1.109,35.831,21.842,29.739,23.261,4.784,6.755,6.057
56145,1.096,35.953,21.85,29.73,23.247,4.824,6.795,6.056
56146,1.102,36.089,21.819,29.72,23.251,4.783,6.714,6.097
56147,1.093,36.138,21.885,29.739,23.251,4.783,6.835,6.178
56148,1.089,35.947,21.858,29.74,23.254,4.824,6.918,6.098
56149,1.092,36.069,21.87,29.701,23.24,4.661,6.674,5.975
56150,1.089,36.166,21.846,29.72,23.244,4.822,6.875,6.055
56151,1.096,36.254,21.873,29.72,23.244,4.783,6.796,6.015
56152,1.096,36.168,21.846,29.711,23.244,4.742,6.795,6.015
56153,1.096,36.283,21.807,29.701,23.237,4.742,6.755,6.015
56154,1.099,36.408,21.877,29.739,23.254,4.905,6.998,6.096
56155,1.109,36.477,21.799,29.749,23.254,4.825,6.838,6.056
56156,1.109,36.238,21.799,29.73,23.254,4.783,6.837,6.015
56157,1.115,36.36,21.799,29.73,23.244,4.783,6.877,6.096
56158,1.122,36.476,21.838,29.72,23.247,4.783,6.918,6.056
56159,1.138,36.813,21.865,29.73,23.247,4.864,6.878,6.056
56160,1.138,36.519,21.827,29.72,23.237,4.702,6.715,5.975
56161,1.148,36.631,21.819,29.72,23.244,4.742,6.835,6.015
56162,1.161,36.747,21.838,29.72,23.24,4.783,6.877,6.096
56163,1.174,36.49,21.869,29.701,23.24,4.742,6.837,6.056
56164,1.158,36.525,21.815,29.72,23.24,4.701,6.796,5.975
56165,1.158,36.679,21.814,29.73,23.247,4.823,7.039,6.177
56166,1.158,36.786,21.814,29.759,23.251,4.865,7.082,6.057
56167,1.158,36.596,21.873,29.74,23.247,4.784,7.042,6.097
56168,1.155,36.737,21.835,29.73,23.247,4.783,7.082,6.097
56169,1.158,36.854,21.85,29.739,23.251,4.824,7.164,6.016
56170,1.165,36.941,21.834,29.73,23.251,4.865,7.165,6.056
56171,1.152,36.789,21.912,29.692,23.244,4.784,7.043,5.934
56172,1.132,36.912,21.862,29.71,23.237,4.742,7.164,6.055
56173,1.155,37.047,21.831,29.711,23.247,4.701,7.165,5.975
56174,1.155,37.097,21.92,29.72,23.244,4.742,7.165,6.015
56175,1.148,36.848,21.8,29.711,23.24,4.701,7.084,5.893
56176,1.158,36.999,21.838,29.701,23.244,4.782,7.205,6.054
56177,1.174,37.135,21.834,29.768,23.261,4.905,7.328,6.178
56178,1.191,37.165,21.846,29.73,23.244,4.865,7.289,5.976
56179,1.188,37.069,21.819,29.72,23.251,4.743,7.247,6.096
56180,1.197,37.202,21.815,29.739,23.254,4.823,7.247,6.016
56181,1.204,37.319,21.83,29.72,23.251,4.824,7.328,6.096
56182,1.198,37.368,21.854,29.72,23.244,4.783,7.329,6.016
56183,1.201,37.09,21.842,29.701,23.237,4.661,7.126,5.893
56184,1.204,37.231,21.854,29.72,23.244,4.741,7.205,6.014
56185,1.207,37.338,21.83,29.72,23.24,4.783,7.287,5.934
56186,1.194,37.339,21.842,29.701,23.24,4.742,7.207,5.974
56187,1.188,37.272,21.881,29.691,23.244,4.742,7.247,5.933
56188,1.194,37.406,21.842,29.72,23.247,4.823,7.41,6.096
56189,1.194,37.561,21.862,29.749,23.261,4.865,7.33,6.016
56190,1.191,37.361,21.823,29.72,23.254,4.743,7.289,5.974
56191,1.181,37.33,21.881,29.72,23.24,4.823,7.247,5.974
56192,1.181,37.464,21.874,29.72,23.247,4.865,7.288,5.974
56193,1.188,37.561,21.835,29.72,23.258,4.824,7.207,6.015
56194,1.181,37.38,21.881,29.701,23.244,4.661,7.125,5.893
56195,1.168,37.484,21.78,29.72,23.247,4.7,7.165,6.014
56196,1.184,37.638,21.841,29.72,23.24,4.782,7.165,5.974
56197,1.184,37.707,21.85,29.701,23.244,4.742,7.124,5.974
56198,1.188,37.439,21.909,29.71,23.237,4.742,7.165,5.893
56199,1.181,37.571,21.87,29.72,23.244,4.783,7.206,6.095
56200,1.197,37.735,21.842,29.768,23.254,4.986,7.247,6.056
56201,1.198,37.775,21.784,29.74,23.24,4.785,7.206,6.056
56202,1.204,37.468,21.826,29.701,23.247,4.824,7.165,6.056
56203,1.191,37.6,21.881,29.691,23.258,4.783,7.165,5.975
56204,1.188,37.735,21.792,29.72,23.251,4.824,7.124,6.015
56205,1.194,37.794,21.799,29.711,23.251,4.661,7.083,5.974
56206,1.168,37.584,21.842,29.682,23.237,4.782,7.123,6.015
56207,1.168,37.716,21.865,29.71,23.244,4.742,7.124,6.015
56208,1.155,37.832,21.854,29.701,23.24,4.783,7.043,5.974
56209,1.139,37.862,21.862,29.71,23.244,4.742,7.042,5.893
56210,1.132,37.556,21.866,29.701,23.247,4.742,7.123,5.973
56211,1.125,37.706,21.885,29.749,23.258,4.905,7.246,6.096
56212,1.122,37.823,21.842,29.72,23.251,4.703,7.044,5.975
56213,1.099,37.833,21.834,29.73,23.251,4.782,7.123,5.974
56214,1.106,37.661,21.846,29.73,23.247,4.824,7.043,6.015
56215,1.093,37.793,21.854,29.797,23.251,4.824,7.123,5.974
56216,1.102,37.91,21.83,29.731,23.251,4.824,7.043,5.974
56217,1.083,37.873,21.815,29.682,23.233,4.661,6.92,5.933
56218,1.086,37.7,21.857,29.72,23.251,4.741,6.919,5.892
56219,1.076,37.822,21.831,29.711,23.244,4.742,6.959,5.892
56220,1.073,37.92,21.85,29.711,23.244,4.701,6.96,5.851
56221,1.063,37.662,21.799,29.691,23.233,4.742,6.919,5.851
56222,1.069,37.774,21.818,29.73,23.251,4.823,7.122,6.135
56223,1.076,37.919,21.877,29.73,23.258,4.824,7.002,5.976
56224,1.057,37.969,21.799,29.72,23.251,4.824,7.041,5.974
56225,1.047,37.72,21.83,29.72,23.251,4.824,7.042,5.933
56226,1.024,37.842,21.846,29.72,23.247,4.783,7.123,6.014
56227,1.023,37.949,21.858,29.72,23.251,4.783,7.043,5.974
56228,1.023,38.026,21.831,29.701,23.24,4.783,6.96,5.852
56229,1.001,37.73,21.815,29.701,23.247,4.783,7.122,5.891
56230,0.987,37.909,21.846,29.701,23.251,4.783,7.083,5.933
56231,0.978,37.988,21.834,29.701,23.244,4.702,7.123,5.811
56232,0.961,38.075,21.826,29.682,23.244,4.742,7.083,5.85
56233,0.945,37.606,21.83,29.701,23.247,4.783,7.123,5.973
56234,0.958,37.764,21.854,29.739,23.261,4.905,7.287,6.096
56235,0.945,37.89,21.846,29.711,23.244,4.825,7.125,5.975
56236,0.948,37.93,21.826,29.72,23.251,4.824,7.205,5.974
56237,0.945,37.729,21.865,29.692,23.251,4.783,7.287,5.933
56238,0.941,37.852,21.874,29.73,23.251,4.824,7.166,6.014
56239,0.941,37.977,21.862,29.72,23.247,4.824,7.165,5.974
56240,0.935,37.988,21.854,29.682,23.237,4.58,7.084,5.852
56241,0.928,37.739,21.823,29.701,23.247,4.74,7.164,5.973
56242,0.935,37.89,21.818,29.701,23.251,4.783,7.165,5.974
56243,0.925,37.987,21.85,29.701,23.24,4.702,7.124,5.933
56244,0.918,38.238,21.803,29.701,23.244,4.742,7.043,5.892
56245,0.918,37.78,21.826,29.73,23.258,4.823,7.245,6.054
56246,0.922,37.948,21.799,29.72,23.258,4.824,7.206,5.975
56247,0.905,37.998,21.877,29.701,23.251,4.783,7.206,5.974
56248,0.899,37.778,21.846,29.71,23.247,4.783,7.206,5.974
56249,0.902,37.804,21.854,29.72,23.247,4.824,7.165,6.096
56250,0.889,37.929,21.854,29.72,23.251,4.905,7.206,6.097
56251,0.879,37.988,21.862,29.701,23.237,4.784,7.043,5.853
56252,0.859,37.701,21.854,29.691,23.251,4.824,7.164,5.973
56253,0.862,37.832,21.823,29.691,23.244,4.824,7.084,5.974
56254,0.859,37.92,21.877,29.691,23.24,4.702,7.042,5.974
56255,0.853,38.007,21.76,29.73,23.233,4.742,7.001,5.974
56256,0.869,37.643,21.814,29.72,23.244,4.905,7.163,6.137
56257,0.889,37.803,21.818,29.739,23.258,4.906,7.165,5.976
56258,0.869,37.9,21.916,29.701,23.244,4.865,7.084,5.974
56259,0.872,37.959,21.851,29.71,23.251,4.784,7.042,6.055
56260,0.872,37.662,21.834,29.73,23.251,4.864,7.082,6.056
56261,0.882,37.784,21.807,29.72,23.251,4.784,7.002,6.056
56262,0.879,37.881,21.818,29.692,23.237,4.702,6.96,5.975
56263,0.872,37.939,21.861,29.71,23.251,4.782,6.96,6.015
56264,0.885,37.585,21.834,29.682,23.244,4.783,6.878,5.974
56265,0.869,37.716,21.854,29.701,23.24,4.783,6.877,6.015
56266,0.859,37.803,21.842,29.701,23.244,4.742,6.877,5.974
56267,0.856,37.862,21.854,29.701,23.254,4.864,7.0,6.137
56268,0.862,37.776,21.834,29.73,23.251,4.865,7.001,6.016
56269,0.846,37.871,21.838,29.711,23.247,4.784,6.919,6.015
56270,0.84,37.978,21.799,29.691,23.251,4.864,6.919,6.056
56271,0.839,37.998,21.842,29.701,23.251,4.824,6.959,6.015
56272,0.839,37.73,21.823,29.72,23.244,4.865,6.96,6.056
56273,0.833,37.842,21.822,29.701,23.244,4.743,6.756,5.975
56274,0.826,37.91,21.85,29.691,23.244,4.783,6.876,6.055
56275,0.83,37.786,21.862,29.72,23.24,4.742,6.796,6.056
56276,0.83,37.641,21.846,29.692,23.24,4.742,6.795,6.015
56277,0.83,37.745,21.842,29.682,23.244,4.701,6.714,6.056
56278,0.833,37.823,21.862,29.701,23.247,4.742,6.876,6.056
56279,0.843,37.574,21.893,29.749,23.258,4.905,7.04,6.178
56280,0.849,37.658,21.862,29.701,23.251,4.784,6.96,6.017
56281,0.846,37.774,21.827,29.71,23.247,4.824,6.96,6.056
56282,0.849,37.871,21.83,29.711,23.244,4.743,6.96,6.137
56283,0.862,37.613,21.873,29.711,23.251,4.742,7.041,6.016
56284,0.866,37.745,21.831,29.691,23.247,4.823,6.92,5.934
56285,0.853,37.842,21.803,29.691,23.237,4.661,6.878,5.933
56286,0.84,37.939,21.853,29.701,23.247,4.782,7.04,5.974
56287,0.849,37.528,21.854,29.701,23.247,4.824,6.96,5.974
56288,0.846,37.677,21.854,29.691,23.247,4.702,7.0,5.974
56289,0.827,37.765,21.862,29.691,23.237,4.782,7.001,6.015
56290,0.836,37.881,21.854,29.72,23.254,4.824,7.123,6.137
56291,0.836,37.633,21.877,29.72,23.261,4.824,7.083,6.016
56292,0.83,37.745,21.827,29.72,23.251,4.783,7.123,6.015
56293,0.823,37.871,21.822,29.701,23.251,4.783,7.083,6.096
56294,0.826,37.901,21.807,29.73,23.254,4.783,7.083,6.016
56295,0.826,37.537,21.83,29.73,23.247,4.824,7.123,6.015
56296,0.826,37.658,21.807,29.701,23.24,4.661,6.961,5.852
56297,0.826,37.717,21.791,29.682,23.244,4.741,7.082,5.973
56298,0.839,37.775,21.842,29.701,23.247,4.783,7.083,5.974
56299,0.849,37.516,21.823,29.701,23.244,4.742,7.042,5.974
56300,0.846,37.638,21.857,29.701,23.237,4.742,7.001,5.933
56301,0.849,37.726,21.799,29.691,23.24,4.783,7.041,5.974
56302,0.859,37.986,21.83,29.73,23.258,4.905,7.123,6.137
56303,0.862,37.71,21.893,29.701,23.251,4.825,7.002,5.894
56304,0.859,37.832,21.811,29.72,23.247,4.824,7.041,6.054
56305,0.856,37.948,21.853,29.711,23.251,4.783,7.123,6.015
56306,0.849,37.528,21.858,29.73,23.251,4.824,7.043,6.015
56307,0.846,37.523,21.877,29.72,23.251,4.783,7.042,5.934
56308,0.827,37.629,21.846,29.682,23.237,4.661,7.001,5.892
56309,0.83,37.764,21.834,29.701,23.244,4.7,7.123,5.933
56310,0.826,37.507,21.819,29.682,23.247,4.782,7.083,5.933
56311,0.826,37.629,21.854,29.691,23.237,4.824,7.123,5.892
56312,0.817,37.774,21.807,29.682,23.24,4.743,7.083,5.973
56313,0.816,37.871,21.822,29.739,23.258,4.986,7.327,6.055
56314,0.839,37.584,21.83,29.711,23.251,4.785,7.207,6.015
56315,0.823,37.697,21.83,29.758,23.251,4.824,7.247,6.015
56316,0.833,37.822,21.776,29.721,23.244,4.783,7.206,5.974
56317,0.836,37.891,21.814,29.72,23.247,4.742,7.287,5.974
56318,0.839,37.441,21.865,29.72,23.247,4.783,7.166,5.974
56319,0.843,37.561,21.823,29.682,23.237,4.661,7.165,5.974
56320,0.843,37.706,21.865,29.71,23.244,4.741,7.206,5.893
56321,0.846,37.755,21.756,29.711,23.244,4.701,7.247,5.973
56322,0.856,37.487,21.826,29.701,23.24,4.701,7.166,5.893
56323,0.859,37.609,21.858,29.691,23.24,4.742,7.287,5.933
56324,0.862,37.745,21.823,29.71,23.258,4.864,7.41,6.055
56325,0.875,37.794,21.854,29.72,23.244,4.824,7.371,6.015
56326,0.853,37.565,21.815,29.701,23.247,4.743,7.37,5.934
56327,0.853,37.677,21.881,29.701,23.251,4.783,7.411,5.933
56328,0.856,37.793,21.85,29.72,23.247,4.742,7.533,6.014
56329,0.846,37.814,21.854,29.701,23.244,4.783,7.575,5.852
56330,0.84,37.651,21.842,29.663,23.23,4.702,7.413,5.81
56331,0.836,37.784,21.865,29.7,23.251,4.782,7.574,5.891
56332,0.83,37.881,21.854,29.701,23.251,4.742,7.494,5.892
56333,0.82,37.575,21.815,29.71,23.24,4.661,7.534,5.892
56334,0.82,37.476,21.811,29.682,23.247,4.741,7.575,5.933
56335,0.813,37.638,21.807,29.71,23.254,4.823,7.82,6.055
56336,0.842,37.755,21.799,29.739,23.251,4.743,7.659,6.056
56337,0.836,37.487,21.842,29.711,23.247,4.823,7.617,5.975
56338,0.833,37.6,21.842,29.72,23.251,4.824,7.698,5.974
56339,0.849,37.735,21.85,29.701,23.251,4.783,7.74,6.015
56340,0.853,37.804,21.83,29.72,23.251,4.742,7.699,5.974
56341,0.859,37.421,21.803,29.682,23.237,4.62,7.618,5.893
56342,0.856,37.561,21.842,29.71,23.24,4.741,7.657,5.973
56343,0.862,37.687,21.858,29.691,23.247,4.701,7.739,6.015
56344,0.869,37.755,21.838,29.691,23.247,4.742,7.699,5.974
56345,0.866,37.468,21.83,29.691,23.24,4.742,7.699,5.893
56346,0.859,37.638,21.834,29.71,23.247,4.823,7.821,6.095
56347,0.872,37.764,21.858,29.739,23.251,4.865,7.781,6.016
56348,0.85,37.804,21.838,29.72,23.247,4.662,7.781,6.137
56349,0.846,37.44,21.838,29.701,23.24,4.741,7.862,6.098
56350,0.843,37.58,21.823,29.701,23.244,4.783,7.822,6.097
56351,0.846,37.706,21.803,29.701,23.247,4.824,7.822,6.016
56352,0.84,37.736,21.818,29.682,23.24,4.702,7.781,5.974
56353,0.836,37.574,21.861,29.701,23.247,4.823,7.781,6.137
56354,0.839,37.706,21.834,29.701,23.24,4.702,7.781,6.016
56355,0.839,37.813,21.799,29.701,23.24,4.701,7.781,6.096
56356,0.843,37.814,21.83,29.682,23.247,4.742,7.659,6.016
56357,0.853,37.478,21.865,29.71,23.251,4.864,7.942,6.218
56358,0.869,37.638,21.87,29.72,23.258,4.784,7.783,6.098
56359,0.856,37.716,21.811,29.72,23.244,4.702,7.781,6.138
56360,0.862,37.717,21.822,29.701,23.251,4.742,7.822,6.138
56361,0.859,37.573,21.818,29.71,23.244,4.783,7.903,6.179
56362,0.869,37.706,21.807,29.73,23.24,4.824,7.782,6.057
56363,0.872,37.765,21.834,29.672,23.24,4.621,7.618,6.056
56364,0.872,38.188,21.791,29.701,23.247,4.659,7.657,6.137
56365,0.876,38.364,21.818,29.71,23.244,4.7,7.739,6.098
56366,0.866,38.462,21.811,29.691,23.24,4.66,7.699,6.056
56367,0.856,38.568,21.885,29.691,23.244,4.66,7.618,6.097
56368,0.856,37.064,21.874,29.71,23.251,4.904,7.739,6.26
56369,0.862,37.193,21.881,29.73,23.247,4.865,7.618,6.139
56370,0.853,37.28,21.854,29.701,23.247,4.784,7.657,6.138
56371,0.856,37.377,21.819,29.701,23.254,4.783,7.617,6.138
56372,0.846,37.522,21.838,29.71,23.251,4.824,7.617,6.138
56373,0.84,37.667,21.858,29.711,23.251,4.824,7.535,6.219
56374,0.836,37.755,21.807,29.672,23.233,4.743,7.412,5.976
56375,0.833,37.833,21.807,29.701,23.247,4.742,7.574,6.096
56376,0.839,37.364,21.791,29.701,23.244,4.701,7.494,6.097
56377,0.849,37.493,21.865,29.672,23.244,4.742,7.494,6.016
56378,0.84,37.581,21.858,29.681,23.24,4.62,7.534,6.015
56379,0.849,37.658,21.85,29.71,23.251,4.863,7.534,6.178
56380,0.862,37.371,21.858,29.73,23.258,4.824,7.534,6.057
56381,0.866,37.474,21.819,29.701,23.247,4.743,7.494,6.137
56382,0.866,37.609,21.822,29.72,23.247,4.783,7.453,6.098
56383,0.872,37.639,21.846,29.711,23.247,4.824,7.574,6.138
56384,0.882,37.342,21.784,29.711,23.254,4.783,7.575,6.138
56385,0.872,37.445,21.783,29.691,23.247,4.661,7.332,5.894
56386,0.856,37.542,21.767,29.701,23.251,4.7,7.492,6.095
56387,0.862,37.917,21.837,29.71,23.24,4.742,7.453,6.097
56388,0.856,37.278,21.815,29.691,23.24,4.62,7.452,6.016
56389,0.846,37.406,21.838,29.701,23.24,4.659,7.452,5.974
56390,0.836,37.494,21.838,29.701,23.247,4.7,7.534,6.055
56391,0.846,37.83,21.815,29.73,23.261,4.904,7.738,6.178
56392,0.856,37.987,21.83,29.711,23.254,4.825,7.537,6.017
56393,0.843,38.094,21.858,29.701,23.244,4.783,7.616,6.096
56394,0.833,38.162,21.842,29.701,23.251,4.742,7.576,6.138
56395,0.826,36.993,21.83,29.73,23.258,4.823,7.616,6.057
56396,0.843,37.058,21.807,29.711,23.247,4.702,7.617,5.975
56397,0.839,37.154,21.83,29.682,23.233,4.66,7.495,5.974
56398,0.843,37.27,21.772,29.71,23.247,4.782,7.616,6.015
56399,0.853,37.281,21.826,29.701,23.247,4.742,7.535,6.056
56400,0.833,37.425,21.799,29.682,23.24,4.701,7.534,6.015
56401,0.846,37.513,21.767,29.691,23.24,4.742,7.534,6.056
56402,0.859,37.638,21.822,29.72,23.261,4.864,7.657,6.178
56403,0.872,37.199,21.834,29.72,23.251,4.743,7.536,6.017
56404,0.866,37.3,21.811,29.701,23.247,4.783,7.534,6.096
56405,0.862,37.435,21.83,29.71,23.244,4.864,7.534,6.016
56406,0.849,37.494,21.799,29.72,23.247,4.824,7.534,6.096
56407,0.84,37.197,21.826,29.72,23.247,4.824,7.534,6.056
56408,0.846,37.319,21.795,29.692,23.237,4.621,7.412,5.975
56409,0.827,37.426,21.826,29.701,23.244,4.741,7.493,5.974
56410,0.836,37.503,21.795,29.71,23.244,4.742,7.412,6.055
56411,0.83,37.168,21.826,29.691,23.24,4.701,7.371,5.934
56412,0.826,37.299,21.822,29.701,23.244,4.742,7.37,5.933
56413,0.823,37.406,21.861,29.71,23.254,4.742,7.533,6.096
56414,0.836,37.455,21.866,29.758,23.254,4.905,7.494,6.056
56415,0.826,37.312,21.831,29.721,23.251,4.784,7.412,6.056
56416,0.836,37.425,21.807,29.72,23.247,4.783,7.411,6.015
56417,0.849,37.522,21.83,29.701,23.251,4.783,7.411,6.015
56418,0.853,37.293,21.795,29.72,23.251,4.824,7.371,5.974
56419,0.853,37.157,21.779,29.701,23.24,4.743,7.208,5.933
56420,0.843,37.251,21.814,29.682,23.24,4.701,7.287,5.974
56421,0.849,37.367,21.795,29.71,23.251,4.742,7.288,5.974
56422,0.853,37.148,21.806,29.711,23.247,4.701,7.288,5.933
56423,0.84,37.232,21.857,29.691,23.24,4.701,7.125,5.892
56424,0.846,37.358,21.788,29.701,23.244,4.782,7.246,6.014
56425,0.853,37.474,21.83,29.739,23.254,4.905,7.369,6.137
56426,0.866,37.101,21.822,29.711,23.251,4.784,7.289,6.016
56427,0.849,37.222,21.834,29.691,23.24,4.783,7.207,5.974
56428,0.836,37.338,21.791,29.72,23.244,4.783,7.165,6.015
56429,0.83,37.426,21.791,29.72,23.254,4.824,7.246,6.056
56430,0.833,37.101,21.806,29.701,23.244,4.824,7.125,5.893
56431,0.826,37.193,21.783,29.672,23.233,4.743,7.043,5.892
56432,0.826,37.338,21.818,29.701,23.251,4.783,7.123,5.973
56433,0.826,37.407,21.85,29.701,23.244,4.783,7.083,5.974
56434,0.836,37.081,21.823,29.701,23.237,4.661,7.002,5.974
56435,0.817,37.241,21.83,29.691,23.244,4.741,7.123,5.852
56436,0.833,37.348,21.811,29.72,23.254,4.905,7.246,6.135
56437,0.836,37.416,21.853,29.72,23.254,4.825,7.125,5.935
56438,0.839,37.091,21.803,29.701,23.244,4.824,7.165,5.974
56439,0.852,37.222,21.807,29.71,23.251,4.783,7.124,5.974
56440,0.853,37.348,21.834,29.72,23.247,4.864,7.205,6.096
56441,0.853,37.368,21.791,29.711,23.251,4.865,7.165,5.975
56442,0.849,37.052,21.791,29.691,23.24,4.662,7.084,5.852
56443,0.853,37.174,21.845,29.691,23.251,4.741,7.205,5.891
56444,0.856,37.29,21.795,29.691,23.251,4.823,7.206,5.892
56445,0.856,37.406,21.806,29.682,23.244,4.783,7.206,5.811
56446,0.843,37.081,21.795,29.681,23.24,4.783,7.287,5.891
56447,0.843,37.222,21.877,29.691,23.247,4.864,7.369,6.054
56448,0.846,37.348,21.862,29.739,23.251,4.865,7.37,5.934
56449,0.83,37.109,21.819,29.711,23.251,4.784,7.248,5.974
56450,0.833,37.155,21.838,29.72,23.24,4.783,7.328,5.974
56451,0.83,37.309,21.83,29.701,23.251,4.824,7.37,5.974
56452,0.836,37.387,21.838,29.71,23.251,4.865,7.452,5.974
56453,0.817,36.86,21.791,29.691,23.233,4.743,7.208,5.811
56454,0.816,36.97,21.838,29.701,23.244,4.783,7.369,5.972
56455,0.813,37.115,21.815,29.701,23.244,4.702,7.33,5.933
56456,0.823,37.193,21.783,29.701,23.244,4.782,7.289,5.852
56457,0.82,36.935,21.818,29.682,23.233,4.702,7.207,5.851
56458,0.826,37.086,21.865,29.691,23.24,4.823,7.409,5.973
56459,0.849,37.241,21.862,29.749,23.254,4.946,7.452,6.015
56460,0.84,37.29,21.838,29.711,23.247,4.785,7.29,5.934
56461,0.839,36.984,21.799,29.711,23.244,4.783,7.288,5.933
56462,0.849,37.106,21.818,29.72,23.254,4.824,7.369,5.933
56463,0.859,37.26,21.834,29.711,23.251,4.865,7.37,5.974
56464,0.859,37.31,21.815,29.691,23.244,4.702,7.167,5.771
56465,0.836,36.917,21.795,29.672,23.24,4.742,7.246,5.85
56466,0.839,37.076,21.799,29.691,23.251,4.742,7.206,5.769
56467,0.839,37.174,21.846,29.691,23.244,4.823,7.206,5.809
56468,0.83,37.204,21.807,29.691,23.24,4.743,7.206,5.769
56469,0.826,36.868,21.81,29.691,23.244,4.783,7.247,5.809
56470,0.823,37.028,21.811,29.73,23.258,4.946,7.369,5.972
56471,0.833,37.154,21.853,29.701,23.244,4.744,7.248,5.933
56472,0.817,37.155,21.784,29.701,23.251,4.783,7.288,5.852
56473,0.813,37.098,21.81,29.701,23.251,4.824,7.247,5.891
56474,0.816,37.222,21.83,29.701,23.251,4.905,7.369,5.892
56475,0.823,37.319,21.819,29.71,23.251,4.825,7.208,5.811
56476,0.807,36.956,21.799,29.682,23.233,4.661,7.165,5.769
56477,0.816,36.904,21.838,29.691,23.247,4.741,7.165,5.768
56478,0.829,37.038,21.877,29.682,23.24,4.742,7.206,5.85
56479,0.836,37.145,21.846,29.71,23.24,4.701,7.125,5.81
56480,0.826,36.906,21.842,29.701,23.24,4.66,7.165,5.81
56481,0.823,37.028,21.815,29.691,23.244,4.904,7.246,5.932
56482,0.843,37.212,21.807,29.739,23.258,4.947,7.288,5.852
56483,0.849,37.252,21.842,29.701,23.241,4.825,7.166,5.851
56484,0.849,36.945,21.826,29.701,23.247,4.783,7.165,5.891
56485,0.856,37.067,21.838,29.691,23.251,4.783,7.165,5.892
56486,0.84,37.212,21.826,29.71,23.254,4.824,7.165,5.933
56487,0.826,37.271,21.846,29.691,23.24,4.661,7.084,5.73
56488,0.813,36.811,21.815,29.672,23.237,4.7,7.164,5.809
56489,0.82,36.998,21.818,29.691,23.247,4.823,7.084,5.769
56490,0.813,37.106,21.834,29.682,23.24,4.743,7.083,5.809
56491,0.82,37.155,21.834,29.681,23.237,4.742,7.042,5.85
56492,0.813,36.896,21.783,29.672,23.244,4.742,7.123,5.891
56493,0.813,37.038,21.838,29.72,23.254,4.905,7.287,6.054
56494,0.823,37.173,21.826,29.73,23.251,4.744,7.125,5.893
56495,0.81,37.213,21.834,29.701,23.244,4.783,7.165,5.933
56496,0.816,37.003,21.791,29.691,23.247,4.783,7.124,5.933
56497,0.826,37.144,21.803,29.71,23.247,4.783,7.165,5.892
56498,0.823,37.261,21.846,29.701,23.251,4.864,7.165,5.933
56499,0.826,37.252,21.784,29.691,23.233,4.662,7.084,5.811
56500,0.826,36.811,21.822,29.691,23.247,4.741,7.123,5.81
56501,0.839,36.97,21.807,29.72,23.244,4.742,7.124,5.85
56502,0.833,37.067,21.814,29.692,23.244,4.701,7.124,5.851
56503,0.836,37.03,21.877,29.672,23.24,4.701,7.043,5.769
56504,0.836,36.943,21.815,29.672,23.244,4.782,7.204,5.931
56505,0.852,37.096,21.838,29.72,23.261,4.905,7.287,5.974
56506,0.836,37.193,21.823,29.701,23.244,4.825,7.125,5.933
56507,0.836,36.868,21.865,29.71,23.244,4.783,7.124,5.933
56508,0.839,36.951,21.842,29.72,23.247,4.783,7.165,5.852
56509,0.826,37.086,21.807,29.711,23.251,4.824,7.124,5.973
56510,0.82,37.174,21.81,29.711,23.251,4.702,7.083,5.852
56511,0.817,36.801,21.791,29.663,23.237,4.701,6.961,5.851
56512,0.823,36.941,21.83,29.7,23.251,4.823,6.96,5.891
56513,0.813,37.067,21.815,29.701,23.24,4.783,7.041,5.892
56514,0.8,37.154,21.814,29.691,23.244,4.742,7.082,5.811
56515,0.803,36.791,21.838,29.682,23.237,4.742,6.961,5.85
56516,0.813,36.922,21.815,29.701,23.251,4.823,7.082,6.013
56517,0.833,37.086,21.877,29.739,23.251,4.783,7.002,6.056
56518,0.826,37.097,21.831,29.711,23.244,4.742,7.041,5.975
56519,0.826,36.829,21.838,29.711,23.254,4.823,6.96,5.974
56520,0.826,36.979,21.819,29.72,23.24,4.824,7.0,6.055
56521,0.83,37.096,21.764,29.711,23.247,4.865,6.96,6.015
56522,0.833,37.136,21.783,29.682,23.244,4.743,6.797,5.852
56523,0.82,36.839,21.814,29.681,23.237,4.701,6.877,5.891
56524,0.839,36.999,21.787,29.691,23.244,4.863,6.877,6.014
56525,0.843,37.125,21.806,29.691,23.251,4.702,6.877,5.852
56526,0.823,37.155,21.818,29.691,23.24,4.701,6.796,5.891
56527,0.82,36.858,21.881,29.691,23.24,4.823,6.917,5.973
56528,0.826,36.989,21.85,29.739,23.258,4.905,7.041,6.055
56529,0.823,37.115,21.854,29.711,23.247,4.744,6.96,5.975
56530,0.817,37.423,21.846,29.691,23.251,4.823,6.96,6.015
56531,0.81,36.832,21.838,29.71,23.244,4.743,7.0,5.974
56532,0.816,36.97,21.842,29.701,23.247,4.783,7.041,6.015
56533,0.813,37.048,21.799,29.71,23.244,4.824,6.879,5.974
56534,0.794,36.847,21.807,29.672,23.237,4.743,6.918,5.974
56535,0.797,36.922,21.787,29.71,23.244,4.864,6.959,6.015
56536,0.807,37.057,21.783,29.682,23.247,4.743,6.96,6.056
56537,0.82,37.135,21.822,29.681,23.24,4.701,6.96,5.893
56538,0.82,36.848,21.85,29.691,23.24,4.742,6.96,5.973
56539,0.83,36.999,21.834,29.72,23.254,4.864,7.082,6.137
56540,0.833,37.144,21.826,29.72,23.251,4.784,6.961,6.016
56541,0.826,37.203,21.787,29.701,23.247,4.783,7.0,6.015
56542,0.83,36.724,21.802,29.701,23.251,4.824,7.041,6.056
56543,0.846,36.863,21.853,29.701,23.244,4.824,7.042,6.015
56544,0.853,36.989,21.823,29.71,23.254,4.783,6.96,6.056
56545,0.84,37.058,21.811,29.701,23.244,4.661,6.838,5.893
56546,0.826,36.704,21.795,29.672,23.237,4.782,6.877,6.014
56547,0.817,36.863,21.857,29.72,23.244,4.742,6.877,6.015
56548,0.81,36.98,21.78,29.701,23.244,4.742,6.959,5.974
56549,0.807,37.029,21.818,29.672,23.24,4.701,6.919,5.974
56550,0.807,36.838,21.818,29.701,23.244,4.66,6.878,6.096
56551,0.823,37.018,21.842,29.739,23.258,4.904,7.081,6.138
56552,0.8,37.125,21.823,29.701,23.247,4.784,6.961,6.098
56553,0.79,37.155,21.826,29.72,23.244,4.824,6.919,6.056
56554,0.803,36.724,21.822,29.711,23.24,4.865,6.959,6.137
56555,0.803,36.892,21.826,29.72,23.251,4.824,6.96,6.138
56556,0.8,36.999,21.83,29.701,23.237,4.743,6.878,6.016
56557,0.807,36.962,21.803,29.672,23.237,4.661,6.918,6.015
56558,0.813,36.722,21.822,29.691,23.247,4.782,6.959,6.056
56559,0.813,36.854,21.818,29.71,23.24,4.824,6.878,6.056
56560,0.816,36.941,21.815,29.691,23.244,4.743,6.918,6.056
56561,0.81,36.914,21.775,29.701,23.244,4.783,7.0,6.056
56562,0.833,36.952,21.798,29.73,23.258,4.946,7.163,6.219
56563,0.836,37.057,21.861,29.692,23.251,4.825,7.002,6.058
56564,0.83,37.154,21.776,29.71,23.254,4.824,7.041,6.137
56565,0.83,36.638,21.791,29.711,23.251,4.824,7.042,6.138
56566,0.833,36.747,21.806,29.72,23.254,4.865,7.042,6.098
56567,0.817,36.844,21.853,29.711,23.244,4.743,6.879,5.975
56568,0.8,36.903,21.807,29.672,23.24,4.742,6.959,6.055
56569,0.8,36.683,21.83,29.691,23.244,4.783,6.96,6.056
56570,0.8,36.834,21.842,29.701,23.247,4.742,6.96,6.056
56571,0.79,36.941,21.826,29.682,23.24,4.701,6.96,6.056
56572,0.79,37.029,21.787,29.691,23.244,4.863,6.96,6.097
56573,0.81,36.684,21.861,29.73,23.251,4.987,7.122,6.26
56574,0.81,36.834,21.842,29.72,23.244,4.826,7.002,6.058
56575,0.8,36.932,21.83,29.711,23.244,4.865,7.001,6.056
56576,0.803,37.0,21.791,29.701,23.258,4.824,7.001,6.097
56577,0.81,36.617,21.799,29.701,23.251,4.905,7.001,6.097
56578,0.816,36.766,21.849,29.72,23.251,4.784,6.96,6.056
56579,0.813,36.845,21.784,29.663,23.237,4.742,6.919,6.056
56580,0.816,36.903,21.783,29.7,23.244,4.783,7.0,6.056
56581,0.813,36.712,21.791,29.701,23.244,4.702,6.96,6.056
56582,0.82,36.834,21.791,29.682,23.24,4.742,6.919,5.975
56583,0.813,36.932,21.838,29.672,23.244,4.742,6.919,6.055
56584,0.826,36.961,21.772,29.71,23.251,4.986,7.041,6.178
56585,0.843,36.655,21.837,29.739,23.258,4.948,7.042,6.017
56586,0.82,36.767,21.795,29.711,23.247,4.744,7.042,6.137
56587,0.813,36.864,21.853,29.701,23.244,4.823,7.042,6.098
56588,0.813,36.951,21.788,29.701,23.244,4.865,7.123,6.097
56589,0.813,36.741,21.767,29.701,23.244,4.784,7.165,6.016
56590,0.797,36.873,21.791,29.682,23.244,4.783,7.043,5.893
56591,0.794,36.942,21.767,29.691,23.244,4.783,7.123,6.054
56592,0.8,36.52,21.83,29.701,23.247,4.864,7.124,6.015
56593,0.797,36.564,21.85,29.691,23.247,4.784,7.165,6.056
56594,0.794,36.68,21.799,29.701,23.24,4.783,7.124,6.056
56595,0.793,36.786,21.826,29.691,23.24,4.824,7.205,6.137
56596,0.803,36.557,21.83,29.73,23.254,4.946,7.287,6.179
56597,0.807,36.68,21.865,29.701,23.247,4.785,7.207,6.017
56598,0.807,36.748,21.835,29.701,23.247,4.783,7.165,6.015
56599,0.813,36.864,21.791,29.71,23.247,4.824,7.165,6.056
56600,0.82,36.568,21.803,29.72,23.251,4.783,7.206,6.137
56601,0.823,36.747,21.775,29.73,23.251,4.824,7.165,5.976
56602,0.82,36.787,21.791,29.663,23.237,4.661,7.043,5.974
56603,0.826,36.864,21.826,29.7,23.247,4.782,7.082,6.015
56604,0.804,36.443,21.799,29.701,23.244,4.783,7.083,5.934
56605,0.829,36.592,21.767,29.691,23.24,4.742,7.042,5.974
56606,0.807,36.728,21.798,29.691,23.24,4.783,7.042,5.974
56607,0.816,36.777,21.881,29.71,23.258,4.905,7.245,6.177
56608,0.826,36.528,21.8,29.73,23.251,4.987,7.206,6.017
56609,0.807,36.631,21.799,29.701,23.251,4.744,7.206,6.056
56610,0.803,36.738,21.83,29.72,23.251,4.783,7.247,6.015
56611,0.794,36.787,21.756,29.701,23.247,4.824,7.247,6.096
56612,0.8,36.567,21.787,29.71,23.251,4.865,7.328,6.016
56613,0.8,36.68,21.818,29.701,23.244,4.743,7.289,6.015
56614,0.781,36.767,21.752,29.691,23.237,4.701,7.329,6.056
56615,0.797,36.902,21.806,29.701,23.244,4.863,7.37,6.056
56616,0.807,36.549,21.799,29.691,23.233,4.865,7.289,6.056
56617,0.8,36.66,21.888,29.672,23.244,4.743,7.288,6.015
56618,0.79,36.767,21.835,29.691,23.24,4.701,7.41,6.015
56619,0.813,36.528,21.862,29.72,23.251,4.904,7.615,6.218
56620,0.826,36.555,21.85,29.711,23.247,4.865,7.454,6.058
56621,0.817,36.632,21.819,29.73,23.251,4.824,7.534,6.137
56622,0.816,36.747,21.791,29.701,23.244,4.905,7.494,6.138
56623,0.829,36.49,21.834,29.72,23.251,4.865,7.616,6.057
56624,0.826,36.621,21.842,29.768,23.247,4.784,7.495,6.056
56625,0.82,36.728,21.76,29.673,23.23,4.661,7.371,6.015
56626,0.817,36.796,21.806,29.691,23.244,4.822,7.452,6.056
56627,0.81,36.423,21.865,29.701,23.244,4.824,7.452,6.056
56628,0.816,36.592,21.811,29.701,23.251,4.743,7.452,6.097
56629,0.794,36.689,21.74,29.682,23.244,4.823,7.452,6.016
56630,0.793,36.767,21.782,29.71,23.251,4.946,7.656,6.218
56631,0.806,36.404,21.763,29.739,23.251,4.825,7.536,6.098
56632,0.8,36.515,21.752,29.701,23.251,4.783,7.494,6.056
56633,0.803,36.622,21.837,29.701,23.247,4.783,7.534,6.137
56634,0.8,36.699,21.772,29.72,23.244,4.824,7.494,6.179
56635,0.794,36.355,21.771,29.72,23.251,4.824,7.534,6.22
56636,0.79,36.476,21.814,29.682,23.24,4.702,7.494,6.058
56637,0.784,36.573,21.846,29.681,23.237,4.823,7.534,6.137
56638,0.79,36.661,21.846,29.701,23.247,4.824,7.494,6.138
56639,0.803,36.364,21.838,29.682,23.244,4.783,7.494,6.098
56640,0.8,36.495,21.807,29.681,23.237,4.742,7.494,6.056
56641,0.81,36.593,21.787,29.691,23.244,4.742,7.656,6.219
56642,0.816,36.68,21.822,29.739,23.254,4.986,7.78,6.22
56643,0.829,36.451,21.838,29.692,23.247,4.785,7.7,6.098
56644,0.82,36.592,21.815,29.691,23.244,4.783,7.699,6.178
56645,0.826,36.709,21.799,29.71,23.251,4.824,7.78,6.139
56646,0.826,36.518,21.822,29.711,23.251,4.905,7.7,6.219
56647,0.826,36.324,21.822,29.701,23.244,4.784,7.699,6.058
56648,0.797,36.399,21.799,29.682,23.237,4.742,7.74,6.097
56649,0.803,36.544,21.779,29.71,23.251,4.783,7.74,6.138
56650,0.794,36.267,21.775,29.711,23.24,4.783,7.781,6.098
56651,0.8,36.36,21.759,29.691,23.237,4.742,7.781,6.016
56652,0.797,36.486,21.787,29.691,23.24,4.783,7.862,6.137
56653,0.797,36.612,21.826,29.72,23.265,4.986,7.944,6.26
56654,0.794,36.383,21.795,29.701,23.244,4.826,7.864,6.139
56655,0.793,36.524,21.779,29.71,23.247,4.783,7.822,6.138
56656,0.8,36.641,21.795,29.701,23.247,4.824,7.781,6.138
56657,0.807,36.7,21.822,29.71,23.251,4.824,7.781,6.138
56658,0.8,36.269,21.85,29.701,23.244,4.783,7.781,6.057
56659,0.803,36.399,21.807,29.682,23.233,4.702,7.7,6.056
56660,0.81,36.544,21.822,29.701,23.247,4.782,7.699,6.137
56661,0.816,36.593,21.713,29.71,23.244,4.742,7.699,6.098
56662,0.813,36.248,21.786,29.701,23.24,4.742,7.658,6.056
56663,0.82,36.36,21.869,29.682,23.247,4.742,7.658,6.097
56664,0.817,36.515,21.831,29.729,23.261,4.945,7.78,6.219
56665,0.829,36.583,21.815,29.711,23.244,4.825,7.659,6.058
56666,0.823,36.267,21.834,29.711,23.244,4.783,7.658,6.137
56667,0.826,36.399,21.83,29.711,23.244,4.824,7.617,6.138
56668,0.823,36.534,21.776,29.73,23.251,4.865,7.576,6.219
56669,0.817,36.574,21.771,29.72,23.247,4.824,7.494,6.058
56670,0.803,36.382,21.771,29.692,23.237,4.661,7.412,6.015
56671,0.79,36.534,21.767,29.701,23.247,4.741,7.411,6.096
56672,0.806,36.651,21.771,29.71,23.244,4.783,7.452,6.016
56673,0.803,36.844,21.853,29.682,23.247,4.742,7.412,6.015
56674,0.8,36.232,21.749,29.701,23.24,4.742,7.371,6.015
56675,0.797,36.369,21.786,29.71,23.244,4.783,7.492,6.137
56676,0.823,36.496,21.845,29.739,23.261,4.946,7.453,6.219
56677,0.833,36.257,21.858,29.711,23.241,4.785,7.29,6.017
56678,0.849,36.341,21.694,29.73,23.244,4.824,7.369,6.096
56679,0.843,36.457,21.743,29.711,23.247,4.824,7.37,6.056
56680,0.846,36.554,21.771,29.73,23.247,4.824,7.37,6.097
56681,0.853,36.219,21.795,29.711,23.244,4.743,7.289,6.056
56682,0.853,36.321,21.76,29.682,23.24,4.701,7.288,6.056
56683,0.882,36.447,21.826,29.71,23.251,4.742,7.247,6.015
56684,0.876,36.535,21.815,29.691,23.237,4.783,7.288,6.056
56685,0.876,36.171,21.807,29.71,23.244,4.742,7.166,6.015
56686,0.869,36.283,21.865,29.691,23.244,4.742,7.246,6.015
56687,0.879,36.428,21.854,29.72,23.254,4.864,7.369,6.178
56688,0.898,36.534,21.85,29.759,23.254,4.824,7.289,6.057
56689,0.882,36.19,21.823,29.701,23.247,4.824,7.207,6.056
56690,0.879,36.34,21.83,29.71,23.244,4.824,7.206,6.137
56691,0.892,36.466,21.815,29.711,23.251,4.865,7.328,6.098
56692,0.889,36.544,21.783,29.711,23.247,4.784,7.248,6.016
56693,0.882,36.238,21.814,29.701,23.244,4.742,7.125,5.934
56694,0.866,36.341,21.752,29.691,23.247,4.783,7.246,6.055
56695,0.879,36.495,21.751,29.72,23.24,4.783,7.247,6.137
56696,0.892,36.526,21.783,29.711,23.244,4.742,7.247,6.016
56697,0.895,36.171,21.795,29.711,23.233,4.742,7.288,5.974
56698,0.892,36.302,21.822,29.711,23.251,4.783,7.329,6.096
56699,0.902,36.447,21.752,29.739,23.261,4.946,7.41,6.178
56700,0.915,36.467,21.829,29.72,23.247,4.785,7.289,6.017
56701,0.912,36.247,21.838,29.711,23.251,4.783,7.369,6.137
56702,0.922,36.379,21.795,29.72,23.247,4.824,7.411,6.098
56703,0.925,36.467,21.861,29.72,23.247,4.865,7.452,6.056
56704,0.925,36.286,21.803,29.711,23.247,4.865,7.371,6.056
56705,0.912,36.217,21.775,29.691,23.237,4.743,7.289,5.853
56706,0.922,36.35,21.802,29.71,23.251,4.742,7.451,6.054
56707,0.922,36.438,21.822,29.701,23.24,4.783,7.371,5.975
56708,0.918,36.017,21.854,29.749,23.24,4.742,7.289,6.015
56709,0.892,36.089,21.815,29.701,23.244,4.661,7.329,5.974
56710,0.892,36.243,21.818,29.72,23.247,4.863,7.532,6.096
56711,0.912,36.389,21.791,29.749,23.251,4.865,7.534,6.138
56712,0.895,36.103,21.775,29.711,23.251,4.743,7.453,6.016
56713,0.899,36.234,21.845,29.711,23.251,4.823,7.493,6.056
56714,0.915,36.36,21.745,29.73,23.247,4.824,7.494,6.137
56715,0.915,36.457,21.802,29.73,23.244,4.824,7.453,6.098
56716,0.915,36.074,21.795,29.711,23.24,4.743,7.371,5.853
56717,0.925,36.195,21.806,29.691,23.24,4.742,7.411,5.973
56718,0.928,36.34,21.775,29.72,23.237,4.864,7.493,5.933
56719,0.931,36.399,21.779,29.692,23.237,4.784,7.453,5.933
56720,0.944,36.074,21.783,29.71,23.24,4.783,7.371,5.933
56721,0.941,36.234,21.771,29.701,23.24,4.783,7.492,6.096
56722,0.945,36.36,21.787,29.749,23.254,4.905,7.697,6.097
56723,0.951,36.419,21.806,29.72,23.247,4.825,7.496,6.016
56724,0.932,35.969,21.795,29.711,23.247,4.824,7.494,5.974
56725,0.931,36.127,21.814,29.72,23.251,4.824,7.534,6.015
56726,0.918,36.244,21.834,29.711,23.244,4.824,7.534,6.015
56727,0.912,36.274,21.83,29.73,23.247,4.824,7.575,6.015
56728,0.905,36.13,21.807,29.701,23.23,4.661,7.413,5.893
56729,0.889,36.253,21.838,29.71,23.247,4.782,7.533,6.014
56730,0.895,36.37,21.799,29.72,23.247,4.783,7.494,5.974
56731,0.905,36.63,21.752,29.72,23.24,4.742,7.494,5.933
56732,0.892,36.709,21.802,29.72,23.237,4.742,7.453,5.852
56733,0.886,36.815,21.826,29.711,23.247,4.783,7.615,6.095
56734,0.872,36.96,21.764,29.758,23.258,4.946,7.576,6.056
56735,0.863,35.83,21.802,29.711,23.244,4.744,7.575,5.975
56736,0.862,35.809,21.807,29.739,23.244,4.823,7.575,6.015
56737,0.866,35.886,21.846,29.72,23.247,4.783,7.616,6.015
56738,0.856,36.002,21.748,29.73,23.251,4.864,7.576,6.015
56739,0.859,36.051,21.779,29.72,23.244,4.743,7.494,5.893
56740,0.843,36.157,21.771,29.701,23.24,4.783,7.534,6.054
56741,0.846,36.321,21.787,29.72,23.244,4.742,7.575,6.015
56742,0.836,36.409,21.806,29.701,23.24,4.783,7.535,6.015
56743,0.839,35.901,21.783,29.71,23.244,4.661,7.494,5.974
56744,0.83,36.069,21.795,29.701,23.24,4.7,7.494,6.055
56745,0.843,36.205,21.822,29.749,23.261,4.945,7.697,6.137
56746,0.836,36.264,21.838,29.74,23.244,4.785,7.618,6.057
56747,0.81,36.015,21.799,29.73,23.251,4.783,7.535,6.015
56748,0.81,36.166,21.779,29.72,23.247,4.783,7.534,6.137
56749,0.797,36.302,21.791,29.73,23.251,4.824,7.575,6.179
56750,0.79,36.341,21.795,29.72,23.251,4.743,7.454,6.017
56751,0.784,35.958,21.728,29.711,23.23,4.661,7.452,5.974
56752,0.78,36.137,21.806,29.749,23.258,4.822,7.452,6.096
56753,0.774,36.244,21.83,29.72,23.244,4.824,7.452,6.056
56754,0.771,36.255,21.768,29.73,23.244,4.702,7.452,6.097
56755,0.764,36.034,21.794,29.73,23.24,4.742,7.534,6.016
56756,0.783,36.195,21.83,29.739,23.254,4.905,7.575,6.137
56757,0.79,36.321,21.877,29.72,23.251,4.825,7.454,6.057
56758,0.771,36.533,21.753,29.749,23.254,4.824,7.412,6.137
56759,0.777,36.085,21.783,29.759,23.247,4.783,7.493,6.138
56760,0.78,36.205,21.767,29.74,23.254,4.864,7.494,6.179
56761,0.777,36.302,21.783,29.73,23.244,4.702,7.412,6.017
56762,0.758,35.996,21.767,29.711,23.237,4.701,7.452,6.056
56763,0.78,36.031,21.802,29.73,23.244,4.823,7.412,6.056
56764,0.777,36.166,21.814,29.739,23.244,4.783,7.33,6.056
56765,0.787,36.254,21.787,29.72,23.24,4.702,7.329,6.056
56766,0.764,35.881,21.857,29.73,23.244,4.782,7.329,6.097
56767,0.764,36.03,21.819,29.759,23.251,4.864,7.532,6.26
56768,0.767,36.195,21.826,29.749,23.247,4.743,7.372,6.099
56769,0.754,36.244,21.819,29.72,23.24,4.783,7.289,6.138
56770,0.741,35.976,21.799,29.739,23.244,4.824,7.369,6.098
56771,0.741,36.127,21.748,29.74,23.251,4.743,7.411,6.138
56772,0.747,36.244,21.771,29.749,23.251,4.783,7.33,6.098
56773,0.738,36.302,21.822,29.701,23.237,4.661,7.167,5.975
56774,0.747,35.843,21.803,29.739,23.244,4.822,7.287,6.055
56775,0.734,36.001,21.799,29.749,23.244,4.824,7.247,6.056
56776,0.741,36.118,21.83,29.74,23.24,4.702,7.206,6.056
56777,0.747,36.167,21.834,29.72,23.24,4.701,7.206,6.056
56778,0.744,35.985,21.795,29.749,23.251,4.823,7.409,6.3
56779,0.773,36.146,21.814,29.768,23.258,4.824,7.249,6.18
56780,0.761,36.244,21.799,29.749,23.244,4.743,7.288,6.179
56781,0.748,36.302,21.83,29.74,23.251,4.783,7.207,6.22
56782,0.757,35.967,21.791,29.759,23.244,4.824,7.328,6.139
56783,0.767,36.089,21.787,29.749,23.251,4.824,7.289,6.219
56784,0.757,36.195,21.783,29.73,23.24,4.661,7.166,6.098
56785,0.757,36.206,21.771,29.73,23.247,4.7,7.287,6.097
56786,0.757,35.957,21.814,29.739,23.24,4.782,7.207,6.097
56787,0.748,36.079,21.768,29.74,23.244,4.702,7.206,6.138
56788,0.744,36.167,21.787,29.74,23.233,4.782,7.165,6.057
56789,0.738,36.043,21.814,29.759,23.247,4.824,7.206,6.259
56790,0.751,35.936,21.803,29.788,23.254,4.905,7.287,6.099
56791,0.751,36.04,21.752,29.74,23.237,4.825,7.125,6.097
56792,0.741,36.137,21.783,29.74,23.247,4.824,7.124,6.097
56793,0.738,35.832,21.873,29.778,23.247,4.783,7.205,6.219
56794,0.741,35.943,21.784,29.769,23.254,4.864,7.165,6.22
56795,0.741,36.06,21.806,29.749,23.24,4.743,7.124,5.976
56796,0.731,36.128,21.787,29.72,23.24,4.701,7.165,6.096
56797,0.751,35.927,21.838,29.739,23.247,4.701,7.124,6.178
56798,0.757,36.069,21.764,29.749,23.244,4.742,7.083,6.057
56799,0.754,36.166,21.798,29.74,23.244,4.661,7.083,6.056
56800,0.757,36.254,21.799,29.74,23.247,4.741,7.164,6.137
56801,0.774,35.727,21.822,29.759,23.254,4.864,7.328,6.26
56802,0.787,35.885,21.799,29.769,23.244,4.784,7.126,6.18
56803,0.784,35.992,21.803,29.769,23.247,4.824,7.165,6.139
56804,0.78,36.06,21.787,29.749,23.247,4.865,7.084,6.138
56805,0.777,35.84,21.802,29.768,23.247,4.824,7.205,6.179
56806,0.771,35.982,21.861,29.778,23.251,4.824,7.165,6.098
56807,0.761,36.098,21.756,29.759,23.233,4.621,7.084,6.016
56808,0.757,36.128,21.767,29.759,23.247,4.7,7.123,6.096
56809,0.757,35.851,21.779,29.74,23.247,4.742,7.083,6.138
56810,0.754,36.001,21.806,29.759,23.247,4.661,7.083,6.138
56811,0.738,36.118,21.752,29.74,23.24,4.66,7.042,6.016
56812,0.754,36.157,21.779,29.759,23.251,4.782,7.123,6.137
56813,0.764,35.956,21.865,29.788,23.251,4.905,7.165,6.26
56814,0.748,36.079,21.799,29.788,23.244,4.784,7.124,6.221
56815,0.747,36.176,21.791,29.769,23.251,4.783,7.124,6.18
56816,0.751,36.34,21.81,29.759,23.244,4.783,7.124,6.22
56817,0.767,35.766,21.811,29.778,23.251,4.824,7.165,6.18
56818,0.774,35.895,21.686,29.797,23.244,4.783,7.043,6.139
56819,0.771,35.983,21.743,29.74,23.233,4.661,7.042,6.138
56820,0.783,35.888,21.802,29.759,23.237,4.741,7.123,6.138
56821,0.784,35.963,21.81,29.778,23.244,4.701,7.083,6.179
56822,0.78,36.098,21.822,29.759,23.24,4.742,7.123,6.057
56823,0.78,36.186,21.772,29.74,23.24,4.823,7.124,6.137
56824,0.784,35.698,21.795,29.787,23.258,4.865,7.205,6.219
56825,0.793,35.817,21.818,29.778,23.244,4.743,7.206,6.098
56826,0.784,35.924,21.854,29.769,23.247,4.742,7.165,6.219
56827,0.771,36.021,21.756,29.778,23.247,4.823,7.165,6.18
56828,0.757,35.715,21.79,29.788,23.244,4.865,7.246,6.261
56829,0.777,35.856,21.767,29.798,23.251,4.824,7.166,6.139
56830,0.78,35.944,21.779,29.74,23.23,4.702,7.084,6.179
56831,0.803,36.031,21.709,29.778,23.244,4.742,7.164,6.179
56832,0.829,35.696,21.759,29.769,23.244,4.742,7.084,6.098
56833,0.849,35.827,21.826,29.759,23.24,4.701,7.123,6.138
56834,0.879,35.953,21.737,29.759,23.237,4.742,7.124,6.179
56835,0.915,36.012,21.79,29.778,23.247,4.864,7.327,6.342
56836,0.944,35.811,21.845,29.797,23.258,4.906,7.207,6.221
56837,0.98,35.895,21.846,29.778,23.244,4.744,7.206,6.22
56838,0.984,36.04,21.768,29.797,23.247,4.864,7.165,6.22
56839,0.994,36.07,21.775,29.817,23.244,4.865,7.287,6.261
56840,1.023,35.783,21.806,29.798,23.251,4.824,7.288,6.262
56841,1.043,35.924,21.779,29.769,23.237,4.661,7.085,6.099
56842,1.066,36.012,21.806,29.769,23.24,4.741,7.205,6.26
56843,1.105,36.041,21.81,29.769,23.244,4.783,7.247,6.18
56844,1.145,35.754,21.768,29.778,23.24,4.742,7.125,6.179
56845,1.204,35.876,21.791,29.769,23.244,4.742,7.124,6.098
56846,1.246,35.973,21.849,29.769,23.244,4.823,7.205,6.219
56847,1.302,35.926,21.787,29.807,23.258,4.905,7.328,6.302
56848,1.342,35.944,21.806,29.798,23.251,4.825,7.167,6.221
56849,1.362,36.069,21.818,29.778,23.247,4.824,7.165,6.22
56850,1.368,36.166,21.783,29.788,23.251,4.865,7.206,6.342
56851,1.349,35.669,21.775,29.807,23.254,4.865,7.165,6.303
56852,1.368,35.779,21.767,29.788,23.244,4.702,7.002,6.18
56853,1.365,35.838,21.834,29.788,23.24,4.742,7.123,6.301
56854,1.391,35.953,21.682,29.798,23.244,4.823,7.165,6.262
56855,1.398,35.705,21.747,29.778,23.244,4.824,7.002,6.221
56856,1.385,35.846,21.783,29.778,23.237,4.702,7.001,6.18
56857,1.369,35.934,21.845,29.769,23.237,4.782,7.082,6.301
56858,1.378,36.06,21.807,29.836,23.258,4.824,7.205,6.384
56859,1.375,35.716,21.799,29.798,23.244,4.783,7.043,6.303
56860,1.342,35.856,21.838,29.807,23.247,4.783,7.042,6.302
56861,1.277,36.001,21.803,29.807,23.251,4.783,7.042,6.425
56862,1.247,36.07,21.838,29.807,23.251,4.783,7.082,6.426
56863,1.195,35.706,21.803,29.807,23.24,4.702,6.88,6.304
56864,1.123,35.837,21.791,29.788,23.24,4.701,6.959,6.506
56865,1.093,35.972,21.806,29.788,23.244,4.701,7.0,6.63
56866,1.021,36.022,21.814,29.798,23.244,4.701,6.838,6.712
56867,0.975,35.715,21.768,29.778,23.244,4.701,6.877,6.916
56868,0.899,35.856,21.791,29.788,23.244,4.823,6.959,7.203
56869,0.834,36.011,21.791,29.836,23.258,4.946,7.041,7.531
56870,0.781,36.012,21.791,29.798,23.244,4.744,7.001,7.697
56871,0.748,35.658,21.791,29.798,23.251,4.823,7.001,7.983
56872,0.705,35.788,21.771,29.807,23.251,4.783,7.001,8.271
56873,0.666,35.905,21.818,29.807,23.254,4.783,7.001,8.518
56874,0.643,35.925,21.791,29.817,23.24,4.742,6.838,8.601
56875,0.603,35.733,21.771,29.798,23.237,4.783,6.958,8.846
56876,0.6,35.866,21.845,29.798,23.247,4.742,6.96,9.011
56877,0.596,35.953,21.811,29.807,23.244,4.742,6.878,9.054
56878,0.619,35.513,21.818,29.798,23.233,4.742,6.918,9.257
56879,0.649,35.547,21.787,29.807,23.251,4.742,6.959,9.422
56880,0.698,35.73,21.81,29.855,23.258,4.823,7.041,9.546
56881,0.734,35.78,21.783,29.827,23.247,4.824,6.96,9.588
56882,0.773,35.665,21.787,29.817,23.251,4.783,7.0,9.751
56883,0.793,35.798,21.791,29.817,23.251,4.783,7.041,9.955
56884,0.819,35.934,21.787,29.807,23.254,4.824,7.042,10.12
56885,0.836,36.021,21.818,29.807,23.244,4.743,7.001,10.284
56886,0.833,35.495,21.838,29.779,23.237,4.579,6.96,10.611
56887,0.839,35.672,21.787,29.826,23.244,4.74,6.96,10.94
56888,0.836,35.808,21.791,29.817,23.24,4.661,6.919,11.228
56889,0.83,35.867,21.787,29.798,23.251,4.7,6.878,11.353
56890,0.833,35.599,21.791,29.807,23.24,4.701,6.959,11.76
56891,0.833,35.759,21.81,29.826,23.254,4.863,7.041,12.049
56892,0.843,35.904,21.756,29.855,23.254,4.824,7.001,12.133
56893,0.823,35.935,21.81,29.837,23.251,4.783,7.041,12.378
56894,0.813,35.456,21.791,29.817,23.247,4.783,6.92,12.462
56895,0.826,35.594,21.795,29.836,23.254,4.824,6.959,12.544
56896,0.826,35.701,21.791,29.836,23.251,4.865,6.96,12.545
56897,0.83,35.731,21.791,29.808,23.24,4.662,6.797,12.342
56898,0.826,35.569,21.787,29.817,23.244,4.741,6.917,12.421
56899,0.833,35.73,21.787,29.836,23.247,4.783,6.878,12.3
56900,0.826,35.837,21.818,29.836,23.244,4.702,6.837,12.258
56901,0.843,36.164,21.791,29.808,23.244,4.66,6.796,12.176
56902,0.839,35.573,21.803,29.798,23.24,4.782,6.836,12.175
56903,0.856,35.739,21.807,29.855,23.251,4.946,7.08,12.216
56904,0.859,35.856,21.826,29.827,23.251,4.744,6.88,11.972
56905,0.856,35.637,21.83,29.808,23.244,4.742,6.959,11.848
56906,0.843,35.673,21.819,29.826,23.251,4.742,7.0,11.725
56907,0.836,35.798,21.748,29.846,23.247,4.823,6.919,11.723
56908,0.833,35.895,21.744,29.837,23.244,4.743,6.919,11.601
56909,0.823,35.551,21.743,29.808,23.237,4.579,6.756,11.356
56910,0.817,35.682,21.767,29.846,23.244,4.7,6.957,11.273
56911,0.807,35.817,21.767,29.837,23.247,4.782,6.878,11.15
56912,0.816,35.895,21.787,29.827,23.247,4.661,6.918,11.067
56913,0.81,35.551,21.767,29.846,23.24,4.741,6.959,10.863
56914,0.81,35.701,21.802,29.856,23.254,4.864,7.082,10.942
56915,0.82,35.846,21.818,29.865,23.251,4.865,7.002,10.74
56916,0.81,35.896,21.838,29.837,23.247,4.743,7.001,10.657
56917,0.826,35.417,21.787,29.846,23.244,4.742,7.001,10.493
56918,0.833,35.585,21.775,29.856,23.251,4.823,7.041,10.41
56919,0.839,35.701,21.795,29.856,23.254,4.783,7.123,10.247
56920,0.839,35.77,21.752,29.827,23.237,4.702,6.88,10.001
56921,0.826,35.559,21.775,29.836,23.24,4.742,6.959,9.999
56922,0.839,35.72,21.759,29.846,23.244,4.742,7.0,9.877
56923,0.833,35.837,21.771,29.837,23.247,4.701,6.96,9.753
56924,0.843,35.905,21.787,29.836,23.237,4.742,6.838,9.671
56925,0.853,35.503,21.783,29.856,23.247,4.783,7.04,9.629
56926,0.859,35.681,21.877,29.884,23.261,4.864,7.042,9.629
56927,0.846,35.798,21.815,29.846,23.247,4.743,6.96,9.426
56928,0.83,35.819,21.799,29.865,23.247,4.823,6.96,9.302
56929,0.846,35.637,21.822,29.856,23.247,4.783,7.0,9.26
56930,0.84,35.779,21.807,29.875,23.251,4.783,7.001,9.137
56931,0.836,35.885,21.803,29.846,23.247,4.783,6.96,8.974
56932,0.836,35.666,21.775,29.827,23.233,4.661,6.919,8.931
56933,0.826,35.52,21.802,29.865,23.24,4.741,6.959,8.85
56934,0.823,35.662,21.791,29.856,23.247,4.742,6.878,8.808
56935,0.817,35.769,21.744,29.846,23.244,4.62,6.837,8.726
56936,0.82,35.416,21.818,29.846,23.24,4.741,6.877,8.685
56937,0.836,35.517,21.815,29.865,23.254,4.823,7.04,8.725
56938,0.856,35.701,21.834,29.885,23.254,4.702,7.001,8.481
56939,0.849,35.75,21.822,29.866,23.244,4.742,6.919,8.438
56940,0.853,35.502,21.815,29.865,23.244,4.783,6.959,8.479
56941,0.859,35.653,21.803,29.885,23.254,4.824,6.96,8.398
56942,0.862,35.769,21.768,29.885,23.247,4.743,7.0,8.316
56943,0.866,35.837,21.787,29.846,23.24,4.701,6.879,8.03
56944,0.862,35.272,21.771,29.856,23.247,4.782,6.959,8.109
56945,0.872,35.43,21.752,29.865,23.251,4.783,7.0,8.109
56946,0.866,35.556,21.794,29.856,23.24,4.661,6.96,7.987
56947,0.853,35.644,21.744,29.846,23.237,4.7,6.919,7.946
56948,0.853,35.52,21.763,29.875,23.251,4.782,7.081,8.026
56949,0.856,35.701,21.767,29.913,23.254,4.905,7.164,7.865
56950,0.84,35.808,21.814,29.876,23.247,4.744,7.084,7.863
56951,0.843,35.857,21.822,29.894,23.251,4.742,7.164,7.863
56952,0.849,35.397,21.791,29.894,23.251,4.864,7.206,7.822
56953,0.843,35.527,21.834,29.894,23.247,4.824,7.165,7.741
56954,0.839,35.662,21.787,29.856,23.233,4.661,7.043,7.618
56955,0.826,35.683,21.767,29.894,23.244,4.782,7.164,7.657
56956,0.833,35.53,21.806,29.875,23.247,4.742,7.124,7.617
56957,0.846,35.672,21.83,29.865,23.237,4.701,7.083,7.495
56958,0.846,35.779,21.791,29.904,23.24,4.742,7.123,7.616
56959,0.853,35.895,21.779,29.895,23.254,4.905,7.287,7.698
56960,0.866,35.474,21.806,29.914,23.247,4.784,7.166,7.536
56961,0.862,35.585,21.787,29.904,23.247,4.742,7.165,7.412
56962,0.859,35.682,21.802,29.885,23.247,4.783,7.206,7.452
56963,0.869,35.405,21.705,29.894,23.247,4.824,7.247,7.371
56964,0.879,35.489,21.751,29.904,23.251,4.824,7.166,7.33
56965,0.879,35.566,21.79,29.847,23.237,4.661,7.002,7.207
56966,0.869,35.701,21.779,29.894,23.247,4.7,7.163,7.247
56967,0.856,35.415,21.752,29.914,23.247,4.742,7.165,7.206
56968,0.849,35.527,21.747,29.885,23.244,4.742,7.002,7.084
56969,0.853,35.634,21.747,29.866,23.244,4.783,7.082,7.205
56970,0.843,35.759,21.81,29.904,23.254,4.864,7.205,7.287
56971,0.853,35.329,21.822,29.914,23.254,4.784,7.084,7.166
56972,0.849,35.411,21.791,29.904,23.247,4.783,7.164,7.124
56973,0.853,35.546,21.822,29.895,23.247,4.783,7.124,7.124
56974,0.84,35.663,21.787,29.904,23.251,4.742,7.083,7.165
56975,0.852,35.367,21.799,29.904,23.247,4.823,7.002,7.084
56976,0.843,35.488,21.846,29.895,23.24,4.621,6.96,6.839
56977,0.839,35.585,21.787,29.885,23.24,4.7,7.0,6.999
56978,0.859,35.682,21.822,29.894,23.24,4.742,6.96,6.96
56979,0.862,35.405,21.811,29.894,23.237,4.701,6.96,6.878
56980,0.866,35.537,21.783,29.894,23.244,4.66,6.96,6.918
56981,0.862,35.682,21.795,29.894,23.24,4.741,7.082,7.0
56982,0.879,35.75,21.81,29.933,23.258,4.945,7.123,6.96
56983,0.889,35.262,21.775,29.914,23.247,4.744,6.921,6.878
56984,0.879,35.401,21.779,29.914,23.247,4.823,7.0,6.837
56985,0.898,35.517,21.802,29.914,23.247,4.783,7.001,6.918
56986,0.889,35.538,21.807,29.904,23.251,4.742,7.001,6.878
56987,0.882,35.394,21.744,29.904,23.244,4.742,6.919,6.796
56988,0.856,35.479,21.759,29.895,23.237,4.701,6.959,6.836
56989,0.879,35.604,21.767,29.904,23.247,4.701,6.919,6.837
56990,0.863,35.404,21.771,29.895,23.24,4.742,7.0,6.796
56991,0.856,35.364,21.748,29.894,23.237,4.742,6.96,6.755
56992,0.856,35.479,21.814,29.904,23.244,4.701,7.0,6.836
56993,0.862,35.604,21.811,29.952,23.254,4.904,7.163,6.918
56994,0.866,35.308,21.814,29.924,23.251,4.744,7.165,6.796
56995,0.869,35.382,21.772,29.914,23.244,4.742,7.165,6.836
56996,0.853,35.488,21.841,29.923,23.251,4.823,7.165,6.796
56997,0.869,35.595,21.83,29.914,23.247,4.824,7.165,6.795
56998,0.879,35.28,21.819,29.952,23.247,4.783,7.124,6.755
56999,0.879,35.391,21.779,29.905,23.23,4.661,7.043,6.673
57000,0.879,35.527,21.798,29.933,23.24,4.741,7.204,6.672
57001,0.879,35.614,21.767,29.914,23.244,4.742,7.165,6.753
57002,0.885,35.308,21.783,29.914,23.247,4.701,7.165,6.673
57003,0.885,35.44,21.76,29.895,23.24,4.66,7.206,6.631
57004,0.882,35.594,21.794,29.942,23.258,4.782,7.369,6.916
57005,0.902,35.682,21.81,29.952,23.258,4.824,7.289,6.674
57006,0.889,35.213,21.826,29.933,23.244,4.783,7.329,6.753
57007,0.879,35.343,21.783,29.933,23.247,4.742,7.329,6.754
57008,0.889,35.459,21.779,29.933,23.251,4.823,7.329,6.754
57009,0.885,35.508,21.791,29.943,23.244,4.824,7.289,6.714
57010,0.879,35.279,21.783,29.924,23.237,4.661,7.207,6.591
57011,0.866,35.411,21.756,29.914,23.247,4.741,7.287,6.631
57012,0.889,35.527,21.775,29.914,23.244,4.783,7.288,6.672
57013,0.879,35.567,21.756,29.933,23.244,4.783,7.288,6.672
57014,0.866,35.298,21.748,29.914,23.24,4.742,7.288,6.631
57015,0.869,35.42,21.767,29.952,23.254,4.823,7.41,6.753
57016,0.885,35.565,21.818,29.972,23.254,4.905,7.411,6.714
57017,0.885,35.461,21.799,29.934,23.247,4.825,7.33,6.632
57018,0.885,35.269,21.81,29.952,23.244,4.743,7.329,6.631
57019,0.895,35.391,21.803,29.962,23.251,4.864,7.329,6.712
57020,0.905,35.498,21.83,29.962,23.24,4.865,7.451,6.713
57021,0.899,35.298,21.807,29.953,23.24,4.784,7.412,6.51
57022,0.905,35.363,21.814,29.914,23.244,4.742,7.371,6.63
57023,0.905,35.507,21.768,29.952,23.251,4.783,7.411,6.59
57024,0.905,35.605,21.791,29.953,23.244,4.742,7.371,6.509
57025,0.912,35.203,21.771,29.933,23.24,4.742,7.37,6.549
57026,0.895,35.352,21.775,29.933,23.24,4.783,7.33,6.712
57027,0.905,35.498,21.779,30.0,23.258,4.905,7.573,6.632
57028,0.908,35.547,21.791,29.972,23.247,4.825,7.494,6.59
57029,0.912,35.279,21.81,29.962,23.244,4.824,7.453,6.59
57030,0.902,35.439,21.791,29.972,23.251,4.743,7.452,6.549
57031,0.902,35.556,21.795,29.962,23.254,4.864,7.493,6.63
57032,0.905,35.624,21.775,29.962,23.247,4.702,7.371,6.468
57033,0.886,35.194,21.767,29.933,23.24,4.782,7.37,6.548
57034,0.889,35.371,21.806,29.971,23.244,4.702,7.411,6.549
57035,0.889,35.488,21.768,29.972,23.237,4.823,7.411,6.508
57036,0.882,35.528,21.798,29.953,23.237,4.743,7.371,6.508
57037,0.908,35.221,21.736,29.943,23.237,4.742,7.411,6.549
57038,0.918,35.41,21.755,30.0,23.258,4.905,7.615,6.63
57039,0.915,35.508,21.814,29.982,23.247,4.744,7.454,6.509
57040,0.918,35.557,21.76,29.982,23.244,4.783,7.452,6.589
57041,0.931,35.193,21.802,29.972,23.251,4.783,7.452,6.549
57042,0.931,35.323,21.814,29.991,23.254,4.824,7.452,6.59
57043,0.941,35.43,21.756,29.982,23.244,4.743,7.371,6.468
57044,0.935,35.796,21.759,29.943,23.24,4.661,7.33,6.426
57045,0.931,35.262,21.759,29.972,23.244,4.822,7.329,6.466
57046,0.944,35.391,21.814,29.962,23.244,4.702,7.37,6.426
57047,0.928,35.508,21.752,29.981,23.24,4.701,7.289,6.466
57048,0.928,35.221,21.763,29.972,23.244,4.782,7.288,6.426
57049,0.931,35.228,21.802,30.01,23.251,4.864,7.451,6.67
57050,0.938,35.401,21.795,30.001,23.244,4.865,7.33,6.509
57051,0.928,35.46,21.799,29.982,23.247,4.743,7.329,6.467
57052,0.925,35.134,21.779,29.982,23.251,4.783,7.451,6.507
57053,0.938,35.284,21.748,30.001,23.244,4.824,7.493,6.589
57054,0.935,35.411,21.79,29.991,23.251,4.824,7.494,6.468
57055,0.922,35.479,21.767,29.972,23.237,4.621,7.371,6.467
57056,0.909,35.173,21.783,30.01,23.247,4.741,7.533,6.426
57057,0.915,35.333,21.681,30.001,23.24,4.661,7.453,6.426
57058,0.931,35.44,21.747,29.972,23.244,4.741,7.534,6.385
57059,0.938,35.508,21.767,29.991,23.244,4.701,7.575,6.507
57060,0.964,35.24,21.791,30.02,23.258,4.904,7.698,6.549
57061,0.987,35.401,21.83,30.02,23.244,4.744,7.658,6.427
57062,0.978,35.489,21.78,30.011,23.244,4.783,7.658,6.466
57063,0.971,35.547,21.756,30.03,23.247,4.824,7.658,6.467
57064,0.981,35.279,21.771,30.03,23.251,4.824,7.698,6.467
57065,0.984,35.401,21.818,30.001,23.247,4.783,7.658,6.426
57066,0.971,35.498,21.815,29.972,23.233,4.661,7.536,6.263
57067,0.961,35.566,21.744,30.02,23.244,4.782,7.616,6.424
57068,0.974,35.279,21.751,30.011,23.244,4.742,7.617,6.344
57069,0.964,35.391,21.783,30.001,23.244,4.661,7.576,6.343
57070,0.958,35.508,21.752,29.982,23.24,4.741,7.535,6.303
57071,0.958,35.557,21.79,30.01,23.24,4.864,7.657,6.465
57072,0.984,35.346,21.767,30.049,23.258,4.824,7.658,6.386
57073,0.968,35.45,21.802,30.011,23.251,4.783,7.617,6.303
57074,0.964,35.585,21.803,30.039,23.247,4.864,7.576,6.465
57075,0.961,35.471,21.752,30.03,23.254,4.824,7.535,6.426
57076,0.964,35.393,21.822,30.04,23.251,4.783,7.534,6.385
57077,0.971,35.508,21.768,30.001,23.244,4.702,7.372,6.181
57078,0.971,35.605,21.771,30.011,23.24,4.782,7.37,6.342
57079,0.984,35.366,21.744,30.001,23.247,4.702,7.411,6.221
57080,0.991,35.469,21.759,30.02,23.244,4.742,7.371,6.22
57081,0.997,35.595,21.767,30.001,23.24,4.742,7.37,6.261
57082,1.0,35.682,21.798,30.03,23.247,4.783,7.411,6.302
57083,1.02,35.405,21.76,30.068,23.254,4.824,7.411,6.221
57084,1.036,35.508,21.767,30.03,23.251,4.743,7.33,6.22
57085,1.017,35.633,21.787,30.049,23.251,4.783,7.41,6.302
57086,1.027,35.731,21.83,30.04,23.247,4.824,7.371,6.302
57087,1.017,35.597,21.74,30.049,23.247,4.824,7.37,6.262
57088,1.02,35.73,21.786,30.021,23.233,4.702,7.289,6.18
57089,1.014,35.827,21.783,30.03,23.244,4.823,7.247,6.22
57090,1.023,35.915,21.791,30.04,23.247,4.824,7.206,6.18
57091,1.014,35.724,21.791,30.03,23.247,4.702,7.247,6.179
57092,1.01,35.837,21.74,30.02,23.237,4.701,7.288,6.179
57093,1.017,35.953,21.782,30.03,23.247,4.782,7.329,6.301
57094,1.03,36.069,21.799,30.087,23.258,4.824,7.37,6.302
57095,1.02,35.754,21.748,30.05,23.244,4.824,7.248,6.302
57096,1.033,35.876,21.802,30.049,23.251,4.783,7.288,6.302
57097,1.04,36.002,21.779,30.049,23.251,4.783,7.288,6.221
57098,1.056,36.041,21.791,30.068,23.247,4.824,7.288,6.261
57099,1.056,35.859,21.744,30.03,23.233,4.661,7.166,6.099
57100,1.053,35.963,21.794,30.03,23.244,4.741,7.206,6.178
57101,1.073,36.098,21.803,30.049,23.251,4.783,7.206,6.179
57102,1.073,36.263,21.795,30.04,23.24,4.742,7.165,6.22
57103,1.073,36.034,21.717,30.068,23.247,4.701,7.206,6.139
57104,1.086,36.176,21.747,30.069,23.247,4.742,7.206,6.26
57105,1.105,36.321,21.814,30.078,23.254,4.905,7.369,6.343
57106,1.099,36.131,21.799,30.04,23.24,4.744,7.289,6.181
57107,1.093,36.196,21.67,30.088,23.247,4.783,7.247,6.261
57108,1.099,36.34,21.786,30.05,23.247,4.824,7.206,6.221
57109,1.086,36.419,21.787,30.068,23.247,4.824,7.287,6.261
57110,1.079,36.151,21.83,30.059,23.244,4.743,7.166,6.058
57111,1.079,36.234,21.768,30.03,23.237,4.701,7.165,6.178
57112,1.083,36.398,21.783,30.059,23.244,4.742,7.206,6.179
57113,1.079,36.477,21.779,30.04,23.24,4.742,7.125,6.139
57114,1.07,36.257,21.787,30.049,23.237,4.742,7.165,6.138
57115,1.076,36.389,21.783,30.049,23.244,4.783,7.246,6.219
57116,1.096,36.524,21.806,30.107,23.254,4.905,7.328,6.261
57117,1.106,36.603,21.748,30.069,23.251,4.744,7.207,6.139
57118,1.099,36.498,21.767,30.069,23.244,4.823,7.206,6.179
57119,1.106,36.65,21.775,30.069,23.251,4.824,7.287,6.22
57120,1.115,36.767,21.775,30.097,23.251,4.824,7.288,6.22
57121,1.135,36.806,21.775,30.079,23.251,4.702,7.247,6.098
57122,1.119,36.519,21.787,30.05,23.237,4.701,7.206,6.056
57123,1.145,36.689,21.744,30.068,23.251,4.782,7.328,6.056
57124,1.142,36.796,21.755,30.059,23.247,4.742,7.289,6.097
57125,1.155,36.826,21.806,30.049,23.24,4.742,7.247,6.056
57126,1.142,36.721,21.791,30.059,23.244,4.783,7.288,6.097
57127,1.135,36.911,21.732,30.088,23.258,4.946,7.451,6.3
57128,1.158,37.019,21.755,30.088,23.247,4.785,7.452,6.14
57129,1.145,37.001,21.79,30.088,23.251,4.824,7.371,6.138
57130,1.148,36.789,21.783,30.098,23.244,4.824,7.37,6.098
57131,1.139,36.941,21.783,30.098,23.254,4.824,7.452,6.138
57132,1.148,37.048,21.771,30.098,23.244,4.824,7.412,6.057
57133,1.132,36.991,21.771,30.059,23.233,4.743,7.289,6.056
57134,1.138,37.067,21.806,30.097,23.244,4.783,7.451,6.056
57135,1.145,37.193,21.775,30.088,23.24,4.824,7.33,6.056
57136,1.142,37.261,21.783,30.069,23.244,4.783,7.329,6.015
57137,1.155,36.984,21.767,30.088,23.247,4.742,7.289,6.096
57138,1.155,37.115,21.779,30.117,23.258,4.986,7.491,6.219
57139,1.165,37.26,21.783,30.107,23.247,4.744,7.331,6.098
57140,1.168,37.3,21.756,30.088,23.247,4.783,7.37,6.056
57141,1.181,37.166,21.767,30.117,23.251,4.824,7.33,6.137
57142,1.181,37.29,21.818,30.098,23.251,4.865,7.37,6.098
57143,1.191,37.444,21.756,30.136,23.247,4.824,7.248,5.975
57144,1.175,37.475,21.767,30.069,23.24,4.702,7.247,6.015
57145,1.181,37.37,21.798,30.097,23.24,4.782,7.288,6.015
57146,1.165,37.503,21.775,30.098,23.244,4.824,7.329,6.056
57147,1.168,37.61,21.771,30.107,23.244,4.743,7.329,5.975
57148,1.165,37.668,21.728,30.079,23.244,4.742,7.329,6.015
57149,1.161,37.189,21.755,30.107,23.254,4.945,7.451,6.218
57150,1.171,37.376,21.775,30.107,23.251,4.825,7.371,6.098
57151,1.149,37.455,21.787,30.088,23.254,4.824,7.411,6.097
57152,1.145,37.504,21.779,30.098,23.251,4.824,7.452,6.097
57153,1.135,37.37,21.802,30.117,23.247,4.824,7.412,6.138
57154,1.142,37.522,21.799,30.107,23.244,4.743,7.411,5.976
57155,1.119,37.581,21.764,30.088,23.233,4.742,7.411,6.096
57156,1.129,37.63,21.83,30.088,23.244,4.783,7.411,6.097
57157,1.129,37.525,21.737,30.107,23.244,4.742,7.371,6.097
57158,1.125,37.667,21.751,30.088,23.244,4.783,7.37,6.056
57159,1.129,37.765,21.763,30.117,23.244,4.824,7.492,6.137
57160,1.145,37.718,21.767,30.155,23.265,4.905,7.534,6.179
57161,1.125,37.525,21.763,30.098,23.248,4.825,7.453,6.139
57162,1.119,37.639,21.794,30.107,23.247,4.865,7.452,6.098
57163,1.112,37.736,21.806,30.165,23.251,4.824,7.493,6.138
57164,1.115,37.439,21.756,30.127,23.251,4.824,7.412,6.098
57165,1.112,37.503,21.783,30.117,23.237,4.702,7.289,5.975
57166,1.089,37.61,21.787,30.117,23.24,4.782,7.369,6.096
57167,1.089,37.716,21.783,30.117,23.244,4.742,7.37,6.056
57168,1.073,37.525,21.771,30.107,23.244,4.823,7.33,6.056
57169,1.06,37.619,21.763,30.107,23.24,4.783,7.329,5.975
57170,1.05,37.764,21.791,30.127,23.251,4.864,7.451,6.137
57171,1.05,37.871,21.803,30.156,23.254,4.906,7.371,6.057
57172,1.04,37.604,21.783,30.127,23.244,4.784,7.37,6.137
57173,1.02,37.706,21.787,30.127,23.247,4.742,7.37,6.179
57174,1.01,37.832,21.763,30.146,23.251,4.823,7.37,6.139
57175,0.997,37.9,21.771,30.146,23.247,4.824,7.289,6.138
57176,1.007,37.546,21.806,30.108,23.24,4.702,7.125,6.016
57177,0.997,37.677,21.748,30.107,23.251,4.782,7.205,6.096
57178,0.997,37.813,21.79,30.127,23.251,4.742,7.247,6.056
57179,0.991,37.852,21.775,30.117,23.247,4.783,7.206,6.056
57180,0.991,37.613,21.795,30.117,23.237,4.742,7.287,6.015
57181,0.974,37.735,21.795,30.146,23.251,4.823,7.329,6.178
57182,0.994,37.909,21.803,30.165,23.258,4.865,7.41,6.139
57183,0.981,37.882,21.74,30.146,23.247,4.784,7.289,6.138
57184,0.968,37.642,21.728,30.146,23.244,4.742,7.329,6.179
57185,0.958,37.764,21.771,30.127,23.251,4.823,7.37,6.098
57186,0.954,37.89,21.787,30.146,23.251,4.824,7.411,6.097
57187,0.938,38.246,21.721,30.156,23.237,4.743,7.249,6.097
57188,0.925,37.799,21.747,30.127,23.244,4.742,7.328,6.178
57189,0.918,37.929,21.759,30.146,23.244,4.823,7.329,6.139
57190,0.912,38.026,21.798,30.146,23.244,4.743,7.37,6.098
57191,0.905,37.711,21.767,30.127,23.244,4.742,7.289,6.097
57192,0.895,37.727,21.779,30.146,23.247,4.783,7.451,6.219
57193,0.895,37.89,21.775,30.204,23.258,4.946,7.534,6.383
57194,0.889,37.959,21.759,30.147,23.241,4.785,7.372,6.222
57195,0.869,37.585,21.81,30.156,23.24,4.702,7.492,6.18
57196,0.879,37.697,21.799,30.156,23.251,4.863,7.453,6.179
57197,0.879,37.822,21.721,30.175,23.251,4.824,7.452,6.22
57198,0.872,37.9,21.767,30.166,23.244,4.743,7.371,6.098
57199,0.869,37.575,21.763,30.146,23.237,4.701,7.33,6.219
57200,0.879,37.716,21.787,30.165,23.244,4.742,7.37,6.139
57201,0.866,37.842,21.771,30.175,23.247,4.742,7.289,6.179
57202,0.876,37.901,21.791,30.146,23.24,4.661,7.329,6.139
57203,0.876,37.537,21.721,30.146,23.24,4.741,7.329,6.219
57204,0.869,37.706,21.747,30.175,23.254,4.905,7.573,6.22
57205,0.869,37.813,21.783,30.156,23.251,4.744,7.413,6.18
57206,0.866,37.852,21.799,30.165,23.251,4.864,7.411,6.139
57207,0.849,37.623,21.713,30.165,23.251,4.824,7.493,6.219
57208,0.843,37.755,21.751,30.185,23.251,4.824,7.534,6.22
57209,0.833,37.871,21.775,30.175,23.247,4.743,7.494,6.098
57210,0.826,37.853,21.767,30.137,23.233,4.742,7.453,6.097
57211,0.826,37.556,21.755,30.165,23.247,4.742,7.493,6.138
57212,0.83,37.677,21.798,30.165,23.24,4.742,7.616,6.057
57213,0.8,37.784,21.725,30.165,23.24,4.62,7.576,6.219
57214,0.803,37.795,21.747,30.165,23.244,4.7,7.657,6.18
57215,0.803,37.756,21.798,30.185,23.254,4.823,7.739,6.301
57216,0.823,37.919,21.779,30.194,23.244,4.783,7.699,6.221
57217,0.804,37.978,21.732,30.185,23.251,4.783,7.78,6.18
57218,0.81,37.71,21.759,30.185,23.251,4.742,7.74,6.179
57219,0.816,37.573,21.779,30.194,23.258,4.864,7.74,6.22
57220,0.823,37.687,21.775,30.185,23.247,4.824,7.699,6.18
57221,0.836,37.746,21.779,30.166,23.237,4.661,7.618,6.057
57222,0.826,37.526,21.783,30.185,23.251,4.782,7.657,6.137
57223,0.833,37.639,21.756,30.166,23.244,4.742,7.617,6.098
57224,0.833,37.774,21.767,30.185,23.237,4.661,7.617,6.016
57225,0.826,37.814,21.763,30.156,23.24,4.7,7.657,6.137
57226,0.833,37.488,21.814,30.185,23.247,4.863,7.78,6.301
57227,0.813,37.638,21.76,30.204,23.244,4.784,7.7,6.221
57228,0.81,37.755,21.728,30.204,23.244,4.742,7.618,6.18
57229,0.807,37.794,21.759,30.214,23.251,4.701,7.657,6.179
57230,0.807,37.497,21.74,30.214,23.251,4.823,7.698,6.179
57231,0.803,37.657,21.798,30.204,23.254,4.824,7.618,6.179
57232,0.794,37.755,21.787,30.156,23.237,4.661,7.535,6.017
57233,0.79,37.804,21.717,30.213,23.244,4.782,7.657,6.056
57234,0.787,37.565,21.771,30.214,23.244,4.783,7.658,6.178
57235,0.79,37.668,21.795,30.195,23.247,4.661,7.536,6.098
57236,0.787,37.774,21.818,30.195,23.237,4.741,7.534,6.097
57237,0.79,37.823,21.733,30.214,23.247,4.783,7.738,6.26
57238,0.816,37.565,21.775,30.243,23.254,4.864,7.618,6.139
57239,0.807,37.658,21.744,30.214,23.251,4.702,7.535,6.138
57240,0.81,37.765,21.767,30.204,23.247,4.823,7.616,6.138
57241,0.813,37.785,21.771,30.233,23.244,4.824,7.617,6.219
57242,0.826,37.43,21.783,30.224,23.251,4.743,7.617,6.22
57243,0.817,37.542,21.767,30.204,23.244,4.62,7.413,5.976
57244,0.813,37.639,21.787,30.195,23.247,4.781,7.533,6.055
57245,0.826,37.688,21.802,30.204,23.247,4.742,7.534,6.137
57246,0.82,37.4,21.83,30.204,23.24,4.742,7.453,6.057
57247,0.797,37.503,21.733,30.214,23.237,4.661,7.493,6.056
57248,0.794,37.619,21.775,30.233,23.247,4.822,7.656,6.219
57249,0.806,37.505,21.767,30.262,23.258,4.905,7.658,6.139
57250,0.781,37.581,21.732,30.243,23.247,4.744,7.536,6.138
57251,0.8,37.706,21.771,30.233,23.254,4.742,7.616,6.138
57252,0.803,37.775,21.779,30.243,23.258,4.783,7.657,6.179
57253,0.794,37.315,21.728,30.243,23.251,4.783,7.536,6.139
57254,0.774,37.425,21.704,30.205,23.233,4.661,7.453,6.057
57255,0.784,37.57,21.77,30.223,23.24,4.782,7.615,6.137
57256,0.777,37.649,21.814,30.214,23.247,4.702,7.535,6.098
57257,0.8,37.266,21.733,30.223,23.237,4.66,7.534,6.056
57258,0.803,37.387,21.763,30.233,23.237,4.741,7.575,6.137
57259,0.807,37.541,21.826,30.252,23.258,4.905,7.698,6.301
57260,0.826,37.6,21.803,30.243,23.244,4.825,7.536,6.14
57261,0.817,37.505,21.795,30.243,23.244,4.783,7.575,6.138
57262,0.826,37.648,21.818,30.233,23.244,4.824,7.657,6.179
57263,0.823,37.774,21.811,30.252,23.244,4.824,7.576,6.22
57264,0.826,37.814,21.779,30.233,23.247,4.743,7.535,6.058
57265,0.804,37.344,21.81,30.214,23.237,4.742,7.534,6.097
57266,0.81,37.512,21.76,30.243,23.251,4.742,7.453,6.056
57267,0.8,37.648,21.751,30.233,23.247,4.783,7.534,6.097
57268,0.803,37.669,21.732,30.243,23.24,4.702,7.494,6.097
57269,0.797,37.487,21.739,30.243,23.251,4.66,7.494,6.097
57270,0.79,37.629,21.786,30.272,23.254,4.904,7.656,6.219
57271,0.797,37.764,21.81,30.243,23.247,4.784,7.455,6.18
57272,0.794,37.794,21.775,30.243,23.251,4.702,7.493,6.098
57273,0.793,37.373,21.767,30.262,23.247,4.782,7.616,6.26
57274,0.79,37.503,21.74,30.262,23.244,4.824,7.535,6.18
57275,0.787,37.61,21.755,30.253,23.247,4.824,7.453,6.179
57276,0.777,37.448,21.775,30.233,23.233,4.661,7.412,6.057
57277,0.774,37.446,21.709,30.243,23.244,4.782,7.493,6.178
57278,0.8,37.609,21.755,30.252,23.244,4.783,7.534,6.139
57279,0.803,37.687,21.74,30.262,23.24,4.783,7.494,6.057
57280,0.81,37.285,21.771,30.253,23.24,4.742,7.534,6.015
57281,0.803,37.406,21.759,30.243,23.247,4.823,7.616,6.218
57282,0.82,37.541,21.818,30.31,23.254,4.905,7.698,6.261
57283,0.83,37.62,21.787,30.263,23.251,4.784,7.658,6.099
57284,0.83,37.371,21.752,30.262,23.247,4.742,7.658,6.097
57285,0.826,37.512,21.837,30.253,23.244,4.783,7.658,6.138
57286,0.823,37.629,21.776,30.281,23.247,4.905,7.82,6.138
57287,0.813,37.697,21.752,30.272,23.244,4.784,7.781,6.098
57288,0.8,37.353,21.736,30.243,23.244,4.783,7.7,6.016
57289,0.807,37.522,21.743,30.281,23.244,4.783,7.78,6.096
57290,0.807,37.667,21.783,30.272,23.244,4.742,7.781,6.097
57291,0.797,37.717,21.779,30.253,23.244,4.742,7.781,6.056
57292,0.79,37.449,21.756,30.253,23.237,4.701,7.7,6.056
57293,0.797,37.571,21.748,30.281,23.258,4.823,7.943,6.219
57294,0.807,37.725,21.759,30.301,23.251,4.865,7.783,6.18
57295,0.781,37.717,21.794,30.272,23.244,4.824,7.74,6.139
57296,0.777,37.305,21.799,30.282,23.244,4.824,7.618,6.138
57297,0.8,37.425,21.705,30.282,23.251,4.865,7.739,6.098
57298,0.797,37.561,21.782,30.291,23.244,4.824,7.699,6.138
57299,0.8,37.543,21.767,30.253,23.237,4.702,7.536,5.976
57300,0.803,37.361,21.791,30.272,23.244,4.863,7.657,6.137
57301,0.807,37.503,21.748,30.291,23.247,4.743,7.576,6.138
57302,0.807,37.6,21.802,30.282,23.24,4.742,7.535,5.976
57303,0.826,37.515,21.768,30.262,23.24,4.783,7.494,6.055
57304,0.813,37.38,21.744,30.262,23.251,4.905,7.656,6.178
57305,0.842,37.512,21.822,30.31,23.254,4.865,7.617,6.057
57306,0.823,37.6,21.74,30.282,23.244,4.784,7.495,6.056
57307,0.813,37.323,21.751,30.291,23.251,4.783,7.534,6.137
57308,0.816,37.445,21.724,30.31,23.247,4.824,7.494,6.138
57309,0.82,37.551,21.794,30.301,23.251,4.865,7.453,6.098
57310,0.81,37.639,21.775,30.272,23.237,4.743,7.29,5.975
57311,0.79,37.285,21.744,30.282,23.247,4.742,7.41,6.096
57312,0.8,37.435,21.783,30.291,23.247,4.823,7.289,6.056
57313,0.81,37.551,21.756,30.291,23.244,4.783,7.288,6.137
57314,0.8,37.62,21.759,30.291,23.24,4.742,7.166,6.098
57315,0.784,37.323,21.767,30.31,23.244,4.823,7.328,6.219
57316,0.81,37.483,21.83,30.339,23.254,4.905,7.41,6.22
57317,0.8,37.571,21.756,30.301,23.244,4.865,7.249,6.139
57318,0.807,37.649,21.748,30.311,23.251,4.784,7.206,6.138
57319,0.803,37.4,21.751,30.32,23.251,4.824,7.247,6.219
57320,0.807,37.522,21.747,30.311,23.251,4.905,7.247,6.22
57321,0.816,37.639,21.751,30.311,23.237,4.744,7.084,6.098
57322,0.8,37.668,21.802,30.291,23.244,4.823,7.123,6.056
57323,0.823,37.228,21.775,30.301,23.244,4.783,7.124,6.097
57324,0.826,37.367,21.752,30.301,23.244,4.783,7.124,6.056
57325,0.83,37.455,21.783,30.282,23.24,4.742,7.124,6.097
57326,0.81,37.494,21.779,30.31,23.247,4.823,7.124,6.178
57327,0.797,37.36,21.783,30.359,23.254,4.865,7.205,6.261
57328,0.807,37.464,21.76,30.311,23.247,4.865,7.084,6.221
57329,0.803,37.561,21.767,30.339,23.247,4.784,7.123,6.18
57330,0.807,37.792,21.771,30.311,23.247,4.824,7.165,6.22
57331,0.794,37.267,21.771,30.339,23.247,4.824,7.165,6.22
57332,0.803,37.387,21.783,30.321,23.247,4.743,7.002,6.098
57333,0.794,37.474,21.736,30.311,23.24,4.742,6.919,6.138
57334,0.79,37.322,21.767,30.33,23.247,4.823,7.041,6.26
57335,0.793,37.368,21.779,30.32,23.24,4.783,7.001,6.221
57336,0.797,37.493,21.838,30.32,23.237,4.783,7.041,6.139
57337,0.797,37.581,21.783,30.349,23.24,4.742,7.082,6.179
57338,0.816,37.198,21.802,30.349,23.265,4.905,7.123,6.342
57339,0.829,37.348,21.81,30.359,23.251,4.825,7.043,6.221
57340,0.82,37.435,21.771,30.349,23.244,4.743,7.042,6.22
57341,0.826,37.523,21.775,30.349,23.251,4.823,7.042,6.261
57342,0.823,37.245,21.779,30.359,23.244,4.865,7.042,6.302
57343,0.83,37.367,21.771,30.369,23.247,4.743,7.042,6.14
57344,0.817,37.484,21.713,30.311,23.233,4.661,6.96,6.138
57345,0.826,37.542,21.747,30.349,23.244,4.782,7.0,6.219
57346,0.823,37.111,21.74,30.349,23.24,4.783,7.001,6.22
57347,0.807,37.251,21.747,30.349,23.237,4.742,6.96,6.139
57348,0.807,37.358,21.759,30.349,23.24,4.701,6.96,6.179
57349,0.813,37.416,21.83,30.378,23.251,4.863,7.122,6.383
57350,0.803,37.321,21.815,30.398,23.251,4.865,7.043,6.344
57351,0.794,37.426,21.814,30.369,23.247,4.824,7.042,6.221
57352,0.797,37.542,21.814,30.359,23.251,4.824,7.042,6.302
57353,0.784,37.591,21.811,30.445,23.244,4.824,7.164,6.302
57354,0.78,37.102,21.748,30.398,23.251,4.865,7.084,6.302
57355,0.793,37.193,21.771,30.359,23.24,4.702,6.961,6.18
57356,0.787,37.319,21.763,30.378,23.247,4.742,7.041,6.261
57357,0.8,37.349,21.752,30.369,23.244,4.783,7.042,6.302
57358,0.8,37.234,21.74,30.378,23.24,4.742,7.001,6.221
57359,0.807,37.329,21.767,30.369,23.24,4.701,7.041,6.261
57360,0.81,37.454,21.791,30.397,23.258,4.945,7.164,6.465
57361,0.82,37.235,21.795,30.398,23.251,4.866,7.084,6.304
57362,0.817,37.079,21.795,30.398,23.244,4.824,7.205,6.343
57363,0.826,37.231,21.725,30.398,23.244,4.783,7.043,6.343
57364,0.82,37.348,21.763,30.398,23.247,4.864,7.082,6.343
57365,0.83,37.033,21.779,30.388,23.244,4.824,7.083,6.384
57366,0.817,37.116,21.759,30.379,23.237,4.661,7.002,6.181
57367,0.803,37.26,21.755,30.446,23.247,4.782,7.082,6.301
57368,0.82,37.358,21.724,30.389,23.244,4.824,7.083,6.302
57369,0.81,37.033,21.755,30.398,23.247,4.783,7.042,6.221
57370,0.794,37.154,21.759,30.388,23.244,4.783,7.082,6.22
57371,0.774,37.29,21.767,30.417,23.251,4.905,7.327,6.383
57372,0.797,37.406,21.783,30.455,23.254,4.865,7.207,6.303
57373,0.777,37.081,21.752,30.456,23.244,4.824,7.125,6.343
57374,0.777,37.212,21.732,30.427,23.247,4.783,7.165,6.262
57375,0.78,37.329,21.833,30.436,23.258,4.824,7.165,6.343
57376,0.787,37.387,21.807,30.437,23.251,4.905,7.165,6.303
57377,0.787,36.956,21.744,30.408,23.237,4.703,7.002,6.18
57378,0.793,37.048,21.716,30.417,23.24,4.823,7.082,6.261
57379,0.806,37.193,21.774,30.427,23.244,4.824,7.123,6.221
57380,0.803,37.233,21.767,30.427,23.24,4.783,7.083,6.18
57381,0.803,36.984,21.759,30.408,23.244,4.824,7.042,6.22
57382,0.813,37.125,21.791,30.417,23.244,4.783,7.164,6.342
57383,0.82,37.261,21.779,30.465,23.261,4.946,7.206,6.384
57384,0.833,37.272,21.744,30.427,23.251,4.866,7.165,6.222
57385,0.823,36.984,21.771,30.446,23.247,4.824,7.124,6.22
57386,0.817,37.144,21.81,30.437,23.247,4.783,7.124,6.22
57387,0.8,37.242,21.69,30.446,23.251,4.864,7.124,6.302
57388,0.787,37.281,21.735,30.437,23.247,4.702,7.043,6.14
57389,0.78,37.051,21.677,30.427,23.237,4.742,7.123,6.219
57390,0.79,37.221,21.735,30.427,23.247,4.783,7.043,6.22
57391,0.79,37.338,21.736,30.446,23.24,4.783,7.042,6.139
57392,0.774,36.918,21.786,30.427,23.244,4.742,7.001,6.179
57393,0.784,36.961,21.701,30.446,23.24,4.823,7.041,6.22
57394,0.793,37.144,21.735,30.494,23.258,4.946,7.204,6.383
57395,0.8,37.242,21.802,30.466,23.244,4.744,7.084,6.263
57396,0.781,36.926,21.783,30.466,23.247,4.823,7.042,6.302
57397,0.8,37.057,21.646,30.475,23.244,4.824,7.042,6.262
57398,0.787,37.193,21.75,30.456,23.251,4.824,7.204,6.262
57399,0.8,37.261,21.747,30.456,23.24,4.824,7.125,6.139
57400,0.8,36.907,21.759,30.437,23.237,4.702,7.002,6.219
57401,0.8,37.057,21.767,30.475,23.244,4.823,7.163,6.22
57402,0.803,37.135,21.802,30.466,23.244,4.783,7.124,6.139
57403,0.803,37.242,21.791,30.466,23.237,4.783,7.002,6.098
57404,0.81,36.792,21.752,30.446,23.244,4.742,7.041,6.138
57405,0.813,36.96,21.829,30.494,23.254,4.945,7.286,6.301
57406,0.813,37.106,21.76,30.485,23.251,4.785,7.125,6.18
57407,0.79,37.117,21.759,30.475,23.244,4.824,7.124,6.22
57408,0.774,37.002,21.744,30.485,23.247,4.783,7.205,6.261
57409,0.79,37.135,21.72,30.494,23.251,4.824,7.165,6.18
57410,0.777,37.261,21.767,30.495,23.247,4.824,7.165,6.22
57411,0.777,37.262,21.752,30.456,23.233,4.702,7.124,6.098
57412,0.774,36.936,21.755,30.465,23.247,4.782,7.205,6.178
57413,0.777,37.076,21.705,30.494,23.244,4.742,7.206,6.098
57414,0.774,37.164,21.7,30.475,23.237,4.742,7.206,6.138
57415,0.767,37.472,21.743,30.494,23.247,4.742,7.206,6.179
57416,0.774,36.957,21.767,30.485,23.247,4.823,7.369,6.342
57417,0.787,37.144,21.716,30.542,23.254,4.905,7.33,6.262
57418,0.784,37.203,21.774,30.495,23.237,4.784,7.289,6.262
57419,0.78,36.926,21.787,30.495,23.247,4.824,7.288,6.221
57420,0.793,36.923,21.799,30.514,23.244,4.824,7.369,6.22
57421,0.79,37.067,21.795,30.524,23.254,4.865,7.411,6.342
57422,0.813,37.145,21.814,30.514,23.24,4.743,7.249,6.1
57423,0.8,36.829,21.76,30.485,23.24,4.701,7.288,6.219
57424,0.826,36.989,21.74,30.494,23.244,4.782,7.369,6.18
57425,0.807,37.087,21.775,30.504,23.244,4.783,7.248,6.22
57426,0.787,37.174,21.677,30.504,23.24,4.742,7.247,6.18
57427,0.78,36.858,21.727,30.495,23.24,4.783,7.328,6.22
57428,0.78,37.009,21.767,30.543,23.258,5.027,7.492,6.302
57429,0.787,37.164,21.771,30.533,23.247,4.785,7.331,6.221
57430,0.774,37.213,21.806,30.514,23.247,4.824,7.37,6.261
57431,0.78,36.945,21.783,30.552,23.251,4.865,7.37,6.18
57432,0.774,37.086,21.791,30.514,23.251,4.906,7.452,6.22
57433,0.764,37.212,21.764,30.543,23.244,4.906,7.412,6.18
57434,0.767,37.261,21.712,30.505,23.24,4.744,7.208,6.098
57435,0.761,37.08,21.778,30.523,23.244,4.823,7.369,6.26
57436,0.77,37.212,21.795,30.524,23.247,4.783,7.248,6.18
57437,0.774,37.348,21.721,30.524,23.24,4.824,7.247,6.139
57438,0.767,37.378,21.763,30.504,23.24,4.783,7.288,6.138
57439,0.783,36.784,21.752,30.533,23.244,4.824,7.369,6.26
57440,0.793,36.941,21.794,30.572,23.258,4.905,7.452,6.302
57441,0.797,37.019,21.764,30.553,23.247,4.865,7.371,6.18
57442,0.797,37.039,21.837,30.543,23.247,4.906,7.411,6.22
57443,0.8,36.953,21.768,30.543,23.244,4.865,7.371,6.22
57444,0.803,37.096,21.744,30.543,23.251,4.865,7.411,6.18
57445,0.807,37.174,21.81,30.533,23.247,4.784,7.289,6.098
57446,0.794,37.664,21.69,30.533,23.237,4.824,7.369,6.138
57447,0.787,37.65,21.759,30.533,23.247,4.824,7.37,6.138
57448,0.79,37.774,21.751,30.552,23.251,4.824,7.33,6.098
57449,0.784,37.842,21.771,30.553,23.24,4.865,7.289,6.097
57450,0.761,36.568,21.767,30.543,23.244,4.784,7.288,6.138
57451,0.767,36.584,21.748,30.572,23.258,4.946,7.532,6.301
57452,0.78,36.728,21.767,30.553,23.251,4.907,7.372,6.221
57453,0.761,36.796,21.724,30.572,23.247,4.906,7.37,6.22
57454,0.767,36.902,21.736,30.572,23.251,4.865,7.33,6.18
57455,0.767,37.057,21.771,30.572,23.247,4.906,7.451,6.179
57456,0.767,37.145,21.779,30.562,23.244,4.865,7.33,6.057
57457,0.764,37.213,21.646,30.543,23.233,4.743,7.207,6.097
57458,0.774,36.82,21.688,30.562,23.244,4.864,7.247,6.097
57459,0.787,36.941,21.747,30.553,23.24,4.906,7.288,6.056
57460,0.787,37.096,21.779,30.572,23.244,4.825,7.247,6.056
57461,0.787,37.136,21.771,30.562,23.24,4.824,7.206,6.015
57462,0.79,36.944,21.818,30.582,23.258,5.068,7.45,6.218
57463,0.797,37.115,21.76,30.582,23.244,4.867,7.29,6.098
57464,0.81,37.193,21.744,30.553,23.251,4.865,7.247,6.056
57465,0.797,37.223,21.822,30.572,23.247,4.865,7.288,6.097
57466,0.797,36.705,21.74,30.591,23.251,4.906,7.369,6.178
57467,0.787,36.844,21.755,30.582,23.244,4.947,7.33,6.098
57468,0.784,36.932,21.716,30.572,23.244,4.825,7.167,5.975
57469,0.777,36.952,21.743,30.572,23.244,4.824,7.328,6.015
57470,0.774,36.914,21.747,30.582,23.244,4.865,7.329,5.974
57471,0.764,37.038,21.744,30.582,23.24,4.784,7.37,6.015
57472,0.767,37.135,21.783,30.563,23.24,4.824,7.37,6.056
57473,0.754,37.404,21.74,30.582,23.251,4.946,7.492,6.219
57474,0.77,36.909,21.786,30.63,23.258,4.988,7.453,6.058
57475,0.764,37.009,21.775,30.592,23.247,4.907,7.412,6.097
57476,0.774,37.106,21.783,30.591,23.244,4.865,7.452,6.097
57477,0.777,36.896,21.705,30.63,23.244,4.906,7.493,6.016
57478,0.78,36.961,21.708,30.611,23.251,4.947,7.412,6.137
57479,0.784,37.086,21.759,30.572,23.24,4.825,7.371,5.976
57480,0.78,37.136,21.712,30.582,23.244,4.946,7.452,6.096
57481,0.8,36.752,21.735,30.591,23.244,4.907,7.412,6.016
57482,0.8,36.864,21.767,30.582,23.24,4.825,7.371,6.015
57483,0.803,36.961,21.744,30.582,23.244,4.865,7.37,5.974
57484,0.79,37.086,21.763,30.582,23.244,4.865,7.37,6.137
57485,0.806,36.8,21.806,30.62,23.261,5.028,7.492,6.138
57486,0.807,36.931,21.74,30.611,23.244,4.867,7.331,6.057
57487,0.794,37.038,21.767,30.582,23.251,4.946,7.329,6.056
57488,0.787,37.097,21.791,30.61,23.251,4.947,7.37,6.056
57489,0.784,36.838,21.767,30.62,23.247,4.947,7.33,6.097
57490,0.784,36.96,21.775,30.611,23.247,4.866,7.248,5.975
57491,0.774,37.029,21.728,30.582,23.237,4.946,7.166,6.015
57492,0.777,37.125,21.739,30.591,23.247,4.907,7.206,6.056
57493,0.78,36.81,21.743,30.611,23.237,4.906,7.165,6.056
57494,0.764,36.951,21.743,30.601,23.24,4.865,7.084,6.015
57495,0.757,37.038,21.767,30.591,23.24,4.824,7.205,6.056
57496,0.774,37.106,21.826,30.63,23.265,5.068,7.287,6.178
57497,0.784,36.752,21.737,30.63,23.248,4.867,7.085,6.098
57498,0.777,36.844,21.771,30.621,23.247,4.824,7.123,6.056
57499,0.787,36.961,21.74,30.63,23.244,4.905,7.165,6.137
57500,0.797,36.981,21.767,30.64,23.251,4.987,7.165,6.219
57501,0.79,36.885,21.759,30.649,23.251,4.907,7.084,6.098
57502,0.8,36.99,21.771,30.582,23.233,4.825,7.042,5.975
57503,0.8,37.106,21.755,30.61,23.244,4.865,7.123,6.096
57504,0.8,36.829,21.708,30.611,23.244,4.865,7.124,6.016
57505,0.794,36.73,21.767,30.601,23.24,4.865,7.002,6.056
57506,0.787,36.863,21.681,30.611,23.237,4.824,7.123,6.015
57507,0.793,36.961,21.723,30.62,23.251,4.987,7.205,6.218
57508,0.8,36.799,21.763,30.659,23.258,4.988,7.287,6.098
57509,0.787,36.864,21.814,30.621,23.244,4.907,7.207,6.138
57510,0.774,36.999,21.818,30.63,23.251,4.906,7.206,6.138
57511,0.774,37.096,21.791,30.64,23.244,4.906,7.287,6.179
57512,0.761,36.656,21.803,30.64,23.251,4.987,7.288,6.098
57513,0.764,36.776,21.787,30.64,23.24,4.907,7.166,5.935
57514,0.751,36.893,21.728,30.611,23.24,4.865,7.206,6.136
57515,0.774,36.971,21.778,30.649,23.244,4.824,7.165,6.138
57516,0.767,36.722,21.744,30.649,23.24,4.865,7.124,6.098
57517,0.774,36.883,21.701,30.63,23.24,4.865,7.205,6.056
57518,0.774,36.999,21.712,30.621,23.244,4.865,7.247,6.137
57519,0.79,37.096,21.735,30.678,23.258,5.028,7.369,6.219
57520,0.8,36.752,21.755,30.65,23.247,4.948,7.289,6.058
57521,0.79,36.873,21.755,30.63,23.247,4.907,7.125,6.137
57522,0.787,36.98,21.771,30.649,23.251,4.906,7.205,6.138
57523,0.806,37.039,21.697,30.659,23.254,4.987,7.165,6.098
57524,0.803,36.694,21.724,30.65,23.244,4.826,7.206,5.975
57525,0.797,36.777,21.767,30.611,23.233,4.824,7.125,6.055
57526,0.8,36.921,21.755,30.649,23.244,4.865,7.205,6.056
57527,0.787,36.961,21.751,30.707,23.24,4.824,7.125,6.097
57528,0.79,36.847,21.724,30.65,23.244,4.824,7.124,5.975
57529,0.777,36.951,21.751,30.649,23.24,4.824,7.165,6.096
57530,0.784,37.086,21.794,30.669,23.258,4.987,7.287,6.219
57531,0.784,37.068,21.744,30.65,23.241,4.907,7.085,6.098
57532,0.774,36.752,21.786,30.659,23.251,4.865,7.205,6.138
57533,0.767,36.873,21.752,30.736,23.247,4.824,7.287,6.098
57534,0.764,36.98,21.744,30.679,23.254,4.865,7.288,6.138
57535,0.767,36.645,21.794,30.669,23.251,4.987,7.166,6.138
57536,0.754,36.69,21.732,30.65,23.237,4.785,7.124,5.894
57537,0.774,36.844,21.743,30.649,23.244,4.864,7.205,6.054
57538,0.777,36.941,21.743,30.669,23.237,4.906,7.206,6.015
57539,0.771,36.53,21.802,30.63,23.24,4.825,7.247,5.974
57540,0.787,36.641,21.779,30.64,23.24,4.783,7.206,5.974
57541,0.784,36.795,21.787,30.669,23.254,4.946,7.369,6.137
57542,0.813,36.912,21.838,30.707,23.254,4.907,7.289,6.057
57543,0.813,36.606,21.752,30.669,23.247,4.906,7.329,6.015
57544,0.813,36.766,21.732,30.678,23.247,4.906,7.329,6.137
57545,0.79,36.873,21.767,30.688,23.247,4.865,7.329,6.138
57546,0.797,36.951,21.724,30.698,23.247,4.906,7.289,6.098
57547,0.79,36.54,21.72,30.66,23.24,4.825,7.166,6.056
57548,0.787,36.651,21.7,30.669,23.244,4.783,7.246,6.137
57549,0.777,36.796,21.759,30.678,23.247,4.905,7.247,6.098
57550,0.774,36.864,21.751,30.669,23.244,4.865,7.247,6.097
57551,0.771,36.625,21.751,30.659,23.244,4.824,7.166,6.056
57552,0.77,36.766,21.798,30.669,23.254,4.946,7.328,6.259
57553,0.774,36.921,21.713,30.707,23.258,4.947,7.248,6.221
57554,0.761,36.923,21.751,30.66,23.247,4.825,7.288,6.22
57555,0.757,36.587,21.783,30.688,23.251,4.865,7.288,6.18
57556,0.761,36.709,21.795,30.679,23.247,4.906,7.329,6.22
57557,0.774,36.834,21.748,30.707,23.247,4.906,7.329,6.22
57558,0.771,37.095,21.716,30.669,23.237,4.744,7.248,6.058
57559,0.777,36.541,21.755,30.688,23.244,4.864,7.328,6.178
57560,0.79,36.679,21.736,30.688,23.24,4.946,7.329,6.22
57561,0.787,36.777,21.743,30.679,23.244,4.866,7.289,6.139
57562,0.784,36.586,21.806,30.678,23.244,4.824,7.247,6.138
57563,0.8,36.622,21.771,30.698,23.251,4.987,7.41,6.26
57564,0.816,36.786,21.74,30.717,23.258,4.948,7.289,6.18
57565,0.813,36.854,21.775,30.698,23.247,4.907,7.288,6.179
57566,0.8,36.5,21.752,30.679,23.251,4.947,7.288,6.179
57567,0.807,36.65,21.771,30.688,23.251,4.866,7.288,6.179
57568,0.8,36.786,21.767,30.698,23.254,4.865,7.329,6.179
57569,0.787,36.835,21.806,30.688,23.24,4.824,7.126,6.057
57570,0.767,36.414,21.736,30.669,23.244,4.946,7.205,6.097
57571,0.767,36.592,21.732,30.688,23.24,4.866,7.165,6.097
57572,0.774,36.709,21.743,30.679,23.244,4.824,7.124,6.097
57573,0.767,36.796,21.693,30.726,23.24,4.824,7.124,6.097
57574,0.754,36.452,21.723,30.689,23.244,4.824,7.165,6.219
57575,0.774,36.621,21.79,30.746,23.258,4.987,7.328,6.22
57576,0.774,36.709,21.771,30.708,23.241,4.907,7.126,6.18
57577,0.774,36.806,21.787,30.708,23.251,4.865,7.083,6.139
57578,0.774,36.49,21.775,30.727,23.251,4.865,7.205,6.179
57579,0.774,36.64,21.771,30.717,23.247,4.906,7.206,6.179
57580,0.793,36.748,21.775,30.727,23.247,4.825,7.165,6.057
57581,0.78,36.777,21.767,30.689,23.233,4.783,7.246,6.097
57582,0.787,36.404,21.791,30.698,23.247,4.864,7.288,6.138
57583,0.784,36.534,21.76,30.688,23.237,4.824,7.329,6.098
57584,0.78,36.651,21.709,30.679,23.24,4.824,7.207,6.097
57585,0.777,36.661,21.767,30.678,23.24,4.824,7.328,6.138
57586,0.771,36.46,21.701,30.746,23.251,5.027,7.573,6.301
57587,0.767,36.611,21.774,30.717,23.247,4.907,7.413,6.14
57588,0.748,36.69,21.74,30.708,23.247,4.865,7.371,6.138
57589,0.738,36.547,21.806,30.727,23.251,4.906,7.452,6.179
57590,0.731,36.382,21.775,30.727,23.244,4.865,7.452,6.179
57591,0.741,36.534,21.759,30.727,23.251,4.946,7.412,6.139
57592,0.728,36.612,21.787,30.679,23.233,4.744,7.289,6.057
57593,0.734,36.45,21.783,30.765,23.244,4.783,7.41,6.178
57594,0.741,36.563,21.717,30.718,23.247,4.864,7.411,6.139
57595,0.728,36.651,21.759,30.708,23.24,4.865,7.371,6.016
57596,0.725,36.728,21.705,30.717,23.237,4.824,7.33,6.056
57597,0.734,36.269,21.731,30.727,23.251,4.905,7.532,6.259
57598,0.747,36.437,21.739,30.756,23.254,4.947,7.453,6.18
57599,0.747,36.535,21.779,30.727,23.251,4.866,7.452,6.098
57600,0.741,36.622,21.779,30.727,23.251,4.906,7.452,6.178
57601,0.744,36.373,21.771,30.736,23.251,4.906,7.493,6.179
57602,0.741,36.505,21.802,30.756,23.251,4.947,7.412,6.22
57603,0.764,36.612,21.744,30.727,23.237,4.785,7.33,5.976
57604,0.748,36.651,21.716,30.708,23.244,4.824,7.329,6.096
57605,0.751,36.345,21.794,30.727,23.244,4.824,7.37,6.056
57606,0.751,36.476,21.725,30.708,23.244,4.824,7.289,6.056
57607,0.741,36.592,21.743,30.727,23.244,4.824,7.288,5.975
57608,0.738,36.651,21.712,30.727,23.244,4.905,7.369,6.218
57609,0.754,36.479,21.759,30.765,23.258,4.987,7.452,6.18
57610,0.748,36.573,21.728,30.737,23.247,4.826,7.371,6.139
57611,0.744,36.699,21.732,30.756,23.244,4.865,7.37,6.138
57612,0.744,36.739,21.782,30.727,23.254,4.906,7.37,6.179
57613,0.751,36.202,21.763,30.756,23.251,4.987,7.411,6.179
57614,0.725,36.34,21.724,30.746,23.24,4.744,7.208,6.017
57615,0.715,36.419,21.743,30.727,23.244,4.823,7.369,6.137
57616,0.724,36.678,21.759,30.736,23.247,4.824,7.33,6.138
57617,0.744,36.422,21.751,30.784,23.24,4.824,7.329,6.098
57618,0.734,36.534,21.712,30.727,23.237,4.865,7.289,6.016
57619,0.741,36.641,21.739,30.746,23.247,4.824,7.369,6.137
57620,0.764,36.326,21.743,30.756,23.261,4.905,7.533,6.26
57621,0.764,36.37,21.775,30.756,23.247,4.825,7.291,6.221
57622,0.767,36.486,21.795,30.737,23.247,4.865,7.329,6.18
57623,0.777,36.573,21.764,30.756,23.244,4.824,7.37,6.22
57624,0.784,36.229,21.755,30.756,23.251,4.905,7.33,6.18
57625,0.777,36.36,21.79,30.727,23.24,4.744,7.248,6.057
57626,0.764,36.447,21.724,30.717,23.237,4.783,7.166,6.178
57627,0.774,36.563,21.708,30.746,23.244,4.824,7.287,6.179
57628,0.78,36.219,21.708,30.746,23.244,4.783,7.207,6.098
57629,0.777,36.331,21.79,30.727,23.24,4.702,7.125,6.056
57630,0.771,36.466,21.767,30.717,23.244,4.823,7.246,6.178
57631,0.787,36.583,21.767,30.765,23.251,4.946,7.328,6.301
57632,0.793,36.277,21.802,30.746,23.251,4.825,7.207,6.18
57633,0.793,36.389,21.775,30.746,23.247,4.865,7.206,6.179
57634,0.79,36.515,21.732,30.765,23.247,4.824,7.247,6.22
57635,0.8,36.564,21.782,30.775,23.244,4.905,7.288,6.261
57636,0.794,36.162,21.728,30.766,23.244,4.865,7.207,6.18
57637,0.793,36.263,21.697,30.727,23.233,4.702,7.125,6.057
57638,0.797,36.389,21.7,30.765,23.237,4.782,7.205,6.219
57639,0.8,36.419,21.77,30.756,23.247,4.742,7.165,6.18
57640,0.803,36.227,21.755,30.756,23.244,4.742,7.206,6.098
57641,0.803,36.341,21.748,30.727,23.24,4.742,7.206,6.138
57642,0.803,36.476,21.786,30.765,23.251,4.864,7.491,6.26
57643,0.816,36.525,21.795,30.785,23.258,4.987,7.412,6.262
57644,0.823,36.286,21.76,30.756,23.247,4.826,7.371,6.18
57645,0.82,36.38,21.806,30.746,23.24,4.783,7.411,6.179
57646,0.82,36.515,21.732,30.765,23.251,4.864,7.452,6.261
57647,0.82,36.267,21.747,30.785,23.247,4.865,7.493,6.221
57648,0.82,36.197,21.767,30.775,23.247,4.784,7.371,6.098
57649,0.803,36.302,21.783,30.727,23.24,4.783,7.411,6.097
57650,0.807,36.428,21.748,30.756,23.244,4.864,7.452,6.138
57651,0.81,36.237,21.747,30.746,23.24,4.824,7.493,6.098
57652,0.816,36.35,21.759,30.737,23.244,4.743,7.453,6.097
57653,0.8,36.476,21.751,30.756,23.244,4.864,7.574,6.178
57654,0.813,36.602,21.72,30.804,23.265,4.987,7.575,6.261
57655,0.807,36.181,21.763,30.776,23.251,4.907,7.616,6.18
57656,0.794,36.302,21.697,30.775,23.237,4.865,7.495,6.139
57657,0.81,36.447,21.716,30.775,23.247,4.865,7.575,6.219
57658,0.82,36.515,21.759,30.785,23.254,4.865,7.575,6.18
57659,0.839,36.171,21.787,30.756,23.251,4.824,7.454,6.057
57660,0.839,36.302,21.74,30.756,23.24,4.743,7.534,6.259
57661,0.852,36.456,21.74,30.766,23.237,4.823,7.494,6.139
57662,0.853,36.496,21.751,30.766,23.237,4.865,7.412,6.098
57663,0.849,36.152,21.736,30.756,23.237,4.784,7.411,6.016
57664,0.846,36.282,21.732,30.746,23.24,4.824,7.574,6.096
57665,0.853,36.428,21.767,30.794,23.254,4.905,7.616,6.219
57666,0.849,36.506,21.787,30.814,23.244,4.865,7.495,6.139
57667,0.827,36.238,21.736,30.757,23.244,4.824,7.453,6.098
57668,0.817,36.369,21.767,30.766,23.247,4.865,7.534,6.138
57669,0.816,36.496,21.814,30.775,23.251,4.906,7.453,6.179
57670,0.816,36.526,21.791,30.775,23.247,4.906,7.33,6.057
57671,0.794,36.19,21.756,30.737,23.233,4.825,7.329,6.056
57672,0.8,36.34,21.779,30.765,23.247,4.865,7.41,6.137
57673,0.794,36.438,21.756,30.766,23.244,4.824,7.33,6.098
57674,0.79,36.41,21.72,30.766,23.24,4.743,7.289,6.056
57675,0.79,36.179,21.759,30.766,23.237,4.864,7.207,6.137
57676,0.8,36.331,21.673,30.785,23.254,5.028,7.45,6.26
57677,0.797,36.447,21.704,30.804,23.247,4.867,7.33,6.139
57678,0.777,36.122,21.727,30.766,23.251,4.824,7.329,6.179
57679,0.774,36.205,21.798,30.775,23.251,4.865,7.329,6.179
57680,0.777,36.34,21.779,30.775,23.244,4.906,7.329,6.179
57681,0.771,36.438,21.775,30.775,23.254,4.865,7.329,6.139
57682,0.767,36.132,21.74,30.756,23.237,4.784,7.207,6.016
57683,0.761,36.253,21.736,30.756,23.244,4.824,7.247,6.096
57684,0.764,36.398,21.716,30.756,23.251,4.824,7.328,6.097
57685,0.761,36.457,21.767,30.737,23.244,4.824,7.207,6.056
57686,0.735,35.873,21.72,30.784,23.237,4.702,7.247,6.097
57687,0.718,36.011,21.704,30.766,23.247,4.823,7.288,6.178
57688,0.734,36.175,21.763,30.804,23.254,4.987,7.369,6.179
57689,0.731,36.225,21.744,30.766,23.247,4.826,7.289,6.139
57690,0.712,36.091,21.775,30.766,23.247,4.865,7.207,6.098
57691,0.708,36.253,21.767,30.775,23.247,4.824,7.287,6.138
57692,0.692,36.36,21.818,30.766,23.251,4.865,7.288,6.179
57693,0.682,36.428,21.768,30.766,23.244,4.743,7.207,6.057
57694,0.682,35.978,21.705,30.727,23.237,4.783,7.165,6.097
57695,0.685,36.137,21.813,30.756,23.244,4.864,7.246,6.138
57696,0.688,36.253,21.713,30.766,23.244,4.784,7.166,6.098
57697,0.688,36.303,21.716,30.756,23.244,4.702,7.124,5.975
57698,0.685,36.926,21.72,30.746,23.24,4.823,7.124,6.096
57699,0.685,37.096,21.759,30.785,23.254,4.946,7.327,6.26
57700,0.701,37.203,21.767,30.785,23.24,4.825,7.207,6.139
57701,0.695,37.415,21.728,30.756,23.247,4.905,7.206,6.138
57702,0.688,35.748,21.755,30.766,23.244,4.825,7.206,6.179
57703,0.685,35.875,21.732,30.766,23.247,4.865,7.247,6.179
57704,0.695,35.973,21.728,30.756,23.247,4.906,7.247,6.139
57705,0.675,36.079,21.759,30.708,23.237,4.744,7.125,6.016
57706,0.672,36.234,21.693,30.746,23.247,4.864,7.165,6.137
57707,0.669,36.369,21.723,30.746,23.244,4.784,7.165,6.219
57708,0.652,36.457,21.681,30.746,23.244,4.783,7.165,6.058
57709,0.655,35.921,21.735,30.756,23.24,4.864,7.124,6.137
57710,0.655,36.04,21.759,30.766,23.258,5.028,7.368,6.219
57711,0.659,36.205,21.72,30.785,23.247,4.867,7.289,6.139
57712,0.649,36.283,21.798,30.737,23.247,4.824,7.288,6.138
57713,0.649,36.092,21.756,30.746,23.251,4.905,7.288,6.179
57714,0.642,36.243,21.759,30.765,23.247,4.987,7.288,6.139
57715,0.649,36.35,21.791,30.756,23.254,4.866,7.288,6.138
57716,0.646,36.409,21.736,30.737,23.24,4.743,7.166,5.976
57717,0.649,35.968,21.728,30.746,23.24,4.864,7.287,6.177
57718,0.655,36.137,21.689,30.746,23.251,4.824,7.288,5.976
57719,0.652,36.244,21.759,30.746,23.244,4.824,7.166,5.974
57720,0.649,36.283,21.724,30.727,23.24,4.783,7.165,6.096
57721,0.655,36.073,21.708,30.756,23.244,4.864,7.328,6.3
57722,0.681,36.253,21.774,30.785,23.254,4.946,7.329,6.099
57723,0.675,36.341,21.744,30.737,23.244,4.825,7.289,6.097
57724,0.685,36.371,21.736,30.746,23.251,4.946,7.247,6.097
57725,0.679,36.045,21.759,30.746,23.24,4.866,7.247,6.138
57726,0.678,36.185,21.748,30.794,23.247,4.906,7.206,6.138
57727,0.669,36.302,21.712,30.747,23.237,4.784,7.043,6.016
57728,0.656,36.293,21.716,30.727,23.247,4.864,7.164,6.137
57729,0.665,36.025,21.739,30.727,23.244,4.824,7.165,6.057
57730,0.659,36.166,21.728,30.727,23.244,4.783,7.124,6.097
57731,0.643,36.244,21.724,30.727,23.24,4.783,7.083,6.016
57732,0.649,36.101,21.751,30.727,23.244,4.864,7.164,6.137
57733,0.655,36.042,21.763,30.756,23.258,5.028,7.368,6.26
57734,0.659,36.185,21.736,30.756,23.241,4.867,7.248,6.139
57735,0.649,36.254,21.786,30.737,23.244,4.865,7.206,6.138
57736,0.642,36.053,21.744,30.737,23.247,4.865,7.206,6.138
57737,0.659,36.176,21.751,30.746,23.244,4.946,7.287,6.219
57738,0.662,36.292,21.747,30.746,23.247,4.866,7.207,6.098
57739,0.656,36.332,21.751,30.708,23.237,4.784,7.206,6.016
57740,0.668,35.881,21.751,30.736,23.244,4.864,7.287,6.056
57741,0.675,36.021,21.751,30.717,23.247,4.784,7.247,6.056
57742,0.672,36.118,21.759,30.727,23.247,4.742,7.328,6.097
57743,0.672,36.205,21.751,30.727,23.233,4.742,7.37,6.056
57744,0.685,36.005,21.708,30.736,23.254,4.986,7.492,6.137
57745,0.692,36.166,21.767,30.756,23.251,4.948,7.453,6.138
57746,0.682,36.273,21.72,30.737,23.247,4.825,7.452,6.057
57747,0.669,36.351,21.747,30.737,23.24,4.946,7.452,6.097
57748,0.675,35.882,21.736,30.727,23.251,4.907,7.534,6.138
57749,0.678,36.011,21.802,30.736,23.247,4.947,7.534,6.138
57750,0.662,36.128,21.744,30.708,23.237,4.744,7.453,5.976
57751,0.652,36.177,21.736,30.717,23.244,4.823,7.534,6.096
57752,0.655,36.005,21.782,30.708,23.244,4.824,7.575,6.138
57753,0.649,36.137,21.763,30.717,23.24,4.865,7.535,5.976
57754,0.649,36.253,21.72,30.698,23.251,4.824,7.494,6.055
57755,0.649,36.283,21.775,30.727,23.258,4.987,7.656,6.219
57756,0.659,35.986,21.72,30.736,23.254,4.866,7.698,6.18
57757,0.662,36.07,21.732,30.727,23.244,4.865,7.536,6.057
57758,0.669,36.195,21.724,30.727,23.247,4.906,7.697,6.137
57759,0.675,36.273,21.786,30.727,23.251,4.987,7.658,6.179
57760,0.675,35.929,21.787,30.727,23.251,4.866,7.658,6.139
57761,0.682,36.05,21.752,30.689,23.24,4.784,7.414,6.016
57762,0.672,36.118,21.779,30.698,23.237,4.864,7.533,6.096
57763,0.682,36.014,21.752,30.698,23.251,4.824,7.575,6.097
57764,0.688,36.099,21.724,30.698,23.247,4.824,7.535,5.975
57765,0.695,36.215,21.739,30.679,23.244,4.824,7.453,5.974
57766,0.692,36.321,21.728,30.698,23.244,4.865,7.615,6.096
57767,0.692,35.824,21.736,30.727,23.261,5.068,7.657,6.178
57768,0.685,35.934,21.728,30.698,23.244,4.826,7.455,6.098
57769,0.672,36.04,21.759,30.707,23.251,4.865,7.493,6.056
57770,0.659,36.157,21.751,30.698,23.247,4.865,7.575,6.178
57771,0.656,35.918,21.751,30.688,23.247,4.865,7.494,6.057
57772,0.665,36.069,21.783,30.688,23.247,4.824,7.494,6.056
57773,0.659,36.166,21.74,30.679,23.233,4.702,7.453,6.015
57774,0.675,36.254,21.708,30.707,23.24,4.863,7.452,6.096
57775,0.688,35.938,21.751,30.669,23.24,4.824,7.452,6.138
57776,0.711,36.098,21.673,30.688,23.244,4.865,7.412,6.016
57777,0.741,36.196,21.719,30.688,23.24,4.784,7.371,6.015
57778,0.777,36.254,21.704,30.727,23.251,4.946,7.533,6.137
57779,0.816,35.833,21.821,30.708,23.247,4.907,7.412,6.098
57780,0.833,35.943,21.772,30.688,23.244,4.865,7.33,6.016
57781,0.856,36.041,21.771,30.688,23.244,4.865,7.37,6.096
57782,0.879,36.099,21.787,30.688,23.254,4.824,7.37,6.138
57783,0.902,35.908,21.732,30.707,23.251,4.824,7.37,6.138
57784,0.918,36.059,21.724,30.669,23.24,4.743,7.208,5.935
57785,0.931,36.118,21.724,30.678,23.244,4.823,7.247,6.014
57786,0.961,36.186,21.736,30.688,23.244,4.824,7.206,6.015
57787,0.964,35.918,21.697,30.679,23.24,4.743,7.125,6.056
57788,0.984,36.031,21.708,30.659,23.237,4.742,7.165,6.015
57789,1.036,36.137,21.763,30.669,23.244,4.823,7.206,6.096
57790,1.098,35.956,21.755,30.717,23.261,4.946,7.287,6.138
57791,1.125,35.916,21.755,30.66,23.241,4.785,7.125,6.057
57792,1.164,36.05,21.779,30.669,23.247,4.824,7.043,6.178
57793,1.197,36.166,21.728,30.688,23.244,4.824,7.123,6.179
57794,1.224,35.889,21.736,30.679,23.254,4.865,7.124,6.22
57795,1.256,35.982,21.751,30.688,23.24,4.824,7.043,6.098
57796,1.257,36.089,21.673,30.65,23.233,4.743,6.96,6.178
57797,1.276,36.215,21.723,30.659,23.244,4.864,7.041,6.22
57798,1.293,35.842,21.72,30.669,23.244,4.824,7.001,6.302
57799,1.299,35.982,21.751,30.65,23.24,4.702,6.96,6.302
57800,1.316,36.098,21.72,30.64,23.24,4.742,6.96,6.302
57801,1.339,36.205,21.747,30.697,23.258,4.905,7.122,6.506
57802,1.332,35.803,21.736,30.688,23.251,4.865,7.043,6.386
57803,1.3,35.924,21.74,30.659,23.247,4.824,7.042,6.466
57804,1.277,36.04,21.759,30.659,23.247,4.865,7.042,6.467
57805,1.247,36.109,21.775,30.65,23.251,4.865,7.123,6.467
57806,1.208,35.889,21.779,30.669,23.251,4.824,7.043,6.507
57807,1.129,35.992,21.72,30.63,23.233,4.702,6.92,6.508
57808,1.08,36.079,21.767,30.64,23.244,4.863,7.122,6.63
57809,1.053,36.157,21.74,30.659,23.247,4.824,7.002,6.834
57810,1.007,35.832,21.72,30.64,23.24,4.783,6.96,6.958
57811,0.929,35.953,21.704,30.611,23.244,4.742,7.0,7.122
57812,0.876,36.089,21.735,30.639,23.244,4.864,7.163,7.408
57813,0.811,36.147,21.732,30.688,23.254,4.946,7.084,7.615
57814,0.709,35.717,21.704,30.659,23.24,4.785,7.123,7.901
57815,0.623,35.856,21.739,30.63,23.247,4.864,7.124,8.107
57816,0.548,35.973,21.697,30.659,23.247,4.865,7.165,8.313
57817,0.511,35.983,21.716,30.64,23.244,4.865,7.165,8.559
57818,0.472,35.878,21.747,30.63,23.244,4.784,7.084,8.602
57819,0.436,35.934,21.779,30.611,23.244,4.783,7.083,8.806
57820,0.445,36.069,21.763,30.63,23.251,4.783,7.123,9.011
57821,0.435,35.831,21.752,30.611,23.24,4.783,7.083,9.094
57822,0.432,35.915,21.716,30.601,23.237,4.742,7.083,9.176
57823,0.458,36.04,21.739,30.62,23.24,4.823,7.123,9.38
57824,0.514,36.166,21.755,30.649,23.254,4.946,7.246,9.505
57825,0.55,35.717,21.771,30.611,23.247,4.825,7.166,9.587
57826,0.58,35.856,21.759,30.62,23.254,4.783,7.246,9.71
57827,0.593,35.953,21.72,30.63,23.244,4.905,7.206,9.833
57828,0.609,36.05,21.767,30.621,23.247,4.865,7.206,10.16
57829,0.645,35.792,21.783,30.62,23.247,4.824,7.247,10.244
57830,0.665,35.934,21.76,30.592,23.237,4.702,7.125,10.489
57831,0.685,36.06,21.736,30.62,23.244,4.782,7.246,10.735
57832,0.708,36.138,21.751,30.611,23.244,4.783,7.166,10.9
57833,0.721,35.63,21.759,30.611,23.24,4.783,7.084,11.146
57834,0.718,35.759,21.693,30.592,23.233,4.742,7.205,11.433
57835,0.724,35.914,21.731,30.62,23.258,4.945,7.328,11.802
57836,0.734,36.002,21.697,30.688,23.251,4.866,7.248,11.724
57837,0.728,35.869,21.708,30.611,23.244,4.824,7.247,11.886
57838,0.738,35.973,21.739,30.601,23.247,4.824,7.247,11.969
57839,0.747,36.098,21.716,30.601,23.244,4.905,7.247,12.133
57840,0.754,36.148,21.735,30.611,23.244,4.744,7.206,12.012
57841,0.748,35.697,21.697,30.572,23.24,4.742,7.165,12.092
57842,0.76,35.837,21.727,30.601,23.247,4.783,7.165,12.012
57843,0.761,35.972,21.732,30.601,23.244,4.824,7.165,12.011
57844,0.767,36.319,21.751,30.582,23.247,4.702,7.124,11.848
57845,0.748,35.795,21.728,30.563,23.24,4.742,7.124,11.806
57846,0.76,35.972,21.732,30.61,23.251,4.905,7.327,11.928
57847,0.761,36.089,21.724,30.62,23.258,4.825,7.207,11.766
57848,0.744,35.716,21.747,30.611,23.251,4.824,7.206,11.602
57849,0.741,35.731,21.724,30.601,23.247,4.905,7.165,11.56
57850,0.738,35.895,21.736,30.591,23.244,4.825,7.287,11.478
57851,0.741,35.963,21.736,30.601,23.251,4.905,7.329,11.396
57852,0.734,36.578,21.743,30.582,23.24,4.784,7.167,11.232
57853,0.728,36.728,21.708,30.572,23.247,4.864,7.328,11.19
57854,0.721,36.854,21.712,30.582,23.24,4.824,7.329,11.068
57855,0.724,36.903,21.767,30.572,23.24,4.702,7.248,10.944
57856,0.721,35.235,21.705,30.601,23.24,4.823,7.206,10.943
57857,0.728,35.362,21.716,30.582,23.24,4.865,7.328,10.943
57858,0.754,35.517,21.751,30.61,23.258,4.906,7.451,10.902
57859,0.748,35.566,21.755,30.572,23.241,4.784,7.33,10.739
57860,0.751,35.855,21.716,30.572,23.244,4.864,7.37,10.657
57861,0.754,36.011,21.72,30.572,23.251,4.824,7.411,10.615
57862,0.754,36.118,21.735,30.582,23.251,4.865,7.411,10.574
57863,0.764,36.177,21.72,30.563,23.244,4.702,7.289,10.289
57864,0.751,35.496,21.716,30.534,23.24,4.742,7.329,10.245
57865,0.774,35.624,21.735,30.552,23.24,4.742,7.329,10.123
57866,0.774,35.759,21.716,30.572,23.244,4.823,7.248,10.041
57867,0.751,35.818,21.704,30.543,23.24,4.743,7.328,9.877
57868,0.744,35.685,21.735,30.553,23.244,4.823,7.37,9.876
57869,0.757,35.827,21.775,30.572,23.251,4.946,7.452,9.916
57870,0.754,35.953,21.759,30.582,23.247,4.866,7.29,9.672
57871,0.735,35.954,21.751,30.563,23.251,4.824,7.329,9.589
57872,0.751,35.667,21.767,30.553,23.251,4.865,7.37,9.547
57873,0.741,35.817,21.752,30.562,23.254,4.906,7.33,9.425
57874,0.744,35.934,21.787,30.572,23.251,4.865,7.37,9.342
57875,0.738,35.743,21.744,30.524,23.237,4.702,7.289,9.179
57876,0.725,35.713,21.74,30.552,23.244,4.742,7.329,9.177
57877,0.741,35.866,21.693,30.533,23.244,4.823,7.289,9.015
57878,0.744,35.953,21.688,30.533,23.244,4.702,7.247,8.85
57879,0.744,35.648,21.704,30.514,23.244,4.701,7.206,8.889
57880,0.76,35.759,21.704,30.552,23.251,4.863,7.409,8.93
57881,0.78,35.933,21.731,30.553,23.254,4.865,7.371,8.768
57882,0.774,35.993,21.747,30.533,23.244,4.784,7.289,8.767
57883,0.777,35.562,21.732,30.543,23.251,4.783,7.288,8.604
57884,0.787,35.701,21.739,30.524,23.251,4.824,7.288,8.562
57885,0.78,35.808,21.736,30.533,23.254,4.824,7.288,8.521
57886,0.78,35.886,21.743,30.581,23.234,4.702,7.125,8.276
57887,0.774,35.532,21.728,30.524,23.233,4.742,7.165,8.396
57888,0.774,35.691,21.732,30.514,23.244,4.783,7.124,8.234
57889,0.777,35.798,21.782,30.514,23.244,4.742,7.165,8.192
57890,0.774,35.866,21.717,30.514,23.233,4.701,7.165,8.11
57891,0.764,35.714,21.743,30.524,23.244,4.823,7.287,8.191
57892,0.774,35.894,21.751,30.552,23.251,4.824,7.207,8.07
57893,0.754,35.992,21.74,30.495,23.247,4.824,7.247,8.028
57894,0.735,36.022,21.779,30.533,23.247,4.783,7.288,8.027
57895,0.747,35.61,21.759,30.514,23.254,4.864,7.288,8.027
57896,0.747,35.759,21.751,30.524,23.254,4.865,7.247,7.987
57897,0.767,35.876,21.732,30.495,23.244,4.662,7.166,7.702
57898,0.754,35.877,21.747,30.495,23.247,4.782,7.165,7.78
57899,0.764,35.647,21.732,30.504,23.247,4.824,7.206,7.74
57900,0.774,35.759,21.747,30.495,23.24,4.783,7.165,7.659
57901,0.78,35.885,21.728,30.485,23.244,4.742,7.124,7.658
57902,0.764,35.934,21.689,30.494,23.24,4.742,7.205,7.739
57903,0.79,35.695,21.727,30.533,23.251,4.905,7.369,7.74
57904,0.797,35.856,21.716,30.495,23.247,4.784,7.208,7.537
57905,0.794,35.915,21.708,30.475,23.244,4.783,7.328,7.534
57906,0.803,35.618,21.712,30.494,23.251,4.824,7.329,7.534
57907,0.797,35.692,21.696,30.504,23.247,4.824,7.41,7.616
57908,0.787,35.817,21.755,30.485,23.244,4.783,7.371,7.373
57909,0.777,35.857,21.787,30.466,23.233,4.661,7.37,7.411
57910,0.78,35.637,21.779,30.475,23.24,4.741,7.411,7.371
57911,0.78,35.759,21.756,30.466,23.247,4.742,7.411,7.33
57912,0.771,35.876,21.74,30.466,23.24,4.661,7.371,7.207
57913,0.764,35.954,21.74,30.466,23.244,4.741,7.452,7.328
57914,0.761,35.513,21.743,30.494,23.251,4.905,7.615,7.41
57915,0.774,35.662,21.759,30.495,23.251,4.784,7.454,7.249
57916,0.758,35.75,21.755,30.475,23.244,4.783,7.493,7.288
57917,0.774,35.828,21.701,30.466,23.247,4.742,7.412,7.247
57918,0.78,35.675,21.735,30.466,23.254,4.823,7.493,7.288
57919,0.787,35.808,21.743,30.475,23.254,4.783,7.453,7.207
57920,0.79,35.915,21.74,30.446,23.24,4.661,7.371,7.043
57921,0.797,35.992,21.747,30.465,23.244,4.822,7.492,7.123
57922,0.797,35.494,21.685,30.456,23.244,4.783,7.412,7.043
57923,0.803,35.633,21.716,30.446,23.24,4.742,7.33,7.042
57924,0.807,35.731,21.724,30.417,23.24,4.661,7.329,7.001
57925,0.807,35.799,21.689,30.446,23.251,4.863,7.532,7.123
57926,0.82,35.608,21.684,30.465,23.254,4.824,7.453,7.043
57927,0.8,35.73,21.688,30.437,23.244,4.743,7.371,7.042
57928,0.794,35.808,21.751,30.446,23.251,4.823,7.452,7.001
57929,0.793,35.886,21.724,30.456,23.254,4.824,7.371,7.001
57930,0.787,35.628,21.739,30.446,23.251,4.824,7.37,6.96
57931,0.78,35.74,21.736,30.408,23.237,4.702,7.208,6.797
57932,0.777,35.818,21.755,30.407,23.251,4.742,7.247,6.877
57933,0.787,35.608,21.724,30.436,23.244,4.742,7.288,6.877
57934,0.771,35.596,21.716,30.427,23.244,4.823,7.247,6.837
57935,0.774,35.701,21.763,30.436,23.24,4.621,7.247,6.877
57936,0.774,35.798,21.65,30.437,23.247,4.822,7.41,7.04
57937,0.8,35.502,21.704,30.446,23.258,4.865,7.289,6.839
57938,0.797,35.585,21.739,30.427,23.247,4.824,7.288,6.837
57939,0.803,35.682,21.763,30.417,23.251,4.824,7.288,6.877
57940,0.81,35.789,21.759,30.427,23.247,4.824,7.329,6.877
57941,0.816,35.425,21.736,30.417,23.251,4.865,7.37,6.837
57942,0.813,35.556,21.708,30.388,23.24,4.662,7.248,6.714
57943,0.803,35.663,21.72,30.398,23.251,4.782,7.328,6.754
57944,0.82,35.788,21.724,30.388,23.244,4.783,7.329,6.754
57945,0.82,35.464,21.712,30.369,23.24,4.742,7.329,6.632
57946,0.817,35.595,21.704,30.369,23.24,4.742,7.289,6.672
57947,0.807,35.721,21.704,30.388,23.247,4.864,7.41,6.753
57948,0.82,35.827,21.767,30.407,23.254,4.906,7.452,6.836
57949,0.813,35.483,21.705,30.388,23.247,4.825,7.33,6.755
57950,0.81,35.624,21.727,30.388,23.244,4.824,7.329,6.673
57951,0.803,35.759,21.72,30.379,23.254,4.905,7.37,6.713
57952,0.807,35.809,21.739,30.369,23.254,4.784,7.411,6.672
57953,0.81,35.493,21.716,30.359,23.244,4.702,7.289,6.55
57954,0.787,35.605,21.716,30.349,23.24,4.782,7.329,6.59
57955,0.797,35.749,21.747,30.359,23.244,4.742,7.329,6.59
57956,0.803,35.761,21.708,30.349,23.24,4.783,7.329,6.631
57957,0.803,35.483,21.7,30.349,23.24,4.702,7.207,6.55
57958,0.813,35.595,21.696,30.349,23.247,4.823,7.328,6.712
57959,0.833,35.749,21.739,30.388,23.258,4.865,7.37,6.591
57960,0.833,35.636,21.747,30.35,23.241,4.743,7.33,6.631
57961,0.836,35.51,21.712,30.349,23.251,4.783,7.329,6.55
57962,0.843,35.643,21.704,30.349,23.244,4.824,7.37,6.63
57963,0.836,35.759,21.727,30.369,23.258,4.824,7.33,6.631
57964,0.839,35.463,21.775,30.311,23.237,4.743,7.126,6.428
57965,0.823,35.518,21.697,30.311,23.24,4.783,7.287,6.466
57966,0.836,35.701,21.743,30.32,23.244,4.824,7.207,6.467
57967,0.83,35.77,21.736,30.32,23.233,4.743,7.206,6.507
57968,0.826,35.416,21.74,30.292,23.24,4.661,7.165,6.427
57969,0.813,35.556,21.712,30.31,23.251,4.822,7.206,6.548
57970,0.833,35.711,21.7,30.349,23.258,4.946,7.247,6.549
57971,0.833,35.789,21.677,30.33,23.241,4.866,7.247,6.468
57972,0.82,35.397,21.692,30.301,23.251,4.784,7.206,6.467
57973,0.82,35.575,21.692,30.311,23.254,4.824,7.287,6.507
57974,0.813,35.701,21.743,30.32,23.247,4.865,7.247,6.467
57975,0.826,35.741,21.716,30.301,23.244,4.784,7.084,6.304
57976,0.804,35.406,21.72,30.272,23.237,4.864,7.205,6.465
57977,0.826,35.575,21.716,30.291,23.247,4.824,7.165,6.426
57978,0.826,35.682,21.771,30.291,23.237,4.743,7.206,6.426
57979,0.83,35.741,21.728,30.282,23.24,4.742,7.247,6.385
57980,0.843,35.319,21.716,30.262,23.244,4.823,7.247,6.466
57981,0.856,35.507,21.735,30.329,23.251,4.987,7.491,6.548
57982,0.859,35.605,21.747,30.282,23.251,4.907,7.453,6.427
57983,0.853,35.644,21.736,30.282,23.244,4.784,7.493,6.385
57984,0.859,35.539,21.716,30.291,23.251,4.783,7.575,6.466
57985,0.859,35.653,21.724,30.301,23.258,4.864,7.657,6.467
57986,0.872,35.788,21.724,30.263,23.244,4.824,7.576,6.345
57987,0.846,36.02,21.693,30.253,23.23,4.743,7.616,6.425
57988,0.846,35.38,21.759,30.272,23.244,4.742,7.617,6.344
57989,0.856,35.479,21.779,30.262,23.244,4.783,7.698,6.384
57990,0.859,35.604,21.728,30.262,23.24,4.742,7.658,6.303
57991,0.849,35.462,21.751,30.234,23.244,4.783,7.78,6.384
57992,0.849,35.547,21.728,30.291,23.258,4.986,7.903,6.507
57993,0.859,35.701,21.712,30.263,23.244,4.826,7.823,6.386
57994,0.853,35.77,21.731,30.253,23.251,4.865,7.863,6.466
57995,0.853,35.329,21.689,30.243,23.254,4.784,7.863,6.467
57996,0.859,35.469,21.716,30.262,23.247,4.864,7.822,6.426
57997,0.859,35.595,21.7,30.243,23.247,4.824,7.741,6.344
57998,0.859,35.644,21.72,30.195,23.237,4.661,7.699,6.343
57999,0.859,35.395,21.728,30.223,23.24,4.822,7.78,6.343
58000,0.879,35.556,21.693,30.243,23.244,4.743,7.74,6.303
58001,0.885,35.663,21.747,30.214,23.237,4.823,7.699,6.302
58002,0.879,35.74,21.775,30.214,23.24,4.743,7.699,6.343
58003,0.882,35.291,21.744,30.243,23.254,4.905,7.861,6.425
58004,0.898,35.478,21.736,30.252,23.254,4.825,7.7,6.344
58005,0.892,35.566,21.712,30.214,23.247,4.783,7.74,6.384
58006,0.895,35.624,21.735,30.281,23.251,4.783,7.699,6.263
58007,0.892,35.395,21.72,30.224,23.247,4.864,7.699,6.424
58008,0.895,35.527,21.732,30.224,23.251,4.865,7.618,6.344
58009,0.892,35.634,21.755,30.195,23.24,4.662,7.495,6.181
58010,0.869,35.683,21.716,30.195,23.244,4.822,7.616,6.301
58011,0.882,35.405,21.732,30.204,23.251,4.824,7.535,6.18
58012,0.885,35.537,21.72,30.185,23.24,4.824,7.616,6.301
58013,0.879,35.653,21.693,30.185,23.24,4.783,7.535,6.14
58014,0.882,35.683,21.735,30.175,23.251,4.824,7.657,6.382
58015,0.902,35.501,21.72,30.252,23.254,4.865,7.576,6.385
58016,0.889,35.624,21.72,30.195,23.247,4.824,7.616,6.263
58017,0.908,35.721,21.7,30.204,23.244,4.783,7.576,6.302
58018,0.908,35.559,21.739,30.204,23.244,4.905,7.616,6.262
58019,0.918,35.481,21.704,30.195,23.247,4.825,7.495,6.302
58020,0.918,35.604,21.696,30.185,23.24,4.661,7.412,6.18
58021,0.905,35.702,21.712,30.175,23.251,4.822,7.493,6.261
58022,0.915,35.357,21.673,30.185,23.244,4.783,7.494,6.262
58023,0.938,35.44,21.704,30.175,23.24,4.783,7.412,6.262
58024,0.938,35.566,21.739,30.166,23.247,4.702,7.411,6.139
58025,0.948,35.663,21.669,30.165,23.244,4.782,7.533,6.26
58026,0.954,35.395,21.743,30.213,23.254,4.864,7.657,6.343
58027,0.941,35.498,21.681,30.166,23.251,4.784,7.536,6.262
58028,0.932,35.624,21.758,30.165,23.247,4.824,7.534,6.343
58029,0.931,35.711,21.705,30.165,23.247,4.783,7.534,6.384
58030,0.931,35.568,21.731,30.185,23.247,4.783,7.575,6.344
58031,0.941,35.711,21.736,30.166,23.244,4.824,7.575,6.262
58032,0.935,35.798,21.712,30.118,23.233,4.702,7.454,6.343
58033,0.938,35.895,21.724,30.155,23.244,4.823,7.534,6.262
58034,0.932,35.676,21.72,30.146,23.244,4.824,7.575,6.302
58035,0.944,35.789,21.716,30.146,23.24,4.661,7.413,6.262
58036,0.938,35.943,21.751,30.156,23.24,4.7,7.452,6.302
58037,0.958,36.021,21.689,30.165,23.258,4.904,7.656,6.425
58038,0.974,35.581,21.72,30.175,23.251,4.865,7.414,6.344
58039,0.968,35.692,21.673,30.146,23.251,4.824,7.452,6.303
58040,0.984,35.827,21.708,30.146,23.247,4.865,7.412,6.343
58041,0.987,35.876,21.7,30.146,23.247,4.906,7.493,6.384
58042,0.994,35.704,21.642,30.146,23.247,4.784,7.371,6.385
58043,0.997,35.818,21.707,30.108,23.237,4.702,7.208,6.303
58044,1.01,35.934,21.751,30.136,23.254,4.782,7.287,6.262
58045,1.014,36.069,21.685,30.127,23.251,4.783,7.329,6.262
58046,1.004,35.898,21.72,30.108,23.24,4.742,7.207,6.221
58047,0.997,36.03,21.708,30.107,23.244,4.701,7.165,6.261
58048,1.0,36.147,21.786,30.136,23.251,4.904,7.328,6.424
58049,1.01,35.918,21.674,30.156,23.247,4.825,7.207,6.304
58050,0.991,35.954,21.68,30.127,23.244,4.824,7.206,6.302
58051,0.997,36.079,21.692,30.108,23.251,4.783,7.287,6.262
58052,1.004,36.186,21.688,30.136,23.247,4.824,7.288,6.302
58053,1.0,35.937,21.735,30.117,23.251,4.824,7.247,6.221
58054,0.984,36.021,21.724,30.088,23.233,4.743,7.166,6.261
58055,1.004,36.147,21.724,30.107,23.251,4.783,7.124,6.302
58056,0.997,36.244,21.732,30.107,23.244,4.742,7.083,6.262
58057,1.01,36.063,21.673,30.098,23.247,4.742,7.083,6.221
58058,1.017,36.186,21.731,30.098,23.244,4.783,7.164,6.261
58059,1.03,36.34,21.704,30.117,23.254,4.905,7.287,6.384
58060,1.056,36.447,21.708,30.127,23.247,4.865,7.125,6.222
58061,1.047,36.17,21.692,30.088,23.244,4.784,7.165,6.302
58062,1.053,36.302,21.649,30.098,23.247,4.824,7.165,6.302
58063,1.063,36.428,21.676,30.107,23.251,4.824,7.124,6.262
58064,1.066,36.496,21.723,30.088,23.247,4.865,7.083,6.221
58065,1.063,36.286,21.685,30.05,23.237,4.702,7.083,6.18
58066,1.066,36.466,21.7,30.078,23.244,4.782,7.123,6.22
58067,1.053,36.573,21.704,30.078,23.247,4.864,7.043,6.18
58068,1.043,36.603,21.743,30.069,23.24,4.702,7.042,6.179
58069,1.053,36.459,21.72,30.04,23.24,4.742,7.001,6.179
58070,1.056,36.602,21.732,30.088,23.254,4.905,7.123,6.342
58071,1.066,36.757,21.712,30.107,23.251,4.865,7.002,6.262
58072,1.056,36.749,21.681,30.079,23.244,4.865,7.041,6.18
58073,1.063,36.634,21.719,30.078,23.251,4.824,7.082,6.22
58074,1.053,36.767,21.735,30.088,23.251,4.905,7.042,6.22
58075,1.06,36.864,21.704,30.107,23.254,4.865,7.042,6.22
58076,1.056,36.711,21.673,30.069,23.234,4.702,6.92,6.098
58077,1.06,36.71,21.684,30.078,23.247,4.823,6.959,6.097
58078,1.076,36.834,21.708,30.069,23.24,4.743,7.041,6.097
58079,1.083,36.941,21.708,30.078,23.237,4.783,6.96,6.056
58080,1.083,36.645,21.735,30.05,23.233,4.783,7.0,6.056
58081,1.089,36.786,21.704,30.078,23.251,4.905,7.163,6.259
58082,1.109,36.912,21.731,30.088,23.258,4.906,7.124,6.18
58083,1.099,36.98,21.724,30.069,23.244,4.825,7.124,6.139
58084,1.106,36.847,21.704,30.078,23.251,4.865,7.083,6.098
58085,1.109,36.98,21.712,30.069,23.247,4.865,7.164,6.138
58086,1.119,37.106,21.72,30.078,23.258,4.865,7.206,6.138
58087,1.109,37.145,21.693,30.059,23.241,4.784,7.043,5.976
58088,1.096,36.925,21.708,30.049,23.244,4.824,7.123,6.096
58089,1.096,37.076,21.724,30.068,23.244,4.865,7.124,6.178
58090,1.079,37.193,21.712,30.04,23.244,4.824,7.083,6.017
58091,1.083,37.252,21.72,30.03,23.237,4.824,7.042,6.056
58092,1.089,37.013,21.689,30.04,23.247,4.865,7.245,6.137
58093,1.096,37.192,21.747,30.088,23.258,4.987,7.206,6.138
58094,1.089,37.271,21.736,30.05,23.241,4.907,7.125,6.098
58095,1.092,37.281,21.712,30.059,23.247,4.865,7.124,6.138
58096,1.083,37.137,21.755,30.069,23.247,4.906,7.165,6.138
58097,1.089,37.27,21.693,30.059,23.251,4.947,7.124,6.138
58098,1.083,37.358,21.731,30.04,23.244,4.785,7.043,5.976
58099,1.076,37.349,21.689,30.02,23.244,4.824,7.123,6.015
58100,1.089,37.282,21.72,30.039,23.244,4.824,7.083,6.096
58101,1.089,37.416,21.708,30.04,23.237,4.783,7.042,6.097
58102,1.076,37.513,21.685,30.02,23.24,4.742,7.001,6.056
58103,1.066,37.399,21.704,30.03,23.244,4.823,7.082,6.137
58104,1.082,37.263,21.716,30.049,23.254,5.027,7.164,6.219
58105,1.086,37.387,21.696,30.03,23.244,4.826,7.084,6.098
58106,1.073,37.465,21.712,30.03,23.251,4.865,7.123,6.138
58107,1.069,37.36,21.692,30.02,23.244,4.906,7.083,6.098
58108,1.056,37.474,21.735,30.03,23.247,4.906,7.123,6.138
58109,1.05,37.571,21.74,30.03,23.244,4.906,7.002,6.057
58110,1.02,37.639,21.708,30.001,23.233,4.784,7.041,6.097
58111,1.023,37.333,21.747,30.011,23.247,4.824,7.123,6.056
58112,1.017,37.454,21.708,30.011,23.244,4.783,7.043,6.015
58113,1.007,37.599,21.708,30.011,23.244,4.742,7.042,6.056
58114,0.988,37.649,21.712,30.001,23.244,4.823,7.082,6.178
58115,0.987,37.4,21.731,30.03,23.254,4.946,7.245,6.22
58116,0.991,37.599,21.755,30.03,23.251,4.866,7.125,6.139
58117,0.981,37.678,21.689,30.011,23.247,4.906,7.124,6.179
58118,0.977,37.717,21.739,30.001,23.24,4.906,7.205,6.179
58119,0.971,37.41,21.708,30.011,23.251,4.906,7.206,6.22
58120,0.974,37.589,21.724,30.03,23.247,4.865,7.165,6.139
58121,0.964,37.687,21.743,30.001,23.237,4.702,7.043,5.976
58122,0.964,37.717,21.673,29.991,23.244,4.863,7.123,6.096
58123,0.958,37.497,21.719,30.001,23.244,4.865,7.165,6.056
58124,0.964,37.629,21.743,29.991,23.244,4.784,7.124,6.056
58125,0.942,37.716,21.708,29.982,23.244,4.783,7.124,6.015
58126,0.938,37.736,21.716,29.991,23.247,4.824,7.287,6.218
58127,0.941,37.602,21.712,30.039,23.254,4.946,7.288,6.139
58128,0.912,37.697,21.731,30.001,23.247,4.785,7.207,6.138
58129,0.908,37.794,21.7,30.011,23.247,4.824,7.206,6.138
58130,0.892,38.13,21.681,30.001,23.251,4.905,7.247,6.219
58131,0.882,37.712,21.688,30.001,23.251,4.906,7.288,6.18
58132,0.879,37.813,21.673,30.001,23.244,4.784,7.166,6.057
58133,0.863,37.91,21.7,29.953,23.24,4.742,7.084,6.097
58134,0.856,37.451,21.712,29.981,23.244,4.864,7.164,6.097
58135,0.846,37.436,21.724,29.991,23.244,4.824,7.043,6.056
58136,0.84,37.58,21.708,29.962,23.233,4.702,7.082,6.056
58137,0.836,37.639,21.728,29.972,23.244,4.823,7.083,6.178
58138,0.856,37.563,21.786,30.01,23.258,4.946,7.286,6.261
58139,0.846,37.687,21.678,29.982,23.244,4.825,7.044,6.221
58140,0.846,37.803,21.727,29.991,23.244,4.783,7.164,6.18
58141,0.846,37.881,21.728,29.991,23.251,4.864,7.043,6.22
58142,0.846,37.45,21.657,29.991,23.244,4.865,7.123,6.22
58143,0.84,37.59,21.708,29.991,23.244,4.784,7.043,6.139
58144,0.836,37.649,21.72,29.943,23.237,4.702,7.042,6.057
58145,0.839,37.764,21.657,29.962,23.244,4.782,7.042,6.097
58146,0.843,37.478,21.68,29.962,23.24,4.783,7.082,6.056
58147,0.83,37.609,21.731,29.962,23.237,4.742,7.123,6.015
58148,0.804,37.716,21.771,29.953,23.24,4.742,7.083,6.096
58149,0.813,37.813,21.677,30.0,23.254,4.945,7.286,6.26
58150,0.813,37.536,21.719,29.982,23.251,4.907,7.125,6.058
58151,0.797,37.687,21.696,29.953,23.247,4.784,7.205,6.137
58152,0.787,37.765,21.657,29.972,23.247,4.905,7.206,6.138
58153,0.78,37.804,21.684,29.981,23.251,4.825,7.206,6.138
58154,0.774,37.545,21.72,29.962,23.24,4.783,7.043,6.098
58155,0.767,37.62,21.657,29.933,23.233,4.702,7.123,6.056
58156,0.764,37.774,21.665,29.971,23.24,4.782,7.165,6.097
58157,0.777,37.766,21.669,29.962,23.244,4.824,7.165,6.016
58158,0.774,37.526,21.719,29.953,23.24,4.783,7.124,6.015
58159,0.774,37.629,21.708,29.953,23.244,4.783,7.246,6.096
58160,0.787,37.764,21.739,29.972,23.258,4.986,7.328,6.219
58161,0.793,37.564,21.736,29.953,23.244,4.826,7.248,6.058
58162,0.787,37.466,21.677,29.972,23.244,4.824,7.206,6.137
58163,0.79,37.58,21.708,29.962,23.251,4.824,7.328,6.179
58164,0.797,37.687,21.763,29.953,23.251,4.905,7.289,6.098
58165,0.797,37.544,21.689,29.953,23.247,4.784,7.207,6.056
58166,0.8,37.639,21.677,29.924,23.233,4.661,7.084,5.934
58167,0.787,37.774,21.708,29.952,23.244,4.741,7.205,6.055
58168,0.784,37.862,21.743,29.962,23.247,4.783,7.125,6.056
58169,0.777,37.373,21.654,29.933,23.244,4.742,7.165,5.934
58170,0.774,37.503,21.696,29.933,23.233,4.742,7.124,5.974
58171,0.774,37.619,21.673,29.962,23.251,4.864,7.287,6.177
58172,0.774,37.735,21.684,29.972,23.251,4.865,7.247,6.057
58173,0.754,37.334,21.68,29.943,23.244,4.865,7.206,6.015
58174,0.748,37.474,21.716,29.962,23.24,4.865,7.287,6.096
58175,0.751,37.59,21.673,29.953,23.247,4.865,7.288,6.056
58176,0.757,37.658,21.68,29.962,23.251,4.824,7.288,6.097
58177,0.764,37.362,21.712,29.943,23.237,4.743,7.125,5.975
58178,0.754,37.464,21.743,29.924,23.24,4.783,7.287,6.096
58179,0.764,37.609,21.689,29.943,23.24,4.783,7.288,6.016
58180,0.774,37.639,21.723,29.933,23.24,4.783,7.329,6.015
58181,0.771,37.496,21.696,29.933,23.233,4.742,7.207,5.974
58182,0.774,37.619,21.649,29.924,23.24,4.823,7.369,6.137
58183,0.78,37.755,21.715,29.971,23.258,4.946,7.452,6.179
58184,0.787,37.766,21.747,29.934,23.247,4.785,7.29,6.017
58185,0.784,37.411,21.673,29.943,23.247,4.864,7.329,6.137
58186,0.787,37.532,21.68,29.924,23.251,4.824,7.37,6.179
58187,0.777,37.677,21.739,29.952,23.251,4.865,7.37,6.139
58188,0.771,37.65,21.759,29.943,23.251,4.824,7.33,6.016
58189,0.761,37.41,21.709,29.905,23.233,4.702,7.207,6.015
58190,0.751,37.541,21.728,29.914,23.244,4.782,7.287,6.015
58191,0.754,37.639,21.685,29.914,23.244,4.824,7.288,6.056
58192,0.754,37.266,21.649,29.914,23.244,4.743,7.288,5.934
58193,0.741,37.329,21.676,29.914,23.24,4.783,7.329,6.014
58194,0.747,37.445,21.723,29.933,23.251,4.864,7.451,6.218
58195,0.764,37.59,21.685,29.962,23.254,4.865,7.452,6.058
58196,0.751,37.304,21.68,29.933,23.247,4.824,7.412,6.097
58197,0.761,37.425,21.68,29.924,23.237,4.743,7.371,6.056
58198,0.761,37.542,21.731,29.933,23.251,4.783,7.37,6.178
58199,0.761,37.629,21.681,29.943,23.251,4.824,7.411,6.057
58200,0.78,37.237,21.677,29.924,23.23,4.661,7.289,5.975
58201,0.767,37.338,21.716,29.923,23.244,4.7,7.329,6.055
58202,0.78,37.483,21.677,29.923,23.244,4.782,7.289,6.056
58203,0.784,37.571,21.704,29.923,23.24,4.742,7.329,6.015
58204,0.784,37.313,21.782,29.885,23.24,4.742,7.248,5.974
58205,0.777,37.454,21.685,29.914,23.244,4.783,7.288,6.218
58206,0.8,37.619,21.739,29.962,23.261,4.905,7.41,6.139
58207,0.774,37.659,21.736,29.914,23.244,4.825,7.289,6.057
58208,0.774,37.256,21.743,29.914,23.247,4.824,7.369,6.015
58209,0.761,37.396,21.693,29.914,23.251,4.865,7.289,6.096
58210,0.767,37.513,21.665,29.923,23.251,4.784,7.369,6.097
58211,0.764,37.543,21.665,29.933,23.24,4.702,7.208,5.975
58212,0.748,37.178,21.657,29.885,23.237,4.66,7.287,6.055
58213,0.757,37.357,21.692,29.914,23.24,4.741,7.288,6.015
58214,0.754,37.445,21.739,29.904,23.247,4.783,7.207,6.056
58215,0.744,37.686,21.65,29.895,23.24,4.702,7.125,6.015
58216,0.747,37.343,21.684,29.894,23.244,4.701,7.205,6.137
58217,0.757,37.502,21.704,29.923,23.251,4.904,7.409,6.179
58218,0.777,37.59,21.747,29.914,23.251,4.784,7.208,6.098
58219,0.774,37.428,21.697,29.914,23.24,4.824,7.165,6.097
58220,0.771,37.455,21.7,29.914,23.247,4.865,7.246,6.097
58221,0.783,37.609,21.704,29.914,23.247,4.824,7.206,6.138
58222,0.784,37.687,21.653,29.904,23.244,4.743,7.125,6.016
58223,0.777,37.036,21.684,29.885,23.23,4.62,6.961,5.934
58224,0.78,37.135,21.72,29.894,23.24,4.741,7.082,6.014
58225,0.78,37.251,21.689,29.885,23.24,4.783,7.083,5.974
58226,0.777,37.348,21.704,29.885,23.237,4.661,7.042,5.974
58227,0.771,37.196,21.727,29.875,23.244,4.7,7.001,6.015
58228,0.767,37.348,21.778,29.913,23.24,4.823,7.245,6.137
58229,0.78,37.512,21.736,29.923,23.254,4.905,7.166,6.098
58230,0.764,37.552,21.693,29.885,23.244,4.784,7.124,6.056
58231,0.767,37.284,21.735,29.904,23.247,4.783,7.165,6.056
58232,0.77,37.416,21.708,29.895,23.247,4.783,7.165,6.056
58233,0.774,37.551,21.724,29.894,23.247,4.824,7.206,6.056
58234,0.761,37.591,21.72,29.885,23.24,4.702,7.003,5.975
58235,0.754,37.208,21.642,29.894,23.251,4.701,7.163,6.055
58236,0.754,37.367,21.641,29.894,23.244,4.742,7.084,6.015
58237,0.767,37.464,21.657,29.894,23.247,4.783,7.123,5.974
58238,0.764,37.485,21.754,29.875,23.24,4.742,7.124,5.974
58239,0.777,37.13,21.666,29.894,23.244,4.783,7.205,6.096
58240,0.8,37.289,21.696,29.904,23.258,4.824,7.328,6.138
58241,0.79,37.406,21.704,29.895,23.241,4.743,7.289,6.057
58242,0.8,37.426,21.724,29.914,23.251,4.783,7.369,6.097
58243,0.777,37.407,21.677,29.895,23.247,4.783,7.411,6.016
58244,0.797,37.522,21.751,29.875,23.244,4.824,7.411,6.056
58245,0.803,37.648,21.642,29.904,23.237,4.702,7.33,5.893
58246,0.8,37.381,21.664,29.847,23.237,4.701,7.451,6.014
58247,0.807,37.234,21.7,29.875,23.247,4.782,7.452,6.056
58248,0.784,37.329,21.727,29.885,23.24,4.702,7.452,5.975
58249,0.78,37.435,21.669,29.885,23.24,4.742,7.452,5.974
58250,0.777,37.158,21.692,29.875,23.247,4.742,7.534,5.974
58251,0.78,37.29,21.747,29.904,23.265,4.864,7.657,6.096
58252,0.767,37.387,21.755,29.875,23.251,4.784,7.576,6.097
58253,0.774,37.484,21.701,29.885,23.251,4.702,7.535,6.016
58254,0.767,37.187,21.763,29.885,23.247,4.782,7.616,6.096
58255,0.774,37.376,21.658,29.904,23.244,4.702,7.535,6.097
58256,0.771,37.455,21.676,29.856,23.247,4.742,7.453,5.935
58257,0.764,37.494,21.696,29.827,23.233,4.701,7.452,6.055
58258,0.777,37.072,21.735,29.865,23.244,4.742,7.493,5.975
58259,0.771,37.212,21.712,29.865,23.244,4.701,7.453,5.974
58260,0.78,37.319,21.673,29.846,23.24,4.66,7.452,5.893
58261,0.784,37.387,21.696,29.865,23.24,4.782,7.493,6.054
58262,0.8,37.139,21.661,29.913,23.254,4.864,7.494,6.137
58263,0.797,37.261,21.688,29.866,23.244,4.824,7.412,5.976
58264,0.803,37.358,21.704,29.875,23.247,4.824,7.452,6.015
58265,0.797,37.388,21.642,29.875,23.247,4.865,7.412,5.974
58266,0.807,37.129,21.684,29.856,23.254,4.865,7.371,6.096
58267,0.8,37.261,21.665,29.856,23.24,4.662,7.289,5.894
58268,0.781,37.339,21.727,29.846,23.237,4.741,7.329,6.054
58269,0.79,37.387,21.697,29.856,23.247,4.701,7.289,6.015
58270,0.793,37.081,21.692,29.856,23.24,4.701,7.329,5.974
58271,0.787,37.212,21.712,29.856,23.237,4.742,7.289,5.933
58272,0.78,37.329,21.657,29.856,23.24,4.701,7.329,6.055
58273,0.79,37.55,21.731,29.884,23.258,4.782,7.451,6.097
58274,0.78,37.102,21.736,29.856,23.241,4.702,7.29,6.056
58275,0.78,37.222,21.704,29.856,23.244,4.782,7.247,6.097
58276,0.774,37.329,21.692,29.875,23.244,4.783,7.369,6.016
58277,0.784,37.071,21.712,29.865,23.251,4.783,7.33,6.015
58278,0.797,37.126,21.735,29.865,23.244,4.783,7.289,5.974
58279,0.79,37.232,21.669,29.846,23.237,4.661,7.166,5.974
58280,0.79,37.348,21.684,29.865,23.247,4.741,7.246,5.933
58281,0.793,37.013,21.688,29.846,23.237,4.701,7.206,5.933
58282,0.787,37.125,21.657,29.846,23.24,4.742,7.247,5.892
58283,0.777,37.241,21.676,29.846,23.24,4.742,7.206,6.014
58284,0.797,37.338,21.704,29.875,23.254,4.864,7.409,6.096
58285,0.807,36.918,21.618,29.875,23.247,4.865,7.371,5.894
58286,0.8,37.038,21.66,29.837,23.24,4.743,7.33,6.054
58287,0.794,37.154,21.731,29.846,23.244,4.783,7.37,6.015
58288,0.787,37.213,21.751,29.865,23.247,4.824,7.492,6.056
58289,0.777,36.983,21.697,29.865,23.254,4.824,7.494,6.015
58290,0.777,37.115,21.692,29.818,23.237,4.621,7.371,5.893
58291,0.774,37.232,21.677,29.836,23.244,4.741,7.533,5.933
58292,0.767,37.3,21.684,29.875,23.24,4.742,7.616,5.974
58293,0.764,36.955,21.716,29.808,23.244,4.661,7.576,5.893
58294,0.767,37.077,21.735,29.836,23.244,4.7,7.738,5.973
58295,0.764,37.25,21.732,29.884,23.254,4.863,7.821,6.096
58296,0.767,37.31,21.72,29.866,23.247,4.784,7.781,5.975
58297,0.761,36.927,21.728,29.856,23.247,4.783,7.781,5.933
58298,0.774,37.067,21.771,29.846,23.247,4.742,7.74,5.933
58299,0.771,37.193,21.713,29.856,23.251,4.823,7.862,6.055
58300,0.78,37.204,21.728,29.837,23.251,4.783,7.782,5.934
58301,0.774,36.964,21.677,29.827,23.233,4.661,7.659,5.852
58302,0.774,37.086,21.637,29.836,23.244,4.822,7.78,5.932
58303,0.78,37.203,21.668,29.846,23.24,4.702,7.7,5.933
58304,0.787,36.964,21.719,29.817,23.24,4.782,7.658,5.892
58305,0.784,36.904,21.657,29.827,23.24,4.661,7.617,5.892
58306,0.79,37.038,21.68,29.827,23.247,4.741,7.698,6.054
58307,0.787,37.173,21.735,29.875,23.261,4.864,7.78,5.975
58308,0.774,36.906,21.759,29.818,23.244,4.824,7.659,5.974
58309,0.774,37.009,21.685,29.836,23.244,4.783,7.658,6.015
58310,0.777,37.135,21.673,29.836,23.251,4.864,7.617,6.056
58311,0.767,37.242,21.708,29.836,23.247,4.824,7.617,6.015
58312,0.757,36.811,21.689,29.817,23.237,4.702,7.454,5.812
58313,0.744,36.922,21.665,29.817,23.244,4.701,7.574,5.891
58314,0.757,37.067,21.711,29.827,23.24,4.742,7.494,5.933
58315,0.754,37.145,21.696,29.875,23.244,4.661,7.494,5.933
58316,0.751,36.82,21.657,29.818,23.24,4.7,7.453,5.892
58317,0.751,36.96,21.708,29.817,23.244,4.742,7.493,6.054
58318,0.761,37.106,21.798,29.855,23.258,4.823,7.575,6.056
58319,0.77,37.155,21.744,29.846,23.247,4.783,7.454,6.015
58320,0.761,36.906,21.755,29.817,23.247,4.783,7.452,6.015
58321,0.764,37.047,21.697,29.817,23.24,4.824,7.452,6.056
58322,0.764,37.154,21.72,29.846,23.251,4.824,7.452,6.056
58323,0.77,37.213,21.673,29.827,23.24,4.702,7.29,5.893
58324,0.761,36.792,21.735,29.798,23.247,4.742,7.369,5.973
58325,0.77,36.979,21.716,29.817,23.244,4.783,7.37,6.015
58326,0.764,37.067,21.677,29.807,23.24,4.702,7.289,5.934
58327,0.757,37.097,21.7,29.788,23.244,4.742,7.247,5.933
58328,0.748,36.829,21.712,29.817,23.237,4.783,7.328,6.055
58329,0.764,37.008,21.728,29.865,23.254,4.946,7.41,6.137
58330,0.761,37.096,21.708,29.818,23.244,4.744,7.249,5.976
58331,0.751,37.107,21.669,29.846,23.244,4.742,7.369,6.015
58332,0.741,36.954,21.669,29.817,23.24,4.742,7.37,6.096
58333,0.744,37.077,21.672,29.817,23.251,4.742,7.37,6.016
58334,0.741,37.183,21.766,29.807,23.247,4.701,7.248,6.015
58335,0.728,36.811,21.619,29.779,23.233,4.66,7.206,6.015
58336,0.734,36.883,21.688,29.807,23.244,4.741,7.287,6.096
58337,0.741,37.018,21.677,29.807,23.244,4.701,7.247,6.016
58338,0.747,37.106,21.712,29.798,23.244,4.742,7.166,6.015
58339,0.747,36.714,21.665,29.798,23.237,4.661,7.165,6.015
58340,0.744,36.873,21.676,29.836,23.251,4.822,7.368,6.218
58341,0.767,37.018,21.719,29.856,23.24,4.783,7.248,6.058
58342,0.764,37.077,21.72,29.808,23.251,4.783,7.247,6.097
58343,0.751,36.761,21.693,29.817,23.247,4.661,7.247,6.097
58344,0.757,36.921,21.731,29.827,23.254,4.822,7.247,6.097
58345,0.761,37.048,21.693,29.827,23.244,4.824,7.247,6.056
58346,0.764,37.078,21.684,29.779,23.237,4.661,7.125,5.893
58347,0.754,36.848,21.731,29.797,23.251,4.7,7.287,6.054
58348,0.751,36.989,21.677,29.817,23.251,4.701,7.247,6.056
58349,0.754,37.096,21.7,29.798,23.237,4.701,7.166,5.975
58350,0.738,37.145,21.677,29.798,23.244,4.701,7.206,5.974
58351,0.738,36.8,21.676,29.807,23.254,4.742,7.328,6.218
58352,0.757,36.95,21.688,29.817,23.251,4.783,7.248,6.139
58353,0.744,37.019,21.661,29.827,23.247,4.783,7.288,6.138
58354,0.734,37.077,21.735,29.827,23.251,4.824,7.247,6.138
58355,0.728,36.867,21.689,29.808,23.251,4.783,7.206,6.138
58356,0.728,36.999,21.692,29.807,23.247,4.702,7.206,6.057
58357,0.721,37.068,21.657,29.769,23.24,4.66,7.125,6.056
58358,0.741,37.423,21.696,29.797,23.247,4.741,7.205,6.097
58359,0.744,36.803,21.681,29.807,23.244,4.701,7.206,6.016
58360,0.751,36.931,21.673,29.798,23.237,4.66,7.084,6.096
58361,0.754,37.029,21.708,29.798,23.24,4.7,7.164,6.138
58362,0.757,36.905,21.743,29.836,23.254,4.904,7.287,6.138
58363,0.757,36.923,21.716,29.808,23.244,4.703,7.166,6.179
58364,0.774,37.028,21.751,29.807,23.244,4.701,7.165,6.139
58365,0.767,37.145,21.728,29.807,23.247,4.742,7.206,6.057
58366,0.757,36.82,21.724,29.817,23.247,4.783,7.206,6.097
58367,0.754,36.931,21.763,29.798,23.247,4.742,7.165,6.138
58368,0.738,37.009,21.666,29.769,23.233,4.661,7.165,6.057
58369,0.747,37.144,21.669,29.807,23.247,4.741,7.206,6.097
58370,0.738,36.743,21.672,29.779,23.244,4.661,7.287,6.056
58371,0.734,36.864,21.684,29.797,23.244,4.7,7.329,6.015
58372,0.725,36.97,21.634,29.778,23.24,4.66,7.41,6.056
58373,0.731,37.077,21.676,29.826,23.251,4.822,7.574,6.178
58374,0.734,36.819,21.743,29.798,23.247,4.743,7.575,6.057
58375,0.734,36.931,21.677,29.788,23.244,4.742,7.616,6.137
58376,0.721,37.048,21.704,29.807,23.247,4.742,7.657,6.219
58377,0.734,37.106,21.681,29.817,23.247,4.742,7.698,6.139
58378,0.751,36.81,21.758,29.807,23.244,4.701,7.699,6.057
58379,0.735,36.922,21.646,29.779,23.24,4.66,7.618,5.975
58380,0.744,37.028,21.637,29.797,23.244,4.741,7.739,6.137
58381,0.751,37.077,21.688,29.807,23.237,4.742,7.699,6.057
58382,0.741,36.848,21.673,29.798,23.24,4.62,7.699,6.056
58383,0.757,36.989,21.692,29.778,23.24,4.741,7.74,6.097
58384,0.754,37.106,21.704,29.797,23.251,4.783,7.984,6.178
58385,0.774,37.174,21.716,29.817,23.254,4.783,7.742,6.017
58386,0.761,36.82,21.712,29.779,23.247,4.783,7.821,6.015
58387,0.751,36.922,21.747,29.797,23.247,4.742,7.822,6.056
58388,0.754,37.057,21.708,29.807,23.247,4.783,7.863,6.056
58389,0.741,36.924,21.685,29.798,23.251,4.742,7.782,6.056
58390,0.731,36.789,21.696,29.769,23.24,4.701,7.659,5.975
58391,0.725,36.922,21.673,29.778,23.247,4.742,7.78,6.015
58392,0.728,37.019,21.598,29.788,23.237,4.701,7.74,6.015
58393,0.731,36.713,21.625,29.769,23.24,4.701,7.699,6.015
58394,0.721,36.787,21.676,29.769,23.237,4.66,7.618,5.974
58395,0.724,36.922,21.657,29.788,23.244,4.782,7.739,6.137
58396,0.734,37.048,21.68,29.836,23.254,4.864,7.699,6.098
58397,0.728,36.828,21.673,29.798,23.244,4.702,7.699,6.056
58398,0.728,36.979,21.731,29.798,23.254,4.66,7.658,6.097
58399,0.744,37.096,21.654,29.788,23.247,4.822,7.698,6.138
58400,0.751,37.174,21.707,29.798,23.258,4.824,7.699,6.098
58401,0.754,36.753,21.712,29.778,23.244,4.743,7.577,5.935
58402,0.751,36.854,21.685,29.74,23.24,4.701,7.535,6.055
58403,0.764,37.037,21.7,29.778,23.244,4.701,7.575,6.056
58404,0.757,37.068,21.688,29.778,23.244,4.782,7.616,5.975
58405,0.744,36.733,21.712,29.769,23.237,4.702,7.495,5.893
58406,0.734,36.854,21.677,29.769,23.244,4.782,7.534,6.054
58407,0.741,36.999,21.735,29.817,23.258,4.986,7.697,6.178
58408,0.747,37.058,21.681,29.798,23.247,4.744,7.536,6.057
58409,0.738,36.665,21.692,29.798,23.244,4.823,7.575,6.097
58410,0.734,36.824,21.712,29.798,23.244,4.824,7.616,6.097
58411,0.731,36.912,21.696,29.788,23.251,4.865,7.576,6.097
58412,0.734,36.971,21.716,29.826,23.247,4.865,7.535,6.016
58413,0.725,36.895,21.665,29.779,23.233,4.743,7.372,5.852
58414,0.715,36.999,21.708,29.769,23.244,4.823,7.492,6.095
58415,0.724,37.115,21.681,29.817,23.237,4.905,7.412,5.975
58416,0.724,37.193,21.692,29.798,23.237,4.784,7.289,5.974
58417,0.721,36.763,21.708,29.778,23.233,4.824,7.329,6.015
58418,0.734,36.883,21.739,29.769,23.244,4.946,7.451,6.096
58419,0.751,37.038,21.74,29.807,23.258,5.069,7.452,6.016
58420,0.741,36.704,21.689,29.759,23.241,4.908,7.33,5.974
58421,0.741,36.767,21.688,29.797,23.247,4.947,7.37,6.015
58422,0.744,36.893,21.677,29.769,23.251,4.947,7.33,6.056
58423,0.754,36.999,21.653,29.797,23.247,4.988,7.329,6.056
58424,0.751,36.905,21.704,29.759,23.24,4.866,7.167,5.934
58425,0.748,37.009,21.673,29.759,23.233,4.906,7.206,5.933
58426,0.76,37.164,21.673,29.759,23.244,4.947,7.206,5.933
58427,0.751,37.223,21.731,29.769,23.244,4.947,7.125,5.892
58428,0.748,36.542,21.697,29.759,23.233,4.866,7.124,5.892
58429,0.738,36.67,21.7,29.759,23.24,4.946,7.205,5.973
58430,0.747,36.815,21.724,29.797,23.254,5.069,7.287,6.177
58431,0.738,36.912,21.712,29.788,23.244,4.989,7.125,5.935
58432,0.721,36.683,21.689,29.817,23.251,4.988,7.205,5.974
58433,0.734,36.825,21.677,29.779,23.254,4.988,7.125,5.974
58434,0.728,36.941,21.739,29.797,23.251,5.07,7.205,6.015
58435,0.725,37.019,21.673,29.817,23.251,5.03,7.206,5.974
58436,0.711,36.646,21.673,29.75,23.233,4.867,7.125,5.893
58437,0.721,36.767,21.696,29.778,23.251,5.068,7.124,5.973
58438,0.724,36.912,21.724,29.759,23.24,4.989,7.124,5.893
58439,0.724,36.942,21.689,29.769,23.237,4.988,7.165,5.892
58440,0.728,36.693,21.61,29.759,23.24,4.988,7.206,5.933
58441,0.734,36.863,21.664,29.788,23.254,5.151,7.369,6.096
58442,0.747,36.989,21.657,29.788,23.247,5.071,7.248,6.016
58443,0.744,36.991,21.68,29.769,23.251,5.07,7.288,5.974
58444,0.754,36.655,21.684,29.778,23.251,5.111,7.369,5.974
58445,0.751,36.805,21.704,29.778,23.244,5.112,7.37,6.055
58446,0.757,36.912,21.704,29.788,23.247,5.071,7.37,5.975
58447,0.741,36.712,21.724,29.731,23.233,4.948,7.289,5.852
58448,0.734,36.71,21.704,29.759,23.251,5.069,7.41,5.932
58449,0.741,36.844,21.704,29.769,23.24,5.03,7.411,5.933
58450,0.734,36.932,21.688,29.759,23.24,5.03,7.411,6.014
58451,0.731,36.587,21.716,29.74,23.244,5.03,7.411,5.893
58452,0.734,36.709,21.626,29.778,23.251,5.192,7.574,6.136
58453,0.741,36.854,21.707,29.788,23.247,5.153,7.535,6.016
58454,0.725,36.903,21.739,29.778,23.244,5.071,7.412,6.056
58455,0.721,36.51,21.665,29.769,23.247,5.111,7.493,5.975
58456,0.728,36.641,21.684,29.769,23.247,5.112,7.534,6.055
58457,0.731,36.786,21.731,29.769,23.244,5.112,7.453,6.056
58458,0.731,36.835,21.786,29.759,23.23,4.949,7.29,5.853
58459,0.721,36.471,21.654,29.759,23.24,5.069,7.41,5.973
58460,0.728,36.631,21.653,29.759,23.244,5.03,7.411,5.974
58461,0.731,36.747,21.661,29.759,23.237,4.989,7.249,5.933
58462,0.731,36.825,21.657,29.769,23.244,4.988,7.288,5.974
58463,0.738,36.519,21.672,29.759,23.251,5.192,7.451,6.177
58464,0.751,36.679,21.688,29.797,23.247,5.153,7.33,5.976
58465,0.751,36.796,21.673,29.769,23.244,5.071,7.289,6.015
58466,0.761,36.826,21.684,29.759,23.247,5.07,7.288,6.096
58467,0.754,36.5,21.72,29.769,23.251,5.111,7.288,6.056
58468,0.748,36.65,21.724,29.769,23.258,5.071,7.247,6.056
58469,0.744,36.748,21.696,29.749,23.244,4.989,7.084,5.893
58470,0.731,36.758,21.712,29.759,23.24,5.029,7.123,6.054
58471,0.718,36.605,21.689,29.769,23.24,5.03,7.205,6.015
58472,0.721,36.718,21.641,29.749,23.24,5.03,7.165,5.974
58473,0.711,36.844,21.68,29.759,23.24,5.03,7.084,6.015
58474,0.715,36.721,21.704,29.759,23.24,5.151,7.205,6.178
58475,0.721,36.537,21.692,29.807,23.258,5.193,7.287,6.179
58476,0.728,36.67,21.688,29.769,23.241,5.031,7.207,6.057
58477,0.721,36.757,21.692,29.769,23.24,5.07,7.206,6.097
58478,0.737,36.528,21.735,29.759,23.244,5.111,7.369,6.138
58479,0.738,36.612,21.704,29.778,23.244,5.112,7.33,6.057
58480,0.747,36.757,21.727,29.769,23.237,5.03,7.248,6.056
58481,0.725,36.806,21.697,29.73,23.23,4.989,7.206,6.015
58482,0.747,36.346,21.684,29.759,23.24,5.11,7.247,5.974
58483,0.741,36.466,21.696,29.759,23.244,5.071,7.206,6.096
58484,0.738,36.583,21.657,29.73,23.244,4.989,7.165,5.975
58485,0.751,36.67,21.657,29.749,23.237,5.029,7.165,6.055
58486,0.751,36.508,21.665,29.768,23.251,5.233,7.368,6.219
58487,0.754,36.65,21.692,29.769,23.244,5.032,7.248,6.098
58488,0.741,36.748,21.661,29.749,23.244,5.07,7.206,6.138
58489,0.731,36.854,21.672,29.788,23.244,5.07,7.287,6.138
58490,0.734,36.347,21.719,29.759,23.251,5.07,7.288,6.179
58491,0.731,36.476,21.704,29.769,23.247,5.03,7.166,6.017
58492,0.721,36.564,21.634,29.74,23.233,4.907,7.084,6.015
58493,0.724,36.632,21.68,29.759,23.24,5.069,7.164,6.056
58494,0.728,36.46,21.731,29.778,23.237,4.989,7.206,6.097
58495,0.715,36.573,21.618,29.75,23.24,4.988,7.125,6.097
58496,0.715,36.699,21.652,29.749,23.244,4.988,7.083,6.097
58497,0.721,36.729,21.661,29.778,23.247,5.151,7.245,6.219
58498,0.741,36.355,21.739,29.759,23.254,5.071,7.206,6.139
58499,0.725,36.457,21.673,29.778,23.244,5.111,7.165,6.098
58500,0.741,36.554,21.712,29.769,23.251,5.112,7.165,6.219
58501,0.738,36.977,21.681,29.769,23.251,5.071,7.165,6.18
58502,0.751,36.53,21.68,29.769,23.244,5.07,7.206,6.179
58503,0.744,36.641,21.68,29.749,23.237,4.989,7.003,6.057
58504,0.751,36.719,21.665,29.759,23.247,5.029,7.123,6.137
58505,0.754,36.365,21.676,29.769,23.244,5.03,7.083,6.057
58506,0.761,36.371,21.641,29.759,23.24,5.03,7.123,6.097
58507,0.744,36.476,21.727,29.749,23.24,4.989,7.083,6.056
58508,0.734,36.592,21.669,29.759,23.251,5.07,7.205,6.259
58509,0.744,36.373,21.684,29.797,23.254,5.152,7.287,6.18
58510,0.728,36.496,21.7,29.769,23.237,5.031,7.125,6.179
58511,0.734,36.612,21.657,29.769,23.247,5.03,7.083,6.139
58512,0.728,36.699,21.7,29.749,23.251,5.151,7.164,6.219
58513,0.731,36.163,21.673,29.759,23.251,5.112,7.165,6.139
58514,0.725,36.321,21.712,29.759,23.24,4.908,7.043,6.057
58515,0.715,36.409,21.681,29.74,23.244,5.069,7.123,6.097
58516,0.728,36.525,21.657,29.768,23.24,5.03,7.124,6.138
58517,0.725,37.322,21.7,29.759,23.244,5.03,7.083,6.098
58518,0.737,37.426,21.696,29.74,23.24,5.07,7.042,6.097
58519,0.731,37.542,21.708,29.749,23.24,5.07,7.042,6.138
58520,0.734,37.639,21.677,29.778,23.261,5.193,7.164,6.219
58521,0.738,35.875,21.688,29.769,23.237,5.112,7.084,6.18
58522,0.738,35.992,21.704,29.769,23.244,5.112,7.123,6.179
58523,0.731,36.127,21.669,29.759,23.244,5.071,7.043,6.179
58524,0.757,36.167,21.684,29.759,23.251,5.111,7.123,6.22
58525,0.735,36.417,21.696,29.769,23.247,5.03,7.002,6.098
58526,0.734,36.525,21.649,29.73,23.233,4.989,6.96,6.138
58527,0.738,36.65,21.727,29.749,23.244,5.151,7.0,6.138
58528,0.721,36.661,21.657,29.74,23.244,5.071,7.001,6.098
58529,0.724,36.23,21.676,29.749,23.233,5.07,6.96,6.138
58530,0.718,36.36,21.665,29.749,23.24,5.07,7.041,6.138
58531,0.724,36.486,21.688,29.788,23.254,5.193,7.164,6.301
58532,0.721,36.41,21.669,29.778,23.251,5.072,7.002,6.18
58533,0.721,36.342,21.645,29.75,23.251,5.07,7.001,6.139
58534,0.708,36.486,21.727,29.759,23.251,5.152,7.123,6.219
58535,0.708,36.573,21.708,29.778,23.254,5.234,7.083,6.18
58536,0.718,36.104,21.685,29.759,23.24,5.113,6.961,6.139
58537,0.718,36.138,21.716,29.73,23.23,4.989,6.919,6.057
58538,0.721,36.301,21.724,29.739,23.251,5.07,6.959,6.178
58539,0.724,36.389,21.642,29.768,23.247,5.07,7.0,6.139
58540,0.731,36.246,21.649,29.749,23.237,4.989,7.001,6.138
58541,0.741,36.379,21.672,29.74,23.237,5.029,7.041,6.138
58542,0.754,36.534,21.696,29.768,23.254,5.233,7.204,6.26
58543,0.77,36.631,21.72,29.778,23.244,5.153,7.165,6.221
58544,0.741,36.134,21.677,29.759,23.24,5.153,7.124,6.22
58545,0.747,36.301,21.665,29.74,23.247,5.071,7.165,6.22
58546,0.764,36.437,21.696,29.759,23.244,5.193,7.206,6.18
58547,0.751,36.487,21.751,29.769,23.247,5.112,7.165,6.179
58548,0.744,36.151,21.689,29.74,23.23,4.949,7.043,6.057
58549,0.731,36.282,21.688,29.73,23.24,5.029,7.245,6.137
58550,0.731,36.418,21.669,29.768,23.251,5.111,7.247,6.138
58551,0.731,36.458,21.661,29.759,23.24,5.071,7.247,6.098
58552,0.728,36.218,21.594,29.73,23.237,5.03,7.206,6.097
58553,0.731,36.379,21.633,29.759,23.251,5.192,7.409,6.26
58554,0.741,36.524,21.715,29.788,23.254,5.112,7.289,6.139
58555,0.734,36.535,21.575,29.75,23.244,5.071,7.288,6.138
58556,0.721,36.152,21.675,29.759,23.247,5.111,7.369,6.138
58557,0.734,36.282,21.7,29.759,23.244,5.071,7.37,6.219
58558,0.747,36.399,21.708,29.769,23.244,5.07,7.411,6.139
58559,0.738,36.438,21.665,29.73,23.23,4.989,7.167,6.057
58560,0.734,36.189,21.684,29.759,23.244,5.11,7.287,6.097
58561,0.747,36.321,21.708,29.74,23.237,5.03,7.329,6.097
58562,0.744,36.437,21.704,29.74,23.233,4.989,7.248,6.056
58563,0.734,36.103,21.696,29.74,23.24,4.988,7.206,6.056
58564,0.744,36.128,21.708,29.768,23.251,5.151,7.369,6.178
58565,0.757,36.33,21.692,29.769,23.251,5.071,7.33,6.139
58566,0.748,36.38,21.669,29.759,23.244,5.111,7.207,6.138
58567,0.751,36.093,21.739,29.74,23.254,5.112,7.206,6.138
58568,0.741,36.243,21.693,29.759,23.254,5.112,7.287,6.179
58569,0.738,36.37,21.7,29.759,23.251,5.071,7.288,6.098
58570,0.738,36.438,21.665,29.721,23.233,4.948,7.125,5.935
58571,0.731,36.113,21.672,29.73,23.24,4.988,7.124,6.096
58572,0.728,36.282,21.684,29.749,23.244,4.988,7.124,6.056
58573,0.721,36.399,21.649,29.73,23.244,5.029,7.124,6.056
58574,0.724,36.448,21.676,29.739,23.24,5.03,7.165,6.056
58575,0.721,36.065,21.665,29.759,23.24,5.03,7.246,6.178
58576,0.728,36.243,21.657,29.797,23.258,5.192,7.328,6.179
58577,0.738,36.331,21.657,29.74,23.244,4.99,7.167,6.139
58578,0.744,36.38,21.68,29.768,23.251,5.029,7.206,6.138
58579,0.744,36.016,21.684,29.807,23.244,5.111,7.206,6.138
58580,0.757,36.147,21.641,29.75,23.247,5.112,7.206,6.098
58581,0.761,36.263,21.688,29.759,23.244,4.989,7.125,6.016
58582,0.754,36.283,21.681,29.721,23.237,4.988,7.124,6.137
58583,0.751,36.111,21.677,29.739,23.24,5.029,7.124,6.016
58584,0.757,36.224,21.688,29.73,23.244,4.948,7.083,6.015
58585,0.751,36.36,21.684,29.73,23.237,4.907,7.042,6.015
58586,0.741,36.371,21.696,29.711,23.24,5.028,6.96,6.096
58587,0.751,36.122,21.712,29.768,23.254,5.151,7.163,6.178
58588,0.748,36.272,21.669,29.759,23.247,5.071,7.124,6.098
58589,0.738,36.37,21.669,29.74,23.24,5.07,7.043,6.056
58590,0.741,36.141,21.672,29.749,23.247,5.03,7.082,6.056
58591,0.741,36.148,21.696,29.759,23.251,5.03,7.083,6.097
58592,0.734,36.273,21.704,29.74,23.244,4.989,7.042,6.097
58593,0.728,36.351,21.653,29.711,23.237,4.907,7.001,5.975
58594,0.725,36.227,21.692,29.739,23.247,4.987,7.001,6.137
58595,0.728,36.389,21.677,29.74,23.244,4.948,7.041,6.098
58596,0.734,36.476,21.669,29.74,23.24,5.029,6.96,6.056
58597,0.731,36.573,21.68,29.74,23.24,5.03,7.0,6.097
58598,0.747,35.798,21.692,29.759,23.251,5.151,7.082,6.178
58599,0.764,35.962,21.677,29.788,23.251,5.031,7.002,6.139
58600,0.754,36.05,21.626,29.759,23.244,4.948,7.001,6.098
58601,0.748,36.138,21.688,29.73,23.24,4.988,7.001,6.178
58602,0.764,35.985,21.688,29.73,23.247,5.029,7.041,6.098
58603,0.774,36.137,21.716,29.759,23.247,5.03,7.042,6.056
58604,0.767,36.234,21.661,29.711,23.244,4.907,6.879,5.934
58605,0.767,36.274,21.684,29.73,23.244,4.947,7.0,6.055
58606,0.787,36.015,21.7,29.73,23.247,5.029,7.001,6.015
58607,0.78,36.137,21.716,29.73,23.237,4.907,6.96,6.015
58608,0.787,36.263,21.673,29.72,23.24,4.906,6.919,5.974
58609,0.777,36.303,21.684,29.73,23.237,4.987,7.041,6.055
58610,0.784,36.063,21.688,29.759,23.258,5.11,7.082,6.178
58611,0.79,36.186,21.696,29.73,23.244,4.989,7.042,6.017
58612,0.784,36.321,21.606,29.768,23.24,4.988,7.001,6.096
58613,0.793,36.342,21.695,29.73,23.244,4.988,7.082,6.097
58614,0.797,36.045,21.716,29.759,23.244,4.988,7.164,6.138
58615,0.807,36.176,21.661,29.769,23.244,4.948,7.084,6.098
58616,0.807,36.283,21.661,29.721,23.233,4.866,7.002,5.975
58617,0.813,36.149,21.661,29.739,23.244,4.987,7.123,6.015
58618,0.826,35.937,21.688,29.73,23.24,4.907,7.043,6.015
58619,0.833,36.079,21.618,29.739,23.24,4.906,7.123,5.974
58620,0.826,36.147,21.649,29.72,23.237,4.906,7.043,6.015
58621,0.839,36.033,21.668,29.73,23.247,5.028,7.245,6.178
58622,0.852,36.185,21.649,29.768,23.251,4.989,7.166,6.098
58623,0.833,36.263,21.676,29.74,23.244,4.907,7.124,6.097
58624,0.839,36.36,21.649,29.72,23.247,4.906,7.165,6.097
58625,0.843,35.863,21.672,29.759,23.24,4.987,7.165,6.097
58626,0.856,35.982,21.704,29.749,23.247,4.988,7.206,6.097
58627,0.853,36.089,21.716,29.72,23.24,4.907,7.003,5.935
58628,0.827,36.147,21.638,29.701,23.244,4.947,7.082,6.055
58629,0.83,35.966,21.688,29.749,23.24,4.947,7.042,6.015
58630,0.836,36.089,21.677,29.73,23.24,4.907,7.042,6.056
58631,0.83,36.215,21.673,29.72,23.237,4.906,6.96,5.975
58632,0.83,36.283,21.575,29.72,23.233,4.906,7.082,6.096
58633,0.843,35.833,21.675,29.768,23.258,4.987,7.245,6.219
58634,0.843,35.963,21.708,29.74,23.251,4.988,7.125,6.139
58635,0.836,36.089,21.673,29.749,23.244,4.988,7.083,6.098
58636,0.83,36.138,21.661,29.74,23.244,4.907,7.042,6.138
58637,0.833,36.071,21.704,29.749,23.247,4.987,7.082,6.138
58638,0.849,36.214,21.735,29.74,23.247,4.866,6.92,6.016
58639,0.836,36.273,21.638,29.711,23.233,4.865,6.959,6.056
58640,0.843,36.351,21.684,29.749,23.24,4.906,7.0,6.056
58641,0.856,35.853,21.673,29.74,23.24,4.865,7.001,6.056
58642,0.872,35.982,21.68,29.74,23.237,4.906,6.919,6.015
58643,0.869,36.07,21.68,29.72,23.24,4.947,7.0,6.056
58644,0.892,36.445,21.63,29.768,23.254,5.069,7.163,6.219
58645,0.892,36.017,21.656,29.759,23.247,4.989,7.084,6.058
58646,0.886,36.108,21.641,29.73,23.24,4.948,7.123,6.097
58647,0.879,36.215,21.676,29.73,23.244,4.947,7.124,6.097
58648,0.866,35.919,21.63,29.749,23.24,4.988,7.043,6.138
58649,0.853,35.954,21.66,29.74,23.247,4.988,7.042,6.016
58650,0.833,36.069,21.684,29.72,23.233,4.907,7.042,6.015
58651,0.826,36.195,21.684,29.749,23.24,4.906,7.123,6.056
58652,0.82,35.88,21.669,29.749,23.24,4.906,7.124,6.015
58653,0.82,35.982,21.669,29.73,23.24,4.865,7.124,5.934
58654,0.81,36.098,21.7,29.73,23.24,4.906,7.083,6.014
58655,0.82,36.196,21.712,29.759,23.258,5.069,7.286,6.3
58656,0.839,35.851,21.673,29.749,23.247,4.989,7.207,6.058
58657,0.836,35.953,21.704,29.749,23.247,4.866,7.165,6.097
58658,0.846,36.089,21.704,29.749,23.247,4.946,7.165,6.016
58659,0.83,36.176,21.673,29.749,23.251,4.988,7.246,6.056
58660,0.833,35.861,21.649,29.74,23.254,4.948,7.166,5.975
58661,0.81,35.973,21.629,29.72,23.23,4.825,7.043,5.974
58662,0.81,36.108,21.668,29.739,23.244,4.946,7.123,6.015
58663,0.807,36.167,21.684,29.74,23.247,4.866,7.124,5.974
58664,0.803,35.822,21.602,29.72,23.24,4.865,7.083,5.974
58665,0.794,35.972,21.625,29.73,23.237,4.865,7.083,5.974
58666,0.803,36.079,21.66,29.739,23.251,5.028,7.286,6.096
58667,0.803,36.167,21.696,29.778,23.251,4.989,7.166,5.975
58668,0.768,35.909,21.626,29.75,23.244,4.907,7.124,6.015
58669,0.754,36.05,21.668,29.74,23.244,4.947,7.124,5.974
58670,0.764,36.166,21.692,29.768,23.251,4.907,7.165,6.015
58671,0.751,36.206,21.684,29.749,23.247,4.906,7.165,6.056
58672,0.741,35.832,21.673,29.778,23.237,4.865,7.002,5.893
58673,0.721,35.924,21.657,29.73,23.24,4.906,7.123,6.014
58674,0.728,36.06,21.708,29.749,23.244,4.906,7.124,6.015
58675,0.728,35.955,21.696,29.74,23.24,4.865,7.124,6.015
58676,0.715,35.916,21.665,29.73,23.24,4.865,7.083,6.056
58677,0.715,36.04,21.688,29.73,23.244,4.946,7.205,6.056
58678,0.734,36.176,21.735,29.778,23.258,5.11,7.328,6.137
58679,0.705,35.87,21.693,29.759,23.247,4.949,7.167,6.016
58680,0.724,35.982,21.665,29.74,23.244,4.947,7.246,6.056
58681,0.724,36.108,21.665,29.759,23.251,4.907,7.206,6.056
58682,0.724,36.196,21.684,29.749,23.251,4.987,7.287,6.137
58683,0.728,35.813,21.704,29.74,23.244,4.866,7.166,5.976
58684,0.718,35.895,21.618,29.711,23.237,4.824,7.165,5.933
58685,0.728,36.059,21.645,29.73,23.24,4.946,7.206,5.974
58686,0.721,36.138,21.664,29.72,23.237,4.947,7.165,5.933
58687,0.715,35.803,21.704,29.72,23.24,4.866,7.206,5.933
58688,0.705,35.934,21.618,29.73,23.244,4.865,7.206,6.055
58689,0.715,36.108,21.652,29.749,23.261,4.987,7.409,6.219
58690,0.711,36.186,21.676,29.759,23.244,4.907,7.289,6.017
58691,0.689,35.947,21.676,29.749,23.244,4.987,7.329,6.056
58692,0.679,36.108,21.692,29.73,23.244,4.948,7.451,6.137
58693,0.675,36.215,21.684,29.739,23.244,4.988,7.493,6.138
58694,0.672,36.264,21.712,29.749,23.251,4.948,7.412,6.016
58695,0.672,35.66,21.689,29.72,23.23,4.785,7.452,6.056
58696,0.672,35.836,21.692,29.749,23.237,4.905,7.493,6.015
58697,0.665,35.944,21.727,29.72,23.244,4.865,7.575,6.056
58698,0.669,35.954,21.673,29.73,23.233,4.824,7.575,6.056
58699,0.672,35.858,21.657,29.73,23.237,4.865,7.575,6.056
58700,0.695,35.973,21.688,29.759,23.254,5.068,7.779,6.178
58701,0.705,36.127,21.665,29.749,23.251,4.908,7.74,6.139
58702,0.698,36.119,21.669,29.749,23.244,4.865,7.699,6.138
58703,0.695,35.822,21.661,29.74,23.247,4.946,7.821,6.098
58704,0.695,35.924,21.672,29.74,23.244,4.947,7.822,6.138
58705,0.705,36.031,21.657,29.74,23.247,4.825,7.741,6.057
58706,0.695,35.744,21.668,29.72,23.23,4.783,7.699,5.975
58707,0.695,35.799,21.719,29.73,23.251,4.824,7.78,6.055
58708,0.682,35.943,21.673,29.73,23.237,4.865,7.781,6.097
58709,0.679,36.05,21.669,29.72,23.24,4.824,7.7,5.975
58710,0.672,35.658,21.63,29.711,23.24,4.865,7.74,6.015
58711,0.672,35.817,21.649,29.749,23.251,4.987,7.903,6.178
58712,0.688,35.963,21.684,29.768,23.254,4.866,7.742,6.057
58713,0.672,36.022,21.665,29.74,23.244,4.865,7.699,6.056
58714,0.675,35.744,21.661,29.749,23.251,4.865,7.74,6.056
58715,0.682,35.904,21.649,29.759,23.247,4.865,7.821,6.097
58716,0.672,36.011,21.657,29.749,23.251,4.824,7.741,6.097
58717,0.678,36.08,21.704,29.72,23.24,4.783,7.537,5.975
58718,0.675,35.668,21.642,29.73,23.244,4.905,7.575,6.015
58719,0.682,35.827,21.68,29.73,23.247,4.825,7.575,6.056
58720,0.695,35.915,21.653,29.739,23.24,4.824,7.535,5.975
58721,0.695,35.983,21.688,29.73,23.244,4.824,7.494,5.974
58722,0.698,35.715,21.712,29.759,23.251,4.987,7.575,6.177
58723,0.711,35.885,21.704,29.769,23.254,4.948,7.575,6.057
58724,0.702,35.973,21.708,29.73,23.247,4.825,7.454,6.056
58725,0.701,36.022,21.661,29.749,23.244,4.905,7.452,6.056
58726,0.705,35.802,21.629,29.73,23.251,4.906,7.452,6.097
58727,0.708,35.924,21.68,29.749,23.251,4.906,7.452,6.016
58728,0.708,36.021,21.665,29.73,23.244,4.784,7.249,5.934
58729,0.685,36.137,21.688,29.73,23.24,4.905,7.328,6.014
58730,0.685,35.745,21.638,29.749,23.244,4.865,7.248,6.015
58731,0.688,35.875,21.657,29.701,23.24,4.824,7.288,5.974
58732,0.679,35.982,21.665,29.71,23.233,4.783,7.288,5.893
58733,0.688,35.801,21.649,29.73,23.244,4.905,7.369,6.054
58734,0.698,35.828,21.668,29.778,23.258,4.987,7.37,6.137
58735,0.692,35.934,21.645,29.74,23.251,4.866,7.289,6.016
58736,0.682,36.05,21.672,29.73,23.24,4.865,7.247,6.096
58737,0.679,35.725,21.688,29.73,23.244,4.824,7.206,6.097
58738,0.691,35.856,21.641,29.749,23.251,4.946,7.206,6.056
58739,0.695,35.982,21.657,29.73,23.237,4.744,7.043,5.975
58740,0.698,36.031,21.645,29.73,23.244,4.864,7.123,6.015
58741,0.711,35.62,21.688,29.73,23.247,4.824,7.124,5.974
58742,0.705,35.778,21.681,29.749,23.24,4.865,7.043,5.974
58743,0.708,35.866,21.68,29.711,23.24,4.784,7.042,6.015
58744,0.708,35.953,21.649,29.73,23.24,4.864,7.123,6.015
58745,0.731,35.638,21.684,29.768,23.254,4.987,7.165,6.056
58746,0.728,35.759,21.688,29.73,23.247,4.826,7.043,6.015
58747,0.718,35.885,21.688,29.749,23.244,4.905,7.042,6.096
58748,0.721,35.963,21.665,29.749,23.244,4.906,7.082,6.016
58749,0.708,35.667,21.688,29.74,23.251,4.906,7.083,6.096
58750,0.705,35.808,21.708,29.73,23.244,4.784,7.002,5.894
58751,0.682,35.895,21.669,29.73,23.244,4.824,7.041,6.014
58752,0.695,35.973,21.669,29.739,23.244,4.824,7.082,5.934
58753,0.695,35.724,21.676,29.73,23.24,4.865,7.083,5.892
58754,0.688,35.856,21.641,29.73,23.24,4.784,7.002,5.892
58755,0.698,35.973,21.645,29.749,23.247,4.864,7.245,6.136
58756,0.744,36.041,21.684,29.759,23.254,5.028,7.166,6.098
58757,0.764,35.706,21.673,29.74,23.244,4.867,7.084,6.056
58758,0.796,35.866,21.606,29.74,23.251,4.865,7.164,6.097
58759,0.829,35.973,21.629,29.749,23.254,4.906,7.206,6.097
58760,0.865,35.782,21.656,29.749,23.244,4.865,7.165,6.016
58761,0.889,35.598,21.672,29.72,23.24,4.784,7.002,5.893
58762,0.902,35.73,21.673,29.73,23.251,4.905,7.123,6.054
58763,0.918,35.827,21.673,29.72,23.244,4.825,7.124,5.975
58764,0.935,35.589,21.614,29.701,23.244,4.824,7.083,6.015
58765,0.945,35.692,21.668,29.72,23.24,4.783,7.123,5.974
58766,0.964,35.827,21.712,29.73,23.251,4.864,7.205,6.137
58767,0.997,35.943,21.731,29.768,23.254,4.946,7.247,6.138
58768,1.0,35.542,21.654,29.74,23.244,4.907,7.166,6.138
58769,1.036,35.662,21.633,29.74,23.247,4.906,7.206,6.138
58770,1.089,35.779,21.688,29.74,23.251,4.987,7.287,6.138
58771,1.135,35.876,21.677,29.749,23.251,4.907,7.166,6.098
58772,1.184,35.714,21.669,29.701,23.23,4.744,7.124,5.975
58773,1.214,35.827,21.672,29.72,23.24,4.864,7.205,6.137
58774,1.263,35.963,21.626,29.749,23.244,4.906,7.125,6.219
58775,1.267,36.041,21.688,29.74,23.244,4.825,7.165,6.18
58776,1.273,36.166,21.688,29.74,23.237,4.783,7.165,6.139
58777,1.273,36.292,21.696,29.73,23.247,4.864,7.206,6.382
58778,1.296,36.456,21.634,29.768,23.254,4.946,7.165,6.263
58779,1.316,36.477,21.641,29.74,23.24,4.825,7.165,6.262
58780,1.322,35.25,21.664,29.74,23.244,4.865,7.206,6.343
58781,1.319,35.381,21.661,29.749,23.247,4.946,7.125,6.384
58782,1.293,35.508,21.649,29.749,23.251,4.907,7.205,6.385
58783,1.273,35.566,21.649,29.73,23.24,4.825,7.084,6.303
58784,1.27,35.72,21.618,29.711,23.244,4.783,7.123,6.343
58785,1.27,35.885,21.695,29.701,23.24,4.783,7.083,6.384
58786,1.224,36.002,21.681,29.71,23.24,4.824,7.123,6.425
58787,1.169,36.243,21.716,29.72,23.237,4.824,7.002,6.426
58788,1.09,35.564,21.665,29.711,23.244,4.865,7.041,6.629
58789,1.047,35.759,21.676,29.778,23.254,5.028,7.164,6.794
58790,0.991,35.828,21.688,29.73,23.244,4.907,7.043,6.836
58791,0.939,35.608,21.669,29.72,23.244,4.865,7.082,6.999
58792,0.892,35.682,21.637,29.739,23.244,4.906,7.042,7.245
58793,0.84,35.798,21.657,29.72,23.251,4.865,7.042,7.532
58794,0.781,35.905,21.602,29.72,23.244,4.865,7.001,7.616
58795,0.732,35.503,21.633,29.711,23.237,4.865,7.001,7.983
58796,0.699,35.643,21.66,29.739,23.244,4.865,6.96,8.19
58797,0.672,35.779,21.68,29.711,23.237,4.824,7.0,8.354
58798,0.643,35.847,21.641,29.739,23.244,4.865,7.001,8.6
58799,0.607,35.455,21.637,29.72,23.244,4.865,7.082,8.887
58800,0.603,35.633,21.676,29.759,23.254,5.028,7.164,9.134
58801,0.59,35.721,21.676,29.73,23.237,4.826,7.124,9.177
58802,0.557,35.808,21.669,29.739,23.251,4.946,7.165,9.299
58803,0.563,35.588,21.665,29.74,23.247,4.947,7.165,9.423
58804,0.593,35.721,21.645,29.72,23.247,4.988,7.287,9.505
58805,0.609,35.856,21.672,29.73,23.244,4.907,7.125,9.425
58806,0.655,35.877,21.634,29.711,23.244,4.825,7.205,9.505
58807,0.691,35.465,21.688,29.72,23.247,4.905,7.247,9.587
58808,0.721,35.623,21.641,29.73,23.24,4.947,7.166,9.71
58809,0.741,35.73,21.664,29.72,23.244,4.947,7.165,9.955
58810,0.76,35.78,21.68,29.711,23.24,5.029,7.287,10.202
58811,0.777,35.569,21.684,29.758,23.258,5.151,7.451,10.529
58812,0.774,35.72,21.677,29.74,23.244,4.949,7.29,10.614
58813,0.764,35.789,21.673,29.73,23.237,5.069,7.288,10.777
58814,0.761,35.818,21.676,29.749,23.244,5.03,7.369,11.064
58815,0.764,35.637,21.669,29.74,23.247,5.111,7.411,11.229
58816,0.767,35.779,21.68,29.74,23.244,5.03,7.371,11.393
58817,0.761,35.828,21.669,29.701,23.237,4.948,7.33,11.436
58818,0.774,36.078,21.587,29.739,23.247,4.988,7.451,11.558
58819,0.771,35.994,21.637,29.711,23.244,5.029,7.452,11.681
58820,0.774,36.118,21.657,29.711,23.244,5.03,7.412,11.683
58821,0.777,36.205,21.637,29.711,23.244,5.07,7.452,11.764
58822,0.777,35.305,21.653,29.739,23.251,5.193,7.696,11.968
58823,0.793,35.372,21.653,29.759,23.244,5.153,7.536,11.807
58824,0.784,35.46,21.626,29.73,23.24,5.112,7.575,11.765
58825,0.787,35.595,21.645,29.749,23.244,5.112,7.575,11.642
58826,0.787,35.481,21.672,29.749,23.247,5.152,7.616,11.682
58827,0.787,35.643,21.708,29.74,23.247,5.153,7.617,11.52
58828,0.78,35.75,21.638,29.73,23.244,5.112,7.454,11.315
58829,0.764,35.808,21.637,29.72,23.24,5.112,7.534,11.394
58830,0.767,35.435,21.664,29.73,23.247,5.152,7.575,11.354
58831,0.764,35.585,21.672,29.72,23.244,5.153,7.535,11.191
58832,0.754,35.682,21.68,29.72,23.24,5.153,7.453,11.068
58833,0.757,35.789,21.669,29.72,23.247,5.234,7.615,11.107
58834,0.77,35.492,21.708,29.749,23.258,5.316,7.698,11.108
58835,0.761,35.624,21.673,29.72,23.244,5.114,7.658,10.904
58836,0.761,35.73,21.641,29.73,23.24,5.152,7.576,10.821
58837,0.764,35.78,21.707,29.749,23.251,5.275,7.575,10.739
58838,0.78,35.502,21.649,29.74,23.247,5.195,7.575,10.657
58839,0.767,35.624,21.68,29.72,23.237,5.072,7.372,10.412
58840,0.767,35.721,21.61,29.701,23.244,5.193,7.492,10.369
58841,0.787,35.779,21.633,29.739,23.247,5.153,7.494,10.206
58842,0.787,35.559,21.649,29.72,23.237,5.153,7.412,10.163
58843,0.787,35.653,21.657,29.701,23.244,5.112,7.411,10.082
58844,0.774,35.798,21.661,29.749,23.24,5.112,7.493,10.04
58845,0.79,35.886,21.661,29.74,23.258,5.274,7.494,9.999
58846,0.797,35.551,21.672,29.72,23.244,5.154,7.371,9.795
58847,0.787,35.663,21.641,29.73,23.24,5.153,7.37,9.712
58848,0.774,35.788,21.625,29.73,23.251,5.153,7.411,9.67
58849,0.78,35.483,21.641,29.73,23.247,5.153,7.371,9.507
58850,0.777,35.528,21.637,29.739,23.244,5.153,7.289,9.303
58851,0.767,35.624,21.66,29.701,23.237,5.193,7.369,9.382
58852,0.774,35.759,21.704,29.73,23.244,5.153,7.289,9.301
58853,0.767,35.348,21.669,29.711,23.237,5.153,7.247,9.138
58854,0.754,35.45,21.68,29.72,23.237,5.071,7.166,8.974
58855,0.757,35.594,21.661,29.73,23.244,5.152,7.287,9.053
58856,0.767,35.711,21.676,29.759,23.254,5.315,7.41,9.013
58857,0.774,35.405,21.712,29.721,23.24,5.114,7.249,8.85
58858,0.774,35.527,21.665,29.739,23.244,5.193,7.288,8.767
58859,0.78,35.682,21.669,29.72,23.244,5.194,7.288,8.767
58860,0.797,35.76,21.618,29.739,23.244,5.153,7.329,8.645
58861,0.794,35.425,21.629,29.72,23.233,5.031,7.167,8.44
58862,0.78,35.546,21.633,29.72,23.247,5.151,7.287,8.479
58863,0.797,35.691,21.672,29.739,23.244,5.112,7.247,8.357
58864,0.797,35.741,21.661,29.73,23.244,5.071,7.206,8.356
58865,0.816,35.386,21.629,29.72,23.24,5.03,7.247,8.193
58866,0.803,35.546,21.676,29.72,23.251,5.192,7.328,8.354
58867,0.807,35.682,21.7,29.759,23.254,5.194,7.37,8.234
58868,0.797,35.712,21.665,29.797,23.244,5.112,7.208,8.192
58869,0.794,35.492,21.672,29.731,23.244,5.193,7.328,8.07
58870,0.787,35.624,21.665,29.759,23.251,5.234,7.289,8.069
58871,0.79,35.74,21.676,29.74,23.244,5.153,7.207,8.028
58872,0.78,35.751,21.661,29.701,23.24,5.071,7.165,7.783
58873,0.774,35.396,21.629,29.72,23.244,5.07,7.287,7.862
58874,0.793,35.556,21.68,29.73,23.244,5.111,7.207,7.741
58875,0.79,35.663,21.657,29.73,23.244,5.03,7.247,7.699
58876,0.777,35.434,21.657,29.72,23.24,4.989,7.125,7.618
58877,0.78,35.441,21.708,29.73,23.244,5.11,7.287,7.82
58878,0.793,35.604,21.728,29.749,23.258,5.274,7.329,7.741
58879,0.79,35.673,21.708,29.74,23.244,5.032,7.207,7.659
58880,0.797,35.252,21.657,29.74,23.247,5.111,7.206,7.658
58881,0.803,35.401,21.688,29.74,23.251,5.03,7.247,7.617
58882,0.813,35.517,21.684,29.74,23.251,5.151,7.288,7.617
58883,0.816,35.624,21.696,29.73,23.244,4.99,7.125,7.373
58884,0.803,35.443,21.642,29.692,23.233,4.988,7.205,7.411
58885,0.82,35.594,21.598,29.73,23.244,5.029,7.125,7.371
58886,0.81,35.701,21.683,29.711,23.233,4.948,7.124,7.37
58887,0.81,35.779,21.657,29.711,23.24,5.029,7.124,7.289
58888,0.8,35.301,21.665,29.711,23.247,5.07,7.165,7.369
58889,0.813,35.487,21.684,29.749,23.258,5.233,7.206,7.411
58890,0.813,35.576,21.649,29.73,23.244,5.032,7.165,7.33
58891,0.807,35.653,21.684,29.739,23.244,5.07,7.124,7.248
58892,0.807,35.443,21.7,29.72,23.24,5.03,7.205,7.166
58893,0.807,35.604,21.653,29.73,23.251,5.03,7.125,7.165
58894,0.803,35.702,21.676,29.72,23.244,5.03,7.083,7.124
58895,0.781,35.741,21.645,29.701,23.23,4.989,7.083,7.124
58896,0.793,35.463,21.657,29.71,23.247,4.988,7.042,7.124
58897,0.8,35.575,21.672,29.72,23.244,5.029,7.001,7.043
58898,0.807,35.701,21.649,29.72,23.24,4.948,6.96,7.082
58899,0.803,35.722,21.676,29.72,23.24,4.907,6.96,7.042
58900,0.81,35.367,21.641,29.739,23.254,5.15,7.204,7.164
58901,0.829,35.507,21.672,29.72,23.244,4.99,7.043,7.043
58902,0.823,35.633,21.68,29.72,23.244,5.029,7.001,7.082
58903,0.826,35.5,21.712,29.739,23.244,5.03,7.001,7.042
58904,0.823,35.336,21.653,29.74,23.251,5.03,6.96,7.001
58905,0.83,35.478,21.629,29.73,23.247,4.907,6.878,6.838
58906,0.826,35.537,21.672,29.701,23.237,4.947,6.918,6.837
58907,0.83,35.567,21.657,29.73,23.244,4.988,6.919,6.877
58908,0.82,35.692,21.641,29.768,23.24,4.988,6.919,6.837
58909,0.82,35.798,21.625,29.73,23.237,4.907,6.837,6.796
58910,0.817,35.886,21.625,29.711,23.24,4.987,6.877,6.877
58911,0.82,35.254,21.649,29.749,23.258,5.11,7.0,6.918
58912,0.826,35.381,21.672,29.73,23.247,4.989,6.919,6.878
58913,0.817,35.488,21.637,29.701,23.247,5.029,6.959,6.796
58914,0.826,35.585,21.657,29.73,23.251,4.989,6.96,6.877
58915,0.817,35.299,21.653,29.739,23.244,5.07,6.96,6.837
58916,0.816,35.449,21.626,29.73,23.24,4.948,6.96,6.714
58917,0.807,35.527,21.723,29.682,23.233,4.907,7.0,6.713
58918,0.82,35.624,21.665,29.72,23.247,4.947,6.96,6.754
58919,0.817,35.337,21.657,29.72,23.244,4.988,6.96,6.714
58920,0.826,35.469,21.626,29.72,23.24,4.907,7.041,6.632
58921,0.833,35.585,21.656,29.711,23.233,4.906,7.082,6.753
58922,0.843,35.663,21.692,29.749,23.247,5.069,7.245,6.836
58923,0.853,35.319,21.708,29.73,23.244,4.989,7.166,6.714
58924,0.843,35.449,21.712,29.711,23.247,4.907,7.246,6.794
58925,0.833,35.566,21.646,29.72,23.247,5.069,7.288,6.755
58926,0.846,35.615,21.727,29.72,23.254,4.989,7.288,6.673
58927,0.849,35.308,21.646,29.73,23.244,4.948,7.247,6.672
58928,0.836,35.43,21.645,29.692,23.23,4.825,7.206,6.55
58929,0.823,35.508,21.645,29.72,23.244,4.946,7.287,6.671
58930,0.826,35.902,21.629,29.72,23.24,4.947,7.288,6.672
58931,0.82,35.321,21.653,29.701,23.237,4.947,7.288,6.631
58932,0.823,35.449,21.657,29.701,23.237,4.907,7.247,6.631
58933,0.826,35.585,21.665,29.73,23.251,5.069,7.45,6.794
58934,0.833,35.73,21.669,29.749,23.251,4.948,7.412,6.673
58935,0.81,35.837,21.649,29.73,23.247,4.907,7.452,6.631
58936,0.82,35.944,21.657,29.739,23.247,4.947,7.412,6.631
58937,0.833,36.05,21.708,29.73,23.24,5.029,7.411,6.631
58938,0.836,35.035,21.638,29.739,23.247,4.989,7.411,6.631
58939,0.833,35.13,21.633,29.692,23.237,4.826,7.289,6.468
58940,0.839,35.256,21.629,29.72,23.244,4.905,7.41,6.548
58941,0.852,35.362,21.672,29.73,23.244,4.906,7.33,6.59
58942,0.849,35.296,21.676,29.711,23.24,4.947,7.329,6.549
58943,0.856,35.43,21.692,29.691,23.24,4.907,7.329,6.508
58944,0.853,35.594,21.684,29.73,23.251,5.028,7.532,6.63
58945,0.866,35.701,21.677,29.749,23.254,4.907,7.372,6.55
58946,0.859,35.108,21.696,29.73,23.244,4.947,7.452,6.508
58947,0.859,35.246,21.673,29.72,23.244,5.029,7.452,6.589
58948,0.853,35.381,21.673,29.73,23.247,4.989,7.493,6.549
58949,0.866,35.45,21.634,29.73,23.244,5.029,7.494,6.508
58950,0.866,35.316,21.645,29.701,23.237,4.785,7.331,6.386
58951,0.853,35.459,21.657,29.72,23.24,4.905,7.492,6.507
58952,0.843,35.595,21.657,29.72,23.24,4.987,7.453,6.508
58953,0.843,35.644,21.622,29.711,23.24,4.826,7.452,6.427
58954,0.843,35.136,21.625,29.701,23.24,4.946,7.534,6.426
58955,0.839,35.323,21.637,29.72,23.247,4.988,7.616,6.588
58956,0.849,35.449,21.664,29.749,23.251,5.029,7.617,6.509
58957,0.836,35.441,21.708,29.73,23.244,4.907,7.495,6.549
58958,0.852,35.288,21.595,29.73,23.24,4.947,7.534,6.508
58959,0.862,35.439,21.66,29.739,23.251,4.988,7.575,6.549
58960,0.862,35.546,21.633,29.749,23.244,5.029,7.535,6.386
58961,0.866,35.365,21.672,29.692,23.233,4.867,7.372,6.344
58962,0.866,35.296,21.665,29.73,23.24,4.906,7.492,6.343
58963,0.882,35.411,21.684,29.72,23.24,4.947,7.453,6.303
58964,0.879,35.527,21.677,29.711,23.237,4.947,7.33,6.302
58965,0.882,35.212,21.626,29.701,23.24,4.825,7.37,6.302
58966,0.889,35.324,21.68,29.739,23.254,5.149,7.533,6.465
58967,0.892,35.488,21.645,29.749,23.251,4.99,7.372,6.304
58968,0.886,35.566,21.672,29.72,23.247,4.948,7.411,6.302
58969,0.885,35.126,21.676,29.73,23.244,4.988,7.411,6.343
58970,0.879,35.284,21.692,29.739,23.251,4.988,7.411,6.425
58971,0.879,35.392,21.712,29.74,23.247,4.988,7.371,6.304
58972,0.866,35.479,21.657,29.701,23.237,4.826,7.33,6.221
58973,0.866,35.24,21.665,29.71,23.24,4.946,7.451,6.302
58974,0.866,35.401,21.633,29.739,23.244,4.988,7.493,6.221
58975,0.862,35.527,21.653,29.73,23.237,4.907,7.534,6.22
58976,0.869,35.567,21.641,29.711,23.237,4.865,7.616,6.261
58977,0.876,35.212,21.657,29.72,23.24,4.987,7.861,6.384
58978,0.902,35.41,21.633,29.768,23.258,5.11,7.863,6.303
58979,0.879,35.508,21.629,29.721,23.244,4.949,7.863,6.302
58980,0.892,35.557,21.645,29.73,23.251,4.907,8.026,6.343
58981,0.905,35.317,21.657,29.73,23.244,4.987,7.987,6.303
58982,0.908,35.469,21.661,29.749,23.247,4.988,8.027,6.343
58983,0.918,35.566,21.7,29.711,23.233,4.866,7.905,6.181
58984,0.915,35.567,21.653,29.72,23.244,4.946,8.026,6.301
58985,0.925,35.663,21.641,29.711,23.244,4.866,8.068,6.262
58986,0.931,35.788,21.68,29.72,23.244,4.906,8.028,6.221
58987,0.928,35.886,21.622,29.701,23.237,4.865,8.027,6.18
58988,0.918,35.819,21.637,29.73,23.251,4.906,8.109,6.342
58989,0.935,35.224,21.633,29.739,23.254,4.987,8.109,6.343
58990,0.922,35.333,21.657,29.72,23.251,4.907,8.028,6.262
58991,0.912,35.44,21.668,29.72,23.247,4.906,8.109,6.221
58992,0.918,35.307,21.669,29.711,23.24,4.987,8.109,6.261
58993,0.912,35.392,21.661,29.739,23.251,4.948,8.109,6.221
58994,0.925,35.498,21.633,29.72,23.237,4.825,7.947,6.18
58995,0.905,35.566,21.637,29.72,23.244,4.905,8.026,6.261
58996,0.902,35.318,21.625,29.72,23.24,4.906,7.987,6.221
58997,0.912,35.449,21.688,29.72,23.244,4.865,7.905,6.18
58998,0.922,35.547,21.606,29.72,23.237,4.824,7.823,6.139
58999,0.931,35.653,21.641,29.711,23.244,4.905,7.985,6.301
59000,0.957,35.338,21.645,29.739,23.254,4.987,7.946,6.302
59001,0.948,35.449,21.622,29.72,23.251,4.907,7.864,6.221
59002,0.945,35.556,21.653,29.73,23.244,4.987,7.904,6.261
59003,0.954,35.644,21.684,29.73,23.247,4.907,7.823,6.262
59004,0.967,35.462,21.653,29.739,23.247,4.865,7.903,6.302
59005,0.968,35.595,21.661,29.701,23.244,4.824,7.701,6.099
59006,0.961,35.682,21.676,29.71,23.244,4.824,7.74,6.178
59007,0.974,35.779,21.649,29.72,23.244,4.824,7.659,6.179
59008,0.968,35.54,21.661,29.711,23.237,4.865,7.698,6.098
59009,0.951,35.672,21.614,29.691,23.237,4.824,7.577,6.138
59010,0.964,35.779,21.641,29.72,23.237,4.905,7.616,6.219
59011,0.974,35.857,21.668,29.749,23.251,4.987,7.779,6.302
59012,0.977,35.685,21.669,29.72,23.251,4.866,7.659,6.14
59013,0.971,35.798,21.692,29.72,23.244,4.906,7.658,6.219
59014,0.968,35.914,21.61,29.739,23.244,4.906,7.698,6.261
59015,0.968,35.954,21.652,29.74,23.251,4.947,7.658,6.221
59016,0.971,35.858,21.692,29.72,23.244,4.907,7.576,6.22
59017,0.964,35.925,21.653,29.701,23.237,4.865,7.535,6.22
59018,0.994,36.06,21.641,29.739,23.244,4.865,7.616,6.22
59019,1.004,35.879,21.618,29.72,23.24,4.824,7.576,6.22
59020,1.0,35.867,21.621,29.701,23.24,4.824,7.454,6.139
59021,1.013,35.992,21.649,29.71,23.244,4.865,7.534,6.179
59022,1.017,36.108,21.661,29.768,23.261,4.987,7.697,6.342
59023,1.03,35.994,21.696,29.721,23.247,4.866,7.577,6.221
59024,1.024,36.108,21.665,29.759,23.244,4.865,7.575,6.18
59025,1.03,36.234,21.649,29.721,23.237,4.906,7.494,6.22
59026,1.04,36.322,21.707,29.73,23.251,4.906,7.534,6.22
59027,1.046,36.102,21.649,29.73,23.244,4.825,7.494,6.18
59028,1.04,36.224,21.641,29.692,23.23,4.783,7.412,6.179
59029,1.033,36.369,21.645,29.71,23.247,4.905,7.411,6.22
59030,1.033,36.448,21.641,29.73,23.24,4.906,7.371,6.139
59031,1.024,36.266,21.661,29.711,23.237,4.825,7.289,6.138
59032,1.027,36.408,21.657,29.72,23.237,4.824,7.329,6.219
59033,1.03,36.544,21.665,29.739,23.254,4.946,7.532,6.302
59034,1.04,36.66,21.606,29.749,23.244,4.825,7.372,6.221
59035,1.033,36.393,21.629,29.73,23.24,4.905,7.411,6.302
59036,1.027,36.515,21.676,29.73,23.244,4.906,7.411,6.221
59037,1.046,36.65,21.657,29.73,23.247,4.987,7.371,6.261
59038,1.059,36.7,21.684,29.768,23.247,4.907,7.289,6.139
59039,1.053,36.575,21.61,29.702,23.24,4.744,7.247,6.138
59040,1.056,36.708,21.66,29.73,23.244,4.945,7.328,6.138
59041,1.06,36.834,21.665,29.73,23.244,4.866,7.289,6.219
59042,1.073,36.826,21.626,29.701,23.244,4.865,7.369,6.098
59043,1.069,36.615,21.676,29.71,23.237,4.906,7.37,6.26
59044,1.092,36.776,21.676,29.797,23.251,4.987,7.533,6.262
59045,1.109,36.902,21.641,29.75,23.244,4.907,7.453,6.221
59046,1.099,36.865,21.653,29.72,23.24,4.906,7.452,6.139
59047,1.096,36.788,21.629,29.739,23.247,4.947,7.493,6.219
59048,1.102,36.941,21.614,29.73,23.251,4.947,7.494,6.22
59049,1.109,37.029,21.625,29.749,23.247,4.947,7.453,6.098
59050,1.096,36.876,21.649,29.692,23.237,4.785,7.33,6.056
59051,1.086,36.99,21.676,29.73,23.247,4.905,7.37,6.137
59052,1.096,37.125,21.676,29.72,23.244,4.865,7.411,6.138
59053,1.089,37.203,21.649,29.72,23.24,4.824,7.33,6.098
59054,1.086,36.887,21.625,29.711,23.24,4.905,7.451,6.219
59055,1.089,37.047,21.672,29.768,23.254,5.069,7.534,6.261
59056,1.109,37.154,21.649,29.73,23.251,4.908,7.453,6.18
59057,1.102,37.213,21.688,29.711,23.247,4.947,7.371,6.179
59058,1.102,37.137,21.579,29.749,23.247,4.988,7.37,6.22
59059,1.122,37.261,21.64,29.74,23.251,4.948,7.411,6.18
59060,1.129,37.377,21.661,29.711,23.244,4.866,7.249,6.057
59061,1.125,37.407,21.649,29.701,23.24,4.824,7.369,6.178
59062,1.135,37.12,21.657,29.72,23.247,4.905,7.289,6.098
59063,1.122,37.251,21.676,29.711,23.244,4.825,7.329,6.097
59064,1.142,37.339,21.661,29.701,23.237,4.865,7.289,6.056
59065,1.129,37.397,21.649,29.71,23.247,4.906,7.41,6.137
59066,1.142,37.407,21.684,29.749,23.254,5.028,7.452,6.219
59067,1.132,37.513,21.61,29.74,23.244,4.907,7.33,6.098
59068,1.122,37.61,21.617,29.73,23.244,4.906,7.329,6.097
59069,1.129,37.649,21.61,29.72,23.251,4.906,7.37,6.178
59070,1.129,37.362,21.66,29.73,23.247,4.987,7.452,6.139
59071,1.129,37.493,21.676,29.73,23.247,4.866,7.33,6.016
59072,1.119,37.542,21.661,29.711,23.237,4.865,7.329,6.096
59073,1.132,37.955,21.641,29.701,23.244,4.906,7.37,6.097
59074,1.119,37.509,21.606,29.72,23.244,4.906,7.411,5.975
59075,1.102,37.638,21.641,29.73,23.237,4.825,7.371,6.015
59076,1.102,37.726,21.661,29.701,23.244,4.865,7.452,6.137
59077,1.112,37.602,21.708,29.739,23.254,5.028,7.534,6.26
59078,1.125,37.639,21.525,29.749,23.237,4.989,7.453,6.058
59079,1.119,37.755,21.616,29.74,23.254,4.988,7.493,6.097
59080,1.122,37.833,21.668,29.72,23.247,4.988,7.534,6.138
59081,1.122,37.574,21.657,29.739,23.247,4.948,7.494,6.098
59082,1.119,37.716,21.657,29.73,23.247,4.866,7.371,5.975
59083,1.102,37.765,21.661,29.701,23.237,4.824,7.37,6.055
59084,1.102,37.89,21.665,29.701,23.24,4.905,7.452,6.056
59085,1.106,37.565,21.645,29.71,23.244,4.906,7.412,6.056
59086,1.096,37.668,21.672,29.691,23.24,4.825,7.411,5.975
59087,1.092,37.793,21.602,29.73,23.237,4.824,7.493,6.096
59088,1.083,37.919,21.641,29.759,23.254,5.027,7.575,6.178
59089,1.073,37.719,21.606,29.721,23.251,4.907,7.372,6.098
59090,1.063,37.832,21.609,29.72,23.244,4.906,7.492,6.056
59091,1.053,37.968,21.625,29.72,23.251,4.865,7.494,6.137
59092,1.05,37.998,21.668,29.73,23.251,4.946,7.453,6.016
59093,1.04,37.682,21.688,29.711,23.244,4.907,7.412,6.015
59094,1.024,37.784,21.587,29.691,23.23,4.784,7.371,5.974
59095,1.017,37.919,21.64,29.72,23.247,4.905,7.452,6.055
59096,1.004,37.949,21.664,29.72,23.24,4.947,7.371,5.934
59097,1.004,37.729,21.657,29.692,23.24,4.866,7.411,5.974
59098,0.997,37.871,21.649,29.768,23.237,4.824,7.411,6.096
59099,1.0,37.997,21.633,29.759,23.251,5.068,7.533,6.097
59100,1.01,38.008,21.684,29.73,23.254,4.908,7.453,6.016
59101,0.988,37.787,21.618,29.73,23.24,4.947,7.452,5.974
59102,0.987,37.938,21.656,29.739,23.251,4.988,7.493,6.015
59103,0.978,38.036,21.704,29.73,23.251,4.948,7.494,6.096
59104,0.987,37.893,21.696,29.73,23.247,4.907,7.494,5.894
59105,0.968,37.805,21.622,29.682,23.237,4.825,7.453,5.933
59106,0.964,37.939,21.688,29.72,23.237,4.824,7.412,6.014
59107,0.958,38.026,21.661,29.701,23.23,4.783,7.452,5.934
59108,0.938,37.711,21.629,29.701,23.237,4.783,7.452,5.974
59109,0.925,37.784,21.621,29.691,23.237,4.864,7.493,5.974
59110,0.922,37.929,21.664,29.739,23.258,4.987,7.616,6.137
59111,0.918,38.017,21.649,29.73,23.237,4.866,7.454,6.016
59112,0.902,37.759,21.637,29.701,23.247,4.824,7.534,6.015
59113,0.902,37.89,21.664,29.73,23.254,4.946,7.534,5.974
59114,0.879,38.026,21.653,29.749,23.251,4.947,7.616,6.055
59115,0.872,38.085,21.602,29.73,23.247,4.907,7.495,5.975
59116,0.866,37.702,21.672,29.701,23.233,4.825,7.453,5.933
59117,0.859,37.87,21.634,29.73,23.251,4.865,7.452,5.933
59118,0.872,37.997,21.657,29.701,23.237,4.946,7.452,5.892
59119,0.859,38.056,21.665,29.72,23.237,4.866,7.452,6.014
59120,0.869,37.807,21.645,29.701,23.237,4.824,7.412,6.015
59121,0.859,37.948,21.676,29.73,23.251,4.987,7.615,6.056
59122,0.882,38.093,21.684,29.739,23.251,4.866,7.454,6.015
59123,0.866,38.095,21.696,29.72,23.244,4.906,7.452,6.015
59124,0.869,37.721,21.677,29.739,23.244,4.906,7.452,6.015
59125,0.856,37.861,21.614,29.74,23.244,4.987,7.493,6.015
59126,0.862,37.978,21.672,29.73,23.244,4.866,7.371,5.974
59127,0.853,37.95,21.649,29.672,23.23,4.784,7.289,5.933
59128,0.833,37.796,21.649,29.72,23.247,4.824,7.451,6.096
59129,0.826,37.929,21.641,29.72,23.244,4.865,7.371,5.935
59130,0.82,38.017,21.692,29.701,23.244,4.824,7.37,5.933
59131,0.803,38.056,21.673,29.701,23.24,4.783,7.33,5.974
59132,0.8,37.855,21.661,29.73,23.251,4.986,7.492,6.137
59133,0.816,37.997,21.669,29.739,23.258,4.907,7.453,6.016
59134,0.784,38.065,21.645,29.74,23.247,4.865,7.412,6.096
59135,0.787,37.73,21.61,29.73,23.247,4.946,7.493,6.097
59136,0.79,37.804,21.664,29.73,23.251,4.988,7.494,6.097
59137,0.793,37.91,21.598,29.72,23.244,4.866,7.412,6.056
59138,0.79,37.988,21.617,29.701,23.237,4.743,7.411,5.975
59139,0.79,37.614,21.633,29.73,23.247,4.905,7.452,6.015
59140,0.8,37.726,21.672,29.72,23.244,4.784,7.412,6.056
59141,0.797,37.832,21.657,29.711,23.24,4.864,7.371,5.975
59142,0.794,37.92,21.665,29.711,23.233,4.824,7.37,6.055
59143,0.797,37.969,21.696,29.739,23.254,5.027,7.573,6.178
59144,0.82,38.142,21.669,29.72,23.244,4.867,7.372,6.057
59145,0.807,38.22,21.633,29.72,23.247,4.865,7.37,6.056
59146,0.81,38.278,21.692,29.711,23.244,4.865,7.37,6.097
59147,0.8,37.493,21.622,29.73,23.244,4.946,7.411,6.097
59148,0.787,37.638,21.664,29.73,23.244,4.866,7.411,5.975
59149,0.78,37.736,21.598,29.701,23.23,4.824,7.289,6.015
59150,0.777,37.804,21.664,29.73,23.244,4.865,7.369,6.056
59151,0.777,37.718,21.649,29.701,23.244,4.865,7.33,5.975
59152,0.767,37.842,21.622,29.71,23.237,4.824,7.329,6.015
59153,0.767,37.958,21.66,29.72,23.247,4.905,7.37,6.056
59154,0.774,38.026,21.657,29.759,23.254,5.069,7.452,6.137
59155,0.761,37.605,21.629,29.711,23.251,4.908,7.33,6.098
59156,0.757,37.735,21.684,29.72,23.244,4.947,7.289,6.097
59157,0.754,37.832,21.583,29.73,23.244,4.907,7.329,6.097
59158,0.764,37.939,21.644,29.72,23.24,4.947,7.37,6.138
59159,0.767,37.777,21.641,29.692,23.237,4.825,7.208,5.894
59160,0.761,37.881,21.621,29.71,23.237,4.865,7.328,6.014
59161,0.77,37.987,21.637,29.72,23.244,4.865,7.37,6.015
59162,0.78,37.643,21.653,29.711,23.24,4.784,7.289,6.015
59163,0.774,37.582,21.68,29.711,23.237,4.824,7.288,5.974
59164,0.784,37.745,21.665,29.73,23.251,4.905,7.369,6.055
59165,0.79,37.871,21.672,29.749,23.254,4.987,7.37,6.056
59166,0.78,37.517,21.696,29.711,23.244,4.948,7.33,6.056
59167,0.777,37.629,21.61,29.73,23.24,4.907,7.41,6.056
59168,0.774,37.755,21.633,29.72,23.247,4.906,7.371,6.015
59169,0.771,37.833,21.61,29.72,23.251,4.906,7.411,5.974
59170,0.764,37.613,21.613,29.701,23.233,4.744,7.208,5.893
59171,0.754,37.754,21.637,29.71,23.251,4.823,7.369,5.973
59172,0.767,37.871,21.633,29.72,23.251,4.905,7.289,5.974
59173,0.764,37.939,21.672,29.711,23.244,4.906,7.288,5.974
59174,0.754,37.48,21.571,29.711,23.244,4.825,7.288,5.974
59175,0.751,37.657,21.617,29.739,23.251,4.946,7.451,6.218
59176,0.764,37.793,21.672,29.74,23.244,4.947,7.371,6.017
59177,0.757,37.795,21.653,29.711,23.24,4.866,7.33,6.096
59178,0.77,37.574,21.626,29.72,23.247,4.865,7.41,6.016
59179,0.767,37.697,21.621,29.739,23.251,4.906,7.371,6.056
59180,0.774,37.813,21.66,29.73,23.244,4.906,7.37,6.015
59181,0.777,37.843,21.626,29.711,23.237,4.784,7.208,5.893
59182,0.777,37.527,21.617,29.72,23.24,4.864,7.287,6.014
59183,0.787,37.639,21.645,29.701,23.244,4.824,7.288,6.015
59184,0.787,37.755,21.664,29.71,23.24,4.865,7.207,5.974
59185,0.784,37.775,21.665,29.691,23.244,4.824,7.247,6.055
59186,0.79,37.622,21.688,29.739,23.251,5.027,7.41,6.219
59187,0.793,37.793,21.7,29.73,23.244,4.867,7.289,6.058
59188,0.771,37.871,21.661,29.73,23.244,4.784,7.247,6.137
59189,0.77,37.776,21.684,29.711,23.244,4.864,7.288,6.138
59190,0.777,37.66,21.638,29.758,23.251,4.946,7.329,6.138
59191,0.774,37.793,21.649,29.721,23.244,4.866,7.248,6.057
59192,0.764,37.862,21.629,29.692,23.237,4.784,7.247,6.015
59193,0.761,37.565,21.656,29.72,23.251,4.824,7.288,6.056
59194,0.764,37.668,21.672,29.787,23.247,4.865,7.288,6.015
59195,0.751,37.774,21.614,29.702,23.24,4.784,7.207,6.015
59196,0.757,37.871,21.703,29.691,23.237,4.824,7.206,6.096
59197,0.764,37.527,21.657,29.72,23.247,4.905,7.369,6.26
59198,0.79,37.686,21.68,29.749,23.251,4.865,7.167,6.099
59199,0.767,37.774,21.665,29.72,23.251,4.824,7.246,6.097
59200,0.777,37.862,21.641,29.739,23.237,4.824,7.166,6.178
59201,0.777,37.527,21.661,29.72,23.251,4.905,7.287,6.139
59202,0.784,37.686,21.657,29.739,23.247,4.825,7.166,6.138
59203,0.787,37.755,21.665,29.682,23.24,4.702,7.043,5.976
59204,0.787,37.842,21.669,29.701,23.244,4.863,7.123,6.096
59205,0.793,37.536,21.602,29.71,23.247,4.824,7.043,6.056
59206,0.784,37.648,21.656,29.691,23.24,4.824,7.042,6.056
59207,0.777,37.755,21.567,29.71,23.237,4.824,7.042,6.056
59208,0.774,37.823,21.644,29.73,23.254,4.946,7.204,6.219
59209,0.787,37.833,21.676,29.73,23.244,4.825,7.043,6.139
59210,0.777,37.948,21.661,29.739,23.254,4.905,7.001,6.179
59211,0.764,38.055,21.696,29.72,23.247,4.865,7.082,6.22
59212,0.767,38.104,21.665,29.73,23.254,4.865,7.083,6.139
59213,0.764,37.529,21.704,29.73,23.251,4.824,7.083,6.098
59214,0.751,37.639,21.657,29.701,23.237,4.783,7.042,6.097
59215,0.754,37.774,21.626,29.72,23.24,4.824,7.042,6.138
59216,0.757,38.015,21.688,29.701,23.237,4.824,7.042,6.057
59217,0.757,37.624,21.579,29.71,23.237,4.743,7.042,6.056
59218,0.767,37.745,21.601,29.701,23.24,4.783,7.164,6.178
59219,0.787,37.88,21.613,29.749,23.258,4.986,7.287,6.261
59220,0.797,37.661,21.656,29.72,23.251,4.866,7.125,6.18
59221,0.794,37.678,21.657,29.72,23.247,4.824,7.124,6.098
59222,0.797,37.803,21.649,29.739,23.247,4.824,7.165,6.178
59223,0.784,37.891,21.676,29.74,23.251,4.946,7.165,6.179
59224,0.787,37.47,21.649,29.711,23.244,4.785,7.124,6.057
59225,0.784,37.561,21.629,29.691,23.237,4.742,7.043,6.097
59226,0.793,37.696,21.656,29.71,23.244,4.783,7.123,6.097
59227,0.777,37.765,21.641,29.73,23.244,4.783,7.083,6.138
59228,0.784,37.66,21.61,29.711,23.24,4.742,7.083,6.098
59229,0.784,37.784,21.617,29.701,23.244,4.823,7.083,6.178
59230,0.784,37.938,21.672,29.749,23.247,4.987,7.286,6.342
59231,0.784,38.017,21.649,29.73,23.244,4.866,7.166,6.181
59232,0.774,37.567,21.657,29.701,23.247,4.824,7.124,6.22
59233,0.774,37.696,21.672,29.72,23.247,4.865,7.124,6.098
59234,0.777,37.822,21.68,29.787,23.251,4.946,7.205,6.178
59235,0.774,37.872,21.634,29.731,23.251,4.825,7.084,6.139
59236,0.761,37.527,21.657,29.672,23.233,4.661,7.042,6.098
59237,0.774,37.677,21.661,29.72,23.244,4.863,7.204,6.138
59238,0.784,37.793,21.614,29.701,23.244,4.824,7.084,6.098
59239,0.78,37.814,21.621,29.691,23.237,4.743,7.123,6.138
59240,0.777,37.507,21.629,29.701,23.244,4.783,7.165,6.138
59241,0.793,37.677,21.649,29.739,23.254,5.068,7.287,6.26
59242,0.8,37.784,21.633,29.72,23.244,4.786,7.207,6.139
59243,0.79,37.775,21.672,29.711,23.244,4.905,7.165,6.138
59244,0.793,37.574,21.653,29.72,23.247,4.865,7.124,6.179
59245,0.8,37.716,21.618,29.72,23.247,4.824,7.165,6.139
59246,0.797,37.813,21.688,29.73,23.247,4.783,7.043,6.016
59247,0.79,37.546,21.591,29.692,23.244,4.783,7.082,6.096
59248,0.784,37.533,21.621,29.71,23.24,4.742,7.083,6.138
59249,0.79,37.658,21.621,29.711,23.24,4.823,7.042,6.016
59250,0.777,37.717,21.684,29.701,23.237,4.783,7.082,6.056
59251,0.784,37.449,21.673,29.701,23.247,4.824,7.205,6.219
59252,0.793,37.628,21.641,29.768,23.258,4.987,7.165,6.261
59253,0.787,37.707,21.688,29.702,23.244,4.744,7.124,6.221
59254,0.78,37.794,21.681,29.72,23.251,4.823,7.205,6.22
59255,0.774,37.478,21.641,29.72,23.251,4.905,7.165,6.261
59256,0.78,37.609,21.703,29.73,23.244,4.906,7.165,6.18
59257,0.784,37.726,21.595,29.711,23.244,4.784,7.043,6.057
59258,0.774,37.775,21.625,29.711,23.244,4.783,7.123,6.178
59259,0.784,37.392,21.641,29.701,23.244,4.742,7.124,6.139
59260,0.784,37.532,21.637,29.701,23.24,4.783,7.165,6.057
59261,0.78,37.639,21.625,29.71,23.233,4.742,7.124,6.137
59262,0.797,37.726,21.629,29.73,23.254,4.945,7.408,6.341
59263,0.82,37.564,21.668,29.739,23.251,4.825,7.289,6.14
59264,0.807,37.648,21.637,29.73,23.247,4.865,7.329,6.138
59265,0.807,37.784,21.645,29.72,23.244,4.824,7.37,6.219
59266,0.807,37.814,21.672,29.739,23.247,4.905,7.289,6.22
59267,0.807,37.335,21.614,29.749,23.251,4.825,7.329,6.098
59268,0.787,37.464,21.594,29.682,23.237,4.702,7.248,6.138
59269,0.787,37.571,21.613,29.72,23.244,4.823,7.328,6.138
59270,0.774,37.601,21.617,29.72,23.244,4.865,7.37,6.138
59271,0.78,37.409,21.625,29.701,23.24,4.824,7.289,6.098
59272,0.777,37.541,21.61,29.701,23.24,4.783,7.329,6.097
59273,0.784,37.677,21.66,29.73,23.258,4.905,7.492,6.219
59274,0.78,37.659,21.618,29.739,23.251,4.906,7.453,6.18
59275,0.771,37.41,21.649,29.72,23.244,4.865,7.412,6.139
59276,0.774,37.532,21.704,29.72,23.247,4.865,7.452,6.219
59277,0.78,37.629,21.618,29.73,23.251,4.987,7.452,6.22
59278,0.78,37.39,21.672,29.73,23.244,4.866,7.452,6.18
59279,0.78,37.426,21.634,29.692,23.233,4.743,7.29,6.057
59280,0.78,37.551,21.633,29.72,23.247,4.905,7.369,6.178
59281,0.79,37.668,21.657,29.711,23.244,4.825,7.33,6.179
59282,0.78,37.333,21.641,29.691,23.244,4.824,7.37,6.098
59283,0.784,37.454,21.664,29.701,23.237,4.783,7.33,6.056
59284,0.787,37.571,21.614,29.72,23.244,4.864,7.37,6.219
59285,0.803,37.706,21.633,29.749,23.254,4.946,7.411,6.22
59286,0.79,37.314,21.649,29.72,23.244,4.866,7.411,6.139
59287,0.793,37.445,21.622,29.73,23.244,4.824,7.371,6.098
59288,0.78,37.561,21.637,29.72,23.244,4.824,7.37,6.178
59289,0.784,37.648,21.633,29.73,23.251,4.905,7.37,6.139
59290,0.784,37.314,21.641,29.701,23.24,4.744,7.248,5.976
59291,0.774,37.425,21.614,29.691,23.244,4.864,7.288,6.096
59292,0.774,37.551,21.649,29.691,23.244,4.906,7.288,6.016
59293,0.767,37.61,21.668,29.701,23.247,4.784,7.288,6.015
59294,0.761,37.208,21.63,29.749,23.237,4.783,7.247,6.015
59295,0.764,37.348,21.617,29.701,23.237,4.783,7.288,6.137
59296,0.761,37.474,21.629,29.749,23.258,5.027,7.451,6.219
59297,0.774,37.504,21.61,29.72,23.244,4.826,7.249,6.139
59298,0.777,37.399,21.629,29.711,23.247,4.865,7.288,6.138
59299,0.774,37.513,21.625,29.73,23.247,4.865,7.288,6.057
59300,0.784,37.638,21.719,29.72,23.251,4.906,7.288,6.097
59301,0.78,37.937,21.689,29.711,23.251,4.825,7.166,5.975
59302,0.771,37.202,21.669,29.682,23.233,4.824,7.165,6.015
59303,0.783,37.338,21.645,29.72,23.251,4.783,7.124,6.096
59304,0.79,37.454,21.657,29.711,23.247,4.824,7.165,6.056
59305,0.787,37.341,21.653,29.682,23.24,4.824,7.043,5.975
59306,0.784,37.387,21.629,29.691,23.244,4.824,7.164,6.015
59307,0.797,37.551,21.645,29.72,23.247,4.946,7.287,6.137
59308,0.8,37.668,21.629,29.72,23.244,4.907,7.247,6.057
59309,0.784,37.161,21.641,29.711,23.251,4.865,7.125,6.056
59310,0.774,37.29,21.618,29.72,23.244,4.784,7.124,6.015
59311,0.774,37.425,21.633,29.72,23.251,4.864,7.165,6.056
59312,0.784,37.513,21.645,29.72,23.247,4.865,7.124,6.056
59313,0.774,37.849,21.661,29.692,23.226,4.662,6.961,5.893
59314,0.774,38.035,21.649,29.71,23.244,4.822,7.122,6.054
59315,0.758,38.123,21.594,29.691,23.24,4.824,7.083,6.015
59316,0.761,38.181,21.683,29.701,23.237,4.824,7.002,5.934
59317,0.764,36.907,21.571,29.701,23.244,4.702,7.082,6.014
59318,0.77,37.057,21.586,29.72,23.254,4.945,7.164,6.096
59319,0.79,37.202,21.617,29.73,23.247,4.866,7.043,6.016
59320,0.774,37.242,21.629,29.711,23.247,4.824,7.001,6.015
59321,0.78,37.31,21.664,29.72,23.24,4.824,7.041,6.015
59322,0.787,37.435,21.633,29.701,23.24,4.905,7.042,6.096
59323,0.787,37.551,21.68,29.71,23.244,4.865,7.082,6.097
59324,0.793,37.61,21.641,29.691,23.24,4.743,6.88,5.853
59325,0.78,37.083,21.621,29.682,23.24,4.783,7.0,5.891
59326,0.787,37.231,21.656,29.701,23.244,4.824,6.96,6.014
59327,0.784,37.348,21.653,29.701,23.233,4.783,7.0,5.974
59328,0.787,37.359,21.586,29.691,23.233,4.824,6.919,5.933
59329,0.774,37.167,21.617,29.691,23.24,4.743,7.041,6.055
59330,0.787,37.357,21.617,29.749,23.254,4.905,7.164,6.137
59331,0.784,37.435,21.645,29.692,23.244,4.825,7.043,6.057
59332,0.767,37.369,21.618,29.701,23.244,4.865,7.001,6.056
59333,0.767,37.301,21.664,29.71,23.247,4.865,7.041,6.015
59334,0.764,37.435,21.633,29.701,23.244,4.824,7.042,6.096
59335,0.751,37.532,21.621,29.72,23.244,4.783,6.879,5.975
59336,0.741,37.035,21.656,29.682,23.233,4.824,6.959,6.015
59337,0.751,37.125,21.579,29.72,23.244,4.824,7.0,5.974
59338,0.757,37.261,21.613,29.711,23.244,4.783,6.919,5.974
59339,0.764,37.329,21.602,29.691,23.237,4.742,6.878,5.974
59340,0.761,37.052,21.617,29.691,23.237,4.864,6.959,6.096
59341,0.78,37.212,21.656,29.739,23.254,4.946,7.122,6.178
59342,0.784,37.348,21.637,29.711,23.244,4.825,6.961,6.057
59343,0.771,37.387,21.68,29.72,23.244,4.865,6.96,6.056
59344,0.774,37.11,21.649,29.72,23.251,4.906,7.0,6.097
59345,0.787,37.232,21.653,29.711,23.247,4.825,7.001,6.056
59346,0.784,37.367,21.684,29.701,23.244,4.824,6.879,5.975
59347,0.767,37.388,21.673,29.72,23.233,4.743,6.877,5.974
59348,0.78,37.004,21.63,29.701,23.244,4.742,6.918,6.015
59349,0.761,37.125,21.649,29.71,23.24,4.742,6.837,6.015
59350,0.761,37.232,21.622,29.711,23.237,4.783,6.796,5.934
59351,0.751,37.29,21.637,29.701,23.24,4.824,6.877,5.974
59352,0.767,37.291,21.625,29.739,23.258,4.987,7.081,6.055
59353,0.761,37.396,21.668,29.711,23.247,4.785,6.92,6.056
59354,0.757,37.484,21.618,29.72,23.244,4.824,6.959,6.056
59355,0.751,37.523,21.613,29.739,23.247,4.865,7.0,6.056
59356,0.748,37.015,21.68,29.73,23.247,4.865,6.96,6.056
59357,0.754,37.144,21.579,29.711,23.233,4.824,6.878,5.893
59358,0.744,37.222,21.597,29.701,23.244,4.783,7.04,6.054
59359,0.764,37.463,21.602,29.701,23.244,4.783,6.96,6.015
59360,0.767,37.216,21.625,29.691,23.247,4.783,6.96,5.974
59361,0.777,37.338,21.629,29.682,23.24,4.742,6.96,5.974
59362,0.777,37.454,21.66,29.72,23.247,4.864,7.122,6.137
59363,0.793,37.12,21.641,29.739,23.258,4.906,7.043,6.016
59364,0.784,37.126,21.625,29.701,23.241,4.825,7.001,5.974
59365,0.78,37.251,21.617,29.71,23.244,4.783,7.041,6.055
59366,0.767,37.358,21.656,29.711,23.251,4.824,7.204,6.056
59367,0.777,37.004,21.661,29.739,23.247,4.905,7.084,6.056
59368,0.761,37.115,21.649,29.692,23.237,4.662,6.961,5.934
59369,0.757,37.213,21.649,29.701,23.244,4.782,7.122,5.974
59370,0.761,37.329,21.657,29.72,23.244,4.824,7.083,6.096
59371,0.757,37.042,21.668,29.711,23.237,4.743,7.083,6.016
59372,0.744,37.164,21.672,29.682,23.233,4.783,7.083,6.056
59373,0.744,37.29,21.645,29.701,23.244,4.742,7.205,6.097
59374,0.754,37.387,21.676,29.749,23.258,4.986,7.247,6.178
59375,0.751,36.947,21.618,29.72,23.241,4.866,7.125,6.139
59376,0.748,37.057,21.645,29.73,23.24,4.824,7.165,6.138
59377,0.741,37.193,21.586,29.72,23.251,4.824,7.165,6.138
59378,0.76,37.261,21.613,29.72,23.251,4.905,7.165,6.179
59379,0.754,37.214,21.609,29.711,23.24,4.744,7.124,5.976
59380,0.751,37.329,21.602,29.701,23.237,4.783,7.165,6.177
59381,0.748,37.435,21.633,29.71,23.237,4.742,7.124,6.057
59382,0.764,37.484,21.653,29.711,23.24,4.783,7.083,6.097
59383,0.77,36.967,21.657,29.711,23.247,4.702,7.083,5.975
59384,0.774,37.096,21.626,29.711,23.244,4.823,7.164,6.137
59385,0.774,37.241,21.637,29.749,23.258,4.905,7.246,6.179
59386,0.78,37.233,21.653,29.711,23.244,4.825,7.125,6.139
59387,0.774,37.051,21.676,29.758,23.247,4.783,7.287,6.138
59388,0.767,37.202,21.641,29.73,23.251,4.824,7.247,6.219
59389,0.774,37.309,21.661,29.73,23.247,4.865,7.247,6.139
59390,0.767,37.176,21.637,29.73,23.24,4.743,7.125,6.057
59391,0.748,37.136,21.633,29.701,23.24,4.701,7.165,6.137
59392,0.747,37.289,21.66,29.71,23.251,4.742,7.206,6.138
59393,0.754,37.358,21.676,29.72,23.244,4.823,7.165,5.976
59394,0.741,37.004,21.641,29.701,23.24,4.702,7.165,6.055
59395,0.741,37.096,21.618,29.73,23.247,4.823,7.246,6.219
59396,0.76,37.26,21.695,29.759,23.254,4.824,7.288,6.18
59397,0.748,37.329,21.599,29.721,23.247,4.824,7.288,6.179
59398,0.757,36.946,21.617,29.739,23.247,4.824,7.288,6.139
59399,0.764,37.067,21.602,29.73,23.251,4.824,7.288,6.179
59400,0.767,37.183,21.644,29.72,23.247,4.865,7.288,6.139
59401,0.767,37.252,21.618,29.73,23.24,4.662,7.166,6.016
59402,0.754,36.984,21.621,29.701,23.24,4.782,7.206,6.137
59403,0.77,37.144,21.586,29.73,23.244,4.783,7.206,6.179
59404,0.78,37.251,21.621,29.72,23.24,4.783,7.125,6.057
59405,0.774,37.329,21.641,29.711,23.237,4.742,7.165,6.097
59406,0.764,37.004,21.621,29.711,23.237,4.783,7.206,6.097
59407,0.777,37.192,21.637,29.758,23.261,4.864,7.328,6.26
59408,0.777,37.3,21.614,29.73,23.244,4.824,7.167,6.139
59409,0.754,37.32,21.652,29.73,23.244,4.865,7.206,6.219
59410,0.751,37.004,21.629,29.749,23.247,4.865,7.165,6.22
59411,0.744,37.135,21.656,29.74,23.251,4.824,7.124,6.18
59412,0.747,37.261,21.641,29.74,23.247,4.824,7.043,6.098
59413,0.738,37.252,21.703,29.701,23.237,4.661,7.082,6.097
59414,0.754,36.993,21.677,29.72,23.24,4.822,7.083,6.178
59415,0.741,37.125,21.661,29.73,23.244,4.783,7.123,6.139
59416,0.741,37.203,21.688,29.73,23.237,4.742,7.083,6.138
59417,0.741,37.434,21.587,29.72,23.233,4.742,7.123,6.138
59418,0.751,37.523,21.617,29.759,23.254,4.905,7.287,6.341
59419,0.751,37.686,21.625,29.749,23.251,4.865,7.125,6.181
59420,0.748,37.736,21.645,29.72,23.244,4.784,7.205,6.22
59421,0.754,36.768,21.625,29.749,23.251,4.824,7.206,6.18
59422,0.757,36.758,21.594,29.759,23.251,4.824,7.206,6.22
59423,0.767,36.883,21.598,29.759,23.254,4.824,7.206,6.18
59424,0.761,36.97,21.602,29.711,23.23,4.661,7.043,6.139
59425,0.767,36.866,21.668,29.739,23.244,4.782,7.123,6.179
59426,0.767,37.018,21.63,29.74,23.244,4.742,7.124,6.139
59427,0.761,37.144,21.61,29.73,23.233,4.742,7.124,6.219
59428,0.757,37.213,21.621,29.72,23.24,4.742,7.043,6.098
59429,0.754,36.849,21.653,29.73,23.24,4.823,7.204,6.26
59430,0.774,37.037,21.657,29.768,23.261,4.905,7.247,6.221
59431,0.744,37.125,21.649,29.74,23.244,4.825,7.125,6.22
59432,0.744,37.184,21.622,29.749,23.244,4.865,7.124,6.18
59433,0.741,36.935,21.684,29.749,23.247,4.824,7.124,6.22
59434,0.747,37.096,21.661,29.768,23.251,4.824,7.083,6.261
59435,0.738,37.193,21.626,29.74,23.24,4.783,6.961,6.139
59436,0.731,37.204,21.68,29.73,23.24,4.783,7.0,6.219
59437,0.744,36.83,21.598,29.749,23.244,4.824,6.96,6.22
59438,0.738,36.97,21.633,29.749,23.244,4.743,7.0,6.139
59439,0.744,37.077,21.61,29.73,23.237,4.823,6.919,6.138
59440,0.744,37.087,21.656,29.749,23.24,4.783,7.0,6.26
59441,0.764,36.963,21.637,29.788,23.258,4.905,7.163,6.262
59442,0.774,37.086,21.61,29.759,23.244,4.744,7.043,6.18
59443,0.771,37.174,21.602,29.759,23.24,4.905,7.082,6.261
59444,0.777,37.53,21.609,29.759,23.244,4.865,7.083,6.18
59445,0.767,36.795,21.625,29.759,23.247,4.824,7.123,6.22
59446,0.774,36.912,21.617,29.759,23.244,4.824,6.961,6.139
59447,0.777,36.98,21.613,29.721,23.233,4.702,7.0,6.138
59448,0.754,36.789,21.594,29.739,23.237,4.782,7.001,6.219
59449,0.757,36.787,21.637,29.749,23.247,4.783,7.041,6.139
59450,0.761,36.912,21.641,29.749,23.24,4.783,7.042,6.138
59451,0.751,37.028,21.672,29.73,23.244,4.783,7.082,6.138
59452,0.761,36.886,21.68,29.787,23.258,4.986,7.164,6.382
59453,0.761,36.999,21.665,29.769,23.251,4.866,7.084,6.181
59454,0.754,37.115,21.661,29.769,23.244,4.824,7.042,6.179
59455,0.748,37.193,21.633,29.778,23.24,4.865,7.082,6.261
59456,0.738,36.772,21.641,29.778,23.247,4.824,7.083,6.302
59457,0.741,36.969,21.61,29.797,23.24,4.743,6.961,6.099
59458,0.751,37.029,21.598,29.74,23.233,4.783,6.919,6.178
59459,0.754,37.116,21.625,29.768,23.244,4.824,7.0,6.179
59460,0.761,36.8,21.649,29.759,23.237,4.783,6.96,6.179
59461,0.767,36.912,21.641,29.769,23.237,4.702,6.919,6.139
59462,0.774,37.038,21.645,29.759,23.24,4.782,7.0,6.26
59463,0.771,37.116,21.641,29.807,23.258,4.986,7.123,6.343
59464,0.777,36.752,21.625,29.779,23.244,4.826,7.002,6.221
59465,0.777,36.873,21.641,29.788,23.247,4.824,6.96,6.261
59466,0.784,36.98,21.598,29.798,23.244,4.783,7.041,6.221
59467,0.78,37.048,21.641,29.778,23.244,4.824,6.96,6.261
59468,0.774,36.876,21.594,29.769,23.244,4.783,6.878,6.18
59469,0.751,36.961,21.594,29.749,23.237,4.661,6.837,6.261
59470,0.757,37.096,21.617,29.768,23.244,4.782,6.877,6.139
59471,0.751,37.136,21.613,29.778,23.244,4.702,6.877,6.219
59472,0.738,36.618,21.641,29.769,23.24,4.742,6.837,6.139
59473,0.741,36.728,21.657,29.778,23.24,4.742,6.837,6.219
59474,0.76,36.892,21.645,29.797,23.258,4.905,7.04,6.383
59475,0.761,36.951,21.641,29.807,23.247,4.744,6.879,6.263
59476,0.748,36.914,21.668,29.779,23.247,4.742,6.918,6.302
59477,0.738,37.057,21.598,29.807,23.247,4.783,6.959,6.262
59478,0.757,37.145,21.621,29.788,23.244,4.824,7.0,6.262
59479,0.764,36.638,21.629,29.788,23.251,4.783,6.96,6.221
59480,0.757,36.69,21.664,29.759,23.237,4.702,6.797,6.098
59481,0.754,36.834,21.63,29.797,23.244,4.742,6.917,6.219
59482,0.764,36.922,21.66,29.788,23.244,4.783,6.959,6.22
59483,0.77,36.645,21.602,29.798,23.237,4.742,6.878,6.22
59484,0.78,36.795,21.59,29.759,23.237,4.742,6.837,6.261
59485,0.764,36.893,21.644,29.797,23.247,4.864,6.958,6.384
59486,0.777,37.028,21.606,29.817,23.251,4.865,6.919,6.303
59487,0.774,36.493,21.621,29.798,23.237,4.743,6.878,6.221
59488,0.767,36.65,21.613,29.798,23.244,4.823,6.959,6.302
59489,0.761,36.776,21.625,29.798,23.247,4.865,6.919,6.302
59490,0.77,36.826,21.649,29.807,23.247,4.865,6.837,6.343
59491,0.754,36.74,21.618,29.769,23.237,4.662,6.755,6.14
59492,0.748,36.844,21.613,29.797,23.24,4.782,6.876,6.301
59493,0.747,36.98,21.676,29.798,23.244,4.824,6.837,6.221
59494,0.751,37.029,21.61,29.798,23.237,4.743,6.796,6.22
59495,0.738,36.665,21.609,29.788,23.237,4.742,6.836,6.261
59496,0.747,36.796,21.668,29.807,23.247,4.864,6.999,6.424
59497,0.754,36.95,21.61,29.836,23.251,4.824,6.879,6.263
59498,0.748,36.942,21.606,29.798,23.24,4.783,6.918,6.302
59499,0.747,36.53,21.637,29.807,23.254,4.824,6.878,6.262
59500,0.741,36.641,21.657,29.807,23.244,4.905,6.918,6.343
59501,0.77,36.748,21.626,29.807,23.247,4.825,6.837,6.262
59502,0.757,36.921,21.598,29.788,23.24,4.661,6.674,6.139
59503,0.754,36.731,21.578,29.807,23.24,4.741,6.835,6.219
59504,0.761,36.873,21.601,29.817,23.24,4.742,6.837,6.22
59505,0.777,36.961,21.687,29.798,23.24,4.742,6.714,6.18
59506,0.767,36.569,21.599,29.788,23.24,4.742,6.794,6.22
59507,0.77,36.603,21.633,29.817,23.254,4.823,6.958,6.342
59508,0.767,36.785,21.649,29.855,23.251,4.865,6.878,6.181
59509,0.757,36.835,21.657,29.808,23.251,4.784,6.877,6.179
59510,0.754,36.491,21.637,29.817,23.247,4.864,6.837,6.22
59511,0.754,36.612,21.602,29.827,23.251,4.824,6.877,6.22
59512,0.748,36.776,21.602,29.827,23.247,4.824,6.959,6.22
59513,0.747,36.816,21.633,29.808,23.244,4.743,6.838,6.098
59514,0.734,36.442,21.618,29.798,23.237,4.701,6.877,6.219
59515,0.738,36.611,21.629,29.817,23.247,4.742,6.837,6.22
59516,0.747,36.709,21.625,29.807,23.24,4.742,6.755,6.22
59517,0.741,36.787,21.602,29.807,23.24,4.742,6.795,6.139
59518,0.747,36.5,21.637,29.817,23.24,4.742,6.917,6.219
59519,0.764,36.669,21.649,29.846,23.258,4.945,6.959,6.342
59520,0.777,36.777,21.633,29.837,23.247,4.785,6.878,6.221
59521,0.767,36.826,21.625,29.836,23.244,4.783,6.918,6.22
59522,0.774,36.529,21.614,29.836,23.24,4.864,6.837,6.22
59523,0.771,36.679,21.578,29.846,23.254,4.865,6.918,6.302
59524,0.764,36.786,21.636,29.827,23.244,4.784,6.796,6.14
59525,0.767,36.778,21.618,29.808,23.233,4.702,6.795,6.098
59526,0.761,36.452,21.586,29.826,23.24,4.863,6.795,6.178
59527,0.777,36.592,21.633,29.817,23.237,4.824,6.795,6.22
59528,0.761,36.689,21.61,29.817,23.237,4.702,6.755,6.139
59529,0.761,36.71,21.676,29.807,23.24,4.823,6.836,6.301
59530,0.777,36.528,21.661,29.874,23.258,4.946,6.918,6.302
59531,0.761,36.631,21.657,29.837,23.241,4.866,6.796,6.18
59532,0.751,36.728,21.641,29.836,23.247,4.743,6.795,6.179
59533,0.751,36.537,21.618,29.836,23.244,4.823,6.877,6.22
59534,0.751,36.535,21.621,29.836,23.258,4.865,6.877,6.302
59535,0.748,36.67,21.617,29.856,23.244,4.824,6.837,6.18
59536,0.744,36.7,21.59,29.817,23.237,4.743,6.837,6.179
59537,0.741,36.393,21.613,29.865,23.24,4.823,6.837,6.22
59538,0.76,36.496,21.555,29.846,23.24,4.783,6.877,6.139
59539,0.754,36.612,21.609,29.846,23.24,4.824,6.796,6.138
59540,0.751,36.709,21.625,29.837,23.244,4.865,6.917,6.219
59541,0.767,36.441,21.66,29.884,23.258,4.946,7.041,6.342
59542,0.767,36.563,21.669,29.837,23.244,4.785,6.96,6.221
59543,0.767,36.68,21.626,29.856,23.247,4.783,6.96,6.22
59544,0.767,36.757,21.664,29.875,23.251,4.824,7.0,6.22
59545,0.774,36.375,21.641,29.865,23.244,4.905,7.001,6.22
59546,0.774,36.515,21.625,29.865,23.247,4.744,6.879,6.098
59547,0.771,36.602,21.586,29.818,23.237,4.742,6.959,6.178
59548,0.774,36.699,21.598,29.846,23.247,4.823,6.96,6.179
59549,0.777,36.365,21.613,29.856,23.247,4.824,6.96,6.179
59550,0.767,36.515,21.609,29.846,23.237,4.783,6.838,6.179
59551,0.751,36.602,21.629,29.856,23.237,4.824,6.918,6.179
59552,0.761,36.709,21.653,29.894,23.261,4.987,7.041,6.342
59553,0.761,36.374,21.668,29.856,23.251,4.826,7.001,6.221
59554,0.754,36.496,21.626,29.865,23.251,4.783,7.082,6.22
59555,0.748,36.612,21.586,29.875,23.244,4.864,7.042,6.302
59556,0.754,36.632,21.629,29.885,23.254,4.865,6.96,6.262
59557,0.744,36.46,21.617,29.933,23.244,4.824,6.919,6.058
59558,0.747,36.564,21.543,29.847,23.237,4.824,6.959,6.137
59559,0.754,36.68,21.617,29.865,23.247,4.824,6.919,6.138
59560,0.748,36.537,21.598,29.875,23.244,4.824,6.837,6.138
59561,0.757,36.315,21.637,29.846,23.237,4.783,6.877,6.098
59562,0.764,36.457,21.618,29.865,23.247,4.864,7.0,6.341
59563,0.78,36.611,21.602,29.904,23.247,4.865,6.96,6.221
59564,0.774,36.297,21.621,29.885,23.244,4.824,6.919,6.22
59565,0.774,36.36,21.645,29.875,23.251,4.824,6.959,6.18
59566,0.774,36.515,21.629,29.885,23.247,4.865,6.96,6.22
59567,0.784,36.612,21.633,29.885,23.251,4.865,6.96,6.22
59568,0.761,36.335,21.618,29.856,23.24,4.743,6.797,6.098
59569,0.748,36.428,21.649,29.856,23.237,4.823,6.877,6.138
59570,0.757,36.592,21.618,29.884,23.24,4.824,6.837,6.179
59571,0.757,36.661,21.629,29.875,23.24,4.702,6.958,6.139
59572,0.748,36.201,21.617,29.865,23.237,4.782,6.797,6.219
59573,0.751,36.35,21.656,29.875,23.24,4.824,6.999,6.261
59574,0.761,36.514,21.614,29.913,23.258,4.946,7.001,6.221
59575,0.741,36.564,21.602,29.895,23.241,4.744,6.797,6.261
59576,0.744,36.286,21.656,29.885,23.244,4.823,6.917,6.262
59577,0.741,36.418,21.594,29.933,23.247,4.865,6.878,6.262
59578,0.76,36.553,21.601,29.895,23.247,4.865,6.959,6.262
59579,0.764,36.593,21.602,29.875,23.24,4.662,6.797,6.18
59580,0.751,36.172,21.582,29.875,23.24,4.822,6.877,6.22
59581,0.757,36.359,21.621,29.875,23.251,4.743,6.877,6.261
59582,0.774,36.447,21.602,29.885,23.24,4.742,6.877,6.262
59583,0.761,36.467,21.598,29.885,23.244,4.742,6.837,6.18
59584,0.764,36.209,21.582,29.894,23.244,4.783,6.918,6.301
59585,0.777,36.369,21.687,29.914,23.251,4.905,7.081,6.343
59586,0.784,36.476,21.602,29.895,23.244,4.784,6.88,6.181
59587,0.774,36.823,21.621,29.894,23.247,4.824,6.877,6.261
59588,0.774,36.308,21.617,29.904,23.247,4.783,6.959,6.262
59589,0.777,36.447,21.649,29.895,23.247,4.742,6.96,6.262
59590,0.774,36.535,21.622,29.914,23.244,4.864,6.838,6.221
59591,0.751,36.248,21.602,29.876,23.233,4.702,6.674,6.139
59592,0.751,36.322,21.609,29.894,23.244,4.823,6.835,6.301
59593,0.757,36.447,21.676,29.894,23.244,4.743,6.796,6.14
59594,0.761,36.544,21.61,29.914,23.24,4.742,6.795,6.219
59595,0.744,36.075,21.625,29.904,23.237,4.742,6.795,6.261
59596,0.751,36.205,21.66,29.942,23.254,4.905,6.958,6.465
59597,0.754,36.369,21.602,29.924,23.251,4.825,6.838,6.304
59598,0.757,36.428,21.625,29.914,23.247,4.824,6.877,6.262
59599,0.761,36.228,21.578,29.914,23.244,4.824,6.796,6.302
59600,0.777,36.35,21.636,29.933,23.247,4.905,6.836,6.262
59601,0.777,36.476,21.618,29.933,23.244,4.744,6.755,6.18
59602,0.78,36.516,21.61,29.885,23.233,4.701,6.754,6.22
59603,0.79,36.075,21.578,29.923,23.247,4.742,6.795,6.261
59604,0.797,36.234,21.594,29.943,23.237,4.783,6.795,6.18
59605,0.807,36.35,21.625,29.885,23.24,4.742,6.755,6.179
59606,0.81,36.39,21.602,29.904,23.24,4.823,6.714,6.179
59607,0.813,36.275,21.605,29.933,23.251,4.865,6.957,6.423
59608,0.833,36.447,21.664,29.952,23.254,4.824,6.756,6.304
59609,0.82,36.515,21.68,29.924,23.244,4.824,6.795,6.302
59610,0.82,36.574,21.673,29.933,23.247,4.824,6.795,6.343
59611,0.826,36.056,21.653,29.924,23.254,4.824,6.795,6.303
59612,0.833,36.214,21.618,29.933,23.247,4.783,6.795,6.221
59613,0.826,36.283,21.641,29.904,23.233,4.661,6.633,6.18
59614,0.813,36.322,21.614,29.923,23.244,4.863,6.712,6.22
59615,0.81,36.227,21.629,29.904,23.237,4.743,6.713,6.261
59616,0.823,36.321,21.625,29.914,23.24,4.742,6.672,6.262
59617,0.813,36.457,21.61,29.943,23.237,4.742,6.713,6.221
59618,0.816,36.199,21.602,29.943,23.251,4.905,6.916,6.342
59619,0.836,36.091,21.648,29.962,23.247,4.825,6.796,6.262
59620,0.833,36.195,21.672,29.943,23.237,4.824,6.836,6.302
59621,0.836,36.321,21.676,29.952,23.247,4.743,6.837,6.302
59622,0.833,36.131,21.61,29.962,23.24,4.823,6.877,6.302
59623,0.852,36.282,21.613,29.981,23.254,4.783,6.796,6.302
59624,0.853,36.37,21.57,29.934,23.237,4.661,6.714,6.14
59625,0.853,36.409,21.64,29.952,23.244,4.782,6.876,6.219
59626,0.866,36.045,21.528,29.962,23.24,4.742,6.796,6.261
59627,0.866,36.185,21.581,29.933,23.24,4.701,6.714,6.262
59628,0.866,36.283,21.609,29.924,23.237,4.742,6.713,6.139
59629,0.866,36.38,21.637,29.952,23.251,4.783,6.835,6.382
59630,0.876,36.102,21.657,29.972,23.251,4.824,6.877,6.344
59631,0.869,36.215,21.626,29.962,23.244,4.783,6.796,6.303
59632,0.859,36.331,21.645,29.962,23.247,4.824,6.795,6.302
59633,0.856,36.399,21.637,29.962,23.244,4.824,6.795,6.343
59634,0.853,35.94,21.633,29.972,23.24,4.865,6.795,6.303
59635,0.843,36.06,21.618,29.943,23.237,4.784,6.633,6.18
59636,0.833,36.147,21.641,29.962,23.24,4.742,6.794,6.301
59637,0.852,36.225,21.625,29.953,23.244,4.701,6.714,6.302
59638,0.846,36.206,21.602,29.972,23.237,4.782,6.713,6.262
59639,0.853,36.302,21.625,29.962,23.24,4.661,6.632,6.262
59640,0.853,36.428,21.633,29.953,23.24,4.741,6.794,6.343
59641,0.879,36.487,21.614,29.991,23.254,4.945,6.877,6.425
59642,0.872,36.056,21.602,29.982,23.247,4.785,6.674,6.263
59643,0.856,36.166,21.598,29.953,23.244,4.824,6.753,6.302
59644,0.872,36.292,21.609,29.981,23.244,4.824,6.714,6.384
59645,0.866,36.332,21.641,29.991,23.251,4.824,6.754,6.303
59646,0.866,36.054,21.586,29.991,23.24,4.783,6.673,6.18
59647,0.853,36.176,21.601,29.962,23.237,4.742,6.591,6.301
59648,0.846,36.283,21.582,29.972,23.247,4.783,6.671,6.302
59649,0.843,36.034,21.629,29.953,23.244,4.742,6.631,6.302
59650,0.83,36.07,21.563,29.962,23.24,4.742,6.55,6.262
59651,0.813,36.214,21.578,29.962,23.24,4.783,6.671,6.302
59652,0.829,36.35,21.621,30.01,23.261,4.946,6.835,6.384
59653,0.82,35.958,21.571,30.001,23.244,4.825,6.674,6.344
59654,0.813,36.089,21.613,29.982,23.244,4.783,6.753,6.384
59655,0.794,36.224,21.66,30.001,23.251,4.864,6.754,6.385
59656,0.803,36.302,21.602,29.991,23.251,4.824,6.714,6.385
59657,0.79,35.958,21.625,29.991,23.237,4.661,6.632,6.263
59658,0.777,36.079,21.602,29.953,23.237,4.782,6.712,6.221
59659,0.793,36.205,21.664,29.981,23.244,4.783,6.713,6.302
59660,0.784,36.283,21.633,29.991,23.244,4.742,6.754,6.302
59661,0.784,35.996,21.563,29.972,23.244,4.742,6.673,6.262
59662,0.784,36.166,21.621,29.991,23.244,4.742,6.794,6.424
59663,0.79,36.321,21.551,30.03,23.254,4.945,6.877,6.344
59664,0.777,36.351,21.632,30.001,23.247,4.785,6.796,6.303
59665,0.774,35.786,21.657,29.982,23.24,4.824,6.795,6.343
59666,0.767,35.924,21.563,30.01,23.244,4.783,6.836,6.303
59667,0.777,36.05,21.586,30.03,23.24,4.824,6.877,6.302
59668,0.771,36.09,21.601,29.992,23.237,4.743,6.674,6.099
59669,0.748,36.032,21.625,30.001,23.233,4.823,6.835,6.3
59670,0.76,36.224,21.574,30.011,23.24,4.743,6.796,6.221
59671,0.735,36.312,21.593,29.982,23.244,4.783,6.714,6.302
59672,0.728,36.341,21.582,30.001,23.237,4.742,6.632,6.262
59673,0.721,35.987,21.578,30.011,23.247,4.783,6.794,6.343
59674,0.731,36.166,21.64,30.039,23.254,4.905,6.877,6.343
59675,0.712,36.263,21.653,30.02,23.247,4.784,6.755,6.303
59676,0.715,36.025,21.622,30.011,23.251,4.824,6.754,6.302
59677,0.705,36.013,21.641,30.02,23.247,4.865,6.754,6.343
59678,0.734,36.147,21.602,30.039,23.247,4.824,6.754,6.384
59679,0.738,36.254,21.633,30.011,23.24,4.783,6.673,6.181
59680,0.718,35.861,21.594,29.982,23.237,4.702,6.713,6.301
59681,0.715,36.001,21.633,29.991,23.244,4.782,6.632,6.262
59682,0.711,36.108,21.614,30.001,23.24,4.742,6.712,6.221
59683,0.711,36.196,21.57,30.03,23.237,4.742,6.632,6.261
59684,0.708,35.803,21.601,30.02,23.24,4.742,6.672,6.302
59685,0.734,35.972,21.625,30.059,23.258,4.905,6.835,6.384
59686,0.728,36.098,21.586,30.049,23.237,4.865,6.633,6.303
59687,0.718,36.148,21.578,30.03,23.244,4.865,6.672,6.302
59688,0.702,35.928,21.621,30.03,23.24,4.824,6.631,6.343
59689,0.705,36.088,21.66,30.03,23.244,4.824,6.712,6.303
59690,0.708,36.224,21.649,30.04,23.244,4.783,6.632,6.18
59691,0.685,36.254,21.598,30.02,23.233,4.661,6.55,6.179
59692,0.692,35.871,21.609,30.03,23.24,4.741,6.63,6.261
59693,0.688,36.001,21.602,30.001,23.237,4.742,6.631,6.262
59694,0.688,36.137,21.621,30.011,23.237,4.701,6.59,6.302
59695,0.682,36.177,21.598,30.011,23.237,4.742,6.631,6.302
59696,0.685,35.899,21.629,30.049,23.251,4.864,6.794,6.506
59697,0.708,36.088,21.617,30.078,23.251,4.824,6.714,6.386
59698,0.711,36.176,21.606,30.04,23.247,4.824,6.672,6.344
59699,0.705,36.177,21.637,30.04,23.247,4.743,6.794,6.343
59700,0.702,35.928,21.637,30.059,23.247,4.823,6.795,6.384
59701,0.705,36.069,21.637,30.059,23.254,4.865,6.795,6.385
59702,0.702,36.166,21.606,30.049,23.237,4.702,6.633,6.222
59703,0.701,36.052,21.621,30.03,23.24,4.742,6.753,6.302
59704,0.711,35.927,21.606,30.04,23.244,4.783,6.754,6.384
59705,0.724,36.031,21.625,30.03,23.24,4.742,6.714,6.303
59706,0.715,36.128,21.586,30.02,23.237,4.701,6.754,6.221
59707,0.721,35.793,21.578,30.03,23.244,4.782,6.836,6.464
59708,0.718,35.905,21.617,30.078,23.258,4.905,6.958,6.426
59709,0.705,36.002,21.641,30.05,23.251,4.825,6.838,6.344
59710,0.715,36.089,21.579,30.049,23.24,4.783,6.877,6.303
59711,0.711,35.879,21.633,30.059,23.247,4.742,6.837,6.302
59712,0.705,36.011,21.606,30.069,23.251,4.742,6.837,6.384
59713,0.692,36.128,21.57,30.059,23.251,4.783,6.755,6.222
59714,0.692,36.177,21.558,30.04,23.237,4.702,6.754,6.261
59715,0.695,36.206,21.632,30.04,23.24,4.742,6.795,6.302
59716,0.692,36.34,21.59,30.059,23.24,4.701,6.795,6.302
59717,0.692,36.476,21.57,30.069,23.233,4.701,6.755,6.221
59718,0.692,36.525,21.613,30.059,23.24,4.701,6.795,6.302
59719,0.711,35.644,21.66,30.088,23.254,4.904,6.958,6.384
59720,0.721,35.788,21.641,30.069,23.247,4.825,6.797,6.303
59721,0.715,35.905,21.579,30.05,23.251,4.824,6.836,6.343
59722,0.705,35.954,21.625,30.088,23.244,4.783,6.877,6.343
59723,0.721,35.906,21.559,30.078,23.247,4.783,6.918,6.303
59724,0.724,36.05,21.621,30.088,23.244,4.783,6.796,6.221
59725,0.718,36.138,21.621,30.05,23.233,4.62,6.795,6.22
59726,0.728,36.167,21.578,30.068,23.244,4.781,6.795,6.22
59727,0.731,35.755,21.609,30.05,23.244,4.702,6.836,6.18
59728,0.712,35.876,21.594,30.078,23.23,4.701,6.837,6.139
59729,0.715,35.992,21.676,30.069,23.237,4.742,6.918,6.219
59730,0.724,36.348,21.645,30.107,23.251,4.905,7.122,6.342
59731,0.737,35.91,21.61,30.098,23.244,4.784,6.961,6.221
59732,0.725,36.031,21.609,30.088,23.244,4.783,7.041,6.261
59733,0.718,36.118,21.567,30.088,23.244,4.783,7.042,6.302
59734,0.724,35.87,21.593,30.107,23.254,4.864,7.123,6.302
59735,0.711,35.906,21.641,30.107,23.24,4.743,7.083,6.262
59736,0.702,36.011,21.582,30.059,23.233,4.701,7.002,6.221
59737,0.695,36.118,21.613,30.088,23.244,4.701,7.123,6.22
59738,0.711,35.707,21.578,30.088,23.24,4.742,7.124,6.261
59739,0.702,35.818,21.617,30.078,23.237,4.661,7.002,6.262
59740,0.695,35.963,21.61,30.098,23.237,4.7,7.082,6.221
59741,0.708,36.07,21.617,30.107,23.247,4.863,7.245,6.342
59742,0.715,35.754,21.625,30.117,23.244,4.784,7.125,6.384
59743,0.711,35.876,21.547,30.107,23.24,4.702,7.205,6.263
59744,0.728,36.021,21.589,30.098,23.247,4.742,7.287,6.343
59745,0.738,36.07,21.664,30.098,23.247,4.742,7.125,6.343
59746,0.744,35.764,21.594,30.107,23.247,4.823,7.165,6.262
59747,0.764,35.876,21.621,30.079,23.23,4.58,7.084,6.221
59748,0.777,35.982,21.617,30.107,23.244,4.7,7.164,6.302
59749,0.806,36.051,21.66,30.117,23.24,4.742,7.246,6.302
59750,0.829,35.706,21.618,30.107,23.24,4.661,7.166,6.262
59751,0.849,35.837,21.586,30.088,23.24,4.7,7.246,6.302
59752,0.879,35.972,21.605,30.107,23.254,4.863,7.41,6.425
59753,0.908,36.041,21.566,30.117,23.254,4.784,7.33,6.385
59754,0.908,35.802,21.625,30.117,23.251,4.702,7.289,6.385
59755,0.912,35.953,21.637,30.127,23.244,4.782,7.369,6.385
59756,0.931,36.06,21.602,30.127,23.247,4.824,7.37,6.466
59757,0.948,36.08,21.594,30.136,23.251,4.743,7.492,6.386
59758,0.993,35.706,21.594,30.089,23.233,4.661,7.371,6.303
59759,1.02,35.856,21.637,30.126,23.24,4.741,7.492,6.343
59760,1.075,35.963,21.606,30.117,23.244,4.742,7.494,6.343
59761,1.131,35.782,21.606,30.127,23.24,4.701,7.412,6.303
59762,1.19,35.722,21.563,30.117,23.237,4.66,7.493,6.384
59763,1.25,35.875,21.562,30.136,23.251,4.863,7.656,6.588
59764,1.302,36.002,21.601,30.136,23.251,4.784,7.536,6.427
59765,1.319,35.715,21.664,30.117,23.244,4.742,7.534,6.426
59766,1.342,35.837,21.591,30.127,23.244,4.742,7.534,6.466
59767,1.384,35.972,21.633,30.146,23.247,4.742,7.575,6.548
59768,1.382,36.07,21.645,30.146,23.244,4.783,7.575,6.549
59769,1.369,35.639,21.661,30.117,23.233,4.661,7.454,6.468
59770,1.391,35.779,21.649,30.127,23.244,4.66,7.493,6.67
59771,1.411,35.905,21.625,30.136,23.244,4.7,7.534,6.55
59772,1.424,35.983,21.606,30.127,23.237,4.742,7.412,6.59
59773,1.411,35.677,21.586,30.127,23.233,4.701,7.411,6.671
59774,1.388,35.856,21.598,30.146,23.247,4.823,7.574,6.835
59775,1.382,36.011,21.641,30.175,23.251,4.865,7.535,6.755
59776,1.352,36.032,21.594,30.146,23.251,4.784,7.494,6.836
59777,1.313,35.687,21.594,30.127,23.244,4.742,7.453,6.877
59778,1.264,35.837,21.594,30.146,23.251,4.823,7.534,6.918
59779,1.208,35.944,21.633,30.156,23.247,4.743,7.494,7.0
59780,1.181,35.983,21.582,30.127,23.244,4.62,7.29,6.96
59781,1.106,35.715,21.578,30.136,23.24,4.7,7.329,7.285
59782,1.05,35.846,21.605,30.146,23.244,4.701,7.329,7.41
59783,0.988,35.963,21.481,30.165,23.24,4.66,7.248,7.696
59784,0.919,35.983,21.577,30.146,23.237,4.66,7.166,7.821
59785,0.847,35.677,21.613,30.146,23.251,4.741,7.368,8.31
59786,0.781,35.865,21.52,30.204,23.254,4.783,7.37,8.477
59787,0.712,35.944,21.566,30.166,23.244,4.702,7.248,8.682
59788,0.659,35.954,21.621,30.156,23.251,4.742,7.288,8.928
59789,0.603,35.715,21.649,30.185,23.247,4.742,7.247,9.256
59790,0.577,35.846,21.629,30.166,23.251,4.823,7.288,9.341
59791,0.528,35.944,21.61,30.146,23.233,4.661,7.166,9.464
59792,0.508,35.667,21.613,30.137,23.24,4.66,7.246,9.668
59793,0.501,35.769,21.629,30.146,23.24,4.7,7.206,9.751
59794,0.514,35.895,21.578,30.156,23.244,4.742,7.247,9.874
59795,0.54,35.963,21.629,30.146,23.237,4.701,7.166,9.876
59796,0.57,35.532,21.578,30.184,23.244,4.742,7.287,10.16
59797,0.616,35.71,21.625,30.214,23.251,4.823,7.329,10.163
59798,0.636,35.789,21.61,30.176,23.244,4.783,7.289,10.326
59799,0.688,35.886,21.648,30.185,23.247,4.742,7.288,10.449
59800,0.718,35.695,21.598,30.166,23.251,4.742,7.369,10.654
59801,0.757,35.846,21.57,30.175,23.251,4.783,7.33,10.818
59802,0.761,35.953,21.586,30.146,23.24,4.661,7.126,10.942
59803,0.764,36.002,21.59,30.184,23.247,4.741,7.287,11.228
59804,0.796,35.61,21.598,30.166,23.244,4.701,7.288,11.475
59805,0.797,35.73,21.613,30.156,23.24,4.66,7.207,11.68
59806,0.79,35.837,21.52,30.165,23.237,4.579,7.206,11.886
59807,0.8,35.905,21.593,30.185,23.251,4.781,7.328,12.335
59808,0.803,35.57,21.656,30.214,23.254,4.864,7.329,12.421
59809,0.781,35.663,21.657,30.185,23.237,4.743,7.289,12.544
59810,0.787,35.808,21.614,30.194,23.251,4.742,7.329,12.707
59811,0.784,35.857,21.641,30.195,23.251,4.742,7.289,12.79
59812,0.79,35.675,21.641,30.195,23.244,4.823,7.288,12.791
59813,0.78,35.779,21.59,30.166,23.244,4.661,7.166,12.629
59814,0.761,35.885,21.613,30.175,23.247,4.7,7.246,12.668
59815,0.764,36.059,21.621,30.166,23.244,4.701,7.328,12.709
59816,0.761,35.629,21.606,30.185,23.24,4.701,7.248,12.506
59817,0.757,35.74,21.57,30.166,23.24,4.66,7.206,12.463
59818,0.774,35.837,21.578,30.185,23.247,4.822,7.45,12.544
59819,0.784,35.646,21.664,30.223,23.254,4.865,7.371,12.423
59820,0.777,35.625,21.594,30.195,23.24,4.743,7.37,12.178
59821,0.777,35.769,21.641,30.204,23.244,4.742,7.411,12.175
59822,0.787,35.866,21.602,30.204,23.247,4.783,7.411,12.094
59823,0.79,35.532,21.644,30.271,23.244,4.742,7.452,11.971
59824,0.797,35.653,21.579,30.205,23.244,4.701,7.371,11.767
59825,0.784,35.74,21.605,30.166,23.237,4.66,7.33,11.642
59826,0.8,35.866,21.594,30.213,23.244,4.7,7.329,11.641
59827,0.807,35.532,21.582,30.195,23.244,4.742,7.329,11.397
59828,0.787,35.662,21.617,30.175,23.24,4.701,7.329,11.395
59829,0.774,35.788,21.625,30.194,23.244,4.782,7.37,11.314
59830,0.793,35.914,21.598,30.252,23.261,4.864,7.573,11.394
59831,0.79,35.561,21.582,30.195,23.247,4.784,7.413,11.07
59832,0.771,35.682,21.582,30.214,23.251,4.824,7.371,10.904
59833,0.783,35.798,21.594,30.214,23.251,4.865,7.37,10.902
59834,0.78,35.886,21.609,30.223,23.251,4.865,7.452,10.78
59835,0.777,35.637,21.633,30.243,23.244,4.784,7.33,10.616
59836,0.761,35.74,21.598,30.185,23.226,4.742,7.289,10.493
59837,0.767,35.895,21.602,30.214,23.237,4.783,7.369,10.41
59838,0.764,35.915,21.625,30.204,23.244,4.783,7.33,10.287
59839,0.78,35.494,21.641,30.204,23.24,4.702,7.329,10.164
59840,0.764,35.633,21.598,30.195,23.244,4.742,7.289,10.041
59841,0.787,35.75,21.605,30.242,23.254,4.864,7.451,10.08
59842,0.8,35.818,21.602,30.233,23.251,4.865,7.33,9.918
59843,0.797,35.656,21.598,30.252,23.244,4.743,7.329,9.794
59844,0.8,35.769,21.59,30.233,23.244,4.783,7.37,9.712
59845,0.797,35.866,21.625,30.233,23.247,4.864,7.37,9.548
59846,0.803,35.733,21.621,30.3,23.247,4.865,7.208,9.425
59847,0.794,35.53,21.559,30.205,23.23,4.702,7.125,9.22
59848,0.787,35.643,21.636,30.223,23.24,4.782,7.287,9.259
59849,0.8,35.779,21.668,30.233,23.24,4.824,7.207,9.137
59850,0.797,35.55,21.63,30.204,23.24,4.824,7.165,9.177
59851,0.79,35.643,21.59,30.214,23.237,4.702,7.165,9.055
59852,0.784,35.779,21.582,30.243,23.244,4.863,7.287,9.135
59853,0.79,35.914,21.562,30.243,23.254,4.865,7.288,8.974
59854,0.78,35.417,21.547,30.224,23.24,4.824,7.207,8.891
59855,0.774,35.537,21.644,30.243,23.251,4.783,7.287,8.768
59856,0.787,35.662,21.575,30.243,23.244,4.864,7.288,8.767
59857,0.78,35.779,21.597,30.262,23.247,4.824,7.207,8.645
59858,0.78,35.512,21.602,30.234,23.237,4.661,7.043,8.399
59859,0.774,35.614,21.664,30.224,23.244,4.782,7.164,8.478
59860,0.797,35.759,21.653,30.243,23.24,4.783,7.165,8.438
59861,0.807,35.837,21.622,30.233,23.247,4.783,7.124,8.316
59862,0.803,35.493,21.625,30.224,23.233,4.742,7.083,8.193
59863,0.807,35.624,21.477,30.243,23.244,4.742,7.205,8.354
59864,0.826,35.778,21.6,30.272,23.251,4.945,7.247,8.275
59865,0.82,35.828,21.637,30.234,23.247,4.825,7.125,8.152
59866,0.81,35.464,21.563,30.291,23.247,4.865,7.165,8.11
59867,0.82,35.604,21.566,30.253,23.244,4.824,7.124,8.069
59868,0.82,35.73,21.625,30.262,23.254,4.824,7.124,8.028
59869,0.813,35.76,21.629,30.243,23.244,4.865,6.961,7.905
59870,0.81,35.444,21.614,30.233,23.23,4.702,7.0,7.823
59871,0.8,35.614,21.555,30.262,23.24,4.782,7.082,7.822
59872,0.79,35.711,21.601,30.243,23.24,4.702,7.083,7.781
59873,0.78,36.009,21.563,30.252,23.24,4.823,7.042,7.7
59874,0.793,35.667,21.57,30.243,23.237,4.824,7.042,7.74
59875,0.784,35.808,21.648,30.272,23.251,4.946,7.245,7.943
59876,0.793,35.934,21.567,30.301,23.244,4.866,7.044,7.62
59877,0.787,35.436,21.601,30.263,23.247,4.824,7.082,7.739
59878,0.79,35.422,21.594,30.262,23.251,4.824,7.123,7.699
59879,0.816,35.546,21.66,30.272,23.251,4.824,7.124,7.658
59880,0.813,35.653,21.629,30.272,23.244,4.865,7.124,7.617
59881,0.813,35.405,21.594,30.234,23.237,4.743,6.961,7.454
59882,0.807,35.537,21.598,30.281,23.244,4.823,7.082,7.574
59883,0.813,35.662,21.629,30.243,23.247,4.743,7.042,7.454
59884,0.829,35.779,21.571,30.252,23.24,4.823,7.042,7.452
59885,0.83,35.339,21.652,30.253,23.24,4.743,7.042,7.412
59886,0.823,35.497,21.606,30.262,23.251,4.864,7.164,7.533
59887,0.836,35.681,21.609,30.31,23.258,4.865,7.165,7.453
59888,0.826,35.674,21.633,30.272,23.244,4.784,7.084,7.452
59889,0.817,35.347,21.633,30.272,23.244,4.783,7.123,7.412
59890,0.816,35.517,21.598,30.291,23.247,4.905,7.083,7.452
59891,0.807,35.634,21.57,30.301,23.247,4.865,7.164,7.412
59892,0.807,35.692,21.59,30.272,23.24,4.743,6.962,7.289
59893,0.803,35.367,21.559,30.272,23.237,4.742,7.082,7.329
59894,0.813,35.546,21.57,30.291,23.244,4.823,7.123,7.248
59895,0.81,35.653,21.609,30.272,23.24,4.783,7.083,7.206
59896,0.784,35.692,21.609,30.282,23.233,4.742,7.042,7.206
59897,0.797,35.424,21.559,30.282,23.24,4.783,7.082,7.247
59898,0.813,35.585,21.617,30.32,23.258,4.946,7.205,7.328
59899,0.816,35.701,21.656,30.301,23.244,4.825,7.125,7.248
59900,0.82,35.712,21.641,30.282,23.244,4.824,7.124,7.206
59901,0.826,35.453,21.59,30.31,23.24,4.865,7.043,7.206
59902,0.83,35.594,21.617,30.311,23.247,4.865,7.123,7.247
59903,0.826,35.711,21.602,30.301,23.251,4.784,7.083,7.084
59904,0.826,35.482,21.602,30.282,23.233,4.742,6.961,7.002
59905,0.83,35.451,21.644,30.291,23.237,4.783,7.041,7.123
59906,0.843,35.575,21.618,30.301,23.244,4.783,7.082,6.961
59907,0.839,35.663,21.59,30.301,23.24,4.702,7.002,7.0
59908,0.836,35.328,21.609,30.282,23.233,4.701,6.96,6.96
59909,0.833,35.459,21.633,30.32,23.254,4.863,7.204,7.082
59910,0.846,35.643,21.582,30.34,23.251,4.865,7.084,7.002
59911,0.827,35.702,21.586,30.311,23.244,4.824,7.083,6.96
59912,0.826,35.357,21.574,30.301,23.24,4.824,7.123,7.041
59913,0.83,35.517,21.551,30.311,23.247,4.783,7.083,6.96
59914,0.826,35.653,21.597,30.32,23.244,4.864,7.042,6.96
59915,0.817,35.74,21.617,30.311,23.226,4.702,6.879,6.756
59916,0.813,35.339,21.586,30.32,23.251,4.823,6.918,6.876
59917,0.816,35.507,21.578,30.301,23.244,4.743,6.959,6.837
59918,0.813,35.624,21.554,30.311,23.237,4.783,6.838,6.796
59919,0.823,35.673,21.609,30.301,23.24,4.661,6.918,6.795
59920,0.82,35.319,21.594,30.32,23.244,4.782,6.959,6.917
59921,0.843,35.507,21.605,30.359,23.258,4.864,7.0,6.878
59922,0.836,35.605,21.602,30.321,23.237,4.824,6.919,6.796
59923,0.843,35.644,21.594,30.33,23.251,4.783,6.919,6.877
59924,0.843,35.347,21.609,30.34,23.244,4.742,6.919,6.837
59925,0.853,35.478,21.586,30.34,23.247,4.864,6.959,6.877
59926,0.862,35.585,21.625,30.33,23.244,4.662,6.756,6.674
59927,0.843,35.596,21.567,30.311,23.24,4.782,6.836,6.672
59928,0.833,35.356,21.64,30.33,23.244,4.824,6.837,6.713
59929,0.839,35.526,21.661,30.34,23.237,4.783,6.837,6.713
59930,0.836,35.624,21.622,30.34,23.237,4.742,6.837,6.672
59931,0.826,35.587,21.571,30.34,23.233,4.742,6.837,6.713
59932,0.83,35.404,21.609,30.349,23.254,4.905,7.08,6.835
59933,0.833,35.527,21.473,30.369,23.244,4.784,6.92,6.714
59934,0.826,35.624,21.565,30.359,23.244,4.783,6.919,6.672
59935,0.833,35.261,21.601,30.33,23.244,4.742,6.959,6.713
59936,0.826,35.362,21.602,30.397,23.244,4.864,6.96,6.754
59937,0.836,35.469,21.551,30.379,23.247,4.784,6.919,6.592
59938,0.836,35.547,21.582,30.331,23.23,4.702,6.837,6.509
59939,0.833,35.365,21.66,30.34,23.244,4.742,6.918,6.63
59940,0.852,35.517,21.61,30.349,23.251,4.783,6.919,6.631
59941,0.846,35.653,21.617,30.34,23.237,4.702,6.878,6.509
59942,0.843,35.74,21.625,30.359,23.237,4.701,6.837,6.508
59943,0.853,35.156,21.606,30.369,23.247,4.863,6.958,6.711
59944,0.879,35.333,21.57,30.417,23.258,4.824,6.96,6.632
59945,0.869,35.43,21.605,30.35,23.244,4.743,6.96,6.631
59946,0.869,35.508,21.594,30.378,23.247,4.742,6.96,6.712
59947,0.885,35.231,21.555,30.378,23.244,4.823,6.96,6.551
59948,0.872,35.381,21.64,30.378,23.244,4.783,6.96,6.671
59949,0.872,35.488,21.657,30.378,23.24,4.702,6.797,6.469
59950,0.859,35.528,21.633,30.34,23.24,4.742,6.958,6.548
59951,0.872,35.202,21.625,30.378,23.24,4.701,6.878,6.468
59952,0.856,35.333,21.633,30.378,23.237,4.782,6.837,6.507
59953,0.846,35.469,21.598,30.417,23.233,4.742,6.837,6.386
59954,0.856,35.499,21.563,30.369,23.24,4.823,6.958,6.547
59955,0.869,35.355,21.636,30.417,23.254,4.946,7.0,6.59
59956,0.866,35.488,21.637,30.455,23.237,4.785,6.919,6.509
59957,0.853,35.576,21.563,30.379,23.24,4.824,6.878,6.508
59958,0.862,35.835,21.605,30.398,23.247,4.824,7.0,6.508
59959,0.879,35.148,21.602,30.407,23.244,4.824,6.96,6.549
59960,0.879,35.275,21.605,30.398,23.24,4.743,6.838,6.305
59961,0.869,35.353,21.574,30.379,23.237,4.742,6.837,6.384
59962,0.885,35.306,21.605,30.398,23.244,4.783,6.958,6.425
59963,0.882,35.373,21.566,30.398,23.244,4.702,6.96,6.344
59964,0.879,35.507,21.539,30.398,23.24,4.742,6.878,6.303
59965,0.889,35.557,21.624,30.398,23.244,4.823,7.0,6.343
59966,0.902,35.212,21.602,30.427,23.254,4.946,7.163,6.547
59967,0.915,35.314,21.609,30.417,23.247,4.825,7.043,6.346
59968,0.896,35.421,21.613,30.398,23.247,4.743,7.082,6.466
59969,0.892,35.517,21.621,30.427,23.244,4.823,7.123,6.386
59970,0.902,35.212,21.586,30.417,23.237,4.865,7.083,6.466
59971,0.899,35.352,21.609,30.417,23.244,4.865,7.083,6.345
59972,0.899,35.478,21.594,30.388,23.237,4.662,6.961,6.262
59973,0.882,35.528,21.57,30.446,23.24,4.782,7.082,6.343
59974,0.898,35.068,21.554,30.417,23.237,4.742,7.123,6.262
59975,0.892,35.197,21.625,30.436,23.244,4.742,7.083,6.384
59976,0.886,35.333,21.61,30.475,23.237,4.701,7.002,6.263
59977,0.895,35.382,21.598,30.399,23.24,4.742,7.082,6.302
59978,0.902,35.316,21.617,30.465,23.254,4.905,7.286,6.465
59979,0.915,35.421,21.617,30.427,23.24,4.744,7.085,6.304
59980,0.912,35.537,21.602,30.427,23.244,4.783,7.083,6.343
59981,0.918,35.567,21.543,30.446,23.244,4.824,7.123,6.343
59982,0.915,35.279,21.581,30.456,23.247,4.824,7.124,6.343
59983,0.925,35.411,21.551,30.446,23.24,4.824,7.124,6.303
59984,0.922,35.508,21.562,30.408,23.237,4.661,7.002,6.18
59985,0.931,35.528,21.562,30.436,23.24,4.822,7.123,6.22
59986,0.944,35.327,21.601,30.427,23.24,4.743,7.124,6.22
59987,0.951,35.449,21.594,30.427,23.233,4.783,7.043,6.22
59988,0.945,35.556,21.641,30.417,23.237,4.742,7.082,6.261
59989,0.928,35.461,21.575,30.465,23.254,4.905,7.245,6.384
59990,0.951,35.355,21.609,30.466,23.247,4.744,7.125,6.303
59991,0.938,35.459,21.582,30.446,23.24,4.783,7.165,6.343
59992,0.915,35.585,21.578,30.446,23.251,4.742,7.246,6.343
59993,0.931,35.308,21.57,30.446,23.251,4.864,7.166,6.343
59994,0.931,35.42,21.609,30.465,23.247,4.743,7.287,6.262
59995,0.931,35.537,21.641,30.446,23.226,4.701,7.004,6.221
59996,0.918,35.615,21.606,30.465,23.244,4.742,7.285,6.302
59997,0.912,35.308,21.594,30.446,23.244,4.823,7.166,6.384
59998,0.935,35.43,21.613,30.446,23.24,4.743,7.165,6.222
59999,0.941,35.546,21.621,30.446,23.24,4.742,7.206,6.18
60000,0.951,35.643,21.555,30.465,23.247,4.864,7.287,6.383
